0.217041 0.00277008
0.747070 0.00554017
0.780518 0.00831025
1.447266 0.0110803
1.696350 0.0138504
3.313965 0.0166205
4.329712 0.0193906
4.446899 0.0221607
4.996216 0.0249307
5.244873 0.0277008
5.761719 0.0304709
7.089722 0.033241
7.773682 0.0360111
8.529419 0.0387812
9.077759 0.0415512
9.571289 0.0443213
10.825317 0.0470914
11.061157 0.0498615
11.514893 0.0526316
11.687256 0.0554017
12.264526 0.0581717
12.628418 0.0609418
13.170166 0.0637119
13.413452 0.066482
14.085815 0.0692521
14.526550 0.0720222
14.596191 0.0747922
15.696777 0.0775623
17.998413 0.0803324
19.364014 0.0831025
19.402344 0.0858726
20.365234 0.0886427
20.397949 0.0914127
20.425049 0.0941828
20.645996 0.0969529
21.890991 0.099723
22.661255 0.102493
24.104248 0.105263
24.136719 0.108033
24.895874 0.110803
25.139526 0.113573
26.740601 0.116343
26.811401 0.119114
27.655762 0.121884
27.819580 0.124654
27.828857 0.127424
28.072510 0.130194
28.285645 0.132964
28.728638 0.135734
28.933228 0.138504
28.952026 0.141274
29.028809 0.144044
31.514160 0.146814
31.538452 0.149584
32.059326 0.152355
32.407715 0.155125
33.230347 0.157895
33.888550 0.160665
34.069824 0.163435
34.698853 0.166205
35.419556 0.168975
36.213013 0.171745
36.233032 0.174515
37.041382 0.177285
37.072021 0.180055
37.504395 0.182825
37.548218 0.185596
37.853638 0.188366
39.414062 0.191136
39.417236 0.193906
39.553345 0.196676
39.630615 0.199446
39.765869 0.202216
40.274658 0.204986
40.627197 0.207756
41.269531 0.210526
41.488770 0.213296
41.500000 0.216066
42.320557 0.218837
42.717163 0.221607
43.089478 0.224377
43.143311 0.227147
43.166504 0.229917
43.413940 0.232687
44.504639 0.235457
44.633423 0.238227
44.771851 0.240997
45.851929 0.243767
46.058105 0.246537
46.497314 0.249307
46.691528 0.252078
48.432373 0.254848
48.609985 0.257618
49.423950 0.260388
49.566833 0.263158
50.440552 0.265928
51.405884 0.268698
51.973633 0.271468
52.716675 0.274238
53.700928 0.277008
53.930420 0.279778
54.244995 0.282548
54.288208 0.285319
55.920105 0.288089
56.084229 0.290859
57.060181 0.293629
57.284668 0.296399
57.286621 0.299169
58.050903 0.301939
58.076782 0.304709
59.147217 0.307479
59.921387 0.310249
60.750854 0.313019
60.913818 0.315789
63.278809 0.31856
63.305786 0.32133
64.367676 0.3241
65.732727 0.32687
66.610718 0.32964
66.817871 0.33241
67.109619 0.33518
68.402710 0.33795
69.846558 0.34072
69.908691 0.34349
70.222290 0.34626
70.941162 0.34903
71.231079 0.351801
72.674561 0.354571
74.220215 0.357341
74.615234 0.360111
76.399170 0.362881
77.106201 0.365651
78.180664 0.368421
80.031250 0.371191
80.246460 0.373961
80.778076 0.376731
82.801758 0.379501
82.866455 0.382271
83.201599 0.385042
83.895874 0.387812
83.920898 0.390582
84.219482 0.393352
85.445801 0.396122
85.478394 0.398892
85.902100 0.401662
86.404297 0.404432
87.230225 0.407202
87.651855 0.409972
88.116577 0.412742
88.316895 0.415512
89.424255 0.418283
89.912842 0.421053
90.012146 0.423823
90.246582 0.426593
90.582886 0.429363
90.731201 0.432133
91.063599 0.434903
91.946899 0.437673
92.485474 0.440443
92.569336 0.443213
94.219482 0.445983
94.640015 0.448753
95.175293 0.451524
95.994507 0.454294
97.659790 0.457064
98.561768 0.459834
98.589050 0.462604
98.978577 0.465374
100.567993 0.468144
101.984619 0.470914
102.283081 0.473684
104.073242 0.476454
104.441040 0.479224
105.014648 0.481994
105.278320 0.484765
105.514526 0.487535
105.814819 0.490305
105.954224 0.493075
106.119873 0.495845
106.475220 0.498615
107.242432 0.501385
107.317993 0.504155
107.864746 0.506925
109.707031 0.509695
110.637207 0.512465
110.713989 0.515235
111.574524 0.518006
112.025269 0.520776
113.179321 0.523546
113.247681 0.526316
113.499146 0.529086
115.263062 0.531856
121.638306 0.534626
122.343872 0.537396
124.359253 0.540166
125.121704 0.542936
125.364868 0.545706
126.112305 0.548476
128.010864 0.551247
129.931641 0.554017
130.542969 0.556787
131.305786 0.559557
131.600464 0.562327
133.354370 0.565097
135.889893 0.567867
136.003418 0.570637
139.765747 0.573407
140.045471 0.576177
142.174438 0.578947
144.101685 0.581717
145.315552 0.584488
145.443848 0.587258
145.600098 0.590028
145.851318 0.592798
148.279053 0.595568
149.536743 0.598338
151.235840 0.601108
154.499634 0.603878
156.025024 0.606648
156.651489 0.609418
157.689819 0.612188
157.889648 0.614958
160.302979 0.617729
164.352905 0.620499
166.464600 0.623269
166.923096 0.626039
170.780396 0.628809
175.298828 0.631579
180.010620 0.634349
182.980591 0.637119
183.681152 0.639889
184.390991 0.642659
185.989258 0.645429
188.409912 0.648199
198.119507 0.65097
199.638672 0.65374
199.932983 0.65651
201.946777 0.65928
209.564087 0.66205
210.366455 0.66482
213.308594 0.66759
216.582153 0.67036
221.128906 0.67313
225.919189 0.6759
228.664062 0.67867
232.945679 0.68144
233.498901 0.684211
241.617065 0.686981
243.928955 0.689751
245.594360 0.692521
247.268311 0.695291
248.187012 0.698061
249.814209 0.700831
250.142578 0.703601
257.586060 0.706371
258.093872 0.709141
262.023315 0.711911
263.813232 0.714681
267.720947 0.717452
269.506348 0.720222
273.143066 0.722992
275.136475 0.725762
283.376343 0.728532
285.043701 0.731302
293.865967 0.734072
294.981567 0.736842
295.701660 0.739612
301.759033 0.742382
303.686401 0.745152
303.741699 0.747922
304.093140 0.750693
305.112305 0.753463
306.506836 0.756233
313.345215 0.759003
315.721802 0.761773
319.718628 0.764543
320.962402 0.767313
322.183838 0.770083
323.556152 0.772853
327.099365 0.775623
331.426758 0.778393
332.142578 0.781163
338.995850 0.783934
341.901855 0.786704
348.958008 0.789474
353.886841 0.792244
362.062866 0.795014
370.420532 0.797784
372.296631 0.800554
377.146240 0.803324
378.752075 0.806094
387.351074 0.808864
394.191895 0.811634
398.059204 0.814404
399.986816 0.817175
407.212646 0.819945
415.417725 0.822715
419.071167 0.825485
426.759033 0.828255
430.144653 0.831025
434.295410 0.833795
442.027710 0.836565
447.918579 0.839335
455.358887 0.842105
456.120850 0.844875
464.358887 0.847645
466.843872 0.850416
473.496826 0.853186
485.354980 0.855956
486.231812 0.858726
492.968018 0.861496
511.043091 0.864266
516.707031 0.867036
543.915527 0.869806
550.178223 0.872576
564.198975 0.875346
570.079590 0.878116
573.403076 0.880886
575.908936 0.883657
579.202881 0.886427
603.941406 0.889197
606.624268 0.891967
629.774902 0.894737
629.904541 0.897507
639.655273 0.900277
646.673096 0.903047
648.781372 0.905817
658.177002 0.908587
664.024414 0.911357
667.509521 0.914127
679.662842 0.916898
684.619873 0.919668
724.398682 0.922438
745.260254 0.925208
754.895752 0.927978
755.953735 0.930748
768.226196 0.933518
771.046875 0.936288
810.105835 0.939058
841.577393 0.941828
854.050293 0.944598
858.245605 0.947368
864.712402 0.950139
902.516602 0.952909
905.871704 0.955679
981.184937 0.958449
1003.843994 0.961219
1059.857422 0.963989
1118.114868 0.966759
1167.046265 0.969529
1171.167969 0.972299
1172.544678 0.975069
1186.986694 0.977839
1379.700439 0.980609
1709.828979 0.98338
1770.827026 0.98615
1791.510620 0.98892
1837.351074 0.99169
1849.205811 0.99446
1930.791992 0.99723
2012.277100 1
