0.008427 0.00277008
0.012054 0.00554017
0.019403 0.00831025
0.037590 0.0110803
0.048108 0.0138504
0.049410 0.0166205
0.067785 0.0193906
0.086075 0.0221607
0.111607 0.0249307
0.117321 0.0277008
0.120281 0.0304709
0.129772 0.033241
0.133049 0.0360111
0.146336 0.0387812
0.150579 0.0415512
0.173357 0.0443213
0.185400 0.0470914
0.223049 0.0498615
0.226389 0.0526316
0.226645 0.0554017
0.275330 0.0581717
0.297118 0.0609418
0.307286 0.0637119
0.311943 0.066482
0.318558 0.0692521
0.321689 0.0720222
0.359663 0.0747922
0.373935 0.0775623
0.379120 0.0803324
0.395645 0.0831025
0.407709 0.0858726
0.411911 0.0886427
0.467491 0.0914127
0.470228 0.0941828
0.474635 0.0969529
0.495927 0.099723
0.502962 0.102493
0.503956 0.105263
0.513210 0.108033
0.523376 0.110803
0.528969 0.113573
0.535889 0.116343
0.543777 0.119114
0.547020 0.121884
0.557887 0.124654
0.559584 0.127424
0.578634 0.130194
0.579218 0.132964
0.579895 0.135734
0.592594 0.138504
0.595259 0.141274
0.600935 0.144044
0.602722 0.146814
0.603202 0.149584
0.610862 0.152355
0.614145 0.155125
0.621004 0.157895
0.623158 0.160665
0.625944 0.163435
0.626083 0.166205
0.628239 0.168975
0.640927 0.171745
0.652973 0.174515
0.664373 0.177285
0.665474 0.180055
0.668968 0.182825
0.701464 0.185596
0.734692 0.188366
0.750589 0.191136
0.753994 0.193906
0.763468 0.196676
0.765511 0.199446
0.779006 0.202216
0.799410 0.204986
0.801788 0.207756
0.803656 0.210526
0.832901 0.213296
0.835706 0.216066
0.840948 0.218837
0.850136 0.221607
0.862076 0.224377
0.867538 0.227147
0.884928 0.229917
0.907557 0.232687
0.932176 0.235457
0.939251 0.238227
0.966827 0.240997
0.979073 0.243767
0.990456 0.246537
0.993603 0.249307
0.994095 0.252078
1.006754 0.254848
1.010412 0.257618
1.027617 0.260388
1.037111 0.263158
1.041218 0.265928
1.055252 0.268698
1.066606 0.271468
1.075304 0.274238
1.080372 0.277008
1.088458 0.279778
1.095434 0.282548
1.104774 0.285319
1.115673 0.288089
1.117421 0.290859
1.136478 0.293629
1.139336 0.296399
1.160456 0.299169
1.160706 0.301939
1.169760 0.304709
1.172617 0.307479
1.191583 0.310249
1.223850 0.313019
1.224796 0.315789
1.230156 0.31856
1.247538 0.32133
1.258553 0.3241
1.296076 0.32687
1.319626 0.32964
1.320129 0.33241
1.334429 0.33518
1.347185 0.33795
1.351536 0.34072
1.354162 0.34349
1.357217 0.34626
1.359376 0.34903
1.363677 0.351801
1.367558 0.354571
1.393770 0.357341
1.394829 0.360111
1.398962 0.362881
1.438499 0.365651
1.447824 0.368421
1.450478 0.371191
1.452471 0.373961
1.458954 0.376731
1.466871 0.379501
1.470043 0.382271
1.479887 0.385042
1.489668 0.387812
1.493583 0.390582
1.530769 0.393352
1.536293 0.396122
1.564064 0.398892
1.577944 0.401662
1.601131 0.404432
1.605162 0.407202
1.644306 0.409972
1.644405 0.412742
1.647545 0.415512
1.665865 0.418283
1.680397 0.421053
1.694317 0.423823
1.776691 0.426593
1.777351 0.429363
1.781054 0.432133
1.793110 0.434903
1.813263 0.437673
1.814196 0.440443
1.825075 0.443213
1.842628 0.445983
1.850159 0.448753
1.881746 0.451524
1.919376 0.454294
1.920607 0.457064
1.927795 0.459834
1.977001 0.462604
1.996765 0.465374
2.015949 0.468144
2.032440 0.470914
2.078733 0.473684
2.150696 0.476454
2.215931 0.479224
2.224648 0.481994
2.243855 0.484765
2.254402 0.487535
2.265574 0.490305
2.276672 0.493075
2.328489 0.495845
2.337978 0.498615
2.364855 0.501385
2.423666 0.504155
2.428375 0.506925
2.457428 0.509695
2.552729 0.512465
2.560511 0.515235
2.570883 0.518006
2.594872 0.520776
2.606194 0.523546
2.634447 0.526316
2.684633 0.529086
2.707329 0.531856
2.753984 0.534626
2.787483 0.537396
2.817314 0.540166
2.847736 0.542936
2.857885 0.545706
2.867709 0.548476
2.896597 0.551247
2.919797 0.554017
3.022276 0.556787
3.057072 0.559557
3.087770 0.562327
3.105143 0.565097
3.108284 0.567867
3.195713 0.570637
3.207585 0.573407
3.233379 0.576177
3.265177 0.578947
3.275642 0.581717
3.344896 0.584488
3.429783 0.587258
3.508020 0.590028
3.529606 0.592798
3.530121 0.595568
3.531490 0.598338
3.602699 0.601108
3.637545 0.603878
3.696129 0.606648
3.843830 0.609418
4.068872 0.612188
4.095840 0.614958
4.121159 0.617729
4.131886 0.620499
4.134644 0.623269
4.296593 0.626039
4.376469 0.628809
4.379911 0.631579
4.402220 0.634349
4.435856 0.637119
4.493073 0.639889
4.509958 0.642659
4.573660 0.645429
4.615751 0.648199
4.696419 0.65097
4.733696 0.65374
4.757277 0.65651
4.777542 0.65928
4.787342 0.66205
4.845379 0.66482
4.893763 0.66759
4.956947 0.67036
4.989559 0.67313
4.997005 0.6759
5.051727 0.67867
5.169456 0.68144
5.178810 0.684211
5.185421 0.686981
5.224365 0.689751
5.416105 0.692521
5.643322 0.695291
5.852173 0.698061
5.910166 0.700831
6.050537 0.703601
6.064907 0.706371
6.268877 0.709141
6.272762 0.711911
6.371145 0.714681
6.382637 0.717452
6.433754 0.720222
6.488678 0.722992
6.566505 0.725762
6.622795 0.728532
6.677958 0.731302
6.737419 0.734072
6.852287 0.736842
6.917662 0.739612
6.990707 0.742382
6.997498 0.745152
7.029602 0.747922
7.051987 0.750693
7.142242 0.753463
7.171566 0.756233
7.313078 0.759003
7.422745 0.761773
7.443087 0.764543
7.485660 0.767313
7.509373 0.770083
7.551809 0.772853
7.659592 0.775623
7.730331 0.778393
7.887894 0.781163
7.998795 0.783934
8.169571 0.786704
8.310135 0.789474
8.750942 0.792244
8.820511 0.795014
8.835270 0.797784
8.876801 0.800554
8.882172 0.803324
9.327280 0.806094
9.368717 0.808864
9.404228 0.811634
9.472969 0.814404
10.175667 0.817175
10.190720 0.819945
10.255201 0.822715
11.037807 0.825485
11.092026 0.828255
11.172588 0.831025
11.175604 0.833795
11.439316 0.836565
11.481239 0.839335
11.658623 0.842105
11.718800 0.844875
11.776194 0.847645
11.793648 0.850416
11.795792 0.853186
11.864498 0.855956
12.168747 0.858726
12.383484 0.861496
12.416260 0.864266
12.512001 0.867036
12.526358 0.869806
12.804367 0.872576
12.967182 0.875346
13.012978 0.878116
13.273846 0.880886
14.290340 0.883657
14.406357 0.886427
14.450596 0.889197
14.458118 0.891967
14.643169 0.894737
14.935535 0.897507
15.330004 0.900277
15.458611 0.903047
15.503382 0.905817
15.692125 0.908587
16.301739 0.911357
18.108799 0.914127
18.129860 0.916898
19.357407 0.919668
19.675856 0.922438
20.997719 0.925208
21.137741 0.927978
22.097950 0.930748
23.135811 0.933518
23.192291 0.936288
23.529137 0.939058
24.462318 0.941828
25.195389 0.944598
25.922699 0.947368
25.994263 0.950139
26.587173 0.952909
28.131989 0.955679
28.376080 0.958449
29.580093 0.961219
29.706055 0.963989
30.380478 0.966759
33.471298 0.969529
34.062393 0.972299
35.049187 0.975069
35.819965 0.977839
37.137009 0.980609
44.712112 0.98338
46.096565 0.98615
50.150440 0.98892
50.169037 0.99169
76.955688 0.99446
78.146683 0.99723
140.510651 1
