0.0745907 0.00277008
0.10609 0.00554017
0.136886 0.00831025
0.233994 0.0110803
0.251589 0.0138504
0.304136 0.0166205
0.31356 0.0193906
0.424919 0.0221607
0.436096 0.0249307
0.458564 0.0277008
0.553092 0.0304709
0.557548 0.033241
0.593657 0.0360111
0.617118 0.0387812
0.640592 0.0415512
0.715361 0.0443213
0.819204 0.0470914
0.833124 0.0498615
0.870791 0.0526316
0.914954 0.0554017
0.977272 0.0581717
1.02817 0.0609418
1.0458 0.0637119
1.07497 0.066482
1.13167 0.0692521
1.13197 0.0720222
1.13367 0.0747922
1.13909 0.0775623
1.14497 0.0803324
1.17527 0.0831025
1.31596 0.0858726
1.34363 0.0886427
1.41225 0.0914127
1.42999 0.0941828
1.52347 0.0969529
1.54105 0.099723
1.54184 0.102493
1.66424 0.105263
1.73429 0.108033
1.73853 0.110803
1.73971 0.113573
1.85014 0.116343
1.88426 0.119114
1.90012 0.121884
1.91089 0.124654
1.98525 0.127424
2.02435 0.130194
2.0271 0.132964
2.07334 0.135734
2.08066 0.138504
2.22616 0.141274
2.3314 0.144044
2.35139 0.146814
2.44874 0.149584
2.48999 0.152355
2.62295 0.155125
2.63669 0.157895
2.63754 0.160665
2.68057 0.163435
2.68975 0.166205
2.70464 0.168975
2.72062 0.171745
2.72269 0.174515
2.72649 0.177285
2.76644 0.180055
2.7691 0.182825
2.82042 0.185596
2.82512 0.188366
2.89287 0.191136
2.89772 0.193906
2.94323 0.196676
2.95723 0.199446
2.99971 0.202216
3.01803 0.204986
3.11951 0.207756
3.15536 0.210526
3.18845 0.213296
3.20132 0.216066
3.21483 0.218837
3.21806 0.221607
3.2239 0.224377
3.3131 0.227147
3.32451 0.229917
3.35858 0.232687
3.39529 0.235457
3.42574 0.238227
3.44701 0.240997
3.45356 0.243767
3.52335 0.246537
3.55991 0.249307
3.56356 0.252078
3.60478 0.254848
3.63988 0.257618
3.8129 0.260388
3.82449 0.263158
3.91215 0.265928
3.94292 0.268698
4.00268 0.271468
4.04508 0.274238
4.114 0.277008
4.13623 0.279778
4.13811 0.282548
4.1568 0.285319
4.16548 0.288089
4.31711 0.290859
4.32819 0.293629
4.33554 0.296399
4.34656 0.299169
4.39884 0.301939
4.40363 0.304709
4.42954 0.307479
4.46616 0.310249
4.48168 0.313019
4.51043 0.315789
4.53991 0.31856
4.54564 0.32133
4.5867 0.3241
4.63413 0.32687
4.65313 0.32964
4.69498 0.33241
4.70623 0.33518
4.74595 0.33795
4.81725 0.34072
4.91914 0.34349
4.95739 0.34626
4.97548 0.34903
5.0594 0.351801
5.26545 0.354571
5.33074 0.357341
5.33254 0.360111
5.37303 0.362881
5.39805 0.365651
5.41137 0.368421
5.54518 0.371191
5.56872 0.373961
5.60005 0.376731
5.62939 0.379501
5.74308 0.382271
5.83154 0.385042
5.86505 0.387812
5.89929 0.390582
6.10186 0.393352
6.26799 0.396122
6.27364 0.398892
6.36577 0.401662
6.41261 0.404432
6.51066 0.407202
6.58437 0.409972
6.63288 0.412742
6.89339 0.415512
6.92263 0.418283
6.9388 0.421053
7.07742 0.423823
7.09115 0.426593
7.09213 0.429363
7.15748 0.432133
7.18347 0.434903
7.32071 0.437673
7.34288 0.440443
7.37607 0.443213
7.39803 0.445983
7.44871 0.448753
7.48522 0.451524
7.51861 0.454294
7.57012 0.457064
7.57985 0.459834
7.66479 0.462604
7.74609 0.465374
7.7962 0.468144
7.86221 0.470914
7.95104 0.473684
8.15699 0.476454
8.3858 0.479224
8.40566 0.481994
8.43306 0.484765
8.4736 0.487535
8.64447 0.490305
8.69889 0.493075
8.71591 0.495845
8.75373 0.498615
8.78391 0.501385
8.80076 0.504155
8.86896 0.506925
8.90366 0.509695
8.90819 0.512465
8.92342 0.515235
8.94452 0.518006
8.97956 0.520776
9.00222 0.523546
9.08404 0.526316
9.10456 0.529086
9.11914 0.531856
9.12747 0.534626
9.18654 0.537396
9.23763 0.540166
9.38716 0.542936
9.40991 0.545706
9.64423 0.548476
9.67817 0.551247
9.68909 0.554017
9.73328 0.556787
9.74188 0.559557
9.87954 0.562327
9.89229 0.565097
10.0031 0.567867
10.0317 0.570637
10.142 0.573407
10.246 0.576177
10.3377 0.578947
10.4115 0.581717
10.413 0.584488
10.5192 0.587258
10.6037 0.590028
10.7303 0.592798
10.741 0.595568
11.2991 0.598338
11.2994 0.601108
11.3717 0.603878
11.3981 0.606648
11.4461 0.609418
11.4567 0.612188
11.4705 0.614958
11.5727 0.617729
11.6691 0.620499
11.8606 0.623269
11.8697 0.626039
11.8829 0.628809
11.9227 0.631579
11.9879 0.634349
12.0317 0.637119
12.1007 0.639889
12.2025 0.642659
12.2716 0.645429
12.3349 0.648199
12.344 0.65097
12.3582 0.65374
12.4316 0.65651
12.4777 0.65928
12.6396 0.66205
12.7574 0.66482
12.8452 0.66759
12.8546 0.67036
12.9951 0.67313
13.0649 0.6759
13.0914 0.67867
13.1817 0.68144
13.2653 0.684211
13.4624 0.686981
13.7805 0.689751
13.9562 0.692521
14.0035 0.695291
14.1235 0.698061
14.3246 0.700831
14.3468 0.703601
14.3675 0.706371
14.4182 0.709141
14.424 0.711911
14.4369 0.714681
14.5272 0.717452
14.653 0.720222
14.7054 0.722992
14.8626 0.725762
15.301 0.728532
15.3223 0.731302
15.3513 0.734072
15.5058 0.736842
15.7035 0.739612
15.859 0.742382
15.9149 0.745152
16.2573 0.747922
16.3122 0.750693
16.8016 0.753463
16.8357 0.756233
16.95 0.759003
17.1428 0.761773
17.3514 0.764543
17.423 0.767313
17.5722 0.770083
17.6153 0.772853
17.8115 0.775623
18.2739 0.778393
18.2875 0.781163
18.4817 0.783934
18.6419 0.786704
19.0913 0.789474
19.1396 0.792244
19.506 0.795014
19.5822 0.797784
19.608 0.800554
19.6632 0.803324
19.8706 0.806094
19.9169 0.808864
20.0327 0.811634
20.2156 0.814404
20.2661 0.817175
20.4947 0.819945
20.7738 0.822715
21.0383 0.825485
21.3509 0.828255
21.4798 0.831025
22.0241 0.833795
22.2998 0.836565
22.6258 0.839335
22.6817 0.842105
23.2299 0.844875
23.2706 0.847645
23.617 0.850416
23.8845 0.853186
23.9931 0.855956
23.9995 0.858726
24.6987 0.861496
24.8933 0.864266
24.9529 0.867036
25.6226 0.869806
25.6272 0.872576
26.0502 0.875346
26.0952 0.878116
26.2364 0.880886
27.4598 0.883657
27.5079 0.886427
27.6319 0.889197
27.6338 0.891967
28.5145 0.894737
29.3017 0.897507
29.4162 0.900277
30.0768 0.903047
30.3959 0.905817
30.5083 0.908587
31.341 0.911357
31.5085 0.914127
32.628 0.916898
33.2411 0.919668
33.5429 0.922438
34.2041 0.925208
34.3517 0.927978
35.0382 0.930748
35.1794 0.933518
35.6774 0.936288
35.9448 0.939058
36.157 0.941828
36.4618 0.944598
36.7891 0.947368
37.425 0.950139
38.1726 0.952909
39.3109 0.955679
40.2003 0.958449
40.6295 0.961219
42.7528 0.963989
42.924 0.966759
43.2444 0.969529
49.5364 0.972299
49.8248 0.975069
50.9706 0.977839
60.8345 0.980609
113.189 0.98338
156.788 0.98615
157.501 0.98892
174.093 0.99169
190.232 0.99446
201.791 0.99723
236.017 1
