0.025008 0.00277008
0.028039 0.00554017
0.049848 0.00831025
0.0573 0.0110803
0.065011 0.0138504
0.094987 0.0166205
0.118378 0.0193906
0.1188 0.0221607
0.128832 0.0249307
0.135325 0.0277008
0.138075 0.0304709
0.144775 0.033241
0.148266 0.0360111
0.152726 0.0387812
0.155021 0.0415512
0.178942 0.0443213
0.181502 0.0470914
0.192395 0.0498615
0.193883 0.0526316
0.213352 0.0554017
0.235022 0.0581717
0.278896 0.0609418
0.295565 0.0637119
0.311673 0.066482
0.328038 0.0692521
0.361666 0.0720222
0.36431 0.0747922
0.369735 0.0775623
0.375384 0.0803324
0.388339 0.0831025
0.389748 0.0858726
0.390286 0.0886427
0.494899 0.0914127
0.495362 0.0941828
0.499507 0.0969529
0.508304 0.099723
0.519848 0.102493
0.522657 0.105263
0.524347 0.108033
0.525705 0.110803
0.526123 0.113573
0.533376 0.116343
0.536522 0.119114
0.543394 0.121884
0.553903 0.124654
0.567691 0.127424
0.572447 0.130194
0.581033 0.132964
0.583316 0.135734
0.600929 0.138504
0.602076 0.141274
0.607202 0.144044
0.607754 0.146814
0.616555 0.149584
0.626319 0.152355
0.645768 0.155125
0.650141 0.157895
0.662766 0.160665
0.666815 0.163435
0.667191 0.166205
0.68411 0.168975
0.685798 0.171745
0.686671 0.174515
0.700961 0.177285
0.724377 0.180055
0.7268 0.182825
0.751713 0.185596
0.754524 0.188366
0.784766 0.191136
0.808189 0.193906
0.81507 0.196676
0.825758 0.199446
0.83119 0.202216
0.841189 0.204986
0.842575 0.207756
0.856428 0.210526
0.859749 0.213296
0.891832 0.216066
0.914457 0.218837
0.916505 0.221607
0.945325 0.224377
0.948335 0.227147
0.951454 0.229917
0.957762 0.232687
0.966035 0.235457
0.972448 0.238227
0.972962 0.240997
0.990391 0.243767
1.00759 0.246537
1.01422 0.249307
1.03216 0.252078
1.0372 0.254848
1.04557 0.257618
1.0597 0.260388
1.06157 0.263158
1.0737 0.265928
1.08436 0.268698
1.09288 0.271468
1.09433 0.274238
1.10088 0.277008
1.10132 0.279778
1.12045 0.282548
1.12051 0.285319
1.12457 0.288089
1.13088 0.290859
1.13108 0.293629
1.14026 0.296399
1.15149 0.299169
1.16192 0.301939
1.16496 0.304709
1.16588 0.307479
1.1702 0.310249
1.18134 0.313019
1.19932 0.315789
1.22248 0.31856
1.25017 0.32133
1.25201 0.3241
1.28313 0.32687
1.28354 0.32964
1.31207 0.33241
1.31226 0.33518
1.32564 0.33795
1.33209 0.34072
1.33635 0.34349
1.3415 0.34626
1.35196 0.34903
1.35789 0.351801
1.3612 0.354571
1.36408 0.357341
1.36952 0.360111
1.37593 0.362881
1.37601 0.365651
1.37642 0.368421
1.38121 0.371191
1.38961 0.373961
1.40259 0.376731
1.43589 0.379501
1.43816 0.382271
1.46218 0.385042
1.47327 0.387812
1.47567 0.390582
1.49634 0.393352
1.50105 0.396122
1.50209 0.398892
1.5129 0.401662
1.51481 0.404432
1.53981 0.407202
1.54012 0.409972
1.54324 0.412742
1.54327 0.415512
1.58217 0.418283
1.58221 0.421053
1.59518 0.423823
1.60936 0.426593
1.61717 0.429363
1.63571 0.432133
1.6536 0.434903
1.70212 0.437673
1.71911 0.440443
1.7508 0.443213
1.79668 0.445983
1.82909 0.448753
1.84561 0.451524
1.8473 0.454294
1.92307 0.457064
1.96036 0.459834
1.96105 0.462604
1.9654 0.465374
1.97764 0.468144
1.97984 0.470914
1.98597 0.473684
2.00537 0.476454
2.01704 0.479224
2.14865 0.481994
2.17832 0.484765
2.18153 0.487535
2.20844 0.490305
2.21961 0.493075
2.24464 0.495845
2.25124 0.498615
2.318 0.501385
2.34875 0.504155
2.36607 0.506925
2.40829 0.509695
2.45341 0.512465
2.46346 0.515235
2.49481 0.518006
2.50835 0.520776
2.54863 0.523546
2.60891 0.526316
2.64175 0.529086
2.71734 0.531856
2.73355 0.534626
2.74566 0.537396
2.77767 0.540166
2.8827 0.542936
2.89697 0.545706
2.89724 0.548476
2.91399 0.551247
2.93379 0.554017
2.94458 0.556787
3.00637 0.559557
3.03834 0.562327
3.08126 0.565097
3.11259 0.567867
3.12669 0.570637
3.20839 0.573407
3.26099 0.576177
3.35134 0.578947
3.36021 0.581717
3.43877 0.584488
3.46709 0.587258
3.5566 0.590028
3.56277 0.592798
3.57097 0.595568
3.69368 0.598338
3.72276 0.601108
3.73736 0.603878
3.76508 0.606648
3.81214 0.609418
3.82995 0.612188
3.85689 0.614958
3.89742 0.617729
3.91596 0.620499
4.1461 0.623269
4.21915 0.626039
4.27183 0.628809
4.2818 0.631579
4.34236 0.634349
4.34907 0.637119
4.39616 0.639889
4.40449 0.642659
4.40851 0.645429
4.5434 0.648199
4.60661 0.65097
4.65511 0.65374
4.67835 0.65651
4.71168 0.65928
4.79451 0.66205
4.8676 0.66482
4.88942 0.66759
4.90636 0.67036
4.92772 0.67313
4.96487 0.6759
5.08223 0.67867
5.08947 0.68144
5.21088 0.684211
5.30464 0.686981
5.44403 0.689751
5.9197 0.692521
5.95321 0.695291
5.99091 0.698061
6.14275 0.700831
6.22902 0.703601
6.26253 0.706371
6.38273 0.709141
6.39003 0.711911
6.3959 0.714681
6.44424 0.717452
6.45758 0.720222
6.58812 0.722992
6.61038 0.725762
6.67615 0.728532
6.83956 0.731302
6.861 0.734072
6.93686 0.736842
7.02639 0.739612
7.25657 0.742382
7.34551 0.745152
7.38804 0.747922
7.4173 0.750693
7.44484 0.753463
7.54466 0.756233
7.70563 0.759003
7.75412 0.761773
7.92435 0.764543
8.08664 0.767313
8.21964 0.770083
8.25048 0.772853
8.31349 0.775623
8.31632 0.778393
8.5294 0.781163
8.53531 0.783934
8.82061 0.786704
8.83981 0.789474
8.85876 0.792244
8.88379 0.795014
9.08842 0.797784
9.38191 0.800554
10.0088 0.803324
10.2434 0.806094
10.2456 0.808864
10.2807 0.811634
10.3899 0.814404
10.7044 0.817175
10.9355 0.819945
11.0719 0.822715
11.1009 0.825485
11.1408 0.828255
11.1864 0.831025
11.7828 0.833795
11.8096 0.836565
11.8447 0.839335
12.1969 0.842105
12.3357 0.844875
12.8842 0.847645
12.9594 0.850416
12.9752 0.853186
13.2606 0.855956
13.2938 0.858726
14.0106 0.861496
14.0735 0.864266
14.4834 0.867036
14.7285 0.869806
14.9539 0.872576
15.0112 0.875346
15.1422 0.878116
15.2092 0.880886
15.4312 0.883657
15.5077 0.886427
15.6343 0.889197
15.6354 0.891967
15.7775 0.894737
16.9259 0.897507
17.3994 0.900277
18.5104 0.903047
18.6581 0.905817
19.4379 0.908587
19.9697 0.911357
20.3416 0.914127
20.4271 0.916898
23.1054 0.919668
23.3058 0.922438
24.0269 0.925208
24.6643 0.927978
25.3257 0.930748
25.378 0.933518
27.6484 0.936288
28.7683 0.939058
28.9251 0.941828
29.1826 0.944598
29.5812 0.947368
31.9608 0.950139
34.3701 0.952909
34.9962 0.955679
36.0951 0.958449
36.8633 0.961219
36.9797 0.963989
40.7348 0.966759
43.2018 0.969529
44.6634 0.972299
46.1911 0.975069
47.2053 0.977839
51.5397 0.980609
54.9626 0.98338
63.0587 0.98615
67.3865 0.98892
82.4524 0.99169
94.1128 0.99446
104.318 0.99723
140.751 1
