0.019394 0.00277008
0.061159 0.00554017
0.069139 0.00831025
0.117033 0.0110803
0.231736 0.0138504
0.244377 0.0166205
0.279584 0.0193906
0.429591 0.0221607
0.432457 0.0249307
0.467769 0.0277008
0.541776 0.0304709
0.592679 0.033241
0.623341 0.0360111
0.639815 0.0387812
0.725885 0.0415512
0.727262 0.0443213
0.755557 0.0470914
0.769958 0.0498615
0.832003 0.0526316
0.854098 0.0554017
0.902132 0.0581717
0.966371 0.0609418
1.029769 0.0637119
1.049110 0.066482
1.075488 0.0692521
1.139952 0.0720222
1.144027 0.0747922
1.159843 0.0775623
1.161361 0.0803324
1.175467 0.0831025
1.177540 0.0858726
1.247670 0.0886427
1.407006 0.0914127
1.474443 0.0941828
1.524140 0.0969529
1.550099 0.099723
1.685711 0.102493
1.733993 0.105263
1.739457 0.108033
1.744759 0.110803
1.774836 0.113573
1.819114 0.116343
1.826724 0.119114
1.843380 0.121884
1.873492 0.124654
1.890026 0.127424
1.921721 0.130194
2.005269 0.132964
2.031710 0.135734
2.061420 0.138504
2.083672 0.141274
2.190440 0.144044
2.195911 0.146814
2.280921 0.149584
2.304006 0.152355
2.319659 0.155125
2.374487 0.157895
2.506776 0.160665
2.511099 0.163435
2.561028 0.166205
2.588211 0.168975
2.599360 0.171745
2.600815 0.174515
2.606438 0.177285
2.609216 0.180055
2.712957 0.182825
2.717268 0.185596
2.742873 0.188366
2.810341 0.191136
2.833164 0.193906
2.872399 0.196676
2.995142 0.199446
3.051190 0.202216
3.081417 0.204986
3.150206 0.207756
3.163541 0.210526
3.191273 0.213296
3.226340 0.216066
3.277120 0.218837
3.312280 0.221607
3.320977 0.224377
3.321387 0.227147
3.407734 0.229917
3.470264 0.232687
3.472940 0.235457
3.482436 0.238227
3.504277 0.240997
3.516431 0.243767
3.572541 0.246537
3.611344 0.249307
3.663883 0.252078
3.689598 0.254848
3.696411 0.257618
3.729688 0.260388
3.777778 0.263158
3.822549 0.265928
3.822587 0.268698
3.853807 0.271468
3.909957 0.274238
3.972274 0.277008
3.999346 0.279778
4.006743 0.282548
4.031515 0.285319
4.043156 0.288089
4.161962 0.290859
4.212057 0.293629
4.253972 0.296399
4.264631 0.299169
4.272373 0.301939
4.390714 0.304709
4.451220 0.307479
4.488374 0.310249
4.498659 0.313019
4.525509 0.315789
4.652552 0.31856
4.666991 0.32133
4.673738 0.3241
4.817641 0.32687
4.833744 0.32964
4.941278 0.33241
4.989647 0.33518
5.018960 0.33795
5.037927 0.34072
5.199309 0.34349
5.364944 0.34626
5.415618 0.34903
5.481846 0.351801
5.511739 0.354571
5.552942 0.357341
5.592369 0.360111
5.614449 0.362881
5.684877 0.365651
5.745434 0.368421
5.834590 0.371191
5.865031 0.373961
5.918459 0.376731
5.961746 0.379501
6.013993 0.382271
6.015594 0.385042
6.098438 0.387812
6.106132 0.390582
6.135591 0.393352
6.193195 0.396122
6.204960 0.398892
6.259452 0.401662
6.272882 0.404432
6.491081 0.407202
6.517594 0.409972
6.538758 0.412742
6.576063 0.415512
6.702093 0.418283
6.715266 0.421053
6.801239 0.423823
6.913435 0.426593
6.923310 0.429363
6.930268 0.432133
7.057097 0.434903
7.127286 0.437673
7.189441 0.440443
7.237729 0.443213
7.245238 0.445983
7.259005 0.448753
7.359074 0.451524
7.556386 0.454294
7.691897 0.457064
7.702716 0.459834
7.779410 0.462604
7.863817 0.465374
7.924653 0.468144
8.082364 0.470914
8.088920 0.473684
8.139660 0.476454
8.188885 0.479224
8.263054 0.481994
8.327902 0.484765
8.345243 0.487535
8.406240 0.490305
8.559110 0.493075
8.645628 0.495845
8.745530 0.498615
8.768427 0.501385
8.929083 0.504155
9.001993 0.506925
9.014145 0.509695
9.016541 0.512465
9.075309 0.515235
9.081494 0.518006
9.105474 0.520776
9.136397 0.523546
9.142321 0.526316
9.145253 0.529086
9.184790 0.531856
9.265804 0.534626
9.321109 0.537396
9.355108 0.540166
9.367709 0.542936
9.376916 0.545706
9.396707 0.548476
9.547652 0.551247
9.551624 0.554017
9.570736 0.556787
9.689543 0.559557
9.803307 0.562327
9.849767 0.565097
10.091207 0.567867
10.131955 0.570637
10.255084 0.573407
10.277626 0.576177
10.468172 0.578947
10.497487 0.581717
10.502975 0.584488
10.518041 0.587258
10.535354 0.590028
10.619306 0.592798
10.651852 0.595568
10.727842 0.598338
10.762332 0.601108
10.800516 0.603878
10.941327 0.606648
11.056075 0.609418
11.082980 0.612188
11.231850 0.614958
11.251093 0.617729
11.449300 0.620499
11.605921 0.623269
11.618011 0.626039
11.737329 0.628809
11.754885 0.631579
11.811207 0.634349
11.898925 0.637119
11.915617 0.639889
11.933644 0.642659
12.079794 0.645429
12.139456 0.648199
12.185985 0.65097
12.196279 0.65374
12.280483 0.65651
12.343338 0.65928
12.720191 0.66205
12.879439 0.66482
12.909612 0.66759
13.052513 0.67036
13.139623 0.67313
13.173141 0.6759
13.190192 0.67867
13.212535 0.68144
13.258564 0.684211
13.333388 0.686981
13.351062 0.689751
13.402377 0.692521
13.445584 0.695291
13.500038 0.698061
13.641314 0.700831
13.674685 0.703601
13.712892 0.706371
13.743174 0.709141
13.894109 0.711911
13.949406 0.714681
13.973847 0.717452
14.103279 0.720222
14.194338 0.722992
14.406855 0.725762
14.432134 0.728532
14.640158 0.731302
14.727052 0.734072
14.744267 0.736842
15.213732 0.739612
15.303591 0.742382
15.392593 0.745152
15.416189 0.747922
15.731871 0.750693
15.760794 0.753463
15.819079 0.756233
16.532901 0.759003
16.545825 0.761773
16.685501 0.764543
16.791378 0.767313
16.856104 0.770083
16.945946 0.772853
17.190094 0.775623
17.531642 0.778393
17.543608 0.781163
18.191510 0.783934
18.306196 0.786704
18.584251 0.789474
18.905464 0.792244
19.461536 0.795014
19.549765 0.797784
19.813477 0.800554
19.822171 0.803324
19.907996 0.806094
20.230769 0.808864
20.291473 0.811634
20.299734 0.814404
20.487176 0.817175
20.595659 0.819945
20.624870 0.822715
20.882323 0.825485
21.132714 0.828255
21.420199 0.831025
21.426958 0.833795
21.594201 0.836565
22.382857 0.839335
22.628868 0.842105
22.801326 0.844875
22.842830 0.847645
23.617604 0.850416
24.073687 0.853186
24.124317 0.855956
24.344735 0.858726
24.361648 0.861496
24.546541 0.864266
25.940368 0.867036
25.998968 0.869806
26.530448 0.872576
27.244687 0.875346
27.252287 0.878116
27.384400 0.880886
27.391624 0.883657
27.393132 0.886427
27.815473 0.889197
27.876100 0.891967
28.773183 0.894737
28.817818 0.897507
29.609022 0.900277
29.983133 0.903047
30.886567 0.905817
30.990735 0.908587
31.969181 0.911357
32.008243 0.914127
32.533947 0.916898
32.600209 0.919668
33.178383 0.922438
33.188468 0.925208
33.451894 0.927978
33.687130 0.930748
34.969607 0.933518
35.569561 0.936288
35.875338 0.939058
35.960963 0.941828
36.005270 0.944598
36.201480 0.947368
36.871028 0.950139
38.122663 0.952909
38.514405 0.955679
40.134668 0.958449
40.779859 0.961219
40.815419 0.963989
42.700183 0.966759
43.599457 0.969529
43.939349 0.972299
48.991689 0.975069
61.364162 0.977839
64.104629 0.980609
120.413649 0.98338
121.691024 0.98615
134.140491 0.98892
144.406235 0.99169
150.231981 0.99446
150.941122 0.99723
176.846468 1
