0.005001 0.00277008
0.031067 0.00554017
0.036030 0.00831025
0.057308 0.0110803
0.060612 0.0138504
0.070693 0.0166205
0.087010 0.0193906
0.102367 0.0221607
0.119190 0.0249307
0.125865 0.0277008
0.160246 0.0304709
0.162418 0.033241
0.163803 0.0360111
0.164783 0.0387812
0.183483 0.0415512
0.186867 0.0443213
0.191198 0.0470914
0.192644 0.0498615
0.206254 0.0526316
0.227027 0.0554017
0.230281 0.0581717
0.236868 0.0609418
0.238155 0.0637119
0.246994 0.066482
0.251556 0.0692521
0.252630 0.0720222
0.253108 0.0747922
0.269993 0.0775623
0.301228 0.0803324
0.307455 0.0831025
0.318249 0.0858726
0.324875 0.0886427
0.332836 0.0914127
0.349552 0.0941828
0.358536 0.0969529
0.379631 0.099723
0.408358 0.102493
0.417101 0.105263
0.417929 0.108033
0.418310 0.110803
0.429304 0.113573
0.440195 0.116343
0.442143 0.119114
0.443668 0.121884
0.447626 0.124654
0.447948 0.127424
0.456968 0.130194
0.466622 0.132964
0.468629 0.135734
0.470451 0.138504
0.475505 0.141274
0.503357 0.144044
0.511123 0.146814
0.515970 0.149584
0.520422 0.152355
0.536907 0.155125
0.552956 0.157895
0.553015 0.160665
0.560949 0.163435
0.581269 0.166205
0.587322 0.168975
0.594687 0.171745
0.596163 0.174515
0.596340 0.177285
0.603115 0.180055
0.620762 0.182825
0.633063 0.185596
0.634651 0.188366
0.639605 0.191136
0.639992 0.193906
0.662773 0.196676
0.671955 0.199446
0.687986 0.202216
0.695591 0.204986
0.711491 0.207756
0.720274 0.210526
0.725920 0.213296
0.727156 0.216066
0.729015 0.218837
0.752037 0.221607
0.769029 0.224377
0.798719 0.227147
0.802456 0.229917
0.816811 0.232687
0.844517 0.235457
0.853060 0.238227
0.883175 0.240997
0.899143 0.243767
0.903311 0.246537
0.918556 0.249307
0.918865 0.252078
0.929482 0.254848
0.932119 0.257618
0.934059 0.260388
0.955173 0.263158
0.969360 0.265928
0.978036 0.268698
0.998211 0.271468
1.022535 0.274238
1.033440 0.277008
1.042994 0.279778
1.056934 0.282548
1.061227 0.285319
1.062445 0.288089
1.064672 0.290859
1.071278 0.293629
1.093077 0.296399
1.101334 0.299169
1.102154 0.301939
1.122566 0.304709
1.126433 0.307479
1.139709 0.310249
1.158199 0.313019
1.211052 0.315789
1.237633 0.31856
1.244349 0.32133
1.246117 0.3241
1.271967 0.32687
1.303551 0.32964
1.323684 0.33241
1.339779 0.33518
1.420845 0.33795
1.433819 0.34072
1.443499 0.34349
1.469437 0.34626
1.475756 0.34903
1.484749 0.351801
1.538776 0.354571
1.549208 0.357341
1.572943 0.360111
1.582729 0.362881
1.593582 0.365651
1.615337 0.368421
1.694027 0.371191
1.714066 0.373961
1.714844 0.376731
1.725412 0.379501
1.726433 0.382271
1.734337 0.385042
1.751747 0.387812
1.787970 0.390582
1.802731 0.393352
1.819777 0.396122
1.847382 0.398892
1.871647 0.401662
1.898286 0.404432
1.899883 0.407202
1.902157 0.409972
1.906166 0.412742
1.961647 0.415512
1.962326 0.418283
1.988693 0.421053
2.023211 0.423823
2.072968 0.426593
2.081661 0.429363
2.094778 0.432133
2.113213 0.434903
2.145660 0.437673
2.154171 0.440443
2.155676 0.443213
2.171732 0.445983
2.177557 0.448753
2.230846 0.451524
2.268242 0.454294
2.347897 0.457064
2.416562 0.459834
2.421440 0.462604
2.429768 0.465374
2.462784 0.468144
2.477608 0.470914
2.521553 0.473684
2.531936 0.476454
2.549694 0.479224
2.583324 0.481994
2.611454 0.484765
2.637068 0.487535
2.661854 0.490305
2.684528 0.493075
2.717735 0.495845
2.800505 0.498615
2.831554 0.501385
2.832123 0.504155
2.872198 0.506925
2.893444 0.509695
2.913248 0.512465
2.969898 0.515235
3.155327 0.518006
3.164478 0.520776
3.180822 0.523546
3.189236 0.526316
3.218521 0.529086
3.410469 0.531856
3.465548 0.534626
3.582848 0.537396
3.633736 0.540166
3.637901 0.542936
3.648052 0.545706
3.792513 0.548476
3.811111 0.551247
3.867554 0.554017
3.889515 0.556787
3.958832 0.559557
3.976124 0.562327
4.008137 0.565097
4.011267 0.567867
4.110683 0.570637
4.121904 0.573407
4.160641 0.576177
4.182800 0.578947
4.216293 0.581717
4.248905 0.584488
4.275940 0.587258
4.299664 0.590028
4.354639 0.592798
4.411888 0.595568
4.421619 0.598338
4.471779 0.601108
4.534857 0.603878
4.662622 0.606648
4.665707 0.609418
4.691759 0.612188
4.738533 0.614958
4.811588 0.617729
4.908588 0.620499
4.963900 0.623269
5.018030 0.626039
5.032515 0.628809
5.201839 0.631579
5.211489 0.634349
5.369934 0.637119
5.520073 0.639889
5.524761 0.642659
5.767975 0.645429
5.846718 0.648199
6.220013 0.65097
6.380356 0.65374
6.443806 0.65651
6.449184 0.65928
6.610558 0.66205
6.698271 0.66482
6.712223 0.66759
6.777275 0.67036
6.785755 0.67313
6.920151 0.6759
7.045511 0.67867
7.048313 0.68144
7.069553 0.684211
7.111368 0.686981
7.146694 0.689751
7.167572 0.692521
7.179218 0.695291
7.265831 0.698061
7.301437 0.700831
7.344147 0.703601
7.538387 0.706371
7.574978 0.709141
7.622086 0.711911
7.939182 0.714681
7.995766 0.717452
8.088078 0.720222
8.382896 0.722992
8.470690 0.725762
8.490208 0.728532
8.504929 0.731302
8.557611 0.734072
8.635193 0.736842
8.904793 0.739612
9.047939 0.742382
9.103371 0.745152
9.316330 0.747922
9.397156 0.750693
9.406483 0.753463
9.494827 0.756233
9.546841 0.759003
9.552160 0.761773
9.580330 0.764543
9.673489 0.767313
9.870941 0.770083
9.961502 0.772853
10.143318 0.775623
10.181219 0.778393
10.413200 0.781163
10.523701 0.783934
10.560394 0.786704
10.656864 0.789474
11.260689 0.792244
11.455746 0.795014
11.523876 0.797784
12.342960 0.800554
12.380819 0.803324
12.818192 0.806094
13.078949 0.808864
13.204041 0.811634
13.315311 0.814404
13.770575 0.817175
13.889606 0.819945
14.119629 0.822715
14.301569 0.825485
14.782333 0.828255
15.042538 0.831025
16.051613 0.833795
16.132282 0.836565
16.145794 0.839335
16.835396 0.842105
17.117222 0.844875
17.477692 0.847645
17.567764 0.850416
17.650864 0.853186
18.040245 0.855956
18.278000 0.858726
18.441448 0.861496
18.441467 0.864266
18.499704 0.867036
19.220299 0.869806
19.471729 0.872576
20.936035 0.875346
21.160500 0.878116
21.925156 0.880886
22.189659 0.883657
22.860859 0.886427
23.703491 0.889197
25.719337 0.891967
25.745010 0.894737
26.451942 0.897507
27.596016 0.900277
28.942051 0.903047
30.032829 0.905817
31.487564 0.908587
32.447487 0.911357
33.516586 0.914127
34.410400 0.916898
35.947079 0.919668
35.972706 0.922438
36.012417 0.925208
36.106247 0.927978
37.778069 0.930748
38.459213 0.933518
40.110641 0.936288
41.375511 0.939058
42.959991 0.941828
48.081028 0.944598
49.333878 0.947368
49.767479 0.950139
52.224190 0.952909
55.372025 0.955679
58.855240 0.958449
59.473389 0.961219
59.889236 0.963989
61.337402 0.966759
64.342285 0.969529
69.541702 0.972299
77.610123 0.975069
103.817947 0.977839
119.820114 0.980609
120.980789 0.98338
123.302094 0.98615
123.899628 0.98892
124.886841 0.99169
134.919647 0.99446
152.511719 0.99723
197.287003 1
