0.011428 0.00277008
0.045834 0.00554017
0.061831 0.00831025
0.063493 0.0110803
0.066486 0.0138504
0.12797 0.0166205
0.129481 0.0193906
0.131269 0.0221607
0.134496 0.0249307
0.136119 0.0277008
0.138582 0.0304709
0.149217 0.033241
0.149406 0.0360111
0.165841 0.0387812
0.172685 0.0415512
0.187184 0.0443213
0.187396 0.0470914
0.208753 0.0498615
0.216277 0.0526316
0.231442 0.0554017
0.243924 0.0581717
0.254593 0.0609418
0.256237 0.0637119
0.259213 0.066482
0.259591 0.0692521
0.261896 0.0720222
0.279592 0.0747922
0.305102 0.0775623
0.322114 0.0803324
0.325901 0.0831025
0.335417 0.0858726
0.339167 0.0886427
0.341072 0.0914127
0.365173 0.0941828
0.384452 0.0969529
0.398397 0.099723
0.407016 0.102493
0.421619 0.105263
0.42816 0.108033
0.438053 0.110803
0.441008 0.113573
0.442626 0.116343
0.44558 0.119114
0.447619 0.121884
0.44829 0.124654
0.463078 0.127424
0.472276 0.130194
0.503782 0.132964
0.513424 0.135734
0.51847 0.138504
0.535049 0.141274
0.535476 0.144044
0.566511 0.146814
0.566563 0.149584
0.571628 0.152355
0.574629 0.155125
0.575079 0.157895
0.602075 0.160665
0.603975 0.163435
0.60442 0.166205
0.615767 0.168975
0.620812 0.171745
0.622007 0.174515
0.625237 0.177285
0.626559 0.180055
0.640944 0.182825
0.654329 0.185596
0.657167 0.188366
0.676663 0.191136
0.68084 0.193906
0.685805 0.196676
0.692415 0.199446
0.695184 0.202216
0.708093 0.204986
0.721663 0.207756
0.729072 0.210526
0.757134 0.213296
0.78041 0.216066
0.802433 0.218837
0.83936 0.221607
0.849241 0.224377
0.849964 0.227147
0.855015 0.229917
0.881993 0.232687
0.899465 0.235457
0.924409 0.238227
0.942241 0.240997
0.944723 0.243767
0.965084 0.246537
0.987016 0.249307
1.00159 0.252078
1.00513 0.254848
1.0138 0.257618
1.02408 0.260388
1.03674 0.263158
1.04995 0.265928
1.06725 0.268698
1.08593 0.271468
1.08757 0.274238
1.10992 0.277008
1.1162 0.279778
1.12094 0.282548
1.13519 0.285319
1.16032 0.288089
1.16954 0.290859
1.17472 0.293629
1.17571 0.296399
1.18533 0.299169
1.18875 0.301939
1.19128 0.304709
1.2097 0.307479
1.251 0.310249
1.25191 0.313019
1.28843 0.315789
1.3033 0.31856
1.33314 0.32133
1.33693 0.3241
1.34293 0.32687
1.34667 0.32964
1.35202 0.33241
1.36246 0.33518
1.3704 0.33795
1.43472 0.34072
1.44483 0.34349
1.45873 0.34626
1.46121 0.34903
1.46286 0.351801
1.53854 0.354571
1.5618 0.357341
1.64381 0.360111
1.69884 0.362881
1.70691 0.365651
1.71576 0.368421
1.74154 0.371191
1.817 0.373961
1.81949 0.376731
1.8367 0.379501
1.8487 0.382271
1.85278 0.385042
1.85748 0.387812
1.9143 0.390582
1.91645 0.393352
1.92251 0.396122
1.92958 0.398892
1.93158 0.401662
1.947 0.404432
1.95871 0.407202
1.97232 0.409972
2.00224 0.412742
2.0392 0.415512
2.10789 0.418283
2.11492 0.421053
2.12289 0.423823
2.14291 0.426593
2.1685 0.429363
2.17297 0.432133
2.18665 0.434903
2.20442 0.437673
2.22315 0.440443
2.29411 0.443213
2.3699 0.445983
2.38221 0.448753
2.38272 0.451524
2.43437 0.454294
2.47104 0.457064
2.48636 0.459834
2.53299 0.462604
2.53996 0.465374
2.54396 0.468144
2.54704 0.470914
2.56601 0.473684
2.58181 0.476454
2.59914 0.479224
2.62615 0.481994
2.62859 0.484765
2.78992 0.487535
2.85345 0.490305
2.86657 0.493075
2.87459 0.495845
2.8957 0.498615
2.91996 0.501385
2.94562 0.504155
2.95968 0.506925
2.96951 0.509695
2.9815 0.512465
3.00829 0.515235
3.07498 0.518006
3.13176 0.520776
3.1996 0.523546
3.20441 0.526316
3.23138 0.529086
3.36045 0.531856
3.49598 0.534626
3.53623 0.537396
3.59138 0.540166
3.62398 0.542936
3.67322 0.545706
3.75307 0.548476
3.80004 0.551247
3.93517 0.554017
3.95224 0.556787
4.01852 0.559557
4.04871 0.562327
4.09957 0.565097
4.27934 0.567867
4.31041 0.570637
4.32473 0.573407
4.36046 0.576177
4.39169 0.578947
4.42094 0.581717
4.46273 0.584488
4.49284 0.587258
4.5674 0.590028
4.63912 0.592798
4.77339 0.595568
4.79701 0.598338
4.80539 0.601108
4.88841 0.603878
4.98253 0.606648
5.00082 0.609418
5.03033 0.612188
5.06127 0.614958
5.17934 0.617729
5.2315 0.620499
5.28108 0.623269
5.3781 0.626039
5.40706 0.628809
5.4144 0.631579
5.46616 0.634349
5.52376 0.637119
5.81487 0.639889
5.8723 0.642659
5.95235 0.645429
6.20677 0.648199
6.39812 0.65097
6.58868 0.65374
6.69039 0.65651
6.71421 0.65928
6.73179 0.66205
6.79679 0.66482
6.85187 0.66759
7.12225 0.67036
7.18213 0.67313
7.19103 0.6759
7.25214 0.67867
7.26337 0.68144
7.34944 0.684211
7.44656 0.686981
7.49798 0.689751
7.49814 0.692521
7.50307 0.695291
7.53407 0.698061
7.69544 0.700831
7.70387 0.703601
7.79081 0.706371
8.16279 0.709141
8.3574 0.711911
8.43895 0.714681
8.50282 0.717452
8.50523 0.720222
8.52451 0.722992
8.63494 0.725762
8.78778 0.728532
9.29744 0.731302
9.4158 0.734072
9.49406 0.736842
9.5853 0.739612
9.83626 0.742382
9.84456 0.745152
10.0196 0.747922
10.0821 0.750693
10.2024 0.753463
10.2075 0.756233
10.2386 0.759003
10.3831 0.761773
10.5568 0.764543
10.7364 0.767313
11.1003 0.770083
11.1565 0.772853
11.5509 0.775623
11.5577 0.778393
11.5671 0.781163
12.0242 0.783934
12.3821 0.786704
12.4851 0.789474
12.9426 0.792244
12.9663 0.795014
13.0792 0.797784
13.448 0.800554
13.6743 0.803324
14.1459 0.806094
14.2636 0.808864
14.4068 0.811634
15.4241 0.814404
15.835 0.817175
16.3624 0.819945
16.6879 0.822715
16.9365 0.825485
17.237 0.828255
17.8494 0.831025
18.02 0.833795
18.0705 0.836565
18.6425 0.839335
18.9942 0.842105
19.0939 0.844875
19.1736 0.847645
19.2121 0.850416
19.5706 0.853186
19.6662 0.855956
20.3568 0.858726
21.3554 0.861496
21.9898 0.864266
23.0768 0.867036
23.377 0.869806
23.9594 0.872576
24.5466 0.875346
27.114 0.878116
27.4093 0.880886
28.3214 0.883657
30.592 0.886427
31.4109 0.889197
31.9276 0.891967
31.9907 0.894737
32.8315 0.897507
33.6778 0.900277
34.2862 0.903047
36.3155 0.905817
36.416 0.908587
36.4167 0.911357
37.3979 0.914127
37.8726 0.916898
39.6052 0.919668
40.6281 0.922438
45.8978 0.925208
46.1727 0.927978
47.7536 0.930748
48.9964 0.933518
51.7196 0.936288
52.1105 0.939058
53.8712 0.941828
57.9805 0.944598
61.2356 0.947368
61.7251 0.950139
64.3519 0.952909
64.3544 0.955679
64.4681 0.958449
65.5796 0.961219
70.323 0.963989
70.8467 0.966759
73.8678 0.969529
98.9432 0.972299
103.781 0.975069
107.008 0.977839
125.797 0.980609
129.6 0.98338
130.192 0.98615
135.16 0.98892
135.388 0.99169
138.35 0.99446
162.128 0.99723
205.217 1
