0.020544 0.00277008
0.127563 0.00554017
0.155181 0.00831025
0.226397 0.0110803
0.410001 0.0138504
0.451696 0.0166205
0.462649 0.0193906
0.472893 0.0221607
0.473792 0.0249307
0.494658 0.0277008
0.517280 0.0304709
0.547020 0.033241
0.590437 0.0360111
0.612645 0.0387812
0.710649 0.0415512
0.749101 0.0443213
0.769230 0.0470914
0.797742 0.0498615
0.801775 0.0526316
0.818812 0.0554017
0.865966 0.0581717
0.894318 0.0609418
1.021084 0.0637119
1.050217 0.066482
1.110602 0.0692521
1.275743 0.0720222
1.291855 0.0747922
1.340534 0.0775623
1.373841 0.0803324
1.458006 0.0831025
1.496297 0.0858726
1.516843 0.0886427
1.541288 0.0914127
1.714574 0.0941828
1.734043 0.0969529
1.797197 0.099723
1.804420 0.102493
1.809730 0.105263
1.836338 0.108033
1.882500 0.110803
1.921515 0.113573
1.955428 0.116343
2.000061 0.119114
2.011668 0.121884
2.036102 0.124654
2.052882 0.127424
2.075283 0.130194
2.080914 0.132964
2.100004 0.135734
2.124169 0.138504
2.139127 0.141274
2.142180 0.144044
2.161502 0.146814
2.167845 0.149584
2.174979 0.152355
2.182882 0.155125
2.269641 0.157895
2.335988 0.160665
2.347611 0.163435
2.392121 0.166205
2.420067 0.168975
2.442966 0.171745
2.453550 0.174515
2.504810 0.177285
2.682417 0.180055
2.686004 0.182825
2.703873 0.185596
2.722111 0.188366
2.831309 0.191136
2.876811 0.193906
2.885974 0.196676
2.896280 0.199446
2.906045 0.202216
2.974492 0.204986
2.989156 0.207756
3.003114 0.210526
3.086845 0.213296
3.177544 0.216066
3.231053 0.218837
3.271794 0.221607
3.279351 0.224377
3.316508 0.227147
3.319900 0.229917
3.326118 0.232687
3.362142 0.235457
3.375484 0.238227
3.412993 0.240997
3.472991 0.243767
3.494571 0.246537
3.507378 0.249307
3.533240 0.252078
3.555260 0.254848
3.575771 0.257618
3.580182 0.260388
3.581148 0.263158
3.670883 0.265928
3.683269 0.268698
3.700348 0.271468
3.708281 0.274238
3.724340 0.277008
3.756358 0.279778
3.783714 0.282548
3.793699 0.285319
3.951659 0.288089
4.071132 0.290859
4.134315 0.293629
4.213941 0.296399
4.408244 0.299169
4.484111 0.301939
4.547917 0.304709
4.649609 0.307479
4.717541 0.310249
4.771591 0.313019
4.870481 0.315789
4.917193 0.31856
4.978038 0.32133
5.007945 0.3241
5.067226 0.32687
5.138364 0.32964
5.163836 0.33241
5.304286 0.33518
5.452847 0.33795
5.527377 0.34072
5.555779 0.34349
5.645116 0.34626
5.689029 0.34903
5.706118 0.351801
5.745905 0.354571
5.841711 0.357341
5.862559 0.360111
6.033098 0.362881
6.158965 0.365651
6.220604 0.368421
6.258473 0.371191
6.346140 0.373961
6.349332 0.376731
6.490383 0.379501
6.574798 0.382271
6.583544 0.385042
6.647644 0.387812
6.810848 0.390582
6.965532 0.393352
7.067307 0.396122
7.183194 0.398892
7.251985 0.401662
7.281073 0.404432
7.397620 0.407202
7.421525 0.409972
7.454285 0.412742
7.489643 0.415512
7.523105 0.418283
7.555134 0.421053
7.647002 0.423823
7.762341 0.426593
7.832884 0.429363
7.879242 0.432133
7.974175 0.434903
8.119355 0.437673
8.228000 0.440443
8.553845 0.443213
8.614350 0.445983
8.665890 0.448753
8.743922 0.451524
8.811481 0.454294
8.906962 0.457064
8.934394 0.459834
9.019271 0.462604
9.072816 0.465374
9.198660 0.468144
9.300941 0.470914
9.357264 0.473684
9.358154 0.476454
9.358983 0.479224
9.373624 0.481994
9.380304 0.484765
9.441094 0.487535
9.441388 0.490305
9.449893 0.493075
9.568699 0.495845
9.594562 0.498615
9.600054 0.501385
9.765714 0.504155
9.908830 0.506925
9.993137 0.509695
9.993396 0.512465
10.063759 0.515235
10.165669 0.518006
10.187925 0.520776
10.187986 0.523546
10.280619 0.526316
10.301282 0.529086
10.642445 0.531856
10.669736 0.534626
10.681084 0.537396
10.704207 0.540166
10.828398 0.542936
10.836948 0.545706
10.847967 0.548476
10.880677 0.551247
10.882647 0.554017
11.058549 0.556787
11.213753 0.559557
11.379317 0.562327
11.389529 0.565097
11.426751 0.567867
11.458207 0.570637
11.621395 0.573407
11.759566 0.576177
11.790628 0.578947
11.812837 0.581717
11.840753 0.584488
11.897549 0.587258
12.075900 0.590028
12.129171 0.592798
12.151789 0.595568
12.285525 0.598338
12.290927 0.601108
12.517709 0.603878
12.865801 0.606648
12.980296 0.609418
13.019146 0.612188
13.163145 0.614958
13.673984 0.617729
13.709728 0.620499
13.723078 0.623269
13.727883 0.626039
13.742507 0.628809
14.150524 0.631579
14.179181 0.634349
14.357543 0.637119
14.485189 0.639889
14.592446 0.642659
14.709902 0.645429
15.283115 0.648199
15.358429 0.65097
15.437779 0.65374
15.569377 0.65651
15.605713 0.65928
15.774098 0.66205
15.862775 0.66482
15.868881 0.66759
16.037926 0.67036
16.046236 0.67313
16.113262 0.6759
16.482002 0.67867
16.564454 0.68144
16.641510 0.684211
16.732228 0.686981
16.987610 0.689751
17.018411 0.692521
17.100304 0.695291
17.174917 0.698061
17.276871 0.700831
17.437275 0.703601
17.486134 0.706371
17.676058 0.709141
17.722954 0.711911
17.760544 0.714681
18.700704 0.717452
18.872280 0.720222
19.221312 0.722992
19.298893 0.725762
19.309050 0.728532
19.522133 0.731302
19.683136 0.734072
19.745114 0.736842
20.174377 0.739612
20.477408 0.742382
20.544823 0.745152
20.654579 0.747922
21.193327 0.750693
21.310772 0.753463
21.319327 0.756233
21.994206 0.759003
23.068155 0.761773
23.354790 0.764543
23.411794 0.767313
23.637955 0.770083
23.685345 0.772853
24.428709 0.775623
24.470279 0.778393
24.877428 0.781163
25.869799 0.783934
26.368678 0.786704
26.705512 0.789474
26.788750 0.792244
27.154091 0.795014
27.292687 0.797784
27.481291 0.800554
27.827021 0.803324
27.916792 0.806094
28.037968 0.808864
28.225756 0.811634
28.593147 0.814404
29.571927 0.817175
30.446008 0.819945
30.689707 0.822715
30.893442 0.825485
31.642336 0.828255
32.644618 0.831025
32.916245 0.833795
33.340836 0.836565
33.480206 0.839335
33.568987 0.842105
34.183654 0.844875
34.576935 0.847645
34.893492 0.850416
35.103562 0.853186
35.481718 0.855956
37.542117 0.858726
37.746003 0.861496
38.847771 0.864266
38.866287 0.867036
38.969791 0.869806
39.067885 0.872576
39.110202 0.875346
39.164343 0.878116
39.274740 0.880886
39.724031 0.883657
39.944476 0.886427
40.235588 0.889197
40.734354 0.891967
41.240716 0.894737
42.328238 0.897507
43.040520 0.900277
43.097609 0.903047
43.778232 0.905817
44.747433 0.908587
45.546615 0.911357
45.806533 0.914127
48.011959 0.916898
48.809165 0.919668
49.026832 0.922438
49.273056 0.925208
49.442461 0.927978
50.290495 0.930748
53.176033 0.933518
55.683774 0.936288
56.515628 0.939058
59.854519 0.941828
61.478221 0.944598
66.974854 0.947368
68.152064 0.950139
70.998317 0.952909
75.277025 0.955679
78.062665 0.958449
93.926567 0.961219
95.045972 0.963989
95.145923 0.966759
99.090642 0.969529
99.187344 0.972299
103.018153 0.975069
112.209320 0.977839
114.416778 0.980609
119.457841 0.98338
129.162371 0.98615
136.815977 0.98892
144.032800 0.99169
144.918680 0.99446
144.935095 0.99723
175.632226 1
