0.323853 0.00277008
1.475586 0.00554017
1.603821 0.00831025
1.859985 0.0110803
5.455078 0.0138504
5.633911 0.0166205
6.253174 0.0193906
6.306396 0.0221607
6.362305 0.0249307
6.628296 0.0277008
7.756592 0.0304709
8.570557 0.033241
9.646973 0.0360111
9.685059 0.0387812
9.738770 0.0415512
10.727295 0.0443213
12.228271 0.0470914
12.398926 0.0498615
12.750122 0.0526316
12.750977 0.0554017
14.197021 0.0581717
14.905823 0.0609418
15.958862 0.0637119
16.342285 0.066482
16.357788 0.0692521
17.081177 0.0720222
17.207886 0.0747922
17.481934 0.0775623
19.584229 0.0803324
20.432495 0.0831025
20.725342 0.0858726
21.035645 0.0886427
21.081421 0.0914127
21.433960 0.0941828
22.633545 0.0969529
22.952271 0.099723
23.125366 0.102493
23.215210 0.105263
23.219849 0.108033
23.789307 0.110803
24.192993 0.113573
24.581177 0.116343
24.624512 0.119114
25.010986 0.121884
25.516846 0.124654
25.870239 0.127424
25.985718 0.130194
26.857056 0.132964
27.007324 0.135734
27.085571 0.138504
27.216064 0.141274
27.717773 0.144044
28.067017 0.146814
28.953491 0.149584
32.087524 0.152355
33.217407 0.155125
33.566406 0.157895
34.060059 0.160665
34.635010 0.163435
34.651123 0.166205
34.777466 0.168975
35.517212 0.171745
35.807739 0.174515
35.909912 0.177285
35.961304 0.180055
36.109619 0.182825
36.321411 0.185596
36.401123 0.188366
37.184082 0.191136
37.613525 0.193906
37.837891 0.196676
38.029297 0.199446
38.232300 0.202216
38.505981 0.204986
38.613037 0.207756
39.367676 0.210526
39.548096 0.213296
39.787415 0.216066
39.792969 0.218837
39.923218 0.221607
40.194336 0.224377
41.036133 0.227147
41.127197 0.229917
41.996094 0.232687
42.784912 0.235457
42.795410 0.238227
43.218750 0.240997
43.621216 0.243767
45.681274 0.246537
46.837891 0.249307
47.420410 0.252078
48.983276 0.254848
49.311279 0.257618
49.489502 0.260388
52.314209 0.263158
53.940491 0.265928
54.702515 0.268698
55.235596 0.271468
56.168091 0.274238
56.251465 0.277008
56.816528 0.279778
57.599365 0.282548
58.219482 0.285319
59.496582 0.288089
59.644531 0.290859
60.558350 0.293629
62.090088 0.296399
63.892822 0.299169
64.034180 0.301939
64.239502 0.304709
65.443970 0.307479
65.991455 0.310249
66.520508 0.313019
68.335693 0.315789
69.212585 0.31856
71.124268 0.32133
71.364502 0.3241
71.884766 0.32687
73.145508 0.32964
73.233032 0.33241
73.512939 0.33518
73.541626 0.33795
73.796143 0.34072
74.020874 0.34349
75.004272 0.34626
75.549561 0.34903
75.675537 0.351801
76.006470 0.354571
76.474854 0.357341
76.564697 0.360111
77.236572 0.362881
81.349487 0.365651
81.358643 0.368421
81.485352 0.371191
82.112427 0.373961
82.206665 0.376731
82.359863 0.379501
82.890015 0.382271
82.993530 0.385042
83.653381 0.387812
83.890747 0.390582
84.576782 0.393352
85.965576 0.396122
86.410156 0.398892
87.327271 0.401662
88.231934 0.404432
89.127197 0.407202
91.386475 0.409972
92.303955 0.412742
93.065918 0.415512
93.466553 0.418283
93.675903 0.421053
93.705139 0.423823
95.820435 0.426593
98.135986 0.429363
99.119995 0.432133
100.155029 0.434903
101.378906 0.437673
104.238037 0.440443
107.016968 0.443213
107.707153 0.445983
110.098877 0.448753
111.720459 0.451524
112.298340 0.454294
113.425537 0.457064
115.148315 0.459834
118.783203 0.462604
119.131592 0.465374
120.580200 0.468144
121.210205 0.470914
122.017212 0.473684
123.303467 0.476454
123.898438 0.479224
125.436768 0.481994
130.175171 0.484765
134.645020 0.487535
135.875000 0.490305
137.418213 0.493075
138.489746 0.495845
138.588745 0.498615
138.931519 0.501385
140.619629 0.504155
140.996826 0.506925
142.445557 0.509695
144.447388 0.512465
144.818604 0.515235
145.380371 0.518006
146.879761 0.520776
147.489502 0.523546
148.277222 0.526316
149.374023 0.529086
154.335938 0.531856
156.545898 0.534626
156.788330 0.537396
158.261353 0.540166
161.068481 0.542936
162.893799 0.545706
163.779907 0.548476
164.644531 0.551247
165.092651 0.554017
165.927979 0.556787
180.025269 0.559557
181.494019 0.562327
183.343140 0.565097
184.027344 0.567867
188.011963 0.570637
188.474731 0.573407
191.704956 0.576177
193.751770 0.578947
193.875366 0.581717
194.113403 0.584488
195.908569 0.587258
200.642212 0.590028
204.043213 0.592798
204.374756 0.595568
204.658081 0.598338
205.267334 0.601108
205.890991 0.603878
212.793335 0.606648
214.792969 0.609418
215.859497 0.612188
216.689209 0.614958
217.490601 0.617729
220.827881 0.620499
221.650635 0.623269
225.048462 0.626039
228.266235 0.628809
229.298462 0.631579
235.030884 0.634349
235.284424 0.637119
245.058838 0.639889
254.176514 0.642659
254.506592 0.645429
256.261230 0.648199
259.055786 0.65097
259.526855 0.65374
259.729492 0.65651
262.192261 0.65928
266.934326 0.66205
268.146973 0.66482
272.177856 0.66759
273.004883 0.67036
277.222900 0.67313
278.403076 0.6759
282.268066 0.67867
284.973755 0.68144
285.215820 0.684211
286.273926 0.686981
289.962891 0.689751
293.445801 0.692521
293.450317 0.695291
301.836670 0.698061
301.904785 0.700831
302.104492 0.703601
317.831055 0.706371
328.248901 0.709141
328.759033 0.711911
330.068359 0.714681
336.940430 0.717452
340.004150 0.720222
350.479858 0.722992
362.149658 0.725762
365.551025 0.728532
368.842773 0.731302
370.626953 0.734072
375.098511 0.736842
379.141602 0.739612
382.918579 0.742382
383.517822 0.745152
384.834473 0.747922
390.517822 0.750693
401.466553 0.753463
402.492310 0.756233
408.137085 0.759003
413.705383 0.761773
422.258301 0.764543
434.616455 0.767313
438.732666 0.770083
439.377441 0.772853
440.768555 0.775623
452.370117 0.778393
456.196899 0.781163
460.461060 0.783934
467.099854 0.786704
470.658691 0.789474
475.203857 0.792244
481.273438 0.795014
485.128174 0.797784
490.479736 0.800554
492.855713 0.803324
499.005615 0.806094
499.393799 0.808864
503.539551 0.811634
511.410645 0.814404
512.639526 0.817175
527.537720 0.819945
547.739990 0.822715
548.477295 0.825485
550.694214 0.828255
564.572754 0.831025
571.383667 0.833795
579.137695 0.836565
591.402954 0.839335
602.844482 0.842105
621.092896 0.844875
621.613159 0.847645
656.929932 0.850416
662.145264 0.853186
662.272949 0.855956
672.891113 0.858726
681.137573 0.861496
694.549561 0.864266
705.993408 0.867036
709.995728 0.869806
714.526489 0.872576
727.926880 0.875346
739.098389 0.878116
750.404175 0.880886
758.285645 0.883657
763.587769 0.886427
787.771851 0.889197
814.271362 0.891967
863.052246 0.894737
880.142944 0.897507
899.351807 0.900277
926.297241 0.903047
929.735840 0.905817
937.187988 0.908587
952.040771 0.911357
972.785278 0.914127
990.324707 0.916898
1005.228027 0.919668
1037.148804 0.922438
1062.446533 0.925208
1090.091797 0.927978
1092.410889 0.930748
1114.273682 0.933518
1239.351807 0.936288
1270.347290 0.939058
1281.512573 0.941828
1287.141113 0.944598
1323.678955 0.947368
1344.772827 0.950139
1386.478149 0.952909
1527.706543 0.955679
1542.505005 0.958449
1572.101685 0.961219
1579.438110 0.963989
1579.720459 0.966759
1592.307129 0.969529
1656.813843 0.972299
1664.973267 0.975069
1720.225464 0.977839
1790.698730 0.980609
1834.057739 0.98338
1851.119629 0.98615
1855.768066 0.98892
1873.997803 0.99169
1944.524414 0.99446
1998.460693 0.99723
2515.409180 1
