0.030483 0.00277008
0.150616 0.00554017
0.194478 0.00831025
0.493045 0.0110803
0.610057 0.0138504
0.728145 0.0166205
0.758980 0.0193906
0.770346 0.0221607
0.771103 0.0249307
0.983133 0.0277008
1.153302 0.0304709
1.580017 0.033241
2.394564 0.0360111
2.435879 0.0387812
3.105574 0.0415512
3.425296 0.0443213
3.426340 0.0470914
3.613760 0.0498615
3.700029 0.0526316
3.784161 0.0554017
3.790656 0.0581717
4.303111 0.0609418
4.498874 0.0637119
4.528530 0.066482
4.647523 0.0692521
5.256679 0.0720222
5.323447 0.0747922
5.326064 0.0775623
5.759765 0.0803324
5.872174 0.0831025
5.912624 0.0858726
6.041723 0.0886427
6.379534 0.0914127
6.379887 0.0941828
7.089414 0.0969529
7.185974 0.099723
7.335147 0.102493
7.586762 0.105263
7.754149 0.108033
7.959548 0.110803
8.025513 0.113573
8.836235 0.116343
9.035508 0.119114
9.283273 0.121884
9.331471 0.124654
9.338394 0.127424
9.353299 0.130194
9.744751 0.132964
9.963346 0.135734
10.024530 0.138504
10.126885 0.141274
10.245498 0.144044
10.272893 0.146814
10.369350 0.149584
10.531886 0.152355
10.667432 0.155125
10.742749 0.157895
10.872311 0.160665
10.885458 0.163435
10.915375 0.166205
11.087269 0.168975
11.104444 0.171745
11.379179 0.174515
11.389153 0.177285
11.593117 0.180055
11.599699 0.182825
11.774001 0.185596
11.798134 0.188366
12.079462 0.191136
12.096652 0.193906
12.124118 0.196676
12.166353 0.199446
12.267756 0.202216
12.456888 0.204986
12.654065 0.207756
13.008524 0.210526
13.076633 0.213296
13.147698 0.216066
13.270579 0.218837
13.416408 0.221607
13.422062 0.224377
13.710243 0.227147
13.843653 0.229917
14.016996 0.232687
14.118673 0.235457
15.053235 0.238227
15.168689 0.240997
15.237133 0.243767
15.267940 0.246537
15.832143 0.249307
15.990025 0.252078
16.194002 0.254848
16.329423 0.257618
16.705562 0.260388
16.795592 0.263158
17.062049 0.265928
17.264850 0.268698
17.509311 0.271468
17.821534 0.274238
17.869945 0.277008
17.906336 0.279778
17.976411 0.282548
18.635207 0.285319
19.581471 0.288089
20.303358 0.290859
20.703799 0.293629
21.224971 0.296399
21.960133 0.299169
22.015275 0.301939
22.377506 0.304709
23.055442 0.307479
23.476011 0.310249
23.690671 0.313019
24.199559 0.315789
24.352923 0.31856
24.556476 0.32133
24.678570 0.3241
24.954309 0.32687
25.305581 0.32964
25.396279 0.33241
25.545925 0.33518
26.278976 0.33795
26.502511 0.34072
27.001101 0.34349
27.008522 0.34626
27.466226 0.34903
27.858230 0.351801
28.336117 0.354571
28.786051 0.357341
28.878444 0.360111
28.930980 0.362881
29.089344 0.365651
29.197749 0.368421
29.420301 0.371191
29.668087 0.373961
30.142891 0.376731
30.158550 0.379501
30.207500 0.382271
30.785817 0.385042
31.409472 0.387812
31.427240 0.390582
31.756720 0.393352
31.952688 0.396122
32.032612 0.398892
32.160544 0.401662
32.492349 0.404432
32.732204 0.407202
32.964289 0.409972
33.200219 0.412742
33.523324 0.415512
34.344333 0.418283
34.679514 0.421053
34.710488 0.423823
34.969059 0.426593
35.002008 0.429363
35.036948 0.432133
35.488406 0.434903
36.279437 0.437673
36.689845 0.440443
36.955416 0.443213
37.494791 0.445983
38.127917 0.448753
38.476151 0.451524
38.673711 0.454294
39.477113 0.457064
39.493304 0.459834
40.097982 0.462604
40.189898 0.465374
40.298450 0.468144
40.371090 0.470914
40.373796 0.473684
40.401402 0.476454
40.531588 0.479224
40.950915 0.481994
41.604713 0.484765
41.664317 0.487535
42.288074 0.490305
42.428914 0.493075
42.629388 0.495845
43.770146 0.498615
44.745454 0.501385
45.448649 0.504155
46.761465 0.506925
47.078004 0.509695
47.229621 0.512465
48.052883 0.515235
48.646468 0.518006
49.071202 0.520776
49.634686 0.523546
49.889055 0.526316
50.025064 0.529086
50.052619 0.531856
50.158221 0.534626
50.517684 0.537396
50.703180 0.540166
52.011240 0.542936
52.574933 0.545706
53.101927 0.548476
53.530580 0.551247
53.984600 0.554017
55.546945 0.556787
56.448126 0.559557
57.652748 0.562327
58.858359 0.565097
59.658444 0.567867
59.780174 0.570637
60.075176 0.573407
60.190547 0.576177
60.888815 0.578947
61.545640 0.581717
62.515146 0.584488
63.898838 0.587258
64.392972 0.590028
65.042776 0.592798
66.727209 0.595568
68.741167 0.598338
69.106287 0.601108
69.819582 0.603878
70.250916 0.606648
73.168850 0.609418
73.931819 0.612188
74.210668 0.614958
74.618429 0.617729
74.972987 0.620499
75.375271 0.623269
77.545488 0.626039
77.568436 0.628809
77.698481 0.631579
77.955002 0.634349
78.447795 0.637119
78.527427 0.639889
79.644978 0.642659
79.928833 0.645429
81.806588 0.648199
82.089478 0.65097
82.110387 0.65374
83.546603 0.65651
84.796143 0.65928
85.495520 0.66205
86.326492 0.66482
87.274134 0.66759
87.413222 0.67036
87.602037 0.67313
88.358778 0.6759
88.568079 0.67867
88.619572 0.68144
88.922006 0.684211
90.614015 0.686981
91.138613 0.689751
91.141963 0.692521
91.214031 0.695291
91.248393 0.698061
91.303498 0.700831
91.562861 0.703601
91.995829 0.706371
92.599136 0.709141
92.635626 0.711911
93.112600 0.714681
93.328661 0.717452
93.607777 0.720222
93.635845 0.722992
93.793809 0.725762
94.101995 0.728532
94.104612 0.731302
94.218832 0.734072
94.812775 0.736842
94.881546 0.739612
95.059943 0.742382
95.131874 0.745152
95.265740 0.747922
95.412558 0.750693
95.559531 0.753463
96.241444 0.756233
96.278769 0.759003
96.469218 0.761773
96.512812 0.764543
96.888065 0.767313
97.096306 0.770083
97.273564 0.772853
97.281414 0.775623
97.301108 0.778393
97.552347 0.781163
98.355722 0.783934
98.670954 0.786704
98.932022 0.789474
99.351573 0.792244
99.784094 0.795014
101.026261 0.797784
102.765882 0.800554
103.328633 0.803324
103.882504 0.806094
104.166520 0.808864
107.378030 0.811634
109.674513 0.814404
118.218648 0.817175
122.931015 0.819945
123.063684 0.822715
123.374498 0.825485
124.370372 0.828255
134.473681 0.831025
135.069466 0.833795
143.023324 0.836565
146.922886 0.839335
156.346619 0.842105
157.399046 0.844875
163.457537 0.847645
167.105997 0.850416
170.439470 0.853186
175.514138 0.855956
182.884216 0.858726
191.800702 0.861496
205.880427 0.864266
215.542960 0.867036
225.672460 0.869806
229.628754 0.872576
235.894775 0.875346
236.127353 0.878116
237.542558 0.880886
255.480671 0.883657
272.470999 0.886427
291.150570 0.889197
328.540421 0.891967
366.577077 0.894737
372.958875 0.897507
384.921479 0.900277
400.769711 0.903047
412.458754 0.905817
424.670506 0.908587
434.293604 0.911357
454.091454 0.914127
493.846083 0.916898
554.471159 0.919668
595.560980 0.922438
770.401907 0.925208
776.228189 0.927978
937.283707 0.930748
1026.430798 0.933518
1063.533974 0.936288
1260.573196 0.939058
1525.958252 0.941828
1577.664089 0.944598
1781.573868 0.947368
2674.695778 0.950139
3230.204391 0.952909
4260.142899 0.955679
7198.707581 0.958449
7610.552979 0.961219
8453.084564 0.963989
8587.187195 0.966759
11291.809845 0.969529
11556.095123 0.972299
30509.426880 0.975069
34329.983521 0.977839
34536.639404 0.980609
41233.139038 0.98338
51530.053711 0.98615
65539.898682 0.98892
101235.247803 0.99169
135949.060059 0.99446
142716.467285 0.99723
255959.179688 1
