0.0825021 0.00277008
0.154413 0.00554017
0.18922 0.00831025
0.197243 0.0110803
0.245035 0.0138504
0.28635 0.0166205
0.30257 0.0193906
0.315371 0.0221607
0.460603 0.0249307
0.476689 0.0277008
0.509586 0.0304709
0.652468 0.033241
0.677123 0.0360111
0.81885 0.0387812
0.847425 0.0415512
0.907561 0.0443213
0.921747 0.0470914
0.950161 0.0498615
0.960606 0.0526316
1.02719 0.0554017
1.05586 0.0581717
1.09065 0.0609418
1.10257 0.0637119
1.14259 0.066482
1.16325 0.0692521
1.19791 0.0720222
1.28644 0.0747922
1.39111 0.0775623
1.43189 0.0803324
1.51396 0.0831025
1.55549 0.0858726
1.72365 0.0886427
1.7295 0.0914127
1.79238 0.0941828
1.8273 0.0969529
1.84658 0.099723
1.85375 0.102493
1.93001 0.105263
1.94725 0.108033
1.95795 0.110803
1.96117 0.113573
1.97857 0.116343
2.03465 0.119114
2.04995 0.121884
2.05906 0.124654
2.06618 0.127424
2.13799 0.130194
2.21369 0.132964
2.31044 0.135734
2.31165 0.138504
2.31171 0.141274
2.38389 0.144044
2.40295 0.146814
2.49056 0.149584
2.51316 0.152355
2.53877 0.155125
2.5551 0.157895
2.57196 0.160665
2.57214 0.163435
2.57562 0.166205
2.61712 0.168975
2.65824 0.171745
2.67103 0.174515
2.74235 0.177285
2.80059 0.180055
2.81661 0.182825
2.87574 0.185596
2.90734 0.188366
2.99717 0.191136
3.01064 0.193906
3.0542 0.196676
3.09855 0.199446
3.18297 0.202216
3.19682 0.204986
3.28549 0.207756
3.35054 0.210526
3.38234 0.213296
3.44587 0.216066
3.51349 0.218837
3.56442 0.221607
3.57863 0.224377
3.631 0.227147
3.64668 0.229917
3.65476 0.232687
3.66159 0.235457
3.72654 0.238227
3.72732 0.240997
3.74954 0.243767
3.75217 0.246537
3.78552 0.249307
3.83581 0.252078
3.84265 0.254848
3.86842 0.257618
3.98962 0.260388
4.00349 0.263158
4.02202 0.265928
4.04162 0.268698
4.10293 0.271468
4.10757 0.274238
4.33696 0.277008
4.43873 0.279778
4.48499 0.282548
4.49477 0.285319
4.49853 0.288089
4.52048 0.290859
4.75141 0.293629
4.7978 0.296399
4.80152 0.299169
4.83824 0.301939
5.02115 0.304709
5.04772 0.307479
5.0894 0.310249
5.09534 0.313019
5.10894 0.315789
5.22469 0.31856
5.23265 0.32133
5.25223 0.3241
5.26733 0.32687
5.39879 0.32964
5.4009 0.33241
5.56093 0.33518
5.57052 0.33795
5.68046 0.34072
5.6908 0.34349
5.91481 0.34626
6.02062 0.34903
6.08104 0.351801
6.20548 0.354571
6.24394 0.357341
6.339 0.360111
6.36525 0.362881
6.38081 0.365651
6.52862 0.368421
6.53153 0.371191
6.54523 0.373961
6.65165 0.376731
6.72424 0.379501
6.74506 0.382271
6.81476 0.385042
6.82373 0.387812
7.07376 0.390582
7.21886 0.393352
7.4221 0.396122
7.49179 0.398892
7.53137 0.401662
7.61237 0.404432
7.61928 0.407202
7.63641 0.409972
7.83643 0.412742
7.8385 0.415512
7.85836 0.418283
7.94222 0.421053
8.2943 0.423823
8.37959 0.426593
8.40593 0.429363
8.42502 0.432133
8.44196 0.434903
8.4444 0.437673
8.54588 0.440443
8.60716 0.443213
8.61488 0.445983
8.6347 0.448753
8.67488 0.451524
8.6814 0.454294
8.77193 0.457064
8.85776 0.459834
9.05948 0.462604
9.08148 0.465374
9.22846 0.468144
9.35805 0.470914
9.42374 0.473684
9.44279 0.476454
9.50107 0.479224
9.54678 0.481994
9.61461 0.484765
9.63559 0.487535
9.78981 0.490305
9.83116 0.493075
9.88219 0.495845
10.103 0.498615
10.2081 0.501385
10.2659 0.504155
10.301 0.506925
10.3843 0.509695
10.3926 0.512465
10.5407 0.515235
10.5457 0.518006
10.5831 0.520776
10.5895 0.523546
10.6333 0.526316
10.6862 0.529086
10.7428 0.531856
10.9204 0.534626
10.9697 0.537396
10.9876 0.540166
11.1273 0.542936
11.1953 0.545706
11.3067 0.548476
11.3477 0.551247
11.4057 0.554017
11.4697 0.556787
11.4843 0.559557
11.5156 0.562327
11.5692 0.565097
11.9566 0.567867
12.0303 0.570637
12.2207 0.573407
12.3883 0.576177
12.5092 0.578947
12.5394 0.581717
12.5881 0.584488
12.6576 0.587258
12.7941 0.590028
12.8888 0.592798
13.0395 0.595568
13.0427 0.598338
13.1114 0.601108
13.1515 0.603878
13.2803 0.606648
13.4414 0.609418
13.4484 0.612188
14.0966 0.614958
14.212 0.617729
14.3001 0.620499
14.3088 0.623269
14.8443 0.626039
14.9486 0.628809
14.9582 0.631579
15.012 0.634349
15.1648 0.637119
15.2288 0.639889
15.2319 0.642659
15.5733 0.645429
15.6034 0.648199
15.6754 0.65097
15.6957 0.65374
15.7922 0.65651
16.1344 0.65928
16.1649 0.66205
16.2485 0.66482
16.3489 0.66759
16.3886 0.67036
16.4584 0.67313
16.6238 0.6759
16.6444 0.67867
16.7231 0.68144
16.7383 0.684211
16.9488 0.686981
17.0462 0.689751
17.2893 0.692521
17.3537 0.695291
17.5427 0.698061
17.544 0.700831
17.7738 0.703601
17.8963 0.706371
18.0086 0.709141
18.0526 0.711911
18.1997 0.714681
18.7713 0.717452
19.0066 0.720222
19.3607 0.722992
19.7196 0.725762
20.1113 0.728532
20.2879 0.731302
20.3716 0.734072
20.9291 0.736842
20.9306 0.739612
21.94 0.742382
22.3817 0.745152
22.829 0.747922
22.9447 0.750693
22.9847 0.753463
23.3291 0.756233
23.4699 0.759003
24.0802 0.761773
24.2369 0.764543
24.98 0.767313
24.994 0.770083
25.0089 0.772853
25.3025 0.775623
25.3328 0.778393
25.6311 0.781163
26.7819 0.783934
27.3033 0.786704
27.3495 0.789474
27.6266 0.792244
28.0194 0.795014
28.2191 0.797784
28.246 0.800554
28.2943 0.803324
28.9931 0.806094
29.8573 0.808864
30.5924 0.811634
31.0051 0.814404
31.0817 0.817175
31.7634 0.819945
31.8877 0.822715
32.4796 0.825485
32.5163 0.828255
32.6061 0.831025
33.1583 0.833795
33.4081 0.836565
33.8709 0.839335
34.1788 0.842105
34.2227 0.844875
34.9805 0.847645
35.3915 0.850416
37.1565 0.853186
37.5872 0.855956
37.7415 0.858726
38.8194 0.861496
38.8803 0.864266
39.293 0.867036
39.3429 0.869806
39.572 0.872576
39.6021 0.875346
39.9485 0.878116
41.7914 0.880886
41.9632 0.883657
42.1444 0.886427
42.6579 0.889197
42.7735 0.891967
42.9219 0.894737
42.9869 0.897507
43.9304 0.900277
44.0863 0.903047
44.5163 0.905817
44.704 0.908587
45.127 0.911357
46.1287 0.914127
46.9534 0.916898
47.4797 0.919668
49.9607 0.922438
50.1604 0.925208
53.8808 0.927978
55.6144 0.930748
57.3921 0.933518
57.6327 0.936288
60.0465 0.939058
62.4076 0.941828
63.9101 0.944598
67.6591 0.947368
68.2672 0.950139
71.7516 0.952909
75.8314 0.955679
81.7077 0.958449
86.2983 0.961219
98.4095 0.963989
98.8111 0.966759
100.206 0.969529
101.033 0.972299
102.154 0.975069
104.522 0.977839
108.693 0.980609
120.327 0.98338
151.651 0.98615
166.577 0.98892
176.618 0.99169
196.38 0.99446
197.45 0.99723
234.803 1
