0.000301 0.00277008
0.000388 0.00554017
0.001026 0.00831025
0.001241 0.0110803
0.001335 0.0138504
0.001485 0.0166205
0.002394 0.0193906
0.002499 0.0221607
0.004415 0.0249307
0.004475 0.0277008
0.005769 0.0304709
0.006582 0.033241
0.006997 0.0360111
0.007561 0.0387812
0.008798 0.0415512
0.008884 0.0443213
0.008980 0.0470914
0.009895 0.0498615
0.009912 0.0526316
0.009961 0.0554017
0.010385 0.0581717
0.010498 0.0609418
0.011345 0.0637119
0.012035 0.066482
0.012759 0.0692521
0.012829 0.0720222
0.013108 0.0747922
0.013246 0.0775623
0.014458 0.0803324
0.014543 0.0831025
0.014658 0.0858726
0.015113 0.0886427
0.016466 0.0914127
0.016764 0.0941828
0.017763 0.0969529
0.018514 0.099723
0.018777 0.102493
0.019506 0.105263
0.019572 0.108033
0.019639 0.110803
0.020935 0.113573
0.020942 0.116343
0.021066 0.119114
0.021203 0.121884
0.021318 0.124654
0.022122 0.127424
0.022410 0.130194
0.022686 0.132964
0.023541 0.135734
0.023573 0.138504
0.023926 0.141274
0.024127 0.144044
0.024222 0.146814
0.024534 0.149584
0.024650 0.152355
0.024705 0.155125
0.025267 0.157895
0.025866 0.160665
0.026072 0.163435
0.026125 0.166205
0.026514 0.168975
0.027860 0.171745
0.028277 0.174515
0.028480 0.177285
0.029308 0.180055
0.030361 0.182825
0.031281 0.185596
0.031615 0.188366
0.031698 0.191136
0.032118 0.193906
0.032545 0.196676
0.033075 0.199446
0.033136 0.202216
0.033154 0.204986
0.033813 0.207756
0.033829 0.210526
0.034355 0.213296
0.034716 0.216066
0.034859 0.218837
0.035833 0.221607
0.036214 0.224377
0.036652 0.227147
0.037122 0.229917
0.037830 0.232687
0.037926 0.235457
0.038063 0.238227
0.042398 0.240997
0.043599 0.243767
0.044259 0.246537
0.044841 0.249307
0.046848 0.252078
0.046895 0.254848
0.051405 0.257618
0.052139 0.260388
0.053453 0.263158
0.053784 0.265928
0.053819 0.268698
0.054790 0.271468
0.055580 0.274238
0.056830 0.277008
0.058374 0.279778
0.058605 0.282548
0.058892 0.285319
0.061058 0.288089
0.063083 0.290859
0.063592 0.293629
0.063803 0.296399
0.064211 0.299169
0.066204 0.301939
0.066897 0.304709
0.067066 0.307479
0.068235 0.310249
0.068250 0.313019
0.068920 0.315789
0.069148 0.31856
0.069941 0.32133
0.069989 0.3241
0.070331 0.32687
0.071541 0.32964
0.072173 0.33241
0.072724 0.33518
0.072744 0.33795
0.072927 0.34072
0.073061 0.34349
0.073208 0.34626
0.073391 0.34903
0.074594 0.351801
0.076740 0.354571
0.077000 0.357341
0.077970 0.360111
0.079660 0.362881
0.079829 0.365651
0.080742 0.368421
0.081682 0.371191
0.081785 0.373961
0.081863 0.376731
0.082808 0.379501
0.083499 0.382271
0.084949 0.385042
0.085715 0.387812
0.087024 0.390582
0.087150 0.393352
0.089465 0.396122
0.094363 0.398892
0.094522 0.401662
0.094580 0.404432
0.096060 0.407202
0.096073 0.409972
0.096242 0.412742
0.096651 0.415512
0.096887 0.418283
0.098521 0.421053
0.099615 0.423823
0.103381 0.426593
0.104987 0.429363
0.105295 0.432133
0.107547 0.434903
0.108171 0.437673
0.111332 0.440443
0.111547 0.443213
0.113629 0.445983
0.117275 0.448753
0.117695 0.451524
0.118186 0.454294
0.121533 0.457064
0.122970 0.459834
0.126231 0.462604
0.126603 0.465374
0.128130 0.468144
0.128439 0.470914
0.128480 0.473684
0.131085 0.476454
0.132727 0.479224
0.132811 0.481994
0.137259 0.484765
0.140559 0.487535
0.142783 0.490305
0.142822 0.493075
0.144873 0.495845
0.147960 0.498615
0.148370 0.501385
0.149144 0.504155
0.151290 0.506925
0.152072 0.509695
0.152683 0.512465
0.154502 0.515235
0.157589 0.518006
0.163612 0.520776
0.166610 0.523546
0.168370 0.526316
0.170227 0.529086
0.170427 0.531856
0.174575 0.534626
0.177376 0.537396
0.178463 0.540166
0.189921 0.542936
0.194920 0.545706
0.196646 0.548476
0.204720 0.551247
0.205166 0.554017
0.208093 0.556787
0.210057 0.559557
0.212558 0.562327
0.213472 0.565097
0.214733 0.567867
0.215436 0.570637
0.215707 0.573407
0.223785 0.576177
0.224237 0.578947
0.225791 0.581717
0.227234 0.584488
0.227833 0.587258
0.228903 0.590028
0.230070 0.592798
0.232020 0.595568
0.238137 0.598338
0.240194 0.601108
0.240818 0.603878
0.242774 0.606648
0.243911 0.609418
0.248564 0.612188
0.249781 0.614958
0.251811 0.617729
0.253966 0.620499
0.254693 0.623269
0.255332 0.626039
0.256287 0.628809
0.261055 0.631579
0.261133 0.634349
0.261974 0.637119
0.262634 0.639889
0.268071 0.642659
0.277843 0.645429
0.278706 0.648199
0.287120 0.65097
0.290193 0.65374
0.295919 0.65651
0.299863 0.65928
0.301127 0.66205
0.302086 0.66482
0.310487 0.66759
0.312143 0.67036
0.314340 0.67313
0.340656 0.6759
0.346078 0.67867
0.347708 0.68144
0.351576 0.684211
0.357245 0.686981
0.362293 0.689751
0.364626 0.692521
0.371219 0.695291
0.371757 0.698061
0.383965 0.700831
0.390685 0.703601
0.401647 0.706371
0.402145 0.709141
0.404297 0.711911
0.413003 0.714681
0.422826 0.717452
0.423671 0.720222
0.429611 0.722992
0.429778 0.725762
0.432274 0.728532
0.433519 0.731302
0.442373 0.734072
0.443189 0.736842
0.443253 0.739612
0.443435 0.742382
0.445923 0.745152
0.446541 0.747922
0.452595 0.750693
0.454607 0.753463
0.489991 0.756233
0.497929 0.759003
0.511014 0.761773
0.517174 0.764543
0.517455 0.767313
0.528233 0.770083
0.542091 0.772853
0.588933 0.775623
0.603684 0.778393
0.623294 0.781163
0.624404 0.783934
0.684950 0.786704
0.699706 0.789474
0.732105 0.792244
0.738038 0.795014
0.769596 0.797784
0.770696 0.800554
0.774921 0.803324
0.805627 0.806094
0.830633 0.808864
0.864193 0.811634
0.872718 0.814404
0.884892 0.817175
0.885085 0.819945
0.887141 0.822715
0.902799 0.825485
0.914545 0.828255
0.991669 0.831025
1.048954 0.833795
1.052665 0.836565
1.053699 0.839335
1.098519 0.842105
1.292569 0.844875
1.304485 0.847645
1.368995 0.850416
1.395180 0.853186
1.426476 0.855956
1.446210 0.858726
1.451859 0.861496
1.576156 0.864266
1.587962 0.867036
1.647013 0.869806
1.689966 0.872576
1.869481 0.875346
1.952111 0.878116
1.957845 0.880886
2.251737 0.883657
2.608476 0.886427
2.695832 0.889197
2.776600 0.891967
3.027944 0.894737
3.130710 0.897507
3.161029 0.900277
3.190427 0.903047
3.395769 0.905817
4.178644 0.908587
4.326073 0.911357
4.465135 0.914127
4.522295 0.916898
4.713473 0.919668
4.793578 0.922438
4.815963 0.925208
5.496667 0.927978
5.980686 0.930748
6.046866 0.933518
6.081781 0.936288
6.578972 0.939058
6.888544 0.941828
7.929791 0.944598
8.455882 0.947368
9.484434 0.950139
9.615840 0.952909
10.371973 0.955679
11.850443 0.958449
12.086077 0.961219
13.049345 0.963989
14.450595 0.966759
14.685139 0.969529
15.394707 0.972299
15.891800 0.975069
17.498596 0.977839
18.669174 0.980609
21.916033 0.98338
26.171055 0.98615
29.157408 0.98892
32.387508 0.99169
39.147625 0.99446
50.675179 0.99723
64.532753 1
