1 0.020547
2 0.127555
3 0.155176
4 0.226396
5 0.410008
6 0.451698
7 0.462656
8 0.472898
9 0.473792
10 0.494652
11 0.517281
12 0.547021
13 0.590435
14 0.612641
15 0.710647
16 0.749100
17 0.769223
18 0.797744
19 0.801772
20 0.818812
21 0.865964
22 0.894315
23 1.021081
24 1.050217
25 1.110603
26 1.275743
27 1.291857
28 1.340526
29 1.373839
30 1.458008
31 1.496293
32 1.516841
33 1.541287
34 1.714583
35 1.734048
36 1.797193
37 1.804424
38 1.809728
39 1.836338
40 1.882497
41 1.921521
42 1.955428
43 2.000066
44 2.011666
45 2.036104
46 2.052883
47 2.075282
48 2.080911
49 2.100001
50 2.124169
51 2.139128
52 2.142182
53 2.161508
54 2.167847
55 2.174971
56 2.182889
57 2.269634
58 2.335986
59 2.347611
60 2.392120
61 2.420059
62 2.442959
63 2.453552
64 2.504813
65 2.682418
66 2.686001
67 2.703868
68 2.722111
69 2.831307
70 2.876806
71 2.885970
72 2.896278
73 2.906045
74 2.974489
75 2.989159
76 3.003116
77 3.086841
78 3.177550
79 3.231052
80 3.271798
81 3.279352
82 3.316500
83 3.319905
84 3.326120
85 3.362138
86 3.375489
87 3.412996
88 3.472985
89 3.494564
90 3.507373
91 3.533240
92 3.555258
93 3.575774
94 3.580179
95 3.581146
96 3.670881
97 3.683277
98 3.700353
99 3.708283
100 3.724341
101 3.756359
102 3.783718
103 3.793701
104 3.951656
105 4.071126
106 4.134312
107 4.213949
108 4.408246
109 4.484111
110 4.547914
111 4.649600
112 4.717544
113 4.771595
114 4.870475
115 4.917190
116 4.978034
117 5.007948
118 5.067227
119 5.138362
120 5.163839
121 5.304288
122 5.452843
123 5.527375
124 5.555778
125 5.645113
126 5.689035
127 5.706115
128 5.745905
129 5.841709
130 5.862557
131 6.033096
132 6.158972
133 6.220600
134 6.258474
135 6.346141
136 6.349332
137 6.490384
138 6.574793
139 6.583540
140 6.647641
141 6.810848
142 6.965524
143 7.067307
144 7.183195
145 7.251985
146 7.281076
147 7.397614
148 7.421529
149 7.454276
150 7.489637
151 7.523107
152 7.555130
153 7.647014
154 7.762344
155 7.832886
156 7.879242
157 7.974178
158 8.119352
159 8.228000
160 8.553845
161 8.614358
162 8.665892
163 8.743920
164 8.811473
165 8.906962
166 8.934394
167 9.019274
168 9.072814
169 9.198657
170 9.300942
171 9.357259
172 9.358162
173 9.358987
174 9.373625
175 9.380306
176 9.441094
177 9.441390
178 9.449893
179 9.568705
180 9.594567
181 9.600055
182 9.765708
183 9.908830
184 9.993136
185 9.993399
186 10.063764
187 10.165671
188 10.187924
189 10.187981
190 10.280614
191 10.301286
192 10.642442
193 10.669737
194 10.681083
195 10.704209
196 10.828393
197 10.836957
198 10.847960
199 10.880677
200 10.882653
201 11.058545
202 11.213749
203 11.379317
204 11.389527
205 11.426750
206 11.458208
207 11.621391
208 11.759569
209 11.790623
210 11.812846
211 11.840755
212 11.897549
213 12.075900
214 12.129176
215 12.151780
216 12.285532
217 12.290926
218 12.517710
219 12.865795
220 12.980303
221 13.019153
222 13.163137
223 13.673984
224 13.709727
225 13.723086
226 13.727883
227 13.742504
228 14.150524
229 14.179181
230 14.357546
231 14.485200
232 14.592451
233 14.709906
234 15.283111
235 15.358424
236 15.437783
237 15.569378
238 15.605707
239 15.774097
240 15.862772
241 15.868884
242 16.037932
243 16.046239
244 16.113256
245 16.481994
246 16.564450
247 16.641510
248 16.732223
249 16.987608
250 17.018418
251 17.100294
252 17.174914
253 17.276874
254 17.437276
255 17.486133
256 17.676057
257 17.722952
258 17.760542
259 18.700707
260 18.872280
261 19.221313
262 19.298890
263 19.309051
264 19.522135
265 19.683138
266 19.745119
267 20.174375
268 20.477407
269 20.544825
270 20.654587
271 21.193323
272 21.310769
273 21.319330
274 21.994212
275 23.068158
276 23.354791
277 23.411790
278 23.637949
279 23.685344
280 24.428707
281 24.470282
282 24.877432
283 25.869802
284 26.368681
285 26.705518
286 26.788750
287 27.154094
288 27.292687
289 27.481300
290 27.827024
291 27.916795
292 28.037977
293 28.225756
294 28.593147
295 29.571924
296 30.446014
297 30.689707
298 30.893448
299 31.642342
300 32.644626
301 32.916248
302 33.340836
303 33.480209
304 33.568987
305 34.183654
306 34.576938
307 34.893495
308 35.103559
309 35.481715
310 37.542123
311 37.746003
312 38.847777
313 38.866293
314 38.969791
315 39.067879
316 39.110199
317 39.164346
318 39.274737
319 39.724028
320 39.944470
321 40.235579
322 40.734351
323 41.240713
324 42.328236
325 43.040517
326 43.097612
327 43.778229
328 44.747433
329 45.546612
330 45.806536
331 48.011962
332 48.809174
333 49.026823
334 49.273050
335 49.442452
336 50.290501
337 53.176039
338 55.683780
339 56.515616
340 59.854519
341 61.478221
342 66.974849
343 68.152076
344 70.998317
345 75.277025
346 78.062671
347 93.926561
348 95.045978
349 95.145929
350 99.090636
351 99.187344
352 103.018141
353 112.209320
354 114.416766
355 119.457829
356 129.162383
357 136.815977
358 144.032800
359 144.918692
360 144.935095
361 175.632238
