1.23741 0.00277008
1.57928 0.00554017
4.63449 0.00831025
4.88164 0.0110803
5.40948 0.0138504
7.98399 0.0166205
8.82725 0.0193906
10.0672 0.0221607
10.4154 0.0249307
11.3869 0.0277008
11.4249 0.0304709
12.2642 0.033241
12.4085 0.0360111
12.4142 0.0387812
13.6938 0.0415512
14.7961 0.0443213
17.9762 0.0470914
19.0392 0.0498615
21.9879 0.0526316
27.4389 0.0554017
28.6448 0.0581717
29.8974 0.0609418
30.2294 0.0637119
30.5408 0.066482
30.6297 0.0692521
33.0076 0.0720222
36.3101 0.0747922
37.0268 0.0775623
37.8581 0.0803324
39.2624 0.0831025
39.4951 0.0858726
41.3037 0.0886427
42.2995 0.0914127
43.7471 0.0941828
50.5521 0.0969529
52.7003 0.099723
55.1948 0.102493
57.2964 0.105263
61.4965 0.108033
61.6808 0.110803
62.455 0.113573
65.0646 0.116343
65.9751 0.119114
68.507 0.121884
69.0675 0.124654
70.7438 0.127424
71.1848 0.130194
71.7795 0.132964
76.1411 0.135734
77.851 0.138504
87.3809 0.141274
90.3772 0.144044
92.7896 0.146814
94.8695 0.149584
95.3994 0.152355
96.1051 0.155125
99.9421 0.157895
101.054 0.160665
103.344 0.163435
103.502 0.166205
107.335 0.168975
108.129 0.171745
109.214 0.174515
112.102 0.177285
113.908 0.180055
115.084 0.182825
115.413 0.185596
117.21 0.188366
124.401 0.191136
126.608 0.193906
130.629 0.196676
131.242 0.199446
134.244 0.202216
135.299 0.204986
135.379 0.207756
137.434 0.210526
139.11 0.213296
142.184 0.216066
148.721 0.218837
150.22 0.221607
151.205 0.224377
154.474 0.227147
154.822 0.229917
157.769 0.232687
162.147 0.235457
168.386 0.238227
171.59 0.240997
171.82 0.243767
172.151 0.246537
172.635 0.249307
176.662 0.252078
176.822 0.254848
178.254 0.257618
178.775 0.260388
185.44 0.263158
185.637 0.265928
188.818 0.268698
191.359 0.271468
197.465 0.274238
203.962 0.277008
209.816 0.279778
210.018 0.282548
213.249 0.285319
216.556 0.288089
219.553 0.290859
221.852 0.293629
233.993 0.296399
235.066 0.299169
237.492 0.301939
240.866 0.304709
243.501 0.307479
253.182 0.310249
253.566 0.313019
263.563 0.315789
264.708 0.31856
264.995 0.32133
269.441 0.3241
272.22 0.32687
273.792 0.32964
274.035 0.33241
274.737 0.33518
277.931 0.33795
279.803 0.34072
282.187 0.34349
282.616 0.34626
284.676 0.34903
290.97 0.351801
291.536 0.354571
291.863 0.357341
293.906 0.360111
307.921 0.362881
316.555 0.365651
320.14 0.368421
332.223 0.371191
338.348 0.373961
344.467 0.376731
346.527 0.379501
348.733 0.382271
363.921 0.385042
366.031 0.387812
375.342 0.390582
376.129 0.393352
376.778 0.396122
381.325 0.398892
386.838 0.401662
391.091 0.404432
396.595 0.407202
396.743 0.409972
397.253 0.412742
409.359 0.415512
410.682 0.418283
416.892 0.421053
425.564 0.423823
432.272 0.426593
444.364 0.429363
444.481 0.432133
459.179 0.434903
463.325 0.437673
468.253 0.440443
471.339 0.443213
482.252 0.445983
486.972 0.448753
503.532 0.451524
505.416 0.454294
506.375 0.457064
517.951 0.459834
518.882 0.462604
522.203 0.465374
531.607 0.468144
536.383 0.470914
540.02 0.473684
546.339 0.476454
549.381 0.479224
551.837 0.481994
554.546 0.484765
560.303 0.487535
564.917 0.490305
574.864 0.493075
575.144 0.495845
583.838 0.498615
584.093 0.501385
590.278 0.504155
598.736 0.506925
607.517 0.509695
612.032 0.512465
617.115 0.515235
617.188 0.518006
632.744 0.520776
642.056 0.523546
643.275 0.526316
649.874 0.529086
650.356 0.531856
650.508 0.534626
652.852 0.537396
661.08 0.540166
661.101 0.542936
662.475 0.545706
668.44 0.548476
669.854 0.551247
680.216 0.554017
682.124 0.556787
685.132 0.559557
691.308 0.562327
691.55 0.565097
694.224 0.567867
695.561 0.570637
695.761 0.573407
698.25 0.576177
711.692 0.578947
712.488 0.581717
718.84 0.584488
722.768 0.587258
725.052 0.590028
727.61 0.592798
734.943 0.595568
738.836 0.598338
751.08 0.601108
751.336 0.603878
755.015 0.606648
762.915 0.609418
764.531 0.612188
765.436 0.614958
776.816 0.617729
776.904 0.620499
786.163 0.623269
786.506 0.626039
788.764 0.628809
801.841 0.631579
806.133 0.634349
817.491 0.637119
821.869 0.639889
826.365 0.642659
849.886 0.645429
854.188 0.648199
861.707 0.65097
867.5 0.65374
869.655 0.65651
878.306 0.65928
880.448 0.66205
881.833 0.66482
882.767 0.66759
883.848 0.67036
887.204 0.67313
891.874 0.6759
895.778 0.67867
896.488 0.68144
898.149 0.684211
900.24 0.686981
903.858 0.689751
905.41 0.692521
910.206 0.695291
914.778 0.698061
916.494 0.700831
920.821 0.703601
926.786 0.706371
926.939 0.709141
927.901 0.711911
928.787 0.714681
929.909 0.717452
947.31 0.720222
963.627 0.722992
972.341 0.725762
980.126 0.728532
983.781 0.731302
984.877 0.734072
986.667 0.736842
999.463 0.739612
1012.93 0.742382
1027.23 0.745152
1031.96 0.747922
1033.2 0.750693
1074.23 0.753463
1077.27 0.756233
1080.18 0.759003
1106.27 0.761773
1115.27 0.764543
1117.19 0.767313
1123.59 0.770083
1124.87 0.772853
1125.24 0.775623
1127.66 0.778393
1131.72 0.781163
1132.41 0.783934
1136.13 0.786704
1140.55 0.789474
1155.48 0.792244
1155.75 0.795014
1170.98 0.797784
1180.47 0.800554
1194.5 0.803324
1204.71 0.806094
1222.29 0.808864
1230.85 0.811634
1256.92 0.814404
1262.94 0.817175
1263.25 0.819945
1282.98 0.822715
1298.37 0.825485
1322.78 0.828255
1329.09 0.831025
1349.22 0.833795
1354.74 0.836565
1387.68 0.839335
1388.21 0.842105
1394.07 0.844875
1396.9 0.847645
1399.41 0.850416
1413.15 0.853186
1413.53 0.855956
1415.85 0.858726
1448.38 0.861496
1456.98 0.864266
1457.84 0.867036
1479.83 0.869806
1494.83 0.872576
1506.25 0.875346
1511.07 0.878116
1529.29 0.880886
1534.35 0.883657
1544.16 0.886427
1549.42 0.889197
1549.73 0.891967
1558.64 0.894737
1566.49 0.897507
1568.5 0.900277
1591.15 0.903047
1605.88 0.905817
1618.06 0.908587
1619.66 0.911357
1631.24 0.914127
1667.19 0.916898
1667.2 0.919668
1679.8 0.922438
1698.17 0.925208
1716.22 0.927978
1726.27 0.930748
1731.74 0.933518
1742.74 0.936288
1751.99 0.939058
1786.08 0.941828
1804.19 0.944598
1809.7 0.947368
1837.43 0.950139
1837.58 0.952909
1864.75 0.955679
1869.16 0.958449
1870.49 0.961219
1899.81 0.963989
1915.97 0.966759
1923.87 0.969529
1930.82 0.972299
1954.52 0.975069
1965.5 0.977839
2012.07 0.980609
2067.99 0.98338
2208.04 0.98615
2252.37 0.98892
2367.15 0.99169
2733.64 0.99446
2796.99 0.99723
3087.57 1
