0.00255556 0.00277008
0.022328 0.00554017
0.0238224 0.00831025
0.0243897 0.0110803
0.030854 0.0138504
0.041032 0.0166205
0.0427632 0.0193906
0.0443752 0.0221607
0.0548373 0.0249307
0.0601515 0.0277008
0.0641409 0.0304709
0.0795363 0.033241
0.085275 0.0360111
0.0905227 0.0387812
0.113991 0.0415512
0.13311 0.0443213
0.149962 0.0470914
0.16885 0.0498615
0.172543 0.0526316
0.198806 0.0554017
0.212526 0.0581717
0.240788 0.0609418
0.259608 0.0637119
0.277743 0.066482
0.279659 0.0692521
0.281226 0.0720222
0.285868 0.0747922
0.319232 0.0775623
0.365906 0.0803324
0.378419 0.0831025
0.398137 0.0858726
0.40448 0.0886427
0.40743 0.0914127
0.415627 0.0941828
0.416889 0.0969529
0.421757 0.099723
0.436602 0.102493
0.461868 0.105263
0.47283 0.108033
0.536158 0.110803
0.611654 0.113573
0.617705 0.116343
0.647847 0.119114
0.659808 0.121884
0.661199 0.124654
0.697681 0.127424
0.707724 0.130194
0.755589 0.132964
0.763065 0.135734
0.843986 0.138504
0.856687 0.141274
0.862851 0.144044
0.879255 0.146814
0.938299 0.149584
0.954346 0.152355
0.967231 0.155125
0.981582 0.157895
0.987172 0.160665
0.994627 0.163435
1.08501 0.166205
1.10688 0.168975
1.18905 0.171745
1.21559 0.174515
1.22787 0.177285
1.29715 0.180055
1.32769 0.182825
1.32847 0.185596
1.35269 0.188366
1.43725 0.191136
1.45718 0.193906
1.48306 0.196676
1.50196 0.199446
1.52936 0.202216
1.57982 0.204986
1.6867 0.207756
1.69618 0.210526
1.70464 0.213296
1.81728 0.216066
1.8616 0.218837
1.87384 0.221607
1.9271 0.224377
1.94063 0.227147
1.98964 0.229917
2.03692 0.232687
2.03769 0.235457
2.04168 0.238227
2.09403 0.240997
2.10404 0.243767
2.32892 0.246537
2.34833 0.249307
2.35218 0.252078
2.47791 0.254848
2.51186 0.257618
2.53934 0.260388
2.59793 0.263158
2.6082 0.265928
2.67261 0.268698
2.6772 0.271468
2.71006 0.274238
2.86113 0.277008
2.9545 0.279778
2.96651 0.282548
3.02467 0.285319
3.1171 0.288089
3.21142 0.290859
3.41144 0.293629
3.53851 0.296399
3.56971 0.299169
3.57311 0.301939
3.57442 0.304709
3.66058 0.307479
3.74658 0.310249
3.83622 0.313019
3.93582 0.315789
3.96583 0.31856
3.96927 0.32133
4.0056 0.3241
4.04571 0.32687
4.13336 0.32964
4.18111 0.33241
4.20826 0.33518
4.24563 0.33795
4.26752 0.34072
4.3218 0.34349
4.3581 0.34626
4.3684 0.34903
4.38678 0.351801
4.47201 0.354571
4.48785 0.357341
4.74439 0.360111
4.90437 0.362881
5.01087 0.365651
5.17677 0.368421
5.36796 0.371191
5.40296 0.373961
5.4744 0.376731
5.63112 0.379501
5.69743 0.382271
5.70655 0.385042
5.79533 0.387812
5.90249 0.390582
5.99903 0.393352
6.01492 0.396122
6.02978 0.398892
6.10596 0.401662
6.10648 0.404432
6.18083 0.407202
6.24464 0.409972
6.31669 0.412742
6.53928 0.415512
6.5519 0.418283
6.68548 0.421053
6.7924 0.423823
6.8061 0.426593
6.8249 0.429363
7.13602 0.432133
7.21871 0.434903
7.70862 0.437673
7.721 0.440443
7.89221 0.443213
8.07085 0.445983
8.1482 0.448753
8.24353 0.451524
8.27889 0.454294
8.40734 0.457064
8.60754 0.459834
8.68555 0.462604
8.81813 0.465374
8.89106 0.468144
8.93764 0.470914
9.0105 0.473684
9.07028 0.476454
9.45639 0.479224
9.71979 0.481994
9.78188 0.484765
9.87472 0.487535
9.93789 0.490305
9.98187 0.493075
10.0827 0.495845
10.2053 0.498615
10.2101 0.501385
10.2957 0.504155
10.2994 0.506925
10.5467 0.509695
10.6098 0.512465
10.6421 0.515235
10.724 0.518006
10.864 0.520776
11.3141 0.523546
11.3602 0.526316
11.8602 0.529086
11.8653 0.531856
12.2956 0.534626
12.8898 0.537396
12.9302 0.540166
13.1993 0.542936
13.5621 0.545706
13.644 0.548476
13.7821 0.551247
14.1006 0.554017
14.1507 0.556787
14.1846 0.559557
14.2355 0.562327
14.7738 0.565097
14.8635 0.567867
15.1384 0.570637
15.3897 0.573407
15.5839 0.576177
15.6477 0.578947
15.6516 0.581717
15.8352 0.584488
15.9761 0.587258
16.029 0.590028
16.0308 0.592798
16.8957 0.595568
16.9155 0.598338
17.1604 0.601108
17.3621 0.603878
17.5317 0.606648
17.7698 0.609418
17.8671 0.612188
17.9414 0.614958
17.9817 0.617729
17.9932 0.620499
18.0898 0.623269
18.1495 0.626039
18.4502 0.628809
18.7823 0.631579
19.0159 0.634349
19.2404 0.637119
19.2651 0.639889
19.2891 0.642659
19.3079 0.645429
19.5625 0.648199
19.5747 0.65097
19.9545 0.65374
19.9959 0.65651
20.0635 0.65928
20.3274 0.66205
20.64 0.66482
20.6716 0.66759
20.7305 0.67036
20.784 0.67313
20.8617 0.6759
20.9725 0.67867
20.9851 0.68144
21.0178 0.684211
21.0388 0.686981
21.584 0.689751
21.693 0.692521
21.8676 0.695291
21.9368 0.698061
21.9422 0.700831
21.976 0.703601
22.1504 0.706371
22.3418 0.709141
22.3968 0.711911
22.8912 0.714681
22.9265 0.717452
22.9273 0.720222
23.0233 0.722992
23.0773 0.725762
23.3806 0.728532
23.5841 0.731302
23.6485 0.734072
23.6587 0.736842
23.6639 0.739612
23.7501 0.742382
24.2689 0.745152
24.4832 0.747922
24.5787 0.750693
24.7344 0.753463
25.024 0.756233
25.1562 0.759003
25.4841 0.761773
25.5968 0.764543
25.673 0.767313
25.7743 0.770083
26.2512 0.772853
26.2919 0.775623
26.3311 0.778393
26.5009 0.781163
27.1165 0.783934
27.4042 0.786704
27.5104 0.789474
27.6385 0.792244
28.2522 0.795014
28.5428 0.797784
28.8168 0.800554
29.1032 0.803324
29.1781 0.806094
29.1837 0.808864
29.2445 0.811634
29.6177 0.814404
30.4339 0.817175
30.4501 0.819945
30.6495 0.822715
30.8729 0.825485
31.2106 0.828255
31.4126 0.831025
31.6599 0.833795
31.7809 0.836565
32.113 0.839335
32.6025 0.842105
33.1161 0.844875
33.4116 0.847645
34.3805 0.850416
34.7505 0.853186
35.6542 0.855956
35.9743 0.858726
36.1875 0.861496
36.9449 0.864266
37.8237 0.867036
38.1454 0.869806
38.6871 0.872576
38.7115 0.875346
39.4625 0.878116
39.6459 0.880886
39.9032 0.883657
40.9571 0.886427
40.9838 0.889197
41.0773 0.891967
41.6323 0.894737
41.9526 0.897507
42.8501 0.900277
45.6305 0.903047
46.7944 0.905817
50.0631 0.908587
51.4966 0.911357
52.423 0.914127
54.2486 0.916898
54.5433 0.919668
54.5538 0.922438
55.6868 0.925208
56.674 0.927978
56.6877 0.930748
56.8639 0.933518
58.1922 0.936288
59.2169 0.939058
59.3457 0.941828
61.6599 0.944598
62.2109 0.947368
66.9952 0.950139
69.9383 0.952909
70.2331 0.955679
70.3128 0.958449
71.2706 0.961219
72.2365 0.963989
74.2988 0.966759
77.1593 0.969529
84.492 0.972299
87.7756 0.975069
89.7424 0.977839
94.3104 0.980609
96.1627 0.98338
103.747 0.98615
103.753 0.98892
110.865 0.99169
113.598 0.99446
150.892 0.99723
242.162 1
