.0193 0.00277008
.0393 0.00554017
.057 0.00831025
.061 0.0110803
.0677 0.0138504
.0717 0.0166205
.078 0.0193906
.094 0.0221607
.095 0.0249307
.1113 0.0277008
.11333 0.0304709
.1267 0.033241
.14967 0.0360111
.1577 0.0387812
.162 0.0415512
.1837 0.0443213
.242 0.0470914
.268 0.0498615
.269 0.0526316
.2957 0.0554017
.3553 0.0581717
.3627 0.0609418
.3683 0.0637119
.3753 0.066482
.3757 0.0692521
.3953 0.0720222
.4457 0.0747922
.5003 0.0775623
.520 0.0803324
.5213 0.0831025
.528 0.0858726
.5377 0.0886427
.5387 0.0914127
.546 0.0941828
.577 0.0969529
.5777 0.099723
.5827 0.102493
.5863 0.105263
.631 0.108033
.638 0.110803
.6413 0.113573
.657 0.116343
.668 0.119114
.706 0.121884
.729 0.124654
.730 0.127424
.771 0.130194
.778 0.132964
.7827 0.135734
.786 0.138504
.828 0.141274
.8363 0.144044
.8677 0.146814
.9237 0.149584
.932 0.152355
.941 0.155125
.9567 0.157895
.999 0.160665
1.015 0.163435
1.0283 0.166205
1.1137 0.168975
1.114 0.171745
1.1203 0.174515
1.121 0.177285
1.160 0.180055
1.163 0.182825
1.175 0.185596
1.1867 0.188366
1.224 0.191136
1.230 0.193906
1.2593 0.196676
1.293 0.199446
1.296 0.202216
1.3513 0.204986
1.4667 0.207756
1.4717 0.210526
1.532 0.213296
1.536 0.216066
1.554 0.218837
1.5583 0.221607
1.561 0.224377
1.581 0.227147
1.5873 0.229917
1.615 0.232687
1.6873 0.235457
1.7343 0.238227
1.7653 0.240997
1.772 0.243767
1.783 0.246537
1.82767 0.249307
1.8497 0.252078
1.954 0.254848
1.966 0.257618
2.0063 0.260388
2.1423 0.263158
2.1427 0.265928
2.2183 0.268698
2.2213 0.271468
2.294 0.274238
2.296 0.277008
2.3177 0.279778
2.399 0.282548
2.4237 0.285319
2.471 0.288089
2.4743 0.290859
2.4997 0.293629
2.569 0.296399
2.582 0.299169
2.590 0.301939
2.626 0.304709
2.6763 0.307479
2.775 0.310249
2.7807 0.313019
2.8903 0.315789
2.8993 0.31856
2.9097 0.32133
2.9353 0.3241
2.962 0.32687
2.9707 0.32964
3.014 0.33241
3.027 0.33518
3.113 0.33795
3.170 0.34072
3.1747 0.34349
3.181 0.34626
3.192 0.34903
3.2003 0.351801
3.2103 0.354571
3.2403 0.357341
3.2573 0.360111
3.2643 0.362881
3.2873 0.365651
3.3047 0.368421
3.4027 0.371191
3.4353 0.373961
3.6657 0.376731
3.7193 0.379501
3.7473 0.382271
3.803 0.385042
3.8747 0.387812
3.903 0.390582
3.9093 0.393352
3.914 0.396122
3.9517 0.398892
4.032 0.401662
4.1167 0.404432
4.1503 0.407202
4.344 0.409972
4.4643 0.412742
4.657 0.415512
4.7237 0.418283
4.7813 0.421053
4.7983 0.423823
4.853 0.426593
4.862 0.429363
4.8897 0.432133
4.905 0.434903
4.959 0.440443
4.959 0.440443
5.039 0.443213
5.122 0.445983
5.169 0.448753
5.242 0.451524
5.3167 0.454294
5.340 0.457064
5.3603 0.459834
5.4647 0.462604
5.600 0.465374
5.6363 0.468144
5.717 0.470914
5.915 0.473684
6.1727 0.476454
6.2093 0.479224
6.291 0.481994
6.4797 0.484765
6.581 0.487535
6.650 0.490305
6.755 0.493075
6.930 0.495845
7.019 0.498615
7.1457 0.501385
7.179 0.504155
7.2563 0.506925
7.3973 0.509695
7.4773 0.512465
7.5337 0.515235
7.564 0.518006
7.6703 0.520776
7.7377 0.523546
7.9377 0.526316
8.018 0.529086
8.2283 0.531856
8.293 0.534626
8.296 0.537396
8.498 0.540166
8.556 0.542936
8.7363 0.545706
8.9033 0.548476
8.913 0.551247
8.9277 0.554017
9.004 0.556787
9.157 0.559557
9.366 0.562327
9.434 0.565097
9.4627 0.567867
9.5203 0.570637
9.7683 0.573407
9.821 0.576177
9.852 0.578947
9.995 0.581717
10.0813 0.584488
10.120 0.587258
10.1907 0.590028
10.518 0.592798
10.6587 0.595568
10.6777 0.598338
10.692 0.601108
10.750 0.603878
11.2683 0.606648
11.356 0.609418
11.392 0.612188
11.425 0.614958
11.5737 0.617729
11.8703 0.620499
11.9427 0.623269
11.9467 0.626039
12.0373 0.628809
12.2007 0.631579
12.214 0.634349
12.6627 0.637119
12.6703 0.639889
13.000 0.642659
13.2857 0.645429
13.3993 0.648199
13.4407 0.65097
13.520 0.65374
13.645 0.65651
13.880 0.65928
13.9877 0.66205
14.134 0.66482
14.1617 0.66759
14.223 0.67036
14.2287 0.67313
14.264 0.6759
14.343 0.67867
14.8127 0.68144
15.313 0.684211
15.3323 0.686981
15.6637 0.689751
15.6993 0.692521
16.2223 0.695291
16.3727 0.698061
16.6137 0.700831
16.719 0.703601
16.770 0.706371
16.781 0.709141
16.8287 0.711911
17.058 0.714681
17.154 0.717452
17.1733 0.720222
17.4413 0.722992
17.718 0.725762
17.8453 0.728532
17.9147 0.731302
18.396 0.734072
18.4903 0.736842
18.519 0.739612
18.5577 0.742382
18.607 0.745152
18.7017 0.747922
18.8357 0.750693
19.0407 0.753463
19.073 0.756233
19.154 0.759003
19.3703 0.761773
19.551 0.764543
19.5947 0.767313
20.056 0.770083
20.0627 0.772853
20.2763 0.775623
20.2907 0.778393
20.3197 0.781163
20.4403 0.783934
20.693 0.786704
20.786 0.789474
20.7983 0.792244
20.966 0.795014
21.0227 0.797784
21.187 0.800554
21.2397 0.803324
21.3203 0.806094
21.4533 0.808864
21.4847 0.811634
21.7433 0.814404
22.0403 0.817175
22.1973 0.819945
22.4493 0.822715
22.4867 0.825485
22.6693 0.828255
22.7083 0.831025
22.7713 0.833795
22.8353 0.836565
23.0813 0.839335
23.2987 0.842105
23.324 0.844875
23.4653 0.847645
23.8333 0.850416
23.9623 0.853186
24.4537 0.855956
25.233 0.858726
26.2703 0.861496
26.647 0.864266
26.6687 0.867036
28.0937 0.869806
28.6517 0.872576
28.810 0.875346
28.9893 0.878116
29.161 0.880886
29.246 0.883657
29.4647 0.886427
29.9027 0.889197
31.010 0.891967
31.395 0.894737
31.434 0.897507
31.8167 0.900277
31.9313 0.903047
32.3893 0.905817
34.1037 0.908587
34.620 0.911357
34.7177 0.914127
36.059 0.916898
36.349 0.919668
37.730 0.922438
39.993 0.925208
41.3187 0.927978
41.785 0.930748
42.446 0.933518
42.466 0.936288
42.948 0.939058
45.076 0.941828
47.051 0.944598
50.177 0.947368
50.6077 0.950139
50.850 0.952909
52.020 0.955679
54.229 0.958449
54.340 0.961219
54.6807 0.963989
57.221 0.966759
64.628 0.969529
67.1013 0.972299
69.063 0.975069
69.3693 0.977839
70.353 0.980609
85.050 0.98338
105.652 0.98615
106.869 0.98892
118.532 0.99169
122.510 0.99446
131.536 0.99723
137.501 1
