5.3005630200 0.00277008
23.5794273800 0.00554017
23.6665688400 0.00831025
26.4063355400 0.0110803
26.6837557700 0.0138504
31.3553071200 0.0166205
36.2483022600 0.0193906
42.9792177400 0.0221607
51.1412343900 0.0249307
52.8000155100 0.0277008
56.4317396000 0.0304709
59.2740587000 0.033241
62.5732860400 0.0360111
68.2217762500 0.0387812
70.4910621600 0.0415512
71.1172754900 0.0443213
71.5177744100 0.0470914
72.1223227500 0.0498615
73.2213074700 0.0526316
73.2785520400 0.0554017
74.2443837100 0.0581717
74.7774197800 0.0609418
74.8922695300 0.0637119
74.9225228900 0.066482
74.9994018100 0.0692521
76.7125480000 0.0720222
76.8913026300 0.0747922
78.9422668400 0.0775623
80.9348967900 0.0803324
82.2076847600 0.0831025
82.2865644300 0.0858726
82.3006879100 0.0886427
82.6666976800 0.0914127
83.4827589800 0.0941828
83.7270106500 0.0969529
83.7427450200 0.099723
87.3039852100 0.102493
87.5008147700 0.105263
88.1851227400 0.108033
88.7499146800 0.110803
88.9699789000 0.113573
89.4137612300 0.116343
90.5275240700 0.119114
90.5761937500 0.121884
90.6262477300 0.124654
90.9377624100 0.127424
91.0221317400 0.130194
91.2398073700 0.132964
91.4498032000 0.135734
91.8107617500 0.138504
91.9834211200 0.141274
92.4317429600 0.144044
92.8460717000 0.146814
93.0339800900 0.149584
93.1563506900 0.152355
93.4796818500 0.155125
93.4997972000 0.157895
93.7272308900 0.160665
93.7557509500 0.163435
93.9743818100 0.166205
94.0651988100 0.168975
94.2072954600 0.171745
94.2800639000 0.174515
94.3562292800 0.177285
94.6789922500 0.180055
94.7288979200 0.182825
94.7711740500 0.185596
94.9285104200 0.188366
94.9972124200 0.191136
95.1256954400 0.193906
95.2830346700 0.196676
95.4651164000 0.199446
96.0293990800 0.202216
96.1859183300 0.204986
96.3720175500 0.207756
96.7171744800 0.210526
96.7973655000 0.213296
96.8093208500 0.216066
97.0445439300 0.218837
97.0987056400 0.221607
97.1502408300 0.224377
97.2378964300 0.227147
97.3295522800 0.229917
97.5891493500 0.232687
97.7087644800 0.235457
97.7960094500 0.238227
97.8583719900 0.240997
97.8865892400 0.243767
97.8901509800 0.246537
97.9190074800 0.249307
97.9430741900 0.252078
97.9589952800 0.254848
97.9614361000 0.257618
97.9657501500 0.260388
98.0724023100 0.263158
98.0991968900 0.265928
98.0994180100 0.268698
98.1074955100 0.271468
98.1521101400 0.274238
98.2321683400 0.277008
98.3061632900 0.279778
98.3249765300 0.282548
98.3322337900 0.285319
98.3472442700 0.288089
98.3722410700 0.290859
98.4733330000 0.293629
98.5555362500 0.296399
98.5854215500 0.299169
98.5860035100 0.301939
98.6165873900 0.304709
98.6920944700 0.307479
98.7013341800 0.310249
98.7199618200 0.313019
98.7399913500 0.315789
98.7460969100 0.31856
98.8701122100 0.32133
98.8789702300 0.3241
98.9415877900 0.32687
98.9722124400 0.32964
99.0125047400 0.33241
99.0367827100 0.33518
99.0721576700 0.33795
99.0943921900 0.34072
99.0968115300 0.34349
99.1190417400 0.34626
99.1205315600 0.34903
99.1232669400 0.351801
99.1250887800 0.354571
99.1416168100 0.357341
99.1421895000 0.360111
99.1463396700 0.362881
99.1578582100 0.365651
99.1621351800 0.368421
99.1834314700 0.371191
99.2047546000 0.373961
99.2116482700 0.376731
99.2179688000 0.379501
99.2475773000 0.382271
99.2477546700 0.385042
99.2708667800 0.387812
99.3132858600 0.390582
99.3307151600 0.393352
99.3376872900 0.396122
99.3565722000 0.398892
99.3798436500 0.401662
99.3952133300 0.404432
99.4062410800 0.407202
99.4071898300 0.409972
99.4074503000 0.412742
99.4546156100 0.415512
99.4654136600 0.418283
99.4735636400 0.421053
99.4798917100 0.423823
99.5315569900 0.426593
99.5457963500 0.429363
99.5614445100 0.432133
99.5716426500 0.434903
99.5907915600 0.437673
99.5953093800 0.440443
99.5989720000 0.443213
99.6079435200 0.445983
99.6080115200 0.448753
99.6116777800 0.451524
99.6127968000 0.454294
99.6149324200 0.457064
99.6191321600 0.459834
99.6199762600 0.462604
99.6211535500 0.465374
99.6230456000 0.468144
99.6247716600 0.470914
99.6313985800 0.473684
99.6422335700 0.476454
99.6465735700 0.479224
99.6612670900 0.481994
99.6688464900 0.484765
99.6915529200 0.487535
99.6959301300 0.490305
99.6971517900 0.493075
99.6986312400 0.495845
99.7000596700 0.498615
99.7013671900 0.501385
99.7039744200 0.504155
99.7127663100 0.506925
99.7205380500 0.509695
99.7294400100 0.512465
99.7316901500 0.515235
99.7397465800 0.518006
99.7416467400 0.520776
99.7455874400 0.523546
99.7463909600 0.526316
99.7495141400 0.529086
99.7513329500 0.531856
99.7515198300 0.534626
99.7537966700 0.537396
99.7551025500 0.540166
99.7557579700 0.542936
99.7558070500 0.545706
99.7580756900 0.548476
99.7692479800 0.551247
99.7696870700 0.554017
99.7743041600 0.556787
99.7774429900 0.559557
99.7787906100 0.562327
99.7801809300 0.565097
99.7812612600 0.567867
99.7840287200 0.570637
99.7874363600 0.573407
99.7875123600 0.576177
99.7906386500 0.578947
99.7954799200 0.581717
99.7963698400 0.584488
99.7971352400 0.587258
99.8008023300 0.590028
99.8011151900 0.592798
99.8061710500 0.595568
99.8063942100 0.598338
99.8094206800 0.601108
99.8124245800 0.603878
99.8128645200 0.606648
99.8142774000 0.609418
99.8144658400 0.612188
99.8162698300 0.614958
99.8180244800 0.617729
99.8182759200 0.620499
99.8194945800 0.623269
99.8198210800 0.626039
99.8204752600 0.628809
99.8218385300 0.631579
99.8277028000 0.634349
99.8340963800 0.637119
99.8347320200 0.639889
99.8356683600 0.642659
99.8382031500 0.645429
99.8383858400 0.648199
99.8390528400 0.65097
99.8399791700 0.65374
99.8404467300 0.65651
99.8423632900 0.65928
99.8433459000 0.66205
99.8433610800 0.66482
99.8444680100 0.66759
99.8455561000 0.67036
99.8458824800 0.67313
99.8461344100 0.6759
99.8468891800 0.67867
99.8469229000 0.68144
99.8478583200 0.684211
99.8481618300 0.686981
99.8492398900 0.689751
99.8497893400 0.692521
99.8519265300 0.695291
99.8623333700 0.698061
99.8730481400 0.700831
99.8758080100 0.703601
99.8788040300 0.706371
99.8848354300 0.709141
99.8860141100 0.711911
99.8876718400 0.714681
99.8963750800 0.717452
99.8964519900 0.720222
99.9000403000 0.722992
99.9046015000 0.725762
99.9060587400 0.728532
99.9103002200 0.731302
99.9111459800 0.734072
99.9114204200 0.736842
99.9135335300 0.739612
99.9146951800 0.742382
99.9160786200 0.745152
99.9163514200 0.747922
99.9197726800 0.750693
99.9338424200 0.753463
99.9352088000 0.756233
99.9368091800 0.759003
99.9386625000 0.761773
99.9460832300 0.764543
99.9486181700 0.767313
99.9590448000 0.770083
99.9597247500 0.772853
101.9507541800 0.775623
106.7454749100 0.778393
110.1896838700 0.781163
110.2678516400 0.783934
145.6253972800 0.786704
151.3561943100 0.789474
154.1286061600 0.792244
156.0007900200 0.795014
156.1998358700 0.797784
156.4020702900 0.800554
156.4025520000 0.803324
156.4166771000 0.806094
156.4295194400 0.808864
156.5874378200 0.811634
178.7638806800 0.814404
183.8349876500 0.817175
220.6272270100 0.819945
232.3326572000 0.822715
235.6727714900 0.825485
237.4125989300 0.828255
238.5802428300 0.831025
240.5281640900 0.833795
247.5569192300 0.836565
274.7236942200 0.839335
281.2701060400 0.842105
282.8559357200 0.844875
283.7548765700 0.847645
321.4704078600 0.850416
338.1985929700 0.853186
353.7679579500 0.855956
368.6563202200 0.858726
372.4925365500 0.861496
375.0042908100 0.864266
387.3773792300 0.867036
395.6389579900 0.869806
395.9798508100 0.872576
398.3186202500 0.875346
402.4238023200 0.878116
411.9769610300 0.880886
413.2423776200 0.883657
421.3960925000 0.886427
464.2153054400 0.889197
480.9602433100 0.891967
495.7887509900 0.894737
506.5847619200 0.897507
523.3935961500 0.900277
540.6286168300 0.903047
646.6658888800 0.905817
723.5682057600 0.908587
766.9639329400 0.911357
769.8015765100 0.914127
927.0901644900 0.916898
964.8364789600 0.919668
1011.8204757300 0.922438
1025.6549904900 0.925208
1150.0213626600 0.927978
1188.9339232500 0.930748
1195.1451030400 0.933518
1245.7747404300 0.936288
1251.7313117200 0.939058
1291.0145531200 0.941828
1570.5030595900 0.944598
1585.0965681200 0.947368
1595.0050320400 0.950139
1685.3821833700 0.952909
1777.3627453400 0.955679
1892.8459942600 0.958449
1943.3778792300 0.961219
2055.3357187900 0.963989
2336.1926876100 0.966759
2493.5739881800 0.969529
3707.1349079000 0.972299
4181.7598702000 0.975069
4418.7860771400 0.977839
4730.8222788800 0.980609
5832.1739331900 0.98338
39058.8267725000 0.98615
98102.2980718700 0.98892
121355.0888970500 0.99169
167328.8713430100 0.99446
174614.2125917000 0.99723
188190.8214500900 1
