.0011884541 0.00277008
.0028965147 0.00554017
.0040881881 0.00831025
.0045403284 0.0110803
.0051949639 0.0138504
.0065158624 0.0166205
.0067775197 0.0193906
.0070115402 0.0221607
.0070180483 0.0249307
.0085282272 0.0277008
.0085571920 0.0304709
.0096776693 0.033241
.0097269004 0.0360111
.0102012570 0.0387812
.0110187195 0.0415512
.0136137570 0.0443213
.0137640534 0.0470914
.0140578348 0.0498615
.0147257117 0.0526316
.0148503291 0.0554017
.0167854563 0.0581717
.0185476495 0.0609418
.0189860709 0.0637119
.0195601706 0.066482
.0199152308 0.0692521
.0199796442 0.0720222
.0219265489 0.0747922
.0219362295 0.0775623
.0221627470 0.0803324
.0233187927 0.0831025
.0241278970 0.0858726
.0249033662 0.0886427
.0250666000 0.0914127
.0263805575 0.0941828
.0264115000 0.0969529
.0277312586 0.099723
.0283048247 0.102493
.0284669337 0.105263
.0285668158 0.108033
.0292154100 0.110803
.0298426412 0.113573
.0308549046 0.116343
.0311785819 0.119114
.0326959578 0.121884
.0330489451 0.124654
.0331049578 0.127424
.0339213003 0.130194
.0345138731 0.132964
.0351511819 0.135734
.0362307291 0.138504
.0366740814 0.141274
.0386564083 0.144044
.0393663450 0.146814
.0403466907 0.149584
.0415496931 0.152355
.0424358117 0.155125
.0429472130 0.157895
.0449698726 0.160665
.0483512480 0.163435
.0487957789 0.166205
.0495169937 0.168975
.0526282003 0.171745
.0555049215 0.174515
.0606096780 0.177285
.0669613864 0.180055
.0672908621 0.182825
.0754931317 0.185596
.0788812210 0.188366
.0788864579 0.191136
.0824660990 0.193906
.0855818298 0.196676
.0883697223 0.199446
.0917602965 0.202216
.0931346472 0.204986
.0936485225 0.207756
.0938973428 0.210526
.0992025208 0.213296
.1099249001 0.216066
.1108637896 0.218837
.1118781572 0.221607
.1139794908 0.224377
.1143463802 0.227147
.1145771809 0.229917
.1271103378 0.232687
.1309992217 0.235457
.1371593063 0.238227
.1375400825 0.240997
.1471888519 0.243767
.1481573088 0.246537
.1483822441 0.249307
.1490699605 0.252078
.1498742732 0.254848
.1567796931 0.257618
.1653445449 0.260388
.1661187378 0.263158
.1810459735 0.265928
.2109415801 0.268698
.2153457681 0.271468
.2222459194 0.274238
.2282093866 0.277008
.2291853765 0.279778
.2378375382 0.282548
.2404780362 0.285319
.2462327842 0.288089
.2640988447 0.290859
.2688376065 0.293629
.2838778609 0.296399
.2851554385 0.299169
.2957295994 0.301939
.2965452882 0.304709
.2975599089 0.307479
.3001034196 0.310249
.3134541120 0.313019
.3162962915 0.315789
.3384996707 0.31856
.3458254200 0.32133
.3568692776 0.3241
.3602769903 0.32687
.3603244115 0.32964
.3667266877 0.33241
.3680487678 0.33518
.3824260670 0.33795
.3906721670 0.34072
.3934823637 0.34349
.3950542971 0.34626
.4042690352 0.34903
.4132297852 0.351801
.4216379491 0.354571
.4226693786 0.357341
.4270238176 0.360111
.4283537928 0.362881
.4347923856 0.365651
.4464416374 0.368421
.4520259881 0.371191
.4705571818 0.373961
.4741733469 0.376731
.4777899189 0.379501
.4789643980 0.382271
.4792030946 0.385042
.4898783455 0.387812
.5040176000 0.390582
.5293046333 0.393352
.5338089205 0.396122
.5390200037 0.398892
.5422157594 0.401662
.5494167236 0.404432
.5992228671 0.407202
.6051492488 0.409972
.6103885428 0.412742
.6185542759 0.415512
.6214228952 0.418283
.6275633807 0.421053
.6320501858 0.423823
.6402197954 0.426593
.6409422868 0.429363
.6586246683 0.432133
.6601603038 0.434903
.6634949755 0.437673
.6800739265 0.440443
.6819859184 0.443213
.6871494039 0.445983
.6908744512 0.448753
.7204028715 0.451524
.7261307056 0.454294
.7361191202 0.457064
.7682609031 0.459834
.7698286530 0.462604
.7713059789 0.465374
.7893207745 0.468144
.7898279805 0.470914
.8050497711 0.473684
.8084396908 0.476454
.8206078918 0.479224
.8213315916 0.481994
.8228915376 0.484765
.8586433612 0.487535
.8595146540 0.490305
.8716737152 0.493075
.8734543485 0.495845
.8872830509 0.498615
.8941597765 0.501385
.9167791469 0.504155
.9287878759 0.506925
.9485195958 0.509695
.9777260963 0.512465
.9788232819 0.515235
.9841455088 0.518006
.9848123113 0.520776
.9950428537 0.523546
.9992246464 0.526316
.9999860291 0.529086
1.0070908461 0.531856
1.0185844916 0.534626
1.0195091668 0.537396
1.0244276952 0.540166
1.0400175841 0.542936
1.0479786184 0.545706
1.0704062659 0.548476
1.1010331517 0.551247
1.1186393961 0.554017
1.1236098342 0.556787
1.1236429429 0.559557
1.1553125164 0.562327
1.1679354240 0.565097
1.1952545123 0.567867
1.1962843652 0.570637
1.2039786960 0.573407
1.2100323675 0.576177
1.2519259232 0.578947
1.2723131795 0.581717
1.2751946153 0.584488
1.2913199790 0.587258
1.3000271965 0.590028
1.3046705963 0.592798
1.3183516256 0.595568
1.3429306861 0.598338
1.3442586392 0.601108
1.3455984024 0.603878
1.3610871341 0.606648
1.4019073152 0.609418
1.4415513713 0.612188
1.4482685404 0.614958
1.4882380012 0.617729
1.4955256557 0.620499
1.5145739797 0.623269
1.5184878485 0.626039
1.6097094448 0.628809
1.6222010568 0.631579
1.6853311328 0.634349
1.7052855467 0.637119
1.7117508671 0.639889
1.7195857265 0.642659
1.7248073429 0.645429
1.7327043887 0.648199
1.7912507152 0.65097
1.7925705889 0.65374
1.8022805718 0.65651
1.8177114961 0.65928
1.9563823847 0.66205
1.9648778560 0.66482
1.9853043089 0.66759
2.0315438797 0.67036
2.0322151033 0.67313
2.0341745128 0.6759
2.1446562707 0.67867
2.2077851211 0.68144
2.3089563081 0.684211
2.3258522806 0.686981
2.4464408937 0.689751
2.4807334464 0.692521
2.6351990380 0.695291
2.7337362002 0.698061
2.7554314479 0.700831
2.8132091945 0.703601
2.8510105964 0.706371
3.0405783865 0.709141
3.0879724288 0.711911
3.0901416305 0.714681
3.0995943675 0.717452
3.2509472676 0.720222
3.2585000264 0.722992
3.6079369053 0.725762
4.1919896040 0.728532
4.7429647432 0.731302
4.9077892368 0.734072
5.0151200000 0.736842
5.2502192258 0.739612
5.8464800000 0.742382
6.9287040000 0.745152
7.1413714286 0.747922
8.3198133334 0.750693
8.5116000000 0.753463
8.5791657143 0.756233
8.6275200000 0.759003
9.6436400000 0.761773
9.6877485715 0.764543
9.9944000000 0.767313
10.9928533334 0.770083
11.0344533334 0.772853
11.5030560000 0.775623
11.6349066667 0.778393
11.6699520000 0.781163
11.6721165715 0.783934
12.4934000000 0.786704
12.8880480000 0.789474
13.1838560000 0.792244
13.2645400000 0.795014
13.3508613334 0.797784
13.6390970667 0.800554
13.6406666667 0.803324
13.8595200000 0.806094
14.1537200000 0.808864
14.1897120000 0.811634
14.3197066667 0.814404
14.4102800000 0.817175
15.6773600000 0.819945
15.7114752000 0.822715
15.8063200000 0.825485
16.3479600000 0.828255
16.3508000000 0.831025
16.3746224000 0.833795
16.6563200000 0.836565
16.8501800000 0.839335
17.5106133334 0.842105
18.5344054006 0.844875
19.2411466667 0.847645
19.5548000000 0.850416
20.1738133334 0.853186
20.4631378000 0.855956
20.8272533334 0.858726
21.1482000000 0.861496
21.7033600000 0.864266
21.8263733334 0.867036
24.2842000000 0.869806
24.6249600000 0.872576
24.6474213334 0.875346
24.8892497141 0.878116
24.9851200000 0.880886
28.6350000000 0.883657
30.2865200000 0.886427
30.4866400000 0.889197
32.2910800000 0.891967
32.8075200000 0.894737
34.5662800000 0.897507
35.6576452527 0.900277
35.9865200000 0.903047
36.2508800000 0.905817
37.2759520000 0.908587
37.7821800000 0.911357
37.9298120000 0.914127
38.7782160000 0.916898
38.9046480000 0.919668
42.9456800000 0.922438
43.7358160000 0.925208
45.1206905671 0.927978
46.1492720000 0.930748
47.9745075200 0.933518
49.3288000000 0.936288
49.9449600000 0.939058
56.3700800000 0.941828
56.8746000000 0.944598
57.8152320000 0.947368
63.8667200000 0.950139
64.6738400000 0.952909
68.1701600000 0.955679
68.4148800000 0.958449
74.2268000000 0.961219
75.3665120000 0.963989
75.5948400000 0.966759
77.0160880000 0.969529
77.9109520000 0.972299
80.0067680000 0.975069
80.5390560000 0.977839
81.8710717600 0.980609
88.1295938795 0.98338
90.6508800000 0.98615
108.7064000000 0.98892
114.0461600000 0.99169
115.9974400000 0.99446
117.1788000000 0.99723
119.6523760000 1
