.175 0.00277008
1.275 0.00554017
1.3008 0.00831025
1.537 0.0110803
1.688 0.0138504
2.5650 0.0166205
3.6350 0.0193906
3.9183 0.0221607
4.2312 0.0249307
4.438 0.0277008
5.775 0.0304709
6.3308 0.033241
6.6238 0.0360111
7.875 0.0387812
8.325 0.0415512
8.5763 0.0443213
9.000 0.0470914
9.3367 0.0498615
10.412 0.0526316
10.875 0.0554017
11.812 0.0581717
12.3975 0.0609418
13.200 0.0637119
13.925 0.066482
14.687 0.0692521
15.950 0.0720222
16.200 0.0747922
16.425 0.0775623
16.650 0.0803324
16.9425 0.0831025
17.1150 0.0858726
17.7075 0.0886427
18.262 0.0914127
18.9808 0.0941828
21.525 0.0969529
22.2062 0.099723
22.37475 0.102493
22.6367 0.105263
23.3150 0.108033
23.8575 0.110803
26.825 0.113573
27.7692 0.116343
28.2975 0.119114
29.1175 0.121884
29.6475 0.124654
29.987 0.127424
31.2267 0.130194
31.500 0.132964
31.9275 0.135734
32.0867 0.138504
33.500 0.141274
33.6637 0.144044
34.5350 0.146814
34.7317 0.149584
34.950 0.152355
36.300 0.155125
38.300 0.157895
39.025 0.160665
39.31637 0.163435
39.700 0.166205
39.762 0.168975
40.375 0.171745
44.7325 0.174515
45.550 0.177285
46.2867 0.180055
48.925 0.182825
48.9525 0.185596
50.750 0.188366
51.4150 0.191136
52.950 0.193906
53.1650 0.196676
53.8650 0.199446
56.7063 0.202216
57.400 0.204986
60.1738 0.207756
61.7325 0.210526
61.987 0.213296
62.987 0.216066
63.8075 0.218837
64.025 0.221607
64.425 0.224377
64.550 0.227147
64.7308 0.229917
65.650 0.232687
67.8975 0.235457
68.688 0.238227
72.5112 0.240997
72.675 0.243767
73.1762 0.246537
74.050 0.249307
74.925 0.252078
75.5137 0.254848
77.825 0.257618
79.250 0.260388
80.7367 0.263158
80.812 0.265928
82.263 0.268698
84.437 0.271468
88.6238 0.274238
89.737 0.277008
90.375 0.279778
90.525 0.282548
94.5263 0.285319
98.5812 0.288089
99.2062 0.290859
101.0362 0.293629
104.062 0.296399
104.500 0.299169
106.150 0.301939
110.000 0.304709
111.0650 0.307479
112.4517 0.310249
114.450 0.313019
115.200 0.315789
117.0925 0.31856
118.2387 0.32133
120.2867 0.3241
120.3862 0.32687
121.1850 0.32964
121.688 0.33241
126.500 0.33518
129.225 0.33795
129.3862 0.34072
133.0725 0.34349
133.725 0.34626
133.9187 0.34903
140.5237 0.351801
142.3275 0.354571
157.275 0.357341
157.7062 0.360111
158.7350 0.362881
160.7312 0.365651
162.89612 0.368421
163.100 0.371191
164.0575 0.373961
167.4112 0.376731
169.000 0.379501
171.1238 0.382271
171.150 0.385042
171.2350 0.387812
173.250 0.390582
179.9362 0.393352
181.988 0.396122
182.325 0.398892
183.9187 0.401662
185.900 0.404432
187.6442 0.407202
196.088 0.409972
202.7883 0.412742
208.300 0.415512
208.9762 0.418283
209.0742 0.421053
211.350 0.423823
219.0487 0.426593
220.225 0.429363
231.487 0.432133
232.850 0.434903
237.975 0.437673
246.0487 0.440443
246.313 0.443213
246.675 0.445983
248.6487 0.448753
250.575 0.451524
259.825 0.454294
265.9075 0.457064
267.000 0.459834
285.9975 0.462604
287.250 0.465374
289.5350 0.468144
289.800 0.470914
296.2067 0.473684
298.3725 0.476454
300.5887 0.479224
302.000 0.481994
306.2775 0.484765
309.2067 0.487535
311.2725 0.490305
315.787 0.493075
324.350 0.495845
325.000 0.498615
327.6112 0.501385
327.625 0.504155
331.4242 0.506925
332.500 0.509695
332.7892 0.512465
338.3887 0.515235
343.387 0.518006
350.950 0.520776
352.2687 0.523546
352.800 0.526316
355.7137 0.529086
356.600 0.531856
357.0112 0.534626
358.575 0.537396
358.5975 0.540166
359.063 0.542936
360.2112 0.545706
364.512 0.548476
373.4350 0.551247
375.500 0.554017
382.825 0.556787
385.3725 0.559557
387.625 0.562327
387.638 0.565097
392.925 0.567867
403.125 0.570637
405.4675 0.573407
406.950 0.576177
410.475 0.578947
426.8512 0.581717
432.750 0.584488
443.650 0.587258
450.737 0.590028
454.362 0.592798
455.712 0.595568
462.313 0.598338
464.9350 0.601108
475.2650 0.603878
508.575 0.606648
508.650 0.609418
517.325 0.612188
530.575 0.614958
588.938 0.617729
600.000 0.620499
632.5963 0.623269
645.5025 0.626039
653.550 0.628809
656.925 0.631579
693.788 0.634349
712.4350 0.637119
714.2012 0.639889
722.600 0.642659
743.250 0.645429
787.7775 0.648199
789.500 0.65097
799.7767 0.65374
803.250 0.65651
817.5812 0.65928
821.550 0.66205
824.400 0.66482
826.300 0.66759
834.1692 0.67036
839.175 0.67313
839.2737 0.6759
839.4492 0.67867
840.350 0.68144
845.775 0.684211
852.8317 0.686981
856.2112 0.689751
856.563 0.692521
857.438 0.695291
858.4725 0.698061
858.8825 0.700831
862.050 0.703601
862.1117 0.706371
867.0350 0.709141
875.4187 0.711911
879.413 0.714681
905.6517 0.717452
910.7937 0.720222
915.350 0.722992
931.6850 0.725762
935.6642 0.728532
942.0575 0.731302
944.5850 0.734072
979.8575 0.736842
1020.6525 0.739612
1031.0512 0.742382
1038.2492 0.745152
1040.000 0.747922
1043.0142 0.750693
1045.313 0.753463
1051.988 0.756233
1057.0612 0.759003
1074.100 0.761773
1074.750 0.764543
1079.5850 0.767313
1081.3567 0.770083
1085.800 0.772853
1090.8887 0.775623
1105.3850 0.778393
1115.8617 0.781163
1117.537 0.783934
1126.800 0.786704
1127.625 0.789474
1128.2512 0.792244
1134.2475 0.795014
1159.5437 0.797784
1173.7392 0.800554
1189.012 0.803324
1206.7350 0.806094
1210.7942 0.808864
1215.1850 0.811634
1223.938 0.814404
1234.987 0.817175
1250.6025 0.819945
1274.7650 0.822715
1282.300 0.825485
1285.3312 0.828255
1299.3492 0.831025
1320.650 0.833795
1322.0187 0.836565
1332.8025 0.839335
1336.275 0.842105
1342.1737 0.844875
1344.437 0.847645
1345.575 0.850416
1356.3650 0.853186
1359.1275 0.855956
1384.4775 0.858726
1394.7112 0.861496
1405.5525 0.864266
1407.625 0.867036
1411.6442 0.869806
1416.1067 0.872576
1422.3737 0.875346
1425.450 0.878116
1436.550 0.880886
1464.0150 0.883657
1470.613 0.886427
1480.4850 0.889197
1480.9275 0.891967
1483.463 0.894737
1488.2687 0.897507
1488.650 0.900277
1489.9192 0.903047
1493.925 0.905817
1519.175 0.908587
1530.463 0.911357
1531.375 0.914127
1571.500 0.916898
1621.0725 0.919668
1635.3937 0.922438
1643.8992 0.925208
1679.825 0.927978
1685.337 0.930748
1698.2025 0.933518
1728.650 0.936288
1738.125 0.939058
1746.6137 0.941828
1749.0850 0.944598
1764.3767 0.947368
1769.4975 0.950139
1801.013 0.952909
1826.2392 0.955679
1837.8975 0.958449
1840.9192 0.961219
1845.8025 0.963989
1856.6512 0.966759
1859.7850 0.969529
1861.388 0.972299
1869.0617 0.975069
1898.6850 0.977839
1899.0975 0.980609
1903.7025 0.98338
1903.9567 0.98615
1906.6062 0.98892
1934.1062 0.99169
1938.2737 0.99446
1985.663 0.99723
1990.7150 1
