0.00238339 0.00277008
0.0441058 0.00554017
0.198235 0.00831025
0.289169 0.0110803
0.410501 0.0138504
0.454263 0.0166205
0.475738 0.0193906
0.596209 0.0221607
0.714118 0.0249307
0.786634 0.0277008
0.907868 0.0304709
0.984401 0.033241
1.0576 0.0360111
1.09429 0.0387812
1.19359 0.0415512
1.45297 0.0443213
1.48365 0.0470914
1.55538 0.0498615
1.55845 0.0526316
1.55945 0.0554017
1.56016 0.0581717
1.60229 0.0609418
1.6538 0.0637119
1.6684 0.066482
1.72519 0.0692521
1.81518 0.0720222
1.82595 0.0747922
1.87917 0.0775623
2.08358 0.0803324
2.15965 0.0831025
2.21285 0.0858726
2.22215 0.0886427
2.33917 0.0914127
2.36009 0.0941828
2.45184 0.0969529
2.45595 0.099723
2.48212 0.102493
2.70565 0.105263
3.00778 0.108033
3.03434 0.110803
3.0423 0.113573
3.07627 0.116343
3.08963 0.119114
3.11724 0.121884
3.1481 0.124654
3.15636 0.127424
3.15976 0.130194
3.16014 0.132964
3.22892 0.135734
3.25071 0.138504
3.28662 0.141274
3.58704 0.144044
3.75508 0.146814
3.79485 0.149584
3.84362 0.152355
3.97224 0.155125
4.07012 0.157895
4.11916 0.160665
4.13605 0.163435
4.19337 0.166205
4.36773 0.168975
4.38711 0.171745
4.50998 0.174515
4.72279 0.177285
4.87892 0.180055
4.89467 0.182825
4.9111 0.185596
4.93135 0.188366
4.93397 0.191136
5.02798 0.193906
5.42982 0.196676
5.43646 0.199446
5.61626 0.202216
5.62001 0.204986
5.67992 0.207756
5.72524 0.210526
5.86322 0.213296
6.01591 0.216066
6.07998 0.218837
6.46368 0.221607
6.49953 0.224377
6.57746 0.227147
6.69263 0.229917
7.02857 0.232687
7.08997 0.235457
7.17004 0.238227
7.2344 0.240997
7.24632 0.243767
7.61601 0.246537
7.68255 0.249307
7.72252 0.252078
7.84785 0.254848
7.85279 0.257618
7.8625 0.260388
7.97372 0.263158
7.98318 0.265928
8.10369 0.268698
8.19376 0.271468
8.3738 0.274238
8.41107 0.277008
8.49242 0.279778
8.62992 0.282548
8.70336 0.285319
8.74926 0.288089
8.96314 0.290859
9.07344 0.293629
9.20909 0.296399
9.26915 0.299169
9.31107 0.301939
9.59187 0.304709
9.6414 0.307479
9.7456 0.310249
9.78072 0.313019
9.88427 0.315789
9.94364 0.31856
10.0196 0.32133
10.1252 0.3241
10.2445 0.32687
10.2913 0.32964
10.3239 0.33241
10.6248 0.33518
10.7823 0.33795
10.7892 0.34072
10.8249 0.34349
10.9257 0.34626
11.0641 0.34903
11.1495 0.351801
11.1592 0.354571
11.2 0.357341
11.304 0.360111
11.3633 0.362881
11.4275 0.365651
11.6516 0.368421
12.0987 0.371191
12.1005 0.373961
12.2754 0.376731
12.5047 0.379501
12.7097 0.382271
13.0111 0.385042
13.0121 0.387812
13.3107 0.390582
13.339 0.393352
13.6353 0.396122
13.6508 0.398892
13.7169 0.401662
13.8111 0.404432
13.936 0.407202
14.2866 0.409972
14.6285 0.412742
14.6345 0.415512
14.6746 0.418283
14.7265 0.421053
15.022 0.423823
15.1002 0.426593
15.1374 0.429363
15.1771 0.432133
15.2132 0.434903
15.5702 0.437673
15.662 0.440443
15.7472 0.443213
15.8182 0.445983
16.0232 0.448753
16.1943 0.451524
16.5194 0.454294
16.7656 0.457064
16.8199 0.459834
16.8791 0.462604
16.8887 0.465374
17.1558 0.468144
17.4194 0.470914
17.7055 0.473684
17.8437 0.476454
18.0712 0.479224
18.1155 0.481994
18.2038 0.484765
18.2411 0.487535
19.387 0.490305
19.5626 0.493075
19.6291 0.495845
19.6573 0.498615
19.7574 0.501385
19.79 0.504155
19.7917 0.506925
19.8038 0.509695
19.8188 0.512465
19.9208 0.515235
20.0976 0.518006
20.4286 0.520776
20.8921 0.523546
21.0748 0.526316
21.3633 0.529086
21.474 0.531856
21.5133 0.534626
21.634 0.537396
21.7822 0.540166
22.005 0.542936
22.3803 0.545706
22.4098 0.548476
22.466 0.551247
22.5959 0.554017
22.8868 0.556787
23.0187 0.559557
23.0526 0.562327
23.256 0.565097
23.259 0.567867
23.5759 0.570637
24.2888 0.573407
25.0389 0.576177
25.1847 0.578947
25.3762 0.581717
25.3769 0.584488
25.3911 0.587258
25.8004 0.590028
25.8505 0.592798
25.9207 0.595568
25.9343 0.598338
26.039 0.601108
26.326 0.603878
26.7019 0.606648
26.8901 0.609418
26.9232 0.612188
26.9671 0.614958
27.051 0.617729
27.2324 0.620499
27.4095 0.623269
27.491 0.626039
27.5116 0.628809
27.7876 0.631579
27.8786 0.634349
27.9224 0.637119
27.9404 0.639889
28.1659 0.642659
28.3803 0.645429
28.4655 0.648199
28.5639 0.65097
28.6604 0.65374
28.8586 0.65651
29.1898 0.65928
29.1981 0.66205
29.3326 0.66482
29.4506 0.66759
29.871 0.67036
29.8973 0.67313
30.0635 0.6759
30.2884 0.67867
30.3266 0.68144
30.8968 0.684211
31.2781 0.686981
31.3705 0.689751
31.426 0.692521
31.4607 0.695291
31.8938 0.698061
32.0665 0.700831
33.0318 0.703601
33.2776 0.706371
33.3816 0.709141
34.4015 0.711911
34.4907 0.714681
34.8801 0.717452
35.0217 0.720222
35.0565 0.722992
35.2951 0.725762
35.3127 0.728532
35.377 0.731302
35.7771 0.734072
37.2534 0.736842
37.3425 0.739612
38.4388 0.742382
38.9085 0.745152
39.014 0.747922
39.0165 0.750693
39.0194 0.753463
39.2718 0.756233
39.5673 0.759003
39.703 0.761773
39.8151 0.764543
39.9273 0.767313
40.2547 0.770083
40.8621 0.772853
41.0465 0.775623
41.0771 0.778393
41.2147 0.781163
41.3371 0.783934
41.408 0.786704
41.7917 0.789474
41.8801 0.792244
42.333 0.795014
42.6761 0.797784
43.4694 0.800554
43.6713 0.803324
43.8438 0.806094
44.303 0.808864
44.3034 0.811634
44.4764 0.814404
44.5294 0.817175
44.6427 0.819945
44.8964 0.822715
44.9873 0.825485
45.0594 0.828255
45.1269 0.831025
45.3586 0.833795
45.3939 0.836565
46.7674 0.839335
47.4782 0.842105
47.6917 0.844875
47.8359 0.847645
48.1872 0.850416
48.2385 0.853186
48.4392 0.855956
48.5448 0.858726
49.0484 0.861496
49.1239 0.864266
49.1307 0.867036
49.276 0.869806
49.2771 0.872576
49.674 0.875346
50.0494 0.878116
50.0836 0.880886
50.4136 0.883657
50.5996 0.886427
51.1164 0.889197
51.3407 0.891967
51.5125 0.894737
52.1968 0.897507
52.9933 0.900277
53.7426 0.903047
53.9133 0.905817
54.0498 0.908587
54.1462 0.911357
54.3084 0.914127
54.766 0.916898
55.3045 0.919668
55.4578 0.922438
55.7837 0.925208
56.5415 0.927978
56.7721 0.930748
57.3264 0.933518
57.34 0.936288
57.4219 0.939058
57.9626 0.941828
58.1983 0.944598
58.5017 0.947368
58.7682 0.950139
59.257 0.952909
60.1598 0.955679
60.2688 0.958449
60.6977 0.961219
61.3216 0.963989
62.5193 0.966759
67.215 0.969529
69.4213 0.972299
73.0445 0.975069
75.1769 0.977839
78.6627 0.980609
91.5244 0.98338
113.375 0.98615
113.616 0.98892
118.503 0.99169
126.909 0.99446
129.513 0.99723
3129.42 1
