0 0.00554017
0 0.00554017
.100 0.0166205
.100 0.0166205
.100 0.0166205
.100 0.0166205
.200 0.0221607
.200 0.0221607
.300 0.0304709
.300 0.0304709
.300 0.0304709
.400 0.0387812
.400 0.0387812
.400 0.0387812
.500 0.0554017
.500 0.0554017
.500 0.0554017
.500 0.0554017
.500 0.0554017
.500 0.0554017
.600 0.066482
.600 0.066482
.600 0.066482
.600 0.066482
.700 0.0803324
.700 0.0803324
.700 0.0803324
.700 0.0803324
.700 0.0803324
.800 0.0831025
.900 0.0886427
.900 0.0886427
1.000 0.0914127
1.200 0.108033
1.200 0.108033
1.200 0.108033
1.200 0.108033
1.200 0.108033
1.200 0.108033
1.300 0.113573
1.300 0.113573
1.400 0.127424
1.400 0.127424
1.400 0.127424
1.400 0.127424
1.400 0.127424
1.500 0.132964
1.500 0.132964
1.600 0.141274
1.600 0.141274
1.600 0.141274
1.700 0.146814
1.700 0.146814
1.800 0.149584
1.900 0.157895
1.900 0.157895
1.900 0.157895
2.000 0.168975
2.000 0.168975
2.000 0.168975
2.000 0.168975
2.100 0.171745
2.300 0.182825
2.300 0.182825
2.300 0.182825
2.300 0.182825
2.400 0.188366
2.400 0.188366
2.500 0.193906
2.500 0.193906
2.600 0.196676
2.700 0.204986
2.700 0.204986
2.700 0.204986
2.800 0.213296
2.800 0.213296
2.800 0.213296
2.900 0.218837
2.900 0.218837
3.000 0.224377
3.000 0.224377
3.100 0.227147
3.200 0.229917
3.300 0.232687
3.400 0.235457
3.500 0.238227
3.600 0.246537
3.600 0.246537
3.600 0.246537
3.700 0.257618
3.700 0.257618
3.700 0.257618
3.700 0.257618
3.800 0.263158
3.800 0.263158
3.900 0.268698
3.900 0.268698
4.000 0.271468
4.100 0.277008
4.100 0.277008
4.300 0.282548
4.300 0.282548
4.400 0.285319
4.500 0.290859
4.500 0.290859
4.600 0.296399
4.600 0.296399
4.800 0.299169
4.900 0.304709
4.900 0.304709
5.100 0.307479
5.200 0.310249
5.400 0.313019
5.500 0.315789
5.600 0.31856
5.700 0.32133
5.900 0.32687
5.900 0.32687
6.200 0.32964
6.300 0.33518
6.300 0.33518
6.800 0.33795
7.000 0.34626
7.000 0.34626
7.000 0.34626
7.200 0.34903
7.600 0.354571
7.600 0.354571
7.700 0.357341
7.800 0.360111
7.900 0.365651
7.900 0.365651
8.100 0.368421
8.200 0.371191
8.300 0.376731
8.300 0.376731
8.500 0.379501
8.700 0.385042
8.700 0.385042
8.900 0.387812
9.100 0.390582
9.200 0.396122
9.200 0.396122
9.500 0.401662
9.500 0.401662
9.600 0.409972
9.600 0.409972
9.600 0.409972
9.700 0.412742
10.000 0.415512
10.200 0.421053
10.200 0.421053
10.400 0.434903
10.400 0.434903
10.400 0.434903
10.400 0.434903
10.400 0.434903
10.600 0.437673
10.700 0.443213
10.700 0.443213
11.000 0.445983
11.600 0.448753
11.700 0.451524
11.800 0.454294
11.900 0.457064
12.200 0.462604
12.200 0.462604
12.300 0.465374
12.400 0.470914
12.400 0.470914
12.700 0.473684
12.800 0.479224
12.800 0.479224
13.100 0.481994
13.400 0.484765
13.500 0.487535
13.700 0.490305
14.000 0.493075
14.400 0.495845
14.600 0.498615
14.700 0.501385
14.900 0.504155
15.100 0.506925
15.200 0.509695
15.400 0.512465
15.500 0.515235
16.000 0.518006
16.400 0.520776
17.000 0.523546
17.100 0.526316
17.500 0.529086
17.600 0.531856
18.200 0.534626
18.800 0.540166
18.800 0.540166
18.900 0.545706
18.900 0.545706
19.000 0.551247
19.000 0.551247
19.400 0.556787
19.400 0.556787
19.500 0.559557
19.800 0.562327
20.100 0.567867
20.100 0.567867
20.500 0.570637
21.500 0.573407
21.700 0.576177
21.900 0.578947
22.200 0.581717
22.300 0.584488
23.000 0.587258
23.100 0.590028
23.300 0.595568
23.300 0.595568
23.500 0.598338
23.700 0.601108
24.000 0.603878
24.100 0.606648
25.700 0.609418
26.000 0.612188
26.100 0.614958
26.600 0.620499
26.600 0.620499
27.300 0.623269
27.400 0.626039
28.100 0.628809
28.600 0.631579
28.900 0.637119
28.900 0.637119
30.900 0.639889
32.400 0.642659
33.300 0.645429
33.500 0.648199
33.600 0.65097
33.900 0.65374
34.000 0.65928
34.000 0.65928
34.100 0.66482
34.100 0.66482
34.300 0.66759
34.800 0.67036
35.300 0.67313
35.500 0.6759
36.400 0.67867
37.300 0.68144
37.500 0.686981
37.500 0.686981
38.100 0.689751
38.400 0.692521
38.700 0.695291
38.800 0.698061
38.900 0.703601
38.900 0.703601
39.200 0.706371
39.400 0.709141
39.500 0.714681
39.500 0.714681
40.000 0.717452
40.100 0.725762
40.100 0.725762
40.100 0.725762
40.200 0.728532
40.300 0.734072
40.300 0.734072
40.600 0.736842
41.200 0.739612
42.200 0.742382
42.600 0.745152
42.700 0.747922
42.900 0.750693
43.000 0.753463
43.100 0.756233
43.300 0.761773
43.300 0.761773
43.400 0.764543
43.700 0.767313
44.000 0.775623
44.000 0.775623
44.000 0.775623
44.400 0.778393
44.500 0.781163
44.600 0.783934
44.800 0.789474
44.800 0.789474
44.900 0.792244
45.000 0.795014
45.100 0.797784
45.300 0.800554
45.500 0.803324
45.800 0.806094
45.900 0.808864
46.100 0.811634
46.300 0.814404
46.400 0.817175
46.500 0.819945
46.700 0.822715
46.800 0.825485
47.300 0.828255
47.400 0.831025
47.600 0.833795
47.800 0.836565
47.900 0.839335
48.200 0.842105
48.400 0.844875
48.900 0.847645
49.200 0.850416
49.500 0.855956
49.500 0.855956
49.600 0.858726
49.700 0.864266
49.700 0.864266
49.800 0.867036
49.900 0.869806
50.100 0.872576
50.300 0.878116
50.300 0.878116
50.500 0.880886
50.600 0.889197
50.600 0.889197
50.600 0.889197
51.400 0.891967
52.000 0.900277
52.000 0.900277
52.000 0.900277
52.600 0.903047
52.800 0.905817
53.500 0.908587
54.100 0.911357
54.200 0.914127
54.500 0.916898
55.500 0.919668
55.600 0.922438
55.800 0.925208
56.000 0.927978
56.100 0.930748
56.700 0.933518
57.200 0.936288
57.400 0.939058
57.500 0.941828
57.600 0.947368
57.600 0.947368
57.800 0.950139
58.300 0.952909
58.800 0.955679
59.400 0.958449
59.900 0.961219
60.100 0.963989
60.200 0.966759
60.600 0.969529
61.000 0.972299
61.500 0.975069
61.800 0.977839
62.300 0.980609
62.700 0.98338
62.800 0.98615
62.900 0.99169
62.900 0.99169
63.500 0.99446
66.200 0.99723
75.400 1
