.500 0.00277008
3.300 0.00554017
4.500 0.00831025
5.200 0.0110803
5.600 0.0138504
5.800 0.0166205
6.000 0.0193906
6.200 0.0221607
6.300 0.0249307
7.800 0.0277008
8.000 0.0304709
8.100 0.033241
8.200 0.0360111
8.400 0.0387812
8.800 0.0415512
9.700 0.0470914
9.700 0.0470914
9.800 0.0526316
9.800 0.0526316
10.100 0.0554017
10.200 0.0581717
10.500 0.0609418
10.600 0.0637119
10.900 0.0692521
10.900 0.0692521
11.300 0.0720222
11.400 0.0747922
11.600 0.0775623
12.000 0.0803324
12.200 0.0831025
12.800 0.0858726
13.000 0.0886427
13.100 0.0914127
13.500 0.0941828
13.800 0.0969529
14.100 0.099723
15.000 0.105263
15.000 0.105263
15.100 0.108033
15.400 0.110803
16.400 0.116343
16.400 0.116343
16.600 0.119114
16.700 0.127424
16.700 0.127424
16.700 0.127424
17.000 0.130194
17.400 0.132964
17.700 0.141274
17.700 0.141274
17.700 0.141274
18.000 0.144044
18.300 0.146814
18.900 0.149584
19.100 0.152355
19.300 0.157895
19.300 0.157895
19.400 0.160665
19.500 0.163435
20.200 0.166205
20.400 0.168975
21.500 0.171745
21.900 0.174515
22.400 0.177285
22.600 0.180055
22.700 0.182825
22.800 0.185596
23.400 0.188366
24.200 0.191136
24.300 0.193906
24.400 0.199446
24.400 0.199446
24.700 0.204986
24.700 0.204986
24.800 0.207756
24.900 0.210526
26.400 0.213296
26.500 0.216066
27.200 0.218837
27.400 0.221607
28.200 0.224377
28.600 0.227147
29.000 0.229917
29.300 0.232687
29.800 0.235457
30.500 0.238227
31.300 0.240997
32.000 0.243767
32.600 0.246537
33.200 0.249307
33.300 0.252078
33.400 0.254848
34.300 0.257618
34.400 0.260388
34.500 0.263158
34.600 0.265928
35.500 0.268698
35.600 0.271468
36.100 0.274238
36.400 0.277008
37.300 0.279778
38.000 0.282548
38.400 0.285319
38.500 0.288089
38.700 0.290859
39.500 0.293629
39.900 0.296399
40.700 0.299169
41.000 0.301939
41.100 0.304709
41.500 0.307479
41.600 0.310249
42.000 0.313019
42.500 0.315789
42.700 0.31856
42.800 0.3241
42.800 0.3241
42.900 0.32687
43.000 0.32964
43.200 0.33241
43.400 0.33518
43.900 0.33795
44.200 0.34072
44.500 0.34349
45.700 0.34626
46.200 0.34903
46.400 0.354571
46.400 0.354571
46.600 0.357341
46.900 0.360111
47.000 0.362881
47.100 0.365651
47.300 0.368421
48.100 0.371191
48.300 0.373961
48.400 0.376731
48.500 0.379501
48.700 0.382271
49.300 0.385042
50.600 0.387812
50.800 0.390582
51.000 0.396122
51.000 0.396122
51.300 0.401662
51.300 0.401662
52.000 0.404432
52.100 0.407202
52.200 0.409972
52.300 0.412742
52.600 0.415512
52.700 0.418283
53.000 0.421053
53.200 0.423823
53.500 0.426593
53.900 0.429363
54.100 0.432133
54.500 0.434903
54.700 0.437673
54.900 0.440443
55.100 0.443213
55.500 0.445983
55.600 0.448753
55.700 0.451524
55.800 0.457064
55.800 0.457064
56.100 0.459834
56.200 0.462604
56.500 0.468144
56.500 0.468144
56.700 0.470914
57.200 0.473684
57.500 0.476454
58.000 0.479224
58.100 0.481994
58.300 0.487535
58.300 0.487535
58.400 0.490305
59.600 0.495845
59.600 0.495845
59.900 0.498615
60.100 0.501385
60.300 0.504155
60.400 0.506925
60.600 0.515235
60.600 0.515235
60.600 0.515235
60.700 0.520776
60.700 0.520776
60.900 0.523546
61.200 0.526316
61.400 0.529086
61.500 0.531856
61.600 0.534626
61.700 0.537396
62.100 0.540166
62.300 0.542936
62.400 0.545706
63.200 0.548476
63.500 0.551247
63.600 0.554017
63.800 0.556787
64.400 0.559557
65.000 0.562327
65.100 0.567867
65.100 0.567867
65.200 0.570637
65.500 0.573407
65.600 0.576177
65.700 0.581717
65.700 0.581717
65.800 0.584488
65.900 0.587258
66.000 0.601108
66.000 0.601108
66.000 0.601108
66.000 0.601108
66.000 0.601108
66.100 0.603878
66.200 0.609418
66.200 0.609418
66.300 0.612188
66.400 0.626039
66.400 0.626039
66.400 0.626039
66.400 0.626039
66.400 0.626039
66.500 0.645429
66.500 0.645429
66.500 0.645429
66.500 0.645429
66.500 0.645429
66.500 0.645429
66.500 0.645429
66.600 0.67036
66.600 0.67036
66.600 0.67036
66.600 0.67036
66.600 0.67036
66.600 0.67036
66.600 0.67036
66.600 0.67036
66.600 0.67036
66.700 0.68144
66.700 0.68144
66.700 0.68144
66.700 0.68144
66.800 0.703601
66.800 0.703601
66.800 0.703601
66.800 0.703601
66.800 0.703601
66.800 0.703601
66.800 0.703601
66.800 0.703601
66.900 0.722992
66.900 0.722992
66.900 0.722992
66.900 0.722992
66.900 0.722992
66.900 0.722992
66.900 0.722992
67.000 0.742382
67.000 0.742382
67.000 0.742382
67.000 0.742382
67.000 0.742382
67.000 0.742382
67.000 0.742382
67.100 0.750693
67.100 0.750693
67.100 0.750693
67.200 0.761773
67.200 0.761773
67.200 0.761773
67.200 0.761773
67.300 0.778393
67.300 0.778393
67.300 0.778393
67.300 0.778393
67.300 0.778393
67.300 0.778393
67.400 0.795014
67.400 0.795014
67.400 0.795014
67.400 0.795014
67.400 0.795014
67.400 0.795014
67.500 0.811634
67.500 0.811634
67.500 0.811634
67.500 0.811634
67.500 0.811634
67.500 0.811634
67.600 0.814404
67.700 0.819945
67.700 0.819945
67.800 0.828255
67.800 0.828255
67.800 0.828255
67.900 0.842105
67.900 0.842105
67.900 0.842105
67.900 0.842105
67.900 0.842105
68.000 0.847645
68.000 0.847645
68.100 0.850416
68.200 0.853186
68.300 0.861496
68.300 0.861496
68.300 0.861496
68.400 0.864266
68.500 0.869806
68.500 0.869806
69.000 0.878116
69.000 0.878116
69.000 0.878116
69.200 0.880886
69.300 0.883657
69.600 0.886427
69.700 0.889197
69.800 0.897507
69.800 0.897507
69.800 0.897507
69.900 0.900277
70.000 0.908587
70.000 0.908587
70.000 0.908587
70.100 0.922438
70.100 0.922438
70.100 0.922438
70.100 0.922438
70.100 0.922438
70.200 0.925208
70.300 0.927978
70.500 0.930748
70.700 0.933518
70.900 0.941828
70.900 0.941828
70.900 0.941828
71.100 0.947368
71.100 0.947368
71.400 0.950139
71.500 0.952909
71.800 0.955679
72.300 0.958449
72.700 0.961219
73.300 0.963989
73.400 0.966759
74.800 0.972299
74.800 0.972299
76.300 0.975069
76.800 0.977839
76.900 0.980609
77.800 0.98338
77.900 0.99169
77.900 0.99169
77.900 0.99169
78.000 0.99723
78.000 0.99723
79.500 1
