0.0112319 0.00277008
0.0313617 0.00554017
0.0801924 0.00831025
0.129566 0.0110803
0.130799 0.0138504
0.14926 0.0166205
0.194483 0.0193906
0.197147 0.0221607
0.204379 0.0249307
0.246267 0.0277008
0.289175 0.0304709
0.302941 0.033241
0.324607 0.0360111
0.377501 0.0387812
0.559015 0.0415512
0.596235 0.0443213
0.604602 0.0470914
0.62672 0.0498615
0.709125 0.0526316
0.725126 0.0554017
0.742798 0.0581717
0.844647 0.0609418
0.860517 0.0637119
0.861329 0.066482
0.943152 0.0692521
0.986259 0.0720222
1.0852 0.0747922
1.18029 0.0775623
1.22356 0.0803324
1.23082 0.0831025
1.24569 0.0858726
1.31963 0.0886427
1.32928 0.0914127
1.38424 0.0941828
1.39838 0.0969529
1.4269 0.099723
1.61047 0.102493
1.64622 0.105263
1.67519 0.108033
1.74445 0.110803
1.88375 0.113573
1.89877 0.116343
1.96824 0.119114
2.06854 0.121884
2.07833 0.124654
2.18001 0.127424
2.21216 0.130194
2.22088 0.132964
2.22713 0.135734
2.27255 0.138504
2.32131 0.141274
2.3253 0.144044
2.63387 0.146814
2.6417 0.149584
2.68931 0.152355
2.70112 0.155125
2.80345 0.157895
2.81221 0.160665
2.86961 0.163435
2.88358 0.166205
3.01368 0.168975
3.11792 0.171745
3.18592 0.174515
3.20543 0.177285
3.28434 0.180055
3.35197 0.182825
3.37867 0.185596
3.39699 0.188366
3.42762 0.191136
3.48612 0.193906
3.493 0.196676
3.75665 0.199446
3.83807 0.202216
3.92003 0.204986
3.92052 0.207756
4.04521 0.210526
4.25298 0.213296
4.45961 0.216066
4.46868 0.218837
4.70129 0.221607
4.73032 0.224377
4.88892 0.227147
4.91153 0.229917
5.23354 0.232687
5.29689 0.235457
5.33629 0.238227
5.43057 0.240997
5.55951 0.243767
5.93413 0.246537
5.99824 0.249307
6.03929 0.252078
6.16093 0.254848
6.22782 0.257618
6.33711 0.260388
6.4885 0.263158
6.49439 0.265928
6.52969 0.268698
6.68412 0.271468
6.68946 0.274238
6.77231 0.277008
6.90827 0.279778
6.92828 0.282548
6.94665 0.285319
6.99007 0.288089
7.12365 0.290859
7.16117 0.293629
7.18351 0.296399
7.57665 0.299169
7.77415 0.301939
8.04073 0.304709
8.24396 0.307479
8.26979 0.310249
8.5819 0.313019
8.78192 0.315789
8.79077 0.31856
8.84303 0.32133
8.89779 0.3241
9.06292 0.32687
9.06936 0.32964
9.21671 0.33241
9.23383 0.33518
9.30292 0.33795
9.34482 0.34072
9.54171 0.34349
9.63575 0.34626
9.6472 0.34903
10.0115 0.351801
10.103 0.354571
10.2775 0.357341
10.5851 0.360111
10.6607 0.362881
10.8584 0.365651
11.2568 0.368421
11.2986 0.371191
11.5352 0.373961
11.7262 0.376731
11.7409 0.379501
12.3371 0.382271
12.3691 0.385042
12.4507 0.387812
13.0491 0.390582
13.0711 0.393352
13.1746 0.396122
13.2524 0.398892
13.3285 0.401662
13.497 0.404432
13.698 0.407202
14.0313 0.409972
14.1888 0.412742
14.2846 0.415512
14.4928 0.418283
14.4972 0.421053
14.5033 0.423823
14.5062 0.426593
14.6288 0.429363
14.725 0.432133
14.9427 0.434903
15.0441 0.437673
15.3015 0.440443
15.6228 0.443213
15.7107 0.445983
15.8685 0.448753
16.1903 0.451524
16.9824 0.454294
17.0213 0.457064
17.1994 0.459834
17.2017 0.462604
17.4759 0.465374
17.7444 0.468144
17.9206 0.470914
17.9845 0.473684
18.1822 0.476454
18.2481 0.479224
18.2762 0.481994
18.4544 0.484765
18.5811 0.487535
18.9002 0.490305
19.0237 0.493075
19.4227 0.495845
19.4819 0.498615
19.5682 0.501385
19.8331 0.504155
19.9739 0.506925
19.9885 0.509695
20.0281 0.512465
20.0815 0.515235
20.1482 0.518006
20.2924 0.520776
20.4645 0.523546
20.5379 0.526316
20.7497 0.529086
20.8962 0.531856
20.9186 0.534626
20.9549 0.537396
21.1114 0.540166
21.4818 0.542936
21.6677 0.545706
22.2107 0.548476
22.3031 0.551247
22.3419 0.554017
22.3823 0.556787
22.4848 0.559557
22.6044 0.562327
22.7512 0.565097
23.1787 0.567867
23.6759 0.570637
23.9619 0.573407
24.0541 0.576177
24.3169 0.578947
24.6483 0.581717
25.4765 0.584488
25.6997 0.587258
26.2728 0.590028
26.4243 0.592798
26.4309 0.595568
26.7547 0.598338
27.32 0.601108
28.0781 0.603878
28.3266 0.606648
28.7479 0.609418
29.1249 0.612188
29.323 0.614958
29.3354 0.617729
29.9434 0.620499
29.9608 0.623269
30.0587 0.626039
31.1885 0.628809
32.29 0.631579
32.7088 0.634349
33.1904 0.637119
33.4071 0.639889
33.7944 0.642659
34.0057 0.645429
34.111 0.648199
34.4336 0.65097
34.7435 0.65374
35.091 0.65651
35.2064 0.65928
35.2671 0.66205
36.0279 0.66482
36.0741 0.66759
36.7927 0.67036
36.9397 0.67313
37.3424 0.6759
38.2058 0.67867
38.2437 0.68144
38.4015 0.684211
39.1175 0.686981
39.7049 0.689751
39.7491 0.692521
39.7891 0.695291
39.9639 0.698061
40.6748 0.700831
40.7326 0.703601
40.7796 0.706371
40.8441 0.709141
40.8516 0.711911
41.1436 0.714681
41.2457 0.717452
41.2653 0.720222
41.3606 0.722992
41.426 0.725762
41.9185 0.728532
41.9469 0.731302
43.3389 0.734072
43.4263 0.736842
43.6867 0.739612
43.9738 0.742382
44.0071 0.745152
44.0699 0.747922
44.2589 0.750693
44.2642 0.753463
44.6879 0.756233
44.9142 0.759003
45.0252 0.761773
45.0452 0.764543
45.0464 0.767313
45.0618 0.770083
45.3121 0.772853
45.4883 0.775623
45.5215 0.778393
45.7586 0.781163
45.7772 0.783934
45.9912 0.786704
46.0347 0.789474
46.0561 0.792244
46.2946 0.795014
47.0008 0.797784
47.0393 0.800554
47.0659 0.803324
47.1629 0.806094
47.3046 0.808864
47.306 0.811634
47.399 0.814404
47.6189 0.817175
48.2995 0.819945
48.7306 0.822715
49.0542 0.825485
49.0843 0.828255
49.1149 0.831025
49.3705 0.833795
49.4485 0.836565
49.9081 0.839335
49.9158 0.842105
50.0769 0.844875
50.1685 0.847645
50.5225 0.850416
50.609 0.853186
50.673 0.855956
50.8304 0.858726
50.9265 0.861496
51.0631 0.864266
51.1528 0.867036
51.287 0.869806
51.2884 0.872576
51.4304 0.875346
51.5753 0.878116
51.6021 0.880886
52.7387 0.883657
52.8877 0.886427
53.2671 0.889197
53.6636 0.891967
54.1443 0.894737
54.2785 0.897507
54.5536 0.900277
55.298 0.903047
56.1168 0.905817
56.5885 0.908587
56.6181 0.911357
56.692 0.914127
56.8965 0.916898
57.2018 0.919668
57.4407 0.922438
57.5913 0.925208
58.1602 0.927978
58.238 0.930748
58.5328 0.933518
58.6221 0.936288
58.817 0.939058
58.8447 0.941828
59.2421 0.944598
59.8875 0.947368
60.406 0.950139
60.8599 0.952909
61.0915 0.955679
61.1453 0.958449
61.5902 0.961219
61.9488 0.963989
62.2673 0.966759
62.7463 0.969529
63.2421 0.972299
63.6369 0.975069
63.7354 0.977839
63.7987 0.980609
63.8422 0.98338
64.1898 0.98615
64.4553 0.98892
67.1881 0.99169
73.0545 0.99446
85.352 0.99723
97.1145 1
