.0000456332 0.00277008
.0029908715 0.00554017
.0038459803 0.00831025
.0047390562 0.0110803
.0050913764 0.0138504
.0052124954 0.0166205
.0068362515 0.0193906
.0069192251 0.0221607
.0077085607 0.0249307
.0078837021 0.0277008
.0087237764 0.0304709
.0088005048 0.033241
.0088408101 0.0360111
.0109017631 0.0387812
.0113943978 0.0415512
.0113988874 0.0443213
.0125381573 0.0470914
.0131975662 0.0498615
.0142750474 0.0526316
.0152858179 0.0554017
.0155985629 0.0581717
.0178923913 0.0609418
.0181716519 0.0637119
.0189608335 0.066482
.0193802372 0.0692521
.0209019490 0.0720222
.0209593791 0.0747922
.0221626686 0.0775623
.0223897372 0.0803324
.0224741333 0.0831025
.0228509757 0.0858726
.0232218497 0.0886427
.0232589966 0.0914127
.0238140056 0.0941828
.0243469430 0.0969529
.0264100581 0.099723
.0264570653 0.102493
.0265244584 0.105263
.0280452547 0.108033
.0284772503 0.110803
.0285296483 0.113573
.0285433610 0.116343
.0286027170 0.119114
.0295888822 0.121884
.0307185579 0.124654
.0309349394 0.127424
.0313248138 0.130194
.0314370556 0.132964
.0329182663 0.135734
.0338496437 0.138504
.0343822845 0.141274
.0349952241 0.144044
.0353092848 0.146814
.0376076704 0.149584
.0385261914 0.152355
.0388775677 0.155125
.0393279518 0.157895
.0400619647 0.160665
.0410728008 0.163435
.0411484999 0.166205
.0431329269 0.168975
.0449617174 0.171745
.0465842848 0.174515
.0487444431 0.177285
.0491578380 0.180055
.0494112539 0.182825
.0523114525 0.185596
.0564317930 0.188366
.0608881580 0.191136
.0674139456 0.193906
.0695313905 0.196676
.0760458619 0.199446
.0762819380 0.202216
.0789638421 0.204986
.0824795374 0.207756
.0856764684 0.210526
.0877632139 0.213296
.0919429877 0.216066
.0921468247 0.218837
.0921528067 0.221607
.0941733094 0.224377
.0995352962 0.227147
.1117875580 0.229917
.1124434564 0.232687
.1127955883 0.235457
.1147966394 0.238227
.1178093725 0.240997
.1273385604 0.243767
.1325729120 0.246537
.1382961281 0.249307
.1383620689 0.252078
.1481193265 0.254848
.1483278100 0.257618
.1484095068 0.260388
.1491143061 0.263158
.1493050250 0.265928
.1559717312 0.268698
.1645591342 0.271468
.1659865967 0.274238
.1803254157 0.277008
.2127212457 0.279778
.2143033402 0.282548
.2226294778 0.285319
.2294706564 0.288089
.2296595815 0.290859
.2380981011 0.293629
.2398061420 0.296399
.2450440747 0.299169
.2643938939 0.301939
.2707207460 0.304709
.2843621214 0.307479
.2847817678 0.310249
.2964999054 0.313019
.2969192858 0.315789
.2999431902 0.31856
.3008697309 0.32133
.3047344923 0.3241
.3145303337 0.32687
.3160887964 0.32964
.3378979683 0.33241
.3461885714 0.33518
.3535455800 0.33795
.3588791142 0.34072
.3602747553 0.34349
.3642541209 0.34626
.3681786219 0.34903
.3816260510 0.351801
.3894201099 0.354571
.3951682828 0.357341
.4033422256 0.360111
.4139083422 0.362881
.4224882869 0.365651
.4235053743 0.368421
.4274007462 0.371191
.4299111505 0.373961
.4354016426 0.376731
.4465802250 0.379501
.4558204242 0.382271
.4684312540 0.385042
.4765660341 0.387812
.4795704225 0.390582
.4805673923 0.393352
.4808447747 0.396122
.4902554335 0.398892
.5053631360 0.401662
.5282530645 0.404432
.5334873694 0.407202
.5400205735 0.409972
.5488789406 0.412742
.5709853343 0.415512
.5987893921 0.418283
.6052901676 0.421053
.6111074698 0.423823
.6188921222 0.426593
.6196669985 0.429363
.6261414317 0.432133
.6299810767 0.434903
.6344202624 0.437673
.6397178240 0.440443
.6400493372 0.443213
.6574075296 0.445983
.6605789579 0.448753
.6638276526 0.451524
.6794766710 0.454294
.6829934688 0.457064
.6877263747 0.459834
.6907607118 0.462604
.7210235370 0.465374
.7350180826 0.468144
.7670503556 0.470914
.7692266446 0.473684
.7798118226 0.476454
.7897060712 0.479224
.7899008484 0.481994
.8053516483 0.484765
.8088406462 0.487535
.8195593076 0.490305
.8217120453 0.493075
.8218042673 0.495845
.8585931525 0.498615
.8598324080 0.501385
.8715750309 0.504155
.8745101252 0.506925
.8892662624 0.509695
.8957177114 0.512465
.9178077836 0.515235
.9298815735 0.518006
.9399445712 0.520776
.9441210962 0.523546
.9484039930 0.526316
.9767756669 0.529086
.9787844222 0.531856
.9853899552 0.534626
.9861456245 0.537396
.9954459138 0.540166
.9977727897 0.542936
1.0009377204 0.545706
1.0055862317 0.548476
1.0186922672 0.551247
1.0212395302 0.554017
1.0276585606 0.556787
1.0826922271 0.559557
1.0999380000 0.562327
1.1207826568 0.565097
1.1239281480 0.567867
1.1248933360 0.570637
1.1536270022 0.573407
1.1673456000 0.576177
1.1948005280 0.578947
1.1965639942 0.581717
1.2058287240 0.584488
1.2104544521 0.587258
1.2511273280 0.590028
1.2721308010 0.592798
1.2752050257 0.595568
1.2932194744 0.598338
1.2988716493 0.601108
1.3027800028 0.603878
1.3221332432 0.606648
1.3440848930 0.609418
1.3531814639 0.612188
1.3622409681 0.614958
1.3694934043 0.617729
1.3932603674 0.620499
1.4074153703 0.623269
1.4435812752 0.626039
1.4474544386 0.628809
1.4888375983 0.631579
1.4948012412 0.634349
1.5158333174 0.637119
1.5182682428 0.639889
1.6020320465 0.642659
1.6111629956 0.645429
1.6235555302 0.648199
1.6300223568 0.65097
1.6861472793 0.65374
1.7046315930 0.65651
1.7114501259 0.65928
1.7203873020 0.66205
1.7223623586 0.66482
1.7522813835 0.66759
1.7895392835 0.67036
1.7931993140 0.67313
1.8028709385 0.6759
1.8153411008 0.67867
1.8179786280 0.68144
1.8923063286 0.684211
1.8991441603 0.686981
1.9409287000 0.689751
1.9635609736 0.692521
1.9858789422 0.695291
2.0126327198 0.698061
2.0341698366 0.700831
2.0361466380 0.703601
2.0462241915 0.706371
2.0669986770 0.709141
2.1433475149 0.711911
2.1456951966 0.714681
2.1757992239 0.717452
2.1840403930 0.720222
2.2088667085 0.722992
2.3276629297 0.725762
2.3540841902 0.728532
2.4298294099 0.731302
2.4796125400 0.734072
2.6143762192 0.736842
2.6363789318 0.739612
2.6545501851 0.742382
2.6580261934 0.745152
2.7358089851 0.747922
2.7734353954 0.750693
2.8042643170 0.753463
2.8509973745 0.756233
3.0400899958 0.759003
3.0904605973 0.761773
3.1005115951 0.764543
3.1207112002 0.767313
3.1361975706 0.770083
3.1704770189 0.772853
3.1970507877 0.775623
3.2513036852 0.778393
3.4461760103 0.781163
3.4884245351 0.783934
3.5903266621 0.786704
3.6165596734 0.789474
3.6765419695 0.792244
4.1282004486 0.795014
4.1924399565 0.797784
4.2496026272 0.800554
4.3235497217 0.803324
4.4968753258 0.806094
4.7016892007 0.808864
4.7412078623 0.811634
4.7488662160 0.814404
4.9073916381 0.817175
5.0151200000 0.819945
5.0668338187 0.822715
5.5161482455 0.825485
5.5465885871 0.828255
5.8464800000 0.831025
6.5423965891 0.833795
6.9287040000 0.836565
6.9447860596 0.839335
7.1413714286 0.842105
8.3198133334 0.844875
8.5116000000 0.847645
8.6275200000 0.850416
9.3880957207 0.853186
9.6436400000 0.855956
9.9855011942 0.858726
9.9944000000 0.861496
11.5030560000 0.864266
11.6349066667 0.867036
11.6699520000 0.869806
12.4934000000 0.872576
13.2645400000 0.875346
13.6406666667 0.878116
13.8595200000 0.880886
14.1537200000 0.883657
14.3197066667 0.886427
14.4102800000 0.889197
15.1576519246 0.891967
15.6773600000 0.894737
16.6563200000 0.897507
16.8501800000 0.900277
18.5657363559 0.903047
19.2411466667 0.905817
19.5548000000 0.908587
20.8272533334 0.911357
21.1482000000 0.914127
21.8263733334 0.916898
21.8594066570 0.919668
24.2842000000 0.922438
24.6249600000 0.925208
24.9851200000 0.927978
28.6350000000 0.930748
30.2865200000 0.933518
30.4866400000 0.936288
32.2910800000 0.939058
32.8075200000 0.941828
36.9135915828 0.944598
42.9456800000 0.947368
46.1492720000 0.950139
49.3288000000 0.952909
49.9449600000 0.955679
56.3700800000 0.958449
56.8746000000 0.961219
63.8667200000 0.963989
64.6738400000 0.966759
68.1701600000 0.969529
68.4148800000 0.972299
74.2268000000 0.975069
75.5948400000 0.977839
77.0160880000 0.980609
77.9109520000 0.98338
80.5390560000 0.98615
90.6508800000 0.98892
108.7064000000 0.99169
114.0461600000 0.99446
115.9974400000 0.99723
119.6523760000 1
