0.0137489 0.00277008
0.0410204 0.00554017
0.0598965 0.00831025
0.0980806 0.0110803
0.104784 0.0138504
0.123305 0.0166205
0.126521 0.0193906
0.126796 0.0221607
0.126944 0.0249307
0.13011 0.0277008
0.137872 0.0304709
0.228511 0.033241
0.232326 0.0360111
0.237564 0.0387812
0.24431 0.0415512
0.246064 0.0443213
0.322446 0.0470914
0.355682 0.0498615
0.370207 0.0526316
0.394712 0.0554017
0.40448 0.0581717
0.423767 0.0609418
0.438834 0.0637119
0.486079 0.066482
0.489281 0.0692521
0.509769 0.0720222
0.560773 0.0747922
0.579126 0.0775623
0.585557 0.0803324
0.593312 0.0831025
0.653274 0.0858726
0.740503 0.0886427
0.780727 0.0914127
0.794785 0.0941828
0.79755 0.0969529
0.892634 0.099723
0.961736 0.102493
1.00486 0.105263
1.0198 0.108033
1.05802 0.110803
1.07282 0.113573
1.09257 0.116343
1.19478 0.119114
1.20143 0.121884
1.20978 0.124654
1.24558 0.127424
1.43304 0.130194
1.46517 0.132964
1.48735 0.135734
1.4916 0.138504
1.57982 0.141274
1.6867 0.144044
1.69618 0.146814
1.72024 0.149584
1.84896 0.152355
1.8616 0.155125
1.90656 0.157895
1.92208 0.160665
1.94146 0.163435
1.95747 0.166205
1.98638 0.168975
1.99644 0.171745
2.03902 0.174515
2.07912 0.177285
2.14349 0.180055
2.14841 0.182825
2.2356 0.185596
2.2704 0.188366
2.28319 0.191136
2.28526 0.193906
2.34746 0.196676
2.45245 0.199446
2.47791 0.202216
2.56214 0.204986
2.5959 0.207756
2.61184 0.210526
2.6208 0.213296
2.65359 0.216066
2.67629 0.218837
2.68426 0.221607
2.68836 0.224377
2.86698 0.227147
2.95694 0.229917
2.99379 0.232687
3.02414 0.235457
3.02467 0.238227
3.04965 0.240997
3.10892 0.243767
3.14703 0.246537
3.16307 0.249307
3.2312 0.252078
3.233 0.254848
3.2771 0.257618
3.34401 0.260388
3.34449 0.263158
3.39343 0.265928
3.42135 0.268698
3.45286 0.271468
3.51728 0.274238
3.53851 0.277008
3.56971 0.279778
3.8503 0.282548
3.91015 0.285319
4.08816 0.288089
4.13336 0.290859
4.13751 0.293629
4.25284 0.296399
4.29367 0.299169
4.29737 0.301939
4.34545 0.304709
4.3581 0.307479
4.41392 0.310249
4.4236 0.313019
4.81663 0.315789
4.90437 0.31856
4.97037 0.32133
5.07298 0.3241
5.12754 0.32687
5.31995 0.32964
5.45502 0.33241
5.4744 0.33518
5.53895 0.33795
5.59481 0.34072
5.87205 0.34349
6.10596 0.34626
6.16861 0.34903
6.29696 0.351801
6.32215 0.354571
6.43849 0.357341
6.53928 0.360111
6.68548 0.362881
7.09018 0.365651
7.13602 0.368421
7.21899 0.371191
7.22787 0.373961
7.30103 0.376731
7.42958 0.379501
7.57236 0.382271
7.61258 0.385042
7.7136 0.387812
7.91653 0.390582
7.92087 0.393352
7.95509 0.396122
8.1482 0.398892
8.24337 0.401662
8.29798 0.404432
8.31373 0.407202
8.60754 0.409972
8.65332 0.412742
8.76405 0.415512
8.81582 0.418283
8.8945 0.421053
8.93764 0.423823
9.07028 0.426593
9.13005 0.429363
9.18184 0.432133
9.24688 0.434903
9.3825 0.437673
9.49845 0.440443
9.78643 0.443213
9.79015 0.445983
9.79814 0.448753
9.80853 0.451524
9.90456 0.454294
10.0329 0.457064
10.0477 0.459834
10.0827 0.462604
10.1649 0.465374
10.2101 0.468144
10.363 0.470914
10.6179 0.473684
10.6421 0.476454
10.6893 0.479224
10.7453 0.481994
11.1051 0.484765
11.3092 0.487535
11.4138 0.490305
11.6815 0.493075
11.8074 0.495845
11.9779 0.498615
11.9972 0.501385
12.0021 0.504155
12.2919 0.506925
12.5666 0.509695
12.6486 0.512465
12.693 0.515235
12.7517 0.518006
12.8416 0.520776
13.1526 0.523546
13.1761 0.526316
13.431 0.529086
13.543 0.531856
13.8344 0.534626
13.9033 0.537396
13.9243 0.540166
13.9832 0.542936
14.0941 0.545706
14.1278 0.548476
14.2554 0.551247
14.4138 0.554017
14.6069 0.556787
14.6834 0.559557
14.7677 0.562327
14.778 0.565097
14.9388 0.567867
15.049 0.570637
15.1339 0.573407
15.4017 0.576177
15.6438 0.578947
15.8352 0.581717
16.029 0.584488
16.0308 0.587258
16.3223 0.590028
16.4349 0.592798
16.7873 0.595568
16.9921 0.598338
17.0547 0.601108
17.2539 0.603878
17.2614 0.606648
17.3182 0.609418
17.3621 0.612188
17.3976 0.614958
17.3988 0.617729
17.5088 0.620499
17.6794 0.623269
17.9561 0.626039
17.991 0.628809
17.9932 0.631579
17.9962 0.634349
18.2311 0.637119
18.6056 0.639889
18.8301 0.642659
18.8325 0.645429
19.0093 0.648199
19.3638 0.65097
19.83 0.65374
20.0135 0.65651
20.0248 0.65928
20.1078 0.66205
20.2714 0.66482
20.6716 0.66759
20.7195 0.67036
20.784 0.67313
20.8304 0.6759
20.9717 0.67867
21.0822 0.68144
21.109 0.684211
21.3352 0.686981
21.4395 0.689751
21.8246 0.692521
21.8433 0.695291
21.9219 0.698061
21.9353 0.700831
22.093 0.703601
22.3105 0.706371
22.3564 0.709141
22.382 0.711911
22.5149 0.714681
22.6832 0.717452
22.8131 0.720222
22.8912 0.722992
22.9234 0.725762
22.9571 0.728532
23.0862 0.731302
23.138 0.734072
23.6764 0.736842
23.749 0.739612
23.7682 0.742382
23.8051 0.745152
23.9174 0.747922
23.934 0.750693
24.0763 0.753463
24.1571 0.756233
24.1929 0.759003
24.7621 0.761773
25.0293 0.764543
25.2566 0.767313
25.4022 0.770083
25.4578 0.772853
25.673 0.775623
26.2266 0.778393
26.5371 0.781163
26.6813 0.783934
27.1165 0.786704
27.4256 0.789474
27.6385 0.792244
27.864 0.795014
28.5428 0.797784
29.1682 0.800554
29.1781 0.803324
29.2173 0.806094
29.227 0.808864
29.4386 0.811634
29.8196 0.814404
29.911 0.817175
30.1856 0.819945
30.3738 0.822715
31.1067 0.825485
31.3425 0.828255
33.0053 0.831025
33.6893 0.833795
33.7239 0.836565
34.4545 0.839335
34.6359 0.842105
35.3478 0.844875
35.5919 0.847645
36.113 0.850416
36.2323 0.853186
37.8237 0.855956
38.2476 0.858726
39.2485 0.861496
40.0578 0.864266
40.0762 0.867036
40.6966 0.869806
40.9571 0.872576
41.6947 0.875346
41.7178 0.878116
42.8501 0.880886
43.304 0.883657
43.4938 0.886427
43.6312 0.889197
43.6344 0.891967
44.873 0.894737
44.9802 0.897507
49.0584 0.900277
50.9705 0.903047
51.9588 0.905817
53.8906 0.908587
54.1385 0.911357
54.2486 0.914127
54.3459 0.916898
54.5538 0.919668
56.6877 0.922438
57.9479 0.925208
59.2169 0.927978
60.0342 0.930748
61.6599 0.933518
63.2261 0.936288
64.7452 0.939058
66.6493 0.941828
66.9952 0.944598
68.0386 0.947368
69.3625 0.950139
70.3128 0.952909
72.7765 0.955679
74.2988 0.958449
77.1593 0.961219
84.492 0.963989
98.5822 0.966759
103.747 0.969529
105.821 0.972299
110.865 0.975069
113.598 0.977839
116.065 0.980609
118.137 0.98338
150.892 0.98615
173.18 0.98892
176.657 0.99169
185.659 0.99446
219.372 0.99723
242.162 1
