0.000304343 0.00277008
0.0274808 0.00554017
0.031866 0.00831025
0.0804672 0.0110803
0.0822325 0.0138504
0.0887236 0.0166205
0.119266 0.0193906
0.120709 0.0221607
0.134572 0.0249307
0.147663 0.0277008
0.151181 0.0304709
0.202743 0.033241
0.230939 0.0360111
0.23242 0.0387812
0.246117 0.0415512
0.250608 0.0443213
0.34144 0.0470914
0.363554 0.0498615
0.390636 0.0526316
0.391428 0.0554017
0.421029 0.0581717
0.455741 0.0609418
0.491799 0.0637119
0.501909 0.066482
0.547803 0.0692521
0.56765 0.0720222
0.569331 0.0747922
0.576139 0.0775623
0.600213 0.0803324
0.667961 0.0831025
0.730291 0.0858726
0.740225 0.0886427
0.747183 0.0914127
0.758057 0.0941828
0.765845 0.0969529
0.88382 0.099723
0.899925 0.102493
0.93072 0.105263
0.979186 0.108033
0.995768 0.110803
1.02965 0.113573
1.07935 0.116343
1.10804 0.119114
1.2106 0.121884
1.22389 0.124654
1.22933 0.127424
1.23542 0.130194
1.45398 0.132964
1.46914 0.135734
1.48424 0.138504
1.49554 0.141274
1.73284 0.144044
1.85374 0.146814
1.89427 0.149584
1.89903 0.152355
1.92751 0.155125
1.97368 0.157895
1.97903 0.160665
2.00892 0.163435
2.12523 0.166205
2.15134 0.168975
2.25752 0.171745
2.2688 0.174515
2.2699 0.177285
2.27823 0.180055
2.31112 0.182825
2.35473 0.185596
2.47952 0.188366
2.54959 0.191136
2.57195 0.193906
2.6 0.196676
2.6004 0.199446
2.60678 0.202216
2.61478 0.204986
2.65414 0.207756
2.67122 0.210526
2.67894 0.213296
2.69057 0.216066
2.71235 0.218837
2.72229 0.221607
2.73333 0.224377
2.80867 0.227147
2.88755 0.229917
2.93795 0.232687
2.99575 0.235457
3.01922 0.238227
3.04145 0.240997
3.14116 0.243767
3.14556 0.246537
3.18498 0.249307
3.19422 0.252078
3.22163 0.254848
3.24398 0.257618
3.29803 0.260388
3.30523 0.263158
3.32577 0.265928
3.38858 0.268698
3.40105 0.271468
3.41716 0.274238
3.43092 0.277008
3.43812 0.279778
3.48815 0.282548
3.50269 0.285319
3.82947 0.288089
3.94743 0.290859
4.06908 0.293629
4.12959 0.296399
4.15455 0.299169
4.24269 0.301939
4.26 0.304709
4.2709 0.307479
4.2921 0.310249
4.31854 0.313019
4.38684 0.315789
4.47318 0.31856
4.47413 0.32133
4.50618 0.3241
4.64482 0.32687
4.71536 0.32964
4.78859 0.33241
4.82813 0.33518
4.84705 0.33795
5.10543 0.34072
5.35762 0.34349
5.46744 0.34626
5.53148 0.34903
5.61219 0.351801
5.61791 0.354571
5.63865 0.357341
5.70198 0.360111
5.87636 0.362881
5.8993 0.365651
6.17394 0.368421
6.20317 0.371191
6.25491 0.373961
6.30135 0.376731
6.30272 0.379501
6.32412 0.382271
6.39171 0.385042
6.50548 0.387812
6.55574 0.390582
6.8152 0.393352
7.13632 0.396122
7.1914 0.398892
7.22377 0.401662
7.22433 0.404432
7.3039 0.407202
7.40965 0.409972
7.45633 0.412742
7.60279 0.415512
7.62116 0.418283
7.70317 0.421053
7.88957 0.423823
7.91107 0.426593
7.94271 0.429363
7.95472 0.432133
8.26991 0.434903
8.28229 0.437673
8.30287 0.440443
8.63174 0.443213
8.67733 0.445983
8.84222 0.448753
8.86942 0.451524
9.1289 0.454294
9.14349 0.457064
9.15596 0.459834
9.24154 0.462604
9.28156 0.465374
9.34994 0.468144
9.36236 0.470914
9.77003 0.473684
9.79107 0.476454
9.81784 0.479224
9.82052 0.481994
9.84262 0.484765
9.89752 0.487535
9.90719 0.490305
9.94393 0.493075
10.0197 0.495845
10.1133 0.498615
10.1145 0.501385
10.1222 0.504155
10.3507 0.506925
10.3745 0.509695
10.5041 0.512465
10.6049 0.515235
11.0831 0.518006
11.2752 0.520776
11.277 0.523546
11.3292 0.526316
11.4097 0.529086
11.6072 0.531856
11.6555 0.534626
11.7819 0.537396
11.7844 0.540166
11.8725 0.542936
11.9216 0.545706
11.9568 0.548476
11.9569 0.551247
12.0148 0.554017
12.0259 0.556787
12.2703 0.559557
12.3262 0.562327
12.5315 0.565097
12.6678 0.567867
12.7311 0.570637
12.8126 0.573407
13.3215 0.576177
13.3636 0.578947
13.425 0.581717
13.6721 0.584488
13.8435 0.587258
13.8524 0.590028
13.999 0.592798
14.0489 0.595568
14.0926 0.598338
14.2384 0.601108
14.359 0.603878
14.396 0.606648
14.6574 0.609418
14.6775 0.612188
14.6973 0.614958
14.7454 0.617729
14.9248 0.620499
14.9853 0.623269
15.0056 0.626039
15.0104 0.628809
15.287 0.631579
15.4492 0.634349
16.3058 0.637119
16.357 0.639889
16.8598 0.642659
16.9702 0.645429
16.9738 0.648199
17.0322 0.65097
17.2375 0.65374
17.3071 0.65651
17.3889 0.65928
17.5021 0.66205
17.6648 0.66482
17.9825 0.66759
17.986 0.67036
18.1996 0.67313
18.595 0.6759
18.6184 0.67867
18.6718 0.68144
18.8207 0.684211
18.8464 0.686981
18.9992 0.689751
19.1326 0.692521
19.3489 0.695291
19.5778 0.698061
19.7993 0.700831
19.9934 0.703601
20.0109 0.706371
20.0907 0.709141
20.17 0.711911
20.2483 0.714681
20.2601 0.717452
20.7041 0.720222
20.9935 0.722992
21.0658 0.725762
21.0707 0.728532
21.0947 0.731302
21.2529 0.734072
21.3315 0.736842
21.414 0.739612
21.7974 0.742382
21.804 0.745152
21.8767 0.747922
21.8858 0.750693
22.0023 0.753463
22.2708 0.756233
22.3317 0.759003
22.4016 0.761773
22.4653 0.764543
22.4669 0.767313
22.8103 0.770083
22.8253 0.772853
22.9294 0.775623
22.9668 0.778393
23.0644 0.781163
23.1017 0.783934
23.6631 0.786704
23.7198 0.789474
23.7363 0.792244
23.7841 0.795014
23.8916 0.797784
24.0244 0.800554
24.1441 0.803324
24.7539 0.806094
24.8281 0.808864
24.9735 0.811634
25.2323 0.814404
25.2509 0.817175
25.3731 0.819945
25.3937 0.822715
26.6512 0.825485
26.6894 0.828255
27.3662 0.831025
27.3738 0.833795
27.8518 0.836565
29.1593 0.839335
29.1762 0.842105
29.2233 0.844875
29.3103 0.847645
29.65 0.850416
29.8067 0.853186
29.904 0.855956
30.1714 0.858726
30.3179 0.861496
31.0993 0.864266
31.3333 0.867036
32.8118 0.869806
33.6626 0.872576
33.6704 0.875346
35.5602 0.878116
36.2206 0.880886
39.0699 0.883657
39.2344 0.886427
40.9629 0.889197
41.3645 0.891967
41.6728 0.894737
41.8552 0.897507
43.2772 0.900277
43.4441 0.903047
43.6837 0.905817
44.0963 0.908587
44.8111 0.911357
44.9263 0.914127
47.4993 0.916898
47.6455 0.919668
49.1724 0.922438
50.5822 0.925208
50.7728 0.927978
51.8866 0.930748
53.3772 0.933518
53.7665 0.936288
54.1024 0.939058
54.3254 0.941828
57.8245 0.944598
59.8495 0.947368
61.136 0.950139
63.6631 0.952909
63.7361 0.955679
66.6428 0.958449
68.031 0.961219
68.9721 0.963989
69.3406 0.966759
75.814 0.969529
79.4901 0.972299
86.0534 0.975069
102.592 0.977839
103.739 0.980609
104.811 0.98338
105.468 0.98615
117.442 0.98892
119.282 0.99169
130.582 0.99446
137.452 0.99723
1235.44 1
