.002 0.00277008
.017 0.00554017
.0347 0.00831025
.041 0.0110803
.045 0.0138504
.0513 0.0166205
.0627 0.0193906
.0677 0.0221607
.071 0.0249307
.0727 0.0277008
.0757 0.0304709
.077 0.033241
.1013 0.0360111
.105 0.0387812
.1067 0.0415512
.111 0.0443213
.119 0.0470914
.135 0.0498615
.144 0.0526316
.1653 0.0554017
.174 0.0581717
.222 0.0609418
.2287 0.0637119
.246 0.066482
.2587 0.0692521
.29833 0.0720222
.3037 0.0747922
.3423 0.0775623
.3553 0.0803324
.3667 0.0831025
.3773 0.0858726
.3953 0.0886427
.4257 0.0914127
.4443 0.0941828
.44933 0.0969529
.4663 0.099723
.487 0.102493
.528 0.105263
.5557 0.108033
.638 0.110803
.6527 0.113573
.657 0.116343
.670 0.119114
.6777 0.121884
.6877 0.124654
.6907 0.127424
.699 0.130194
.706 0.132964
.7083 0.135734
.726 0.138504
.794 0.141274
.8287 0.144044
.8327 0.146814
.8363 0.149584
.840 0.152355
.8977 0.155125
.9053 0.157895
.9073 0.160665
.9227 0.163435
.9543 0.166205
.969 0.168975
.999 0.171745
1.015 0.174515
1.0283 0.177285
1.0357 0.180055
1.0633 0.182825
1.073 0.185596
1.0773 0.188366
1.099 0.191136
1.114 0.193906
1.1547 0.196676
1.1647 0.199446
1.175 0.202216
1.205 0.204986
1.2343 0.207756
1.293 0.210526
1.296 0.213296
1.3513 0.216066
1.3747 0.218837
1.4787 0.221607
1.532 0.224377
1.536 0.227147
1.561 0.229917
1.5773 0.232687
1.5873 0.235457
1.615 0.238227
1.7743 0.240997
1.783 0.243767
1.7893 0.246537
1.822 0.249307
1.86167 0.252078
1.8977 0.254848
1.9557 0.257618
1.956 0.260388
2.0137 0.263158
2.090 0.265928
2.123 0.268698
2.1427 0.271468
2.200 0.274238
2.2213 0.277008
2.296 0.279778
2.3633 0.282548
2.399 0.285319
2.4237 0.288089
2.4693 0.290859
2.5207 0.293629
2.5233 0.296399
2.5523 0.299169
2.5717 0.301939
2.582 0.304709
2.626 0.307479
2.775 0.310249
2.818 0.313019
2.8417 0.315789
2.9427 0.31856
2.962 0.32133
2.9987 0.3241
3.0023 0.32687
3.052 0.32964
3.113 0.33241
3.170 0.33518
3.1747 0.33795
3.181 0.34072
3.2103 0.34349
3.245 0.34626
3.341 0.34903
3.4247 0.351801
3.4353 0.354571
3.621 0.357341
3.718 0.360111
3.7473 0.362881
3.7877 0.365651
3.8033 0.368421
3.8133 0.371191
3.8673 0.373961
3.914 0.376731
3.941 0.379501
3.9783 0.382271
4.032 0.385042
4.0653 0.387812
4.0837 0.390582
4.1167 0.393352
4.1503 0.396122
4.4643 0.398892
4.657 0.401662
4.6837 0.404432
4.7393 0.407202
4.7813 0.409972
4.7983 0.412742
4.853 0.415512
4.862 0.418283
4.8783 0.421053
4.9473 0.423823
4.959 0.426593
5.039 0.429363
5.122 0.432133
5.1383 0.434903
5.154 0.437673
5.169 0.440443
5.229 0.443213
5.242 0.445983
5.340 0.448753
5.4077 0.451524
5.5727 0.454294
5.5753 0.457064
5.6363 0.459834
5.745 0.462604
5.7907 0.465374
5.8413 0.468144
6.008 0.470914
6.291 0.473684
6.487 0.476454
6.5613 0.479224
6.5623 0.481994
6.581 0.484765
6.650 0.487535
6.755 0.490305
6.781 0.493075
6.930 0.495845
7.019 0.498615
7.179 0.501385
7.4687 0.504155
7.660 0.506925
7.728 0.509695
7.929 0.512465
8.1623 0.515235
8.332 0.518006
8.6067 0.520776
8.714 0.523546
8.7363 0.526316
9.1403 0.529086
9.157 0.531856
9.2987 0.534626
9.423 0.537396
9.5053 0.540166
9.519 0.542936
9.5203 0.545706
9.5917 0.548476
9.5937 0.551247
9.600 0.554017
9.604 0.556787
9.8527 0.559557
9.910 0.562327
10.120 0.565097
10.5037 0.567867
10.6363 0.570637
10.6933 0.573407
10.750 0.576177
10.946 0.578947
10.992 0.581717
11.4463 0.584488
11.8657 0.587258
12.4673 0.590028
12.7527 0.592798
13.000 0.595568
13.048 0.598338
13.0813 0.601108
13.3467 0.603878
13.520 0.606648
13.6087 0.609418
13.6453 0.612188
13.705 0.614958
13.719 0.617729
14.0067 0.620499
14.2487 0.623269
14.264 0.626039
14.330 0.628809
14.343 0.631579
14.5727 0.634349
14.8497 0.637119
15.035 0.639889
15.1233 0.642659
15.313 0.645429
15.365 0.648199
16.2187 0.65097
16.2557 0.65374
16.278 0.65651
16.526 0.65928
16.6747 0.66205
16.807 0.66482
17.241 0.66759
17.3017 0.67036
17.3407 0.67313
17.362 0.6759
17.491 0.67867
17.618 0.68144
17.746 0.684211
17.7707 0.686981
18.1217 0.689751
18.307 0.692521
18.4597 0.695291
18.519 0.698061
18.5527 0.700831
18.6337 0.703601
18.7407 0.706371
18.8917 0.709141
19.261 0.711911
19.3727 0.714681
19.734 0.717452
19.7457 0.720222
19.919 0.722992
19.9613 0.725762
20.1643 0.728532
20.346 0.731302
20.5653 0.734072
20.693 0.736842
20.786 0.739612
20.8713 0.742382
21.1523 0.745152
21.273 0.747922
21.3607 0.750693
21.420 0.753463
21.482 0.756233
21.5917 0.759003
21.6143 0.761773
21.716 0.764543
22.1077 0.767313
22.1517 0.770083
22.522 0.772853
22.5863 0.775623
22.6427 0.778393
22.6577 0.781163
22.8323 0.783934
23.5933 0.786704
23.8123 0.789474
23.8387 0.792244
24.1347 0.795014
24.1507 0.797784
24.160 0.800554
24.3037 0.803324
24.5053 0.806094
24.6107 0.808864
25.263 0.811634
25.3213 0.814404
25.3827 0.817175
25.4953 0.819945
26.1663 0.822715
26.277 0.825485
27.1273 0.828255
27.4947 0.831025
27.810 0.833795
27.8137 0.836565
27.875 0.839335
28.1883 0.842105
29.161 0.844875
29.2803 0.847645
29.4547 0.850416
29.6097 0.853186
29.773 0.855956
30.0867 0.858726
30.4633 0.861496
30.5057 0.864266
30.9457 0.867036
31.010 0.869806
31.011 0.872576
31.2997 0.875346
31.430 0.878116
31.434 0.880886
31.580 0.883657
31.707 0.886427
32.933 0.889197
33.831 0.891967
34.3553 0.894737
34.620 0.897507
34.9817 0.900277
35.7913 0.903047
36.059 0.905817
36.349 0.908587
36.457 0.911357
36.985 0.914127
37.1923 0.916898
37.1957 0.919668
37.6823 0.922438
37.9737 0.925208
39.1943 0.927978
39.559 0.930748
39.8143 0.933518
42.446 0.936288
43.8373 0.939058
45.072 0.941828
48.027 0.944598
49.5107 0.947368
50.6077 0.950139
51.292 0.952909
52.951 0.955679
53.451 0.958449
53.823 0.961219
57.018 0.963989
57.462 0.966759
57.808 0.969529
65.724 0.972299
67.134 0.975069
67.193 0.977839
69.146 0.980609
70.353 0.98338
83.200 0.98615
84.159 0.98892
89.403 0.99169
97.915 0.99446
105.652 0.99723
122.510 1
