.0038660133 0.00277008
.0045006400 0.00554017
.0065334400 0.00831025
.0066552480 0.0110803
.0070948800 0.0138504
.0080311800 0.0166205
.0086712266 0.0193906
.0090344600 0.0221607
.0093776000 0.0249307
.0100570560 0.0277008
.0103164000 0.0304709
.0112686800 0.033241
.0121394000 0.0360111
.0122591733 0.0387812
.0133906666 0.0415512
.0139029333 0.0443213
.0143788571 0.0470914
.0154587428 0.0498615
.0160392000 0.0526316
.0161445714 0.0554017
.0168622000 0.0581717
.0191832000 0.0609418
.0192456400 0.0637119
.0204774000 0.066482
.0213782857 0.0692521
.0214894666 0.0720222
.0223917333 0.0747922
.0226761600 0.0775623
.0230500800 0.0803324
.0242764000 0.0831025
.0243368000 0.0858726
.0247526400 0.0886427
.0249721333 0.0914127
.0254401142 0.0941828
.0254924800 0.0969529
.0267672000 0.099723
.0282537333 0.102493
.0287433600 0.105263
.0292612800 0.108033
.0298834285 0.110803
.0300260800 0.113573
.0303985142 0.116343
.0311284800 0.119114
.0312324800 0.121884
.0317254857 0.124654
.0321281142 0.127424
.0324798000 0.130194
.0326744000 0.132964
.0333294857 0.135734
.0336043428 0.138504
.0342005714 0.141274
.0353205333 0.144044
.0365782666 0.146814
.0368913333 0.149584
.0378828000 0.152355
.0391972800 0.155125
.0400748000 0.157895
.0407216000 0.160665
.0416816000 0.163435
.0432676800 0.166205
.0440333333 0.168975
.0460244000 0.171745
.0487012000 0.174515
.0489282400 0.177285
.0508756000 0.180055
.0519716000 0.182825
.0534808000 0.185596
.0551282000 0.188366
.0571634000 0.191136
.0612390857 0.193906
.0689256000 0.196676
.0710352000 0.199446
.0770641333 0.202216
.0773718857 0.204986
.0793566857 0.207756
.0835589714 0.210526
.0858853714 0.213296
.0918738666 0.216066
.0928089333 0.218837
.0940635200 0.221607
.0944588000 0.224377
.0953530666 0.227147
.0999908000 0.229917
.1130428000 0.232687
.1134828000 0.235457
.1149885714 0.238227
.1169233600 0.240997
.1235528000 0.243767
.1281292800 0.246537
.1331668571 0.249307
.1390994285 0.252078
.1394856000 0.254848
.1494156000 0.257618
.1497382857 0.260388
.1502800000 0.263158
.1511611428 0.265928
.1517868000 0.268698
.1579680000 0.271468
.1689144000 0.274238
.1689810000 0.277008
.1817497142 0.279778
.2150106666 0.282548
.2214628000 0.285319
.2237826666 0.288089
.2302893333 0.290859
.2314144000 0.293629
.2387333333 0.296399
.2436421333 0.299169
.2467725714 0.301939
.2651840000 0.304709
.2709565714 0.307479
.2849520000 0.310249
.2870768000 0.313019
.2972946666 0.315789
.3003904000 0.31856
.3040720000 0.32133
.3075172000 0.3241
.3155440000 0.32687
.3168651428 0.32964
.3394180000 0.33241
.3463714285 0.33518
.3595748000 0.33795
.3617424000 0.34072
.3622133333 0.34349
.3686840000 0.34626
.3701612000 0.34903
.3833984000 0.351801
.3920000000 0.354571
.3969626666 0.357341
.4078560000 0.360111
.4142413333 0.362881
.4230388571 0.365651
.4264000000 0.368421
.4286528000 0.371191
.4301965714 0.373961
.4370656000 0.376731
.4473565714 0.379501
.4585120000 0.382271
.4715173333 0.385042
.4804100000 0.387812
.4808496000 0.390582
.4820608000 0.393352
.4833600000 0.396122
.4917720000 0.398892
.5060656000 0.401662
.5302493333 0.404432
.5340240000 0.407202
.5406640000 0.409972
.5505133333 0.412742
.5783280000 0.415512
.6001462857 0.418283
.6079104000 0.421053
.6113668571 0.423823
.6218342857 0.426593
.6225600000 0.429363
.6278860000 0.432133
.6358960000 0.434903
.6407664000 0.437673
.6419337142 0.440443
.6611293333 0.443213
.6626026666 0.445983
.6641188571 0.448753
.6725248000 0.451524
.6813946666 0.454294
.6834620000 0.457064
.6889424000 0.459834
.6923456000 0.462604
.7212986666 0.465374
.7405160000 0.468144
.7693200000 0.470914
.7704731428 0.473684
.7858272000 0.476454
.7900205714 0.479224
.7913088000 0.481994
.8074400000 0.484765
.8102320000 0.487535
.8222760000 0.490305
.8236333333 0.493075
.8237451428 0.495845
.8604448000 0.498615
.8609060000 0.501385
.8720308571 0.504155
.8755725714 0.506925
.8907420000 0.509695
.8963888000 0.512465
.9181386666 0.515235
.9305613333 0.518006
.9443600000 0.520776
.9494253333 0.523546
.9537600000 0.526316
.9795453333 0.529086
.9817680000 0.531856
.9864333333 0.534626
.9866946666 0.537396
.9980506666 0.540166
1.0007472000 0.542936
1.0030800000 0.545706
1.0087580000 0.548476
1.0202352000 0.551247
1.0220053333 0.554017
1.0319520000 0.556787
1.0898560000 0.559557
1.1019860000 0.562327
1.1245120000 0.565097
1.1253660000 0.567867
1.1256200000 0.570637
1.1574600000 0.573407
1.1689840000 0.576177
1.1970592000 0.578947
1.1990512000 0.581717
1.2076360000 0.584488
1.2135180000 0.587258
1.2625040000 0.590028
1.2736320000 0.592798
1.2771952000 0.595568
1.2941648000 0.598338
1.3013280000 0.601108
1.3078906666 0.603878
1.3233920000 0.606648
1.3450768000 0.609418
1.3557333333 0.612188
1.3641660000 0.614958
1.3722666666 0.617729
1.3809440000 0.620499
1.4014640000 0.623269
1.4169040000 0.626039
1.4483360000 0.628809
1.4511546666 0.631579
1.4894880000 0.634349
1.4974266666 0.637119
1.5168960000 0.639889
1.5194480000 0.642659
1.6126400000 0.645429
1.6263386666 0.648199
1.6368280000 0.65097
1.6878940000 0.65374
1.7094720000 0.65651
1.7126742857 0.65928
1.7222400000 0.66205
1.7267960000 0.66482
1.7966160000 0.66759
1.7970720000 0.67036
1.8055980000 0.67313
1.8204460000 0.6759
1.8507280000 0.67867
1.8968160000 0.68144
1.9132320000 0.684211
1.9650000000 0.686981
1.9701640000 0.689751
1.9895333333 0.692521
2.0142514285 0.695291
2.0354933333 0.698061
2.0372773333 0.700831
2.0496000000 0.703601
2.0553520000 0.706371
2.0690800000 0.709141
2.1494400000 0.711911
2.1503280000 0.714681
2.1817840000 0.717452
2.1942880000 0.720222
2.2097485714 0.722992
2.3303640000 0.725762
2.3580266666 0.728532
2.4822560000 0.731302
2.6165200000 0.734072
2.6185466666 0.736842
2.6393040000 0.739612
2.6585786666 0.742382
2.6601466666 0.745152
2.7387200000 0.747922
2.7791560000 0.750693
2.8184960000 0.753463
2.8575920000 0.756233
3.0301880000 0.759003
3.0454800000 0.761773
3.0931040000 0.764543
3.1030800000 0.767313
3.1228342857 0.770083
3.1427840000 0.772853
3.1778200000 0.775623
3.2001440000 0.778393
3.2276240000 0.781163
3.2560480000 0.783934
3.4063885714 0.786704
3.4561920000 0.789474
3.4959520000 0.792244
3.6224640000 0.795014
3.6247680000 0.797784
3.6298200000 0.800554
3.6840480000 0.803324
4.0090480000 0.806094
4.0093600000 0.808864
4.1292000000 0.811634
4.1320400000 0.814404
4.1967733333 0.817175
4.2641840000 0.819945
4.5606285714 0.822715
4.5654000000 0.825485
4.6736800000 0.828255
4.7091200000 0.831025
4.7140480000 0.833795
4.7487200000 0.836565
4.7553600000 0.839335
4.8809440000 0.842105
4.9039120000 0.844875
4.9166480000 0.847645
4.9734800000 0.850416
5.3331866666 0.853186
5.4796266666 0.855956
5.5598880000 0.858726
5.6026400000 0.861496
5.7012000000 0.864266
6.0697200000 0.867036
6.3251600000 0.869806
6.3896000000 0.872576
6.3937200000 0.875346
6.4787466666 0.878116
6.5534880000 0.880886
6.6868800000 0.883657
6.8825600000 0.886427
7.1321866666 0.889197
7.2154600000 0.891967
7.6932000000 0.894737
7.8065200000 0.897507
7.9866000000 0.900277
8.0648533333 0.903047
8.1524800000 0.905817
8.6689200000 0.908587
8.8338400000 0.911357
9.4552960000 0.914127
9.7953866666 0.916898
10.6496800000 0.919668
10.6734800000 0.922438
11.9684000000 0.925208
12.3250000000 0.927978
12.9862933333 0.930748
13.5051200000 0.933518
13.6653333333 0.936288
13.7498400000 0.939058
14.1736000000 0.941828
15.6710933333 0.944598
15.9748800000 0.947368
16.6758000000 0.950139
17.2461600000 0.952909
18.0532800000 0.955679
18.7697600000 0.958449
19.8118000000 0.961219
25.5499200000 0.963989
26.8062800000 0.966759
27.1004800000 0.969529
31.9750400000 0.972299
32.2291200000 0.975069
32.3324800000 0.977839
32.5912000000 0.980609
38.4051200000 0.98338
38.9743200000 0.98615
51.4333600000 0.98892
57.2950400000 0.99169
62.3652000000 0.99446
66.2426400000 0.99723
100 1
