0.0273909 0.00277008
1.05801 0.00554017
2.46563 0.00831025
3.41586 0.0110803
5.32455 0.0138504
6.15708 0.0166205
7.24205 0.0193906
10.4666 0.0221607
10.8638 0.0249307
11.6976 0.0277008
12.1115 0.0304709
13.1454 0.033241
13.2897 0.0360111
15.0492 0.0387812
16.2096 0.0415512
19.0433 0.0443213
19.3908 0.0470914
20.7845 0.0498615
22.7584 0.0526316
25.345 0.0554017
28.13 0.0581717
29.3917 0.0609418
29.7432 0.0637119
30.2255 0.066482
30.986 0.0692521
32.7924 0.0720222
35.4702 0.0747922
35.8327 0.0775623
36.7553 0.0803324
38.3371 0.0831025
38.8352 0.0858726
41.0167 0.0886427
41.5549 0.0914127
43.2505 0.0941828
44.2619 0.0969529
47.9296 0.099723
49.0842 0.102493
56.5063 0.105263
57.4538 0.108033
57.8133 0.110803
58.4216 0.113573
63.4023 0.116343
63.4639 0.119114
63.7788 0.121884
66.67 0.124654
67.3307 0.127424
68.926 0.130194
69.6317 0.132964
69.8431 0.135734
71.369 0.138504
71.7455 0.141274
72.3233 0.144044
78.3174 0.146814
85.1097 0.149584
86.8938 0.152355
87.3913 0.155125
87.9918 0.157895
94.1451 0.160665
96.1043 0.163435
97.1698 0.166205
100.1 0.168975
101.891 0.171745
102.842 0.174515
104.808 0.177285
105.233 0.180055
108.954 0.182825
109.715 0.185596
110.15 0.188366
115.184 0.191136
115.718 0.193906
116.544 0.196676
116.579 0.199446
118.34 0.202216
124.811 0.204986
124.893 0.207756
128.005 0.210526
130.46 0.213296
132.223 0.216066
132.275 0.218837
134.575 0.221607
137.02 0.224377
139.299 0.227147
144.514 0.229917
146.569 0.232687
147.992 0.235457
149.141 0.238227
151.316 0.240997
151.907 0.243767
153.128 0.246537
153.189 0.249307
155.956 0.252078
162.295 0.254848
162.846 0.257618
165.086 0.260388
167.516 0.263158
170.912 0.265928
174.214 0.268698
176.278 0.271468
177.121 0.274238
177.493 0.277008
178.823 0.279778
180.803 0.282548
182.197 0.285319
184.361 0.288089
185.179 0.290859
185.883 0.293629
186.969 0.296399
190.292 0.299169
195.495 0.301939
203.157 0.304709
204.834 0.307479
210.496 0.310249
212.962 0.313019
215.343 0.315789
220.485 0.31856
221.58 0.32133
234.036 0.3241
238.822 0.32687
239.789 0.32964
241.105 0.33241
243.941 0.33518
246.437 0.33795
247.153 0.34072
255.185 0.34349
255.596 0.34626
258.317 0.34903
263.473 0.351801
264.416 0.354571
269.617 0.357341
269.895 0.360111
278.115 0.362881
282.705 0.365651
283.101 0.368421
284.048 0.371191
289.947 0.373961
291.727 0.376731
292.707 0.379501
294.365 0.382271
303.384 0.385042
306.094 0.387812
315.242 0.390582
319.527 0.393352
321.458 0.396122
321.712 0.398892
329.618 0.401662
338.44 0.404432
340.29 0.407202
343.028 0.409972
344.112 0.412742
344.652 0.415512
346.906 0.418283
348.919 0.421053
356.47 0.423823
359.973 0.426593
364.851 0.429363
365.103 0.432133
368.412 0.434903
369.745 0.437673
371.781 0.440443
377.064 0.443213
377.987 0.445983
378.038 0.448753
381.054 0.451524
381.427 0.454294
381.842 0.457064
382.841 0.459834
385.76 0.462604
388.669 0.465374
393.64 0.468144
395.033 0.470914
397.818 0.473684
399.763 0.476454
402.672 0.479224
405.005 0.481994
408.012 0.484765
410.042 0.487535
413.864 0.490305
428.636 0.493075
434.093 0.495845
434.141 0.498615
434.166 0.501385
436.982 0.504155
457.884 0.506925
471.279 0.509695
474.558 0.512465
498.141 0.515235
505.611 0.518006
506.984 0.520776
522.101 0.523546
522.277 0.526316
533.653 0.529086
540.584 0.531856
542.443 0.534626
547.263 0.537396
547.478 0.540166
549.285 0.542936
553.913 0.545706
558.905 0.548476
558.983 0.551247
562.228 0.554017
564.309 0.556787
573.322 0.559557
576.935 0.562327
587.365 0.565097
589.027 0.567867
591.395 0.570637
598.389 0.573407
606.213 0.576177
612.916 0.578947
629.746 0.581717
637.31 0.584488
639.885 0.587258
640.843 0.590028
644.923 0.592798
647.353 0.595568
650.211 0.598338
661.555 0.601108
671.07 0.603878
680.559 0.606648
684.167 0.609418
693.285 0.612188
705.824 0.614958
711.997 0.617729
725.276 0.620499
725.585 0.623269
737.262 0.626039
754.74 0.628809
763.04 0.631579
763.081 0.634349
774.664 0.637119
774.914 0.639889
776.544 0.642659
778.677 0.645429
779.485 0.648199
780.685 0.65097
780.96 0.65374
782.608 0.65651
800.884 0.65928
811.705 0.66205
812.635 0.66482
812.755 0.66759
820.243 0.67036
824.036 0.67313
844.904 0.6759
862.463 0.67867
864.913 0.68144
866.813 0.684211
869.27 0.686981
878.775 0.689751
879.285 0.692521
879.302 0.695291
879.394 0.698061
881.196 0.700831
882.783 0.703601
896.941 0.706371
897.701 0.709141
901.848 0.711911
906.438 0.714681
910.996 0.717452
912.499 0.720222
913.847 0.722992
915.688 0.725762
922.433 0.728532
924.938 0.731302
925.159 0.734072
928.347 0.736842
951.65 0.739612
955.882 0.742382
961.175 0.745152
961.479 0.747922
966.629 0.750693
969.629 0.753463
977.658 0.756233
985.072 0.759003
997.475 0.761773
1010.71 0.764543
1013.5 0.767313
1026.07 0.770083
1033.06 0.772853
1065.14 0.775623
1073.07 0.778393
1076.12 0.781163
1097.18 0.783934
1104.33 0.786704
1113.89 0.789474
1116.13 0.792244
1123.28 0.795014
1124.85 0.797784
1125.1 0.800554
1125.63 0.803324
1129.38 0.806094
1129.85 0.808864
1135.67 0.811634
1135.87 0.814404
1153.14 0.817175
1153.89 0.819945
1178.42 0.822715
1192.63 0.825485
1204.03 0.828255
1221.61 0.831025
1223.11 0.833795
1226.87 0.836565
1230.2 0.839335
1261.66 0.842105
1266.19 0.844875
1281.45 0.847645
1296.31 0.850416
1308.04 0.853186
1322.67 0.855956
1327.08 0.858726
1336.34 0.861496
1344.71 0.864266
1354.22 0.867036
1384.49 0.869806
1386.56 0.872576
1393.14 0.875346
1398.88 0.878116
1411.38 0.880886
1413.17 0.883657
1454.73 0.886427
1456.25 0.889197
1493.42 0.891967
1497.39 0.894737
1510.53 0.897507
1520.85 0.900277
1527.64 0.903047
1531.97 0.905817
1543.79 0.908587
1546.98 0.911357
1546.99 0.914127
1557.64 0.916898
1563.33 0.919668
1566.71 0.922438
1589.84 0.925208
1605.5 0.927978
1617.58 0.930748
1618.74 0.933518
1630.35 0.936288
1664.92 0.939058
1666.17 0.941828
1680.46 0.944598
1716.05 0.947368
1723.2 0.950139
1729.66 0.952909
1741.4 0.955679
1751.8 0.958449
1752.51 0.961219
1785.52 0.963989
1803.4 0.966759
1808.16 0.969529
1835.32 0.972299
1835.79 0.975069
1863.37 0.977839
1869.89 0.980609
1898.52 0.98338
1915.33 0.98615
1929.98 0.98892
1953.59 0.99169
1963.25 0.99446
2009.86 0.99723
95591.9 1
