0.107672 0.00277008
0.133694 0.00554017
0.203503 0.00831025
0.246267 0.0110803
0.37261 0.0138504
0.399106 0.0166205
0.449273 0.0193906
0.615532 0.0221607
0.726713 0.0249307
0.812849 0.0277008
0.92445 0.0304709
0.925512 0.033241
1.06379 0.0360111
1.11445 0.0387812
1.24569 0.0415512
1.3386 0.0443213
1.52802 0.0470914
1.53224 0.0498615
1.56113 0.0526316
1.62849 0.0554017
1.68089 0.0581717
1.68829 0.0609418
1.69391 0.0637119
1.765 0.066482
1.89877 0.0692521
2.04022 0.0720222
2.04163 0.0747922
2.20714 0.0775623
2.27717 0.0803324
2.32131 0.0831025
2.32362 0.0858726
2.3253 0.0886427
2.58666 0.0914127
2.6417 0.0941828
2.68686 0.0969529
2.83108 0.099723
2.9856 0.102493
3.03881 0.105263
3.04254 0.108033
3.07142 0.110803
3.10531 0.113573
3.17096 0.116343
3.20543 0.119114
3.21133 0.121884
3.25566 0.124654
3.37867 0.127424
3.493 0.130194
3.54492 0.132964
3.79891 0.135734
3.83807 0.138504
3.92052 0.141274
4.18766 0.144044
4.22497 0.146814
4.23266 0.149584
4.25974 0.152355
4.44845 0.155125
4.70129 0.157895
4.70755 0.160665
4.84662 0.163435
4.87446 0.166205
5.22398 0.168975
5.23354 0.171745
5.31713 0.174515
5.45846 0.177285
5.54154 0.180055
5.55503 0.182825
5.93413 0.185596
5.96717 0.188366
6.10595 0.191136
6.39468 0.193906
6.47205 0.196676
6.52969 0.199446
6.54743 0.202216
6.70905 0.204986
6.77231 0.207756
6.8492 0.210526
6.90827 0.213296
6.92828 0.216066
6.94665 0.218837
6.99007 0.221607
7.06277 0.224377
7.08294 0.227147
7.12365 0.229917
7.16117 0.232687
7.33827 0.235457
7.58679 0.238227
7.75188 0.240997
7.85734 0.243767
7.86824 0.246537
7.91333 0.249307
8.09832 0.252078
8.28097 0.254848
8.56018 0.257618
8.64052 0.260388
8.83644 0.263158
8.91406 0.265928
8.98536 0.268698
9.40524 0.271468
9.54171 0.274238
9.6392 0.277008
9.64588 0.279778
9.83209 0.282548
10.017 0.285319
10.977 0.288089
11.1559 0.290859
11.2174 0.293629
11.284 0.296399
11.7409 0.299169
11.8527 0.301939
11.897 0.304709
12.3371 0.307479
12.4073 0.310249
12.4469 0.313019
12.4507 0.315789
12.4967 0.31856
12.5561 0.32133
12.8333 0.3241
12.9165 0.32687
13.0491 0.32964
13.0971 0.33241
13.1521 0.33518
13.2295 0.33795
13.677 0.34072
13.698 0.34349
13.7127 0.34626
13.7166 0.34903
13.9749 0.351801
14.0719 0.354571
14.2846 0.357341
14.4089 0.360111
14.471 0.362881
14.5937 0.365651
14.7392 0.368421
15.0441 0.371191
15.1089 0.373961
15.161 0.376731
15.3888 0.379501
15.9432 0.382271
16.2982 0.385042
16.5704 0.387812
16.7196 0.390582
16.8908 0.393352
16.9678 0.396122
17.0232 0.398892
17.0602 0.401662
17.1994 0.404432
17.2017 0.407202
17.8336 0.409972
18.0758 0.412742
18.1822 0.415512
18.1972 0.418283
18.2613 0.421053
18.3078 0.423823
18.3135 0.426593
18.4544 0.429363
18.5811 0.432133
18.9002 0.434903
18.9478 0.437673
19.1669 0.440443
19.4701 0.443213
19.5682 0.445983
19.6116 0.448753
19.6506 0.451524
19.674 0.454294
19.6845 0.457064
19.8331 0.459834
19.9739 0.462604
20.1773 0.465374
20.2924 0.468144
20.4312 0.470914
20.4781 0.473684
20.9186 0.476454
20.9444 0.479224
21.0545 0.481994
21.3921 0.484765
21.6439 0.487535
21.6677 0.490305
21.7241 0.493075
21.7301 0.495845
21.9145 0.498615
22.0101 0.501385
22.4083 0.504155
22.4409 0.506925
22.8695 0.509695
22.9031 0.512465
22.9603 0.515235
23.0366 0.518006
23.1787 0.520776
23.9619 0.523546
24.3809 0.526316
25.1944 0.529086
25.2267 0.531856
25.4868 0.534626
25.6997 0.537396
25.8923 0.540166
25.9892 0.542936
26.0441 0.545706
26.1168 0.548476
26.1404 0.551247
26.6294 0.554017
26.7079 0.556787
26.7547 0.559557
26.7582 0.562327
26.8071 0.565097
26.8098 0.567867
26.862 0.570637
27.0696 0.573407
27.3094 0.576177
27.32 0.578947
27.3546 0.581717
27.4685 0.584488
27.5097 0.587258
27.5323 0.590028
27.7419 0.592798
27.8313 0.595568
28.037 0.598338
28.0793 0.601108
28.2735 0.603878
28.3266 0.606648
28.4332 0.609418
28.4805 0.612188
28.5506 0.614958
28.6372 0.617729
28.6653 0.620499
28.8723 0.623269
29.1249 0.626039
29.2875 0.628809
29.323 0.631579
29.3276 0.634349
29.3569 0.637119
29.4066 0.639889
29.9377 0.642659
30.0587 0.645429
30.1444 0.648199
30.3912 0.65097
30.3914 0.65374
30.4538 0.65651
30.7639 0.65928
30.9131 0.66205
31.3254 0.66482
31.3489 0.66759
31.3551 0.67036
31.4279 0.67313
31.4607 0.6759
31.9298 0.67867
32.1696 0.68144
32.3812 0.684211
33.1065 0.686981
33.3227 0.689751
33.344 0.692521
34.5433 0.695291
34.7435 0.698061
34.913 0.700831
34.9523 0.703601
35.1251 0.706371
35.3439 0.709141
35.4217 0.711911
35.4653 0.714681
35.7679 0.717452
35.8535 0.720222
36.2962 0.722992
37.3179 0.725762
37.3624 0.728532
38.2914 0.731302
38.3348 0.734072
38.7643 0.736842
39.1038 0.739612
39.1257 0.742382
39.3497 0.745152
39.6146 0.747922
39.7655 0.750693
39.8677 0.753463
39.9677 0.756233
40.3186 0.759003
40.9776 0.761773
41.0956 0.764543
41.1215 0.767313
41.2799 0.770083
41.2968 0.772853
41.3604 0.775623
41.8248 0.778393
42.4307 0.781163
42.7269 0.783934
43.5218 0.786704
43.57 0.789474
43.8686 0.792244
44.3213 0.795014
44.3251 0.797784
44.5606 0.800554
44.6932 0.803324
44.7223 0.806094
44.9754 0.808864
45.0818 0.811634
45.0876 0.814404
45.1719 0.817175
45.1756 0.819945
45.4369 0.822715
45.4393 0.825485
47.3101 0.828255
47.5374 0.831025
48.2619 0.833795
48.3065 0.836565
48.4577 0.839335
48.5876 0.842105
49.1369 0.844875
49.1425 0.847645
49.3163 0.850416
49.323 0.853186
49.3518 0.855956
49.7353 0.858726
50.0612 0.861496
50.1119 0.864266
50.4411 0.867036
50.6319 0.869806
51.2075 0.872576
51.3724 0.875346
51.5276 0.878116
52.2199 0.880886
52.9544 0.883657
53.8071 0.886427
53.9548 0.889197
54.0691 0.891967
54.3546 0.894737
54.7732 0.897507
55.3287 0.900277
55.4648 0.903047
55.7969 0.905817
56.592 0.908587
56.8868 0.911357
57.0619 0.914127
57.3969 0.916898
57.4875 0.919668
57.9813 0.922438
58.2464 0.925208
58.5082 0.927978
58.8119 0.930748
59.2828 0.933518
59.8927 0.936288
60.1798 0.939058
60.2972 0.941828
60.7389 0.944598
61.3919 0.947368
62.5883 0.950139
66.7185 0.952909
67.1791 0.955679
67.1881 0.958449
69.0347 0.961219
75.4289 0.963989
78.7153 0.966759
79.3209 0.969529
85.352 0.972299
92.0659 0.975069
95.6898 0.977839
97.1145 0.980609
105.528 0.98338
118.515 0.98615
129.554 0.98892
130.726 0.99169
153.377 0.99446
184.821 0.99723
202.545 1
