0 0.00277008
.100 0.0193906
.100 0.0193906
.100 0.0193906
.100 0.0193906
.100 0.0193906
.100 0.0193906
.300 0.0277008
.300 0.0277008
.300 0.0277008
.400 0.0415512
.400 0.0415512
.400 0.0415512
.400 0.0415512
.400 0.0415512
.500 0.0554017
.500 0.0554017
.500 0.0554017
.500 0.0554017
.500 0.0554017
.600 0.0609418
.600 0.0609418
.700 0.0637119
.800 0.0720222
.800 0.0720222
.800 0.0720222
.900 0.0775623
.900 0.0775623
1.000 0.0831025
1.000 0.0831025
1.100 0.0858726
1.200 0.0969529
1.200 0.0969529
1.200 0.0969529
1.200 0.0969529
1.300 0.113573
1.300 0.113573
1.300 0.113573
1.300 0.113573
1.300 0.113573
1.300 0.113573
1.400 0.116343
1.500 0.127424
1.500 0.127424
1.500 0.127424
1.500 0.127424
1.600 0.138504
1.600 0.138504
1.600 0.138504
1.600 0.138504
1.800 0.146814
1.800 0.146814
1.800 0.146814
1.900 0.155125
1.900 0.155125
1.900 0.155125
2.000 0.163435
2.000 0.163435
2.000 0.163435
2.100 0.166205
2.300 0.180055
2.300 0.180055
2.300 0.180055
2.300 0.180055
2.300 0.180055
2.400 0.182825
2.500 0.199446
2.500 0.199446
2.500 0.199446
2.500 0.199446
2.500 0.199446
2.500 0.199446
2.600 0.204986
2.600 0.204986
2.700 0.207756
2.800 0.216066
2.800 0.216066
2.800 0.216066
2.900 0.218837
3.000 0.221607
3.100 0.227147
3.100 0.227147
3.200 0.229917
3.300 0.232687
3.400 0.238227
3.400 0.238227
3.500 0.240997
3.600 0.246537
3.600 0.246537
3.700 0.254848
3.700 0.254848
3.700 0.254848
3.800 0.257618
3.900 0.263158
3.900 0.263158
4.000 0.268698
4.000 0.268698
4.100 0.274238
4.100 0.274238
4.200 0.282548
4.200 0.282548
4.200 0.282548
4.300 0.285319
4.500 0.288089
4.800 0.290859
4.900 0.293629
5.000 0.296399
5.100 0.301939
5.100 0.301939
5.200 0.304709
5.500 0.310249
5.500 0.310249
5.600 0.32133
5.600 0.32133
5.600 0.32133
5.600 0.32133
5.900 0.3241
6.200 0.32687
6.400 0.32964
6.500 0.33241
7.000 0.33795
7.000 0.33795
7.700 0.34072
7.800 0.34626
7.800 0.34626
7.900 0.34903
8.000 0.357341
8.000 0.357341
8.000 0.357341
8.100 0.360111
8.200 0.368421
8.200 0.368421
8.200 0.368421
8.400 0.371191
8.700 0.376731
8.700 0.376731
8.800 0.379501
8.900 0.382271
9.200 0.385042
9.300 0.387812
9.400 0.390582
9.500 0.396122
9.500 0.396122
9.600 0.401662
9.600 0.401662
9.700 0.407202
9.700 0.407202
9.900 0.409972
10.000 0.412742
10.100 0.415512
10.200 0.423823
10.200 0.423823
10.200 0.423823
10.400 0.437673
10.400 0.437673
10.400 0.437673
10.400 0.437673
10.400 0.437673
10.600 0.440443
11.000 0.443213
11.200 0.445983
11.300 0.448753
11.500 0.451524
11.600 0.454294
12.300 0.457064
12.500 0.459834
12.700 0.465374
12.700 0.465374
12.800 0.468144
13.000 0.479224
13.000 0.479224
13.000 0.479224
13.000 0.479224
13.200 0.481994
13.300 0.484765
13.500 0.487535
13.600 0.490305
13.800 0.493075
14.000 0.495845
14.300 0.498615
14.400 0.501385
14.700 0.509695
14.700 0.509695
14.700 0.509695
14.900 0.512465
15.900 0.515235
16.100 0.520776
16.100 0.520776
16.200 0.523546
16.400 0.526316
16.500 0.529086
16.600 0.531856
16.900 0.534626
17.000 0.537396
17.100 0.540166
17.400 0.542936
17.600 0.545706
17.800 0.548476
18.200 0.551247
18.500 0.554017
18.700 0.556787
19.200 0.559557
19.500 0.562327
20.200 0.565097
20.700 0.570637
20.700 0.570637
21.000 0.573407
21.100 0.576177
21.200 0.578947
21.700 0.581717
21.900 0.584488
22.000 0.587258
23.500 0.590028
23.700 0.592798
24.000 0.595568
24.500 0.598338
24.600 0.601108
25.000 0.603878
25.200 0.606648
25.300 0.612188
25.300 0.612188
26.200 0.617729
26.200 0.617729
26.400 0.623269
26.400 0.623269
26.500 0.626039
26.700 0.628809
26.900 0.631579
27.200 0.634349
27.300 0.637119
27.400 0.645429
27.400 0.645429
27.400 0.645429
27.500 0.648199
28.100 0.65097
28.200 0.65374
28.300 0.65651
28.400 0.66205
28.400 0.66205
28.500 0.66482
28.600 0.66759
28.700 0.67036
29.000 0.67313
29.200 0.6759
29.300 0.67867
29.400 0.68144
29.800 0.684211
29.900 0.686981
30.200 0.689751
30.700 0.692521
30.800 0.695291
31.300 0.698061
31.600 0.700831
31.800 0.703601
32.300 0.706371
32.600 0.709141
33.000 0.711911
33.700 0.717452
33.700 0.717452
34.300 0.725762
34.300 0.725762
34.300 0.725762
34.500 0.731302
34.500 0.731302
34.800 0.734072
35.700 0.736842
36.100 0.739612
36.200 0.742382
38.100 0.747922
38.100 0.747922
38.400 0.750693
38.500 0.753463
38.700 0.756233
38.800 0.759003
38.900 0.764543
38.900 0.764543
39.000 0.767313
39.200 0.770083
40.000 0.775623
40.000 0.775623
40.100 0.778393
40.200 0.781163
40.300 0.786704
40.300 0.786704
40.800 0.789474
41.000 0.792244
41.400 0.795014
41.500 0.797784
42.500 0.800554
42.700 0.803324
42.900 0.806094
43.300 0.808864
43.400 0.811634
43.500 0.814404
43.700 0.819945
43.700 0.819945
43.800 0.822715
43.900 0.825485
44.100 0.833795
44.100 0.833795
44.100 0.833795
44.500 0.836565
45.000 0.839335
46.500 0.842105
46.600 0.844875
46.800 0.847645
47.100 0.850416
47.300 0.853186
47.400 0.855956
48.000 0.858726
48.100 0.861496
48.300 0.864266
48.400 0.869806
48.400 0.869806
48.700 0.872576
48.800 0.878116
48.800 0.878116
48.900 0.880886
49.000 0.883657
49.200 0.886427
49.700 0.891967
49.700 0.891967
50.200 0.894737
50.700 0.897507
52.100 0.900277
52.600 0.903047
52.700 0.905817
52.800 0.908587
53.000 0.911357
53.600 0.914127
54.000 0.916898
54.100 0.919668
54.200 0.922438
54.800 0.925208
55.500 0.930748
55.500 0.930748
55.900 0.933518
56.300 0.936288
56.600 0.939058
56.900 0.941828
57.300 0.944598
57.900 0.947368
58.000 0.950139
58.300 0.952909
59.200 0.955679
59.300 0.958449
59.800 0.961219
59.900 0.963989
60.400 0.966759
61.600 0.969529
67.200 0.972299
69.100 0.975069
75.400 0.977839
76.900 0.980609
80.100 0.98338
93.100 0.98615
114.000 0.98892
115.100 0.99169
120.200 0.99446
127.000 0.99723
129.600 1
