.014 0.00277008
.026 0.00554017
.028 0.00831025
.0333 0.0110803
.0393 0.0138504
.051 0.0166205
.0537 0.0193906
.0677 0.0221607
.0897 0.0249307
.10633 0.0277008
.113 0.0304709
.1283 0.033241
.1667 0.0360111
.1697 0.0387812
.172 0.0415512
.17267 0.0443213
.242 0.0470914
.273 0.0498615
.284 0.0526316
.2957 0.0554017
.3353 0.0581717
.3553 0.0609418
.3603 0.0637119
.3753 0.066482
.3827 0.0692521
.4297 0.0720222
.4677 0.0747922
.5153 0.0775623
.526 0.0803324
.528 0.0831025
.5377 0.0858726
.5387 0.0886427
.5393 0.0914127
.5613 0.0941828
.564 0.0969529
.5777 0.099723
.587 0.102493
.5907 0.105263
.601 0.108033
.6303 0.110803
.638 0.113573
.657 0.116343
.684 0.119114
.706 0.121884
.728 0.124654
.730 0.127424
.748 0.130194
.7497 0.132964
.752 0.135734
.786 0.138504
.828 0.141274
.8363 0.144044
.8397 0.146814
.9237 0.149584
.940 0.152355
.9567 0.155125
.964 0.157895
.999 0.160665
1.015 0.163435
1.0283 0.166205
1.114 0.168975
1.121 0.171745
1.1373 0.174515
1.138 0.177285
1.163 0.180055
1.1747 0.182825
1.175 0.185596
1.1867 0.188366
1.241 0.191136
1.262 0.193906
1.2863 0.196676
1.293 0.199446
1.296 0.202216
1.3513 0.204986
1.4437 0.207756
1.4947 0.210526
1.532 0.213296
1.536 0.216066
1.554 0.218837
1.561 0.221607
1.5783 0.224377
1.5873 0.227147
1.590 0.229917
1.6073 0.232687
1.615 0.235457
1.7363 0.238227
1.7483 0.240997
1.808 0.243767
1.81967 0.246537
1.8347 0.249307
1.935 0.252078
1.984 0.254848
2.0303 0.257618
2.1427 0.260388
2.2093 0.263158
2.2213 0.265928
2.2733 0.268698
2.294 0.271468
2.296 0.274238
2.3477 0.277008
2.399 0.279778
2.4237 0.282548
2.4613 0.285319
2.500 0.288089
2.5227 0.290859
2.582 0.293629
2.590 0.296399
2.617 0.299169
2.626 0.301939
2.7113 0.304709
2.775 0.307479
2.8187 0.310249
2.8887 0.313019
2.9023 0.315789
2.9123 0.31856
2.9373 0.32133
2.962 0.3241
2.990 0.32687
3.027 0.32964
3.0607 0.33241
3.113 0.33518
3.170 0.33795
3.1747 0.34072
3.181 0.34349
3.1883 0.34626
3.2103 0.34903
3.2193 0.351801
3.231 0.354571
3.2793 0.357341
3.2887 0.360111
3.2953 0.362881
3.3093 0.365651
3.3877 0.368421
3.4353 0.371191
3.4807 0.373961
3.6963 0.376731
3.7473 0.379501
3.782 0.382271
3.8657 0.385042
3.868 0.387812
3.8993 0.390582
3.914 0.393352
3.9907 0.396122
4.PETpre 0.800554
4.003 0.398892
4.1167 0.401662
4.1503 0.404432
4.434 0.407202
4.4643 0.409972
4.657 0.412742
4.7807 0.415512
4.7813 0.418283
4.7983 0.421053
4.853 0.423823
4.862 0.426593
4.8667 0.429363
4.920 0.432133
4.959 0.437673
4.959 0.437673
5.039 0.443213
5.122 0.445983
5.169 0.448753
5.242 0.451524
5.3077 0.454294
5.340 0.457064
5.3993 0.459834
5.4797 0.462604
5.625 0.465374
5.6363 0.468144
5.647 0.470914
5.948 0.473684
6.1603 0.476454
6.2097 0.479224
6.291 0.481994
6.4007 0.484765
6.581 0.487535
6.650 0.490305
6.755 0.493075
6.930 0.495845
7.019 0.498615
7.1247 0.501385
7.179 0.504155
7.3053 0.506925
7.3863 0.509695
7.4623 0.512465
7.530 0.515235
7.5337 0.518006
7.6643 0.520776
7.7717 0.523546
7.9077 0.526316
7.985 0.529086
8.2213 0.531856
8.270 0.534626
8.358 0.537396
8.493 0.540166
8.530 0.542936
8.7363 0.545706
8.8803 0.548476
8.885 0.551247
8.917 0.554017
8.9557 0.556787
9.112 0.559557
9.157 0.562327
9.426 0.565097
9.4447 0.567867
9.5203 0.570637
9.7383 0.573407
9.852 0.576177
9.853 0.578947
9.982 0.581717
10.120 0.581717
10.1653 0.584488
10.2257 0.587258
10.506 0.590028
10.518 0.592798
10.5887 0.595568
10.6357 0.598338
10.750 0.601108
11.103 0.603878
11.2413 0.606648
11.392 0.609418
11.401 0.612188
11.5267 0.614958
11.8473 0.617729
11.8847 0.620499
11.9237 0.623269
12.0013 0.626039
12.1707 0.628809
12.187 0.631579
12.6557 0.634349
13.000 0.637119
13.2387 0.639889
13.3463 0.642659
13.4037 0.645429
13.520 0.648199
13.627 0.65097
13.862 0.65374
14.0057 0.65651
14.1197 0.65928
14.127 0.66205
14.2047 0.66482
14.223 0.66759
14.264 0.67036
14.343 0.67313
14.7307 0.6759
15.0363 0.67867
15.313 0.68144
15.3823 0.684211
15.6447 0.686981
15.7533 0.689751
16.2033 0.692521
16.3487 0.695291
16.5967 0.698061
16.707 0.700831
16.761 0.703601
16.769 0.706371
16.8207 0.709141
17.043 0.711911
17.1623 0.714681
17.230 0.717452
17.4083 0.720222
17.705 0.722992
17.8343 0.725762
17.9027 0.728532
18.378 0.731302
18.4733 0.734072
18.519 0.736842
18.5257 0.739612
18.607 0.742382
18.7017 0.745152
18.7827 0.747922
19.0067 0.750693
19.090 0.753463
19.150 0.756233
19.3613 0.759003
19.527 0.761773
19.5947 0.764543
20.040 0.767313
20.0487 0.770083
20.1967 0.772853
20.2353 0.775623
20.3047 0.778393
20.4133 0.781163
20.693 0.783934
20.7513 0.786704
20.786 0.789474
20.937 0.792244
20.9817 0.795014
21.1897 0.797784
21.215 0.800554
21.2813 0.803324
21.4093 0.806094
21.4597 0.808864
21.7193 0.811634
22.0113 0.814404
22.1973 0.817175
22.4607 0.819945
22.5363 0.822715
22.6543 0.825485
22.7403 0.828255
22.8403 0.831025
22.8503 0.833795
23.0263 0.836565
23.2477 0.839335
23.264 0.842105
23.4543 0.844875
23.8233 0.847645
23.8963 0.850416
24.4237 0.853186
25.200 0.855956
26.2163 0.858726
26.6547 0.861496
26.813 0.864266
28.0517 0.867036
28.6377 0.869806
28.802 0.872576
28.9723 0.875346
29.161 0.878116
29.246 0.880886
29.6107 0.883657
29.8917 0.886427
31.010 0.889197
31.434 0.891967
31.615 0.894737
31.8167 0.897507
31.8733 0.900277
32.3613 0.903047
34.0707 0.905817
34.620 0.908587
34.7037 0.911357
36.059 0.914127
36.349 0.916898
37.715 0.919668
39.946 0.922438
41.2877 0.927978
41.718 0.930748
42.446 0.933518
42.641 0.936288
42.889 0.939058
45.132 0.941828
46.970 0.944598
50.298 0.947368
50.6077 0.950139
50.721 0.952909
51.995 0.955679
54.202 0.958449
54.229 0.961219
54.6807 0.963989
57.031 0.966759
65.153 0.969529
67.1013 0.972299
69.063 0.975069
69.3693 0.977839
70.353 0.980609
85.050 0.98338
105.652 0.98338
106.869 0.98615
118.532 0.98892
122.510 0.99169
131.536 0.99446
137.501 0.99723
