1.0139269000 0.00277008
23.6665688400 0.00554017
25.0563372500 0.00831025
26.6837557700 0.0110803
31.3553071200 0.0138504
42.9792177400 0.0166205
44.3533594100 0.0193906
51.1412343900 0.0221607
52.8000155100 0.0249307
59.2740587000 0.0277008
71.1172754900 0.0304709
71.8633243800 0.033241
72.1158750500 0.0360111
72.5353902300 0.0387812
73.2785520400 0.0415512
73.4684082000 0.0443213
73.7846048000 0.0470914
74.2443837100 0.0498615
74.8922695300 0.0526316
74.9994018100 0.0554017
75.6686232400 0.0581717
76.5016780700 0.0609418
77.1698649500 0.0637119
77.3631973700 0.066482
78.2671667900 0.0692521
78.3897603800 0.0720222
81.8790226200 0.0747922
81.9890821100 0.0775623
84.7045822000 0.0803324
85.0920879400 0.0831025
85.3059671900 0.0858726
85.4652516100 0.0886427
86.9496915100 0.0914127
87.1985667000 0.0941828
88.3380661000 0.0969529
88.8731112500 0.099723
89.0009938100 0.102493
89.1746251100 0.105263
91.0993362000 0.108033
91.3899920800 0.110803
91.4264630100 0.113573
91.6512733600 0.116343
91.9167963000 0.119114
91.9995118500 0.121884
92.5939499100 0.124654
92.7930535200 0.127424
92.9685440400 0.130194
92.9910529500 0.132964
93.5505740600 0.135734
93.6409536300 0.138504
93.6740290700 0.141274
93.6797440500 0.144044
94.1283538700 0.146814
94.4329097800 0.149584
94.6763808900 0.152355
94.7269063500 0.155125
94.8905505700 0.157895
94.9272084800 0.160665
95.0735669000 0.163435
95.3514388100 0.166205
95.4716113800 0.168975
95.5257649900 0.171745
95.6532586400 0.174515
95.6721773600 0.177285
95.7115984700 0.180055
95.7143086800 0.182825
95.8110432100 0.185596
95.8442511700 0.188366
95.9829153300 0.191136
96.1163292300 0.193906
96.2079422600 0.196676
96.6180056000 0.199446
96.7439229700 0.202216
96.7671953000 0.204986
96.8261232900 0.207756
97.2660205500 0.210526
97.3436165500 0.213296
97.3724663100 0.216066
97.4216136600 0.218837
97.4996963800 0.221607
97.5013245000 0.224377
97.5587311000 0.227147
97.6910451800 0.229917
97.7211523000 0.232687
97.8068317100 0.235457
97.8830080000 0.238227
97.9551709200 0.240997
97.9623393800 0.243767
98.0405042400 0.246537
98.0928686400 0.249307
98.1363644900 0.252078
98.1810986200 0.254848
98.2279645000 0.257618
98.2861684300 0.260388
98.2879204800 0.263158
98.3232362200 0.265928
98.4041873900 0.268698
98.4255632400 0.271468
98.6459240300 0.274238
98.6657480000 0.277008
98.7081770100 0.279778
98.7201478500 0.282548
98.7210181400 0.285319
98.7303630900 0.288089
98.7362827900 0.290859
98.7627485400 0.293629
98.7661993800 0.296399
98.8444656600 0.299169
98.8813779800 0.301939
98.8895869500 0.304709
98.8932921400 0.307479
98.9130194300 0.310249
98.9188074400 0.313019
98.9352058900 0.315789
98.9468714300 0.31856
98.9739127500 0.32133
98.9770121900 0.3241
98.9850073300 0.32687
98.9893784800 0.32964
99.0669587800 0.33241
99.0841399700 0.33518
99.0951050200 0.33795
99.0988803200 0.34072
99.1600593500 0.34349
99.1945182100 0.34626
99.1998572200 0.34903
99.2005511400 0.351801
99.2084738200 0.354571
99.2159498800 0.357341
99.2163407200 0.360111
99.2345165100 0.362881
99.2575558900 0.365651
99.2636627600 0.368421
99.2733547000 0.371191
99.2737347800 0.373961
99.2995588200 0.376731
99.3211478100 0.379501
99.3266478100 0.382271
99.3303265600 0.385042
99.3418647700 0.387812
99.3426862900 0.390582
99.3455003400 0.393352
99.3512277000 0.396122
99.3828736100 0.398892
99.4108394600 0.401662
99.4129759300 0.404432
99.4146383600 0.407202
99.4222509700 0.409972
99.4224991300 0.412742
99.4269547000 0.415512
99.4647966200 0.418283
99.4846835900 0.421053
99.4914956300 0.423823
99.4950610800 0.426593
99.5049647000 0.429363
99.5324422000 0.432133
99.5329871400 0.434903
99.5377265500 0.437673
99.5444542800 0.440443
99.5479716400 0.443213
99.5521652600 0.445983
99.5539842900 0.448753
99.5689772000 0.451524
99.5702507700 0.454294
99.5839496900 0.457064
99.5842175700 0.459834
99.6061085600 0.462604
99.6092438000 0.465374
99.6192888600 0.468144
99.6235226100 0.470914
99.6514686800 0.473684
99.6580501000 0.476454
99.6648488900 0.479224
99.6688440300 0.481994
99.6696130700 0.484765
99.6717112000 0.487535
99.6753757900 0.490305
99.6787559500 0.493075
99.6855768800 0.495845
99.6916118600 0.498615
99.7020536300 0.501385
99.7027810500 0.504155
99.7031147800 0.506925
99.7049804500 0.509695
99.7064530200 0.512465
99.7079095700 0.515235
99.7102015800 0.518006
99.7168478300 0.520776
99.7185191300 0.523546
99.7221520600 0.526316
99.7256934600 0.529086
99.7265388700 0.531856
99.7326688600 0.534626
99.7339155800 0.537396
99.7339755500 0.540166
99.7390159700 0.542936
99.7413613700 0.545706
99.7432446300 0.548476
99.7450149100 0.551247
99.7475482100 0.554017
99.7477444100 0.556787
99.7531885200 0.559557
99.7549915400 0.562327
99.7567653200 0.565097
99.7607971000 0.567867
99.7622504500 0.570637
99.7679278300 0.573407
99.7689302300 0.576177
99.7692243800 0.578947
99.7710842300 0.581717
99.7739061900 0.584488
99.7779271500 0.587258
99.7845002300 0.590028
99.7846805400 0.592798
99.7848034500 0.595568
99.7864298300 0.598338
99.7904269100 0.601108
99.7925688400 0.603878
99.7929901800 0.606648
99.7941603600 0.609418
99.7962558900 0.612188
99.7979064500 0.614958
99.8112427600 0.617729
99.8113149200 0.620499
99.8117342900 0.623269
99.8117720200 0.626039
99.8141537100 0.628809
99.8163191800 0.631579
99.8194945800 0.634349
99.8220730500 0.637119
99.8230162600 0.639889
99.8234939000 0.642659
99.8246708500 0.645429
99.8257777100 0.648199
99.8264591400 0.65097
99.8282771100 0.65374
99.8288710400 0.65651
99.8307556000 0.65928
99.8328061100 0.66205
99.8343249100 0.66482
99.8352942700 0.66759
99.8363559600 0.67036
99.8370079900 0.67313
99.8382165200 0.6759
99.8418071000 0.67867
99.8422040700 0.68144
99.8441761800 0.684211
99.8484723600 0.686981
99.8487669500 0.689751
99.8489662900 0.692521
99.8503459600 0.695291
99.8542922300 0.698061
99.8588858000 0.700831
99.8598441000 0.703601
99.8611911100 0.706371
99.8629237700 0.709141
99.8634428500 0.711911
99.8644633200 0.714681
99.8698535100 0.717452
99.8752950900 0.720222
99.8786569800 0.722992
99.8809932700 0.725762
99.8821324300 0.728532
99.8840923400 0.731302
99.8891727400 0.734072
99.8924250900 0.736842
99.8924254200 0.739612
99.8935057400 0.742382
99.8937089200 0.745152
99.8942272000 0.747922
99.8965147800 0.750693
99.8967450300 0.753463
99.8994082800 0.756233
99.8995118900 0.759003
99.9033414600 0.761773
99.9048840500 0.764543
99.9070785500 0.767313
99.9084107700 0.770083
99.9129656000 0.772853
99.9145388300 0.775623
99.9167522300 0.778393
99.9172304600 0.781163
99.9180674700 0.783934
99.9196142200 0.786704
99.9196372000 0.789474
99.9202873500 0.792244
99.9223199700 0.795014
99.9223561900 0.797784
99.9250685800 0.800554
99.9251342000 0.803324
99.9262564700 0.806094
99.9269516300 0.808864
99.9269547700 0.811634
99.9285234900 0.814404
99.9299436000 0.817175
99.9314473600 0.819945
99.9320141400 0.822715
99.9336533700 0.825485
99.9349790600 0.828255
99.9443554200 0.831025
99.9444996800 0.833795
99.9472077900 0.836565
99.9477282000 0.839335
99.9480795200 0.842105
99.9561517400 0.844875
99.9563338700 0.847645
99.9575725600 0.850416
99.9579990800 0.853186
99.9600921600 0.855956
99.9601908800 0.858726
99.9618563500 0.861496
99.9639615400 0.864266
106.7454749100 0.867036
110.1896838700 0.869806
110.2678516400 0.872576
118.0258007700 0.875346
132.0129877000 0.878116
145.6253972800 0.880886
151.3561943100 0.883657
154.7427624900 0.886427
156.0007900200 0.889197
156.1998358700 0.891967
156.4020702900 0.894737
156.4025520000 0.897507
156.4166771000 0.900277
156.4295194400 0.903047
156.5874378200 0.905817
183.8349876500 0.908587
220.6272270100 0.911357
232.3326572000 0.914127
235.6727714900 0.916898
237.4125989300 0.919668
238.5802428300 0.922438
240.5281640900 0.925208
247.5569192300 0.927978
275.4797326100 0.930748
281.2701060400 0.933518
283.7548765700 0.936288
309.8189195000 0.939058
321.4704078600 0.941828
353.7679579500 0.944598
372.4925365500 0.947368
375.0042908100 0.950139
398.3186202500 0.952909
402.4238023200 0.955679
439.5193437300 0.958449
464.2153054400 0.961219
495.7887509900 0.963989
506.5847619200 0.966759
766.9639329400 0.969529
964.8364789600 0.972299
1195.1451030400 0.975069
1245.7747404300 0.977839
1291.0145531200 0.980609
1570.5030595900 0.98338
1685.3821833700 0.98615
1943.3778792300 0.98892
2493.5739881800 0.99169
3707.1349079000 0.99446
5832.1739331900 0.99723
7121.0847308600 1
