0 0.0110803
0 0.0110803
0 0.0110803
0 0.0110803
.100 0.0193906
.100 0.0193906
.100 0.0193906
.200 0.0249307
.200 0.0249307
.300 0.0360111
.300 0.0360111
.300 0.0360111
.300 0.0360111
.400 0.0498615
.400 0.0498615
.400 0.0498615
.400 0.0498615
.400 0.0498615
.500 0.0581717
.500 0.0581717
.500 0.0581717
.600 0.0637119
.600 0.0637119
.700 0.066482
.800 0.0747922
.800 0.0747922
.800 0.0747922
.900 0.0775623
1.000 0.0831025
1.000 0.0831025
1.100 0.0858726
1.200 0.105263
1.200 0.105263
1.200 0.105263
1.200 0.105263
1.200 0.105263
1.200 0.105263
1.200 0.105263
1.300 0.116343
1.300 0.116343
1.300 0.116343
1.300 0.116343
1.400 0.121884
1.400 0.121884
1.500 0.130194
1.500 0.130194
1.500 0.130194
1.600 0.138504
1.600 0.138504
1.600 0.138504
1.700 0.144044
1.700 0.144044
1.800 0.149584
1.800 0.149584
1.900 0.157895
1.900 0.157895
1.900 0.157895
2.000 0.166205
2.000 0.166205
2.000 0.166205
2.100 0.168975
2.200 0.171745
2.300 0.182825
2.300 0.182825
2.300 0.182825
2.300 0.182825
2.400 0.191136
2.400 0.191136
2.400 0.191136
2.500 0.202216
2.500 0.202216
2.500 0.202216
2.500 0.202216
2.600 0.207756
2.600 0.207756
2.700 0.210526
2.800 0.213296
2.900 0.218837
2.900 0.218837
3.100 0.224377
3.100 0.224377
3.200 0.232687
3.200 0.232687
3.200 0.232687
3.300 0.235457
3.400 0.238227
3.500 0.243767
3.500 0.243767
3.600 0.246537
3.700 0.257618
3.700 0.257618
3.700 0.257618
3.700 0.257618
3.800 0.260388
3.900 0.265928
3.900 0.265928
4.000 0.274238
4.000 0.274238
4.000 0.274238
4.100 0.282548
4.100 0.282548
4.100 0.282548
4.200 0.285319
4.300 0.288089
4.700 0.293629
4.700 0.293629
4.800 0.296399
4.900 0.299169
5.100 0.301939
5.200 0.304709
5.500 0.307479
5.600 0.313019
5.600 0.313019
5.700 0.32133
5.700 0.32133
5.700 0.32133
5.800 0.3241
6.300 0.32964
6.300 0.32964
6.600 0.33241
7.000 0.33795
7.000 0.33795
7.700 0.34072
7.800 0.34903
7.800 0.34903
7.800 0.34903
7.900 0.354571
7.900 0.354571
8.100 0.357341
8.200 0.360111
8.300 0.368421
8.300 0.368421
8.300 0.368421
8.400 0.371191
8.500 0.376731
8.500 0.376731
8.900 0.379501
9.000 0.382271
9.200 0.387812
9.200 0.387812
9.500 0.396122
9.500 0.396122
9.500 0.396122
9.600 0.401662
9.600 0.401662
9.700 0.404432
9.800 0.407202
10.000 0.412742
10.000 0.412742
10.200 0.423823
10.200 0.423823
10.200 0.423823
10.200 0.423823
10.400 0.437673
10.400 0.437673
10.400 0.437673
10.400 0.437673
10.400 0.437673
10.600 0.440443
11.000 0.443213
11.200 0.445983
11.300 0.448753
11.600 0.451524
11.700 0.454294
12.300 0.457064
12.600 0.459834
12.700 0.462604
12.800 0.465374
12.900 0.470914
12.900 0.470914
13.000 0.476454
13.000 0.476454
13.100 0.479224
13.400 0.481994
13.500 0.484765
13.600 0.487535
13.700 0.490305
13.900 0.495845
13.900 0.495845
14.300 0.498615
14.400 0.501385
14.500 0.506925
14.500 0.506925
14.700 0.509695
14.900 0.512465
15.800 0.515235
16.100 0.520776
16.100 0.520776
16.300 0.523546
16.400 0.526316
16.500 0.529086
16.900 0.531856
17.000 0.534626
17.100 0.537396
17.300 0.540166
17.500 0.542936
17.800 0.545706
18.300 0.551247
18.300 0.551247
18.700 0.554017
19.200 0.556787
19.400 0.562327
19.400 0.562327
20.100 0.565097
20.600 0.567867
20.700 0.570637
20.800 0.573407
21.000 0.576177
21.300 0.578947
21.800 0.581717
22.000 0.587258
22.000 0.587258
23.600 0.592798
23.600 0.592798
23.900 0.595568
24.400 0.598338
24.600 0.601108
25.000 0.603878
25.100 0.606648
25.200 0.609418
25.500 0.612188
26.100 0.614958
26.300 0.617729
26.400 0.626039
26.400 0.626039
26.400 0.626039
26.700 0.628809
26.900 0.631579
27.300 0.639889
27.300 0.639889
27.300 0.639889
27.400 0.645429
27.400 0.645429
27.600 0.648199
28.000 0.65097
28.100 0.65374
28.300 0.65651
28.400 0.66482
28.400 0.66482
28.400 0.66482
28.700 0.66759
28.800 0.67036
28.900 0.67313
29.100 0.6759
29.200 0.67867
29.300 0.68144
29.700 0.684211
29.900 0.686981
30.100 0.689751
30.600 0.692521
30.700 0.695291
31.300 0.698061
31.700 0.700831
31.800 0.703601
32.300 0.706371
32.400 0.709141
33.100 0.711911
33.600 0.717452
33.600 0.717452
34.200 0.722992
34.200 0.722992
34.300 0.725762
34.400 0.728532
34.500 0.731302
34.800 0.734072
35.700 0.736842
36.200 0.742382
36.200 0.742382
37.900 0.745152
38.000 0.747922
38.300 0.750693
38.400 0.753463
38.700 0.756233
38.800 0.759003
38.900 0.764543
38.900 0.764543
39.000 0.767313
39.400 0.770083
39.900 0.775623
39.900 0.775623
40.100 0.781163
40.100 0.781163
40.200 0.786704
40.200 0.786704
40.800 0.789474
40.900 0.792244
41.500 0.795014
41.600 0.797784
42.400 0.800554
42.600 0.803324
42.900 0.806094
43.300 0.811634
43.300 0.811634
43.400 0.814404
43.600 0.817175
43.700 0.822715
43.700 0.822715
43.900 0.825485
44.000 0.833795
44.000 0.833795
44.000 0.833795
44.500 0.836565
45.100 0.839335
46.400 0.842105
46.500 0.844875
46.800 0.847645
47.100 0.850416
47.200 0.853186
47.400 0.855956
48.000 0.861496
48.000 0.861496
48.200 0.864266
48.300 0.869806
48.300 0.869806
48.700 0.875346
48.700 0.875346
48.900 0.878116
49.000 0.880886
49.100 0.883657
49.200 0.886427
49.700 0.891967
49.700 0.891967
50.100 0.894737
50.700 0.897507
52.000 0.900277
52.500 0.903047
52.700 0.908587
52.700 0.908587
53.000 0.911357
53.600 0.914127
54.000 0.916898
54.100 0.919668
54.200 0.922438
54.800 0.925208
55.400 0.927978
55.500 0.930748
55.800 0.933518
56.200 0.936288
56.500 0.939058
56.900 0.941828
57.300 0.944598
57.900 0.947368
58.200 0.952909
58.200 0.952909
59.200 0.958449
59.200 0.958449
59.700 0.961219
59.900 0.963989
60.400 0.966759
61.500 0.969529
67.300 0.972299
69.500 0.975069
75.400 0.977839
76.900 0.980609
80.100 0.98338
93.100 0.98615
114.000 0.98892
115.100 0.99169
120.200 0.99446
127.000 0.99723
129.600 1
