1 1.83826
2 2.61201
3 3.03323
4 4.49281
5 4.70595
6 5.6502
7 6.39997
8 6.91482
9 7.12929
10 7.25288
11 7.70029
12 7.706
13 7.77366
14 7.87526
15 8.77263
16 9.18889
17 9.3565
18 9.39339
19 9.46188
20 9.47364
21 9.57837
22 10.1625
23 10.2616
24 10.2641
25 10.3733
26 10.5063
27 10.6311
28 10.7402
29 10.8029
30 10.9738
31 11.3386
32 11.3656
33 11.4667
34 11.6609
35 12.1809
36 12.3089
37 12.3175
38 12.7708
39 12.8626
40 12.8838
41 12.9705
42 13.5145
43 13.6333
44 13.6908
45 13.9283
46 14.9989
47 15.0801
48 15.2402
49 15.2767
50 15.3882
51 15.4252
52 15.5587
53 15.5859
54 15.7636
55 15.8018
56 15.9201
57 16.0367
58 16.7385
59 16.9195
60 17.0516
61 17.1821
62 17.2622
63 17.4803
64 17.5472
65 17.6041
66 17.7662
67 18.1494
68 18.4009
69 18.425
70 19.1958
71 19.7343
72 20.1578
73 20.2388
74 20.3384
75 20.5176
76 21.1738
77 21.4299
78 21.6774
79 21.8051
80 22.4462
81 22.5292
82 22.9543
83 23.2122
84 23.3151
85 23.5371
86 23.7972
87 24.4196
88 24.6088
89 24.8904
90 25.0235
91 25.6188
92 25.8802
93 26.0442
94 26.289
95 27.0272
96 27.3037
97 27.3594
98 28.1782
99 28.4282
100 29.2651
101 30.9241
102 31.3002
103 31.6436
104 31.8075
105 32.1853
106 32.4851
107 33.993
108 34.1494
109 35.0962
110 35.1592
111 35.4377
112 35.5843
113 35.9493
114 36.255
115 36.3286
116 36.483
117 36.5797
118 36.6337
119 36.7228
120 37.2273
121 37.6997
122 37.7626
123 38.1049
124 38.4278
125 39.0726
126 39.1985
127 39.3982
128 39.6947
129 39.7552
130 39.8696
131 39.8956
132 40.1277
133 40.1957
134 40.2001
135 41.009
136 41.3216
137 41.6432
138 41.9598
139 42.1769
140 42.2618
141 42.6695
142 42.752
143 42.8616
144 42.9308
145 43.6022
146 43.7388
147 43.987
148 44.2604
149 44.4133
150 44.5098
151 44.5195
152 45.1003
153 45.1309
154 45.2326
155 45.8881
156 46.1286
157 46.3158
158 46.6521
159 46.9406
160 47.0418
161 47.9232
162 48.1503
163 48.1605
164 48.3519
165 48.54
166 48.6696
167 48.8119
168 49.1312
169 49.2528
170 49.3548
171 49.4112
172 49.5155
173 49.9047
174 50.2699
175 50.4498
176 50.8527
177 50.8567
178 50.8829
179 51.1565
180 51.1871
181 51.2383
182 51.2876
183 51.8404
184 51.8912
185 51.924
186 53.0496
187 53.304
188 53.6948
189 53.7555
190 54.1341
191 54.1427
192 54.2633
193 54.7767
194 54.8862
195 54.9419
196 55.0544
197 55.0672
198 55.1591
199 55.2363
200 55.3124
201 55.5069
202 55.6045
203 55.6425
204 55.9061
205 55.949
206 55.9699
207 56.0044
208 56.1096
209 56.1124
210 56.1616
211 56.1656
212 56.1926
213 56.2467
214 56.2787
215 56.3427
216 56.4971
217 56.5046
218 56.5242
219 56.6582
220 56.777
221 56.8263
222 57.151
223 57.1539
224 57.2624
225 57.2678
226 57.3651
227 57.5081
228 57.8586
229 57.9513
230 58.0539
231 58.0769
232 58.0831
233 58.0867
234 58.1173
235 58.2459
236 58.2925
237 58.3231
238 58.3777
239 58.4534
240 58.5581
241 58.8041
242 58.9071
243 58.9128
244 58.929
245 58.9562
246 58.9806
247 59.1437
248 59.1826
249 59.2734
250 59.2984
251 59.3595
252 59.3717
253 59.3752
254 59.547
255 59.5586
256 59.6568
257 59.8747
258 59.9728
259 59.9828
260 60.0541
261 60.1427
262 60.1502
263 60.2392
264 60.4441
265 60.5287
266 60.5978
267 60.8044
268 60.9133
269 61.0128
270 61.0405
271 61.1366
272 61.1504
273 61.1574
274 61.2495
275 61.3121
276 61.3268
277 61.3317
278 61.4248
279 61.4765
280 61.5358
281 61.7736
282 61.8367
283 62.0409
284 62.0757
285 62.2181
286 62.3044
287 62.3174
288 62.4175
289 62.4184
290 62.4701
291 62.4916
292 62.7044
293 62.7261
294 62.9043
295 62.9847
296 63.0541
297 63.0562
298 63.0594
299 63.1139
300 63.1384
301 63.1514
302 63.1777
303 63.1999
304 63.2322
305 63.3017
306 63.3077
307 63.3096
308 63.3245
309 63.5106
310 63.5882
311 63.6908
312 63.7315
313 63.7468
314 63.7681
315 64.2756
316 64.5656
317 64.5715
318 64.6276
319 64.7205
320 64.7535
321 64.7552
322 64.8481
323 64.8661
324 64.8827
325 65.0593
326 65.2381
327 65.2732
328 65.3609
329 65.3886
330 65.3997
331 65.4224
332 65.6157
333 65.6714
334 66.0526
335 66.2065
336 66.4828
337 66.4988
338 66.5169
339 66.7375
340 66.9313
341 67.0959
342 67.3666
343 67.9104
344 68.3292
345 68.4664
346 68.9267
347 69.0804
348 69.1112
349 69.2676
350 69.7449
351 69.9924
352 71.6595
353 72.2059
354 73.7325
355 74.8201
356 75.0135
357 76.259
358 76.3393
359 76.3879
360 76.4976
361 78.0186
