0.012796 0.00277008
0.020293 0.00554017
0.044626 0.00831025
0.052391 0.0110803
0.054385 0.0138504
0.069315 0.0166205
0.084578 0.0193906
0.086313 0.0221607
0.095574 0.0249307
0.14437 0.0277008
0.146844 0.0304709
0.160085 0.033241
0.167863 0.0360111
0.17516 0.0387812
0.17689 0.0415512
0.187254 0.0443213
0.192635 0.0470914
0.193598 0.0498615
0.20149 0.0526316
0.209443 0.0554017
0.223395 0.0581717
0.232036 0.0609418
0.24806 0.0637119
0.251561 0.066482
0.2889 0.0692521
0.293609 0.0720222
0.302945 0.0747922
0.308847 0.0775623
0.32185 0.0803324
0.326248 0.0831025
0.339303 0.0858726
0.341671 0.0886427
0.344696 0.0914127
0.370906 0.0941828
0.38014 0.0969529
0.396679 0.099723
0.418188 0.102493
0.433272 0.105263
0.438048 0.108033
0.448249 0.110803
0.455581 0.113573
0.456867 0.116343
0.468151 0.119114
0.500155 0.121884
0.500504 0.124654
0.524824 0.127424
0.562158 0.130194
0.563555 0.132964
0.575917 0.135734
0.616495 0.138504
0.632148 0.141274
0.633619 0.144044
0.63909 0.146814
0.642745 0.149584
0.647386 0.152355
0.655278 0.155125
0.658438 0.157895
0.660617 0.160665
0.663165 0.163435
0.663445 0.166205
0.66369 0.168975
0.673085 0.171745
0.676128 0.174515
0.67797 0.177285
0.684764 0.180055
0.692171 0.182825
0.694591 0.185596
0.695636 0.188366
0.698132 0.191136
0.703068 0.193906
0.705059 0.196676
0.707259 0.199446
0.710434 0.202216
0.714459 0.204986
0.714954 0.207756
0.725704 0.210526
0.727589 0.213296
0.729932 0.216066
0.74705 0.218837
0.770199 0.221607
0.778117 0.224377
0.785087 0.227147
0.789245 0.229917
0.800412 0.232687
0.809702 0.235457
0.812729 0.238227
0.82454 0.240997
0.828829 0.243767
0.842301 0.246537
0.848991 0.249307
0.866757 0.252078
0.891328 0.254848
0.893173 0.257618
0.903182 0.260388
0.9099 0.263158
0.916457 0.265928
0.982493 0.268698
0.99059 0.271468
1.00855 0.274238
1.01043 0.277008
1.02469 0.279778
1.09258 0.282548
1.10112 0.285319
1.13467 0.288089
1.14268 0.290859
1.15271 0.293629
1.17473 0.296399
1.17906 0.299169
1.20356 0.301939
1.22474 0.304709
1.22618 0.307479
1.25141 0.310249
1.3302 0.313019
1.34729 0.315789
1.36747 0.31856
1.37752 0.32133
1.4044 0.3241
1.41615 0.32687
1.43085 0.32964
1.44282 0.33241
1.4502 0.33518
1.47254 0.33795
1.47291 0.34072
1.49139 0.34349
1.50511 0.34626
1.53067 0.34903
1.53552 0.351801
1.57632 0.354571
1.59433 0.357341
1.62813 0.360111
1.70228 0.362881
1.73904 0.365651
1.74594 0.368421
1.74742 0.371191
1.76374 0.373961
1.78482 0.376731
1.80262 0.379501
1.82216 0.382271
1.82742 0.385042
1.84831 0.387812
1.87077 0.390582
1.88813 0.393352
1.89701 0.396122
1.91236 0.398892
1.9179 0.401662
1.93691 0.404432
1.96051 0.407202
1.9789 0.409972
1.99885 0.412742
2.01065 0.415512
2.02908 0.418283
2.19501 0.421053
2.20113 0.423823
2.21356 0.426593
2.23756 0.429363
2.23907 0.432133
2.26403 0.434903
2.30645 0.437673
2.32487 0.440443
2.38636 0.443213
2.39086 0.445983
2.3925 0.448753
2.44728 0.451524
2.44882 0.454294
2.45419 0.457064
2.54862 0.459834
2.65351 0.462604
2.69807 0.465374
2.73465 0.468144
2.8111 0.470914
2.91203 0.473684
2.94528 0.476454
2.99859 0.479224
3.00269 0.481994
3.05545 0.484765
3.07159 0.487535
3.07471 0.490305
3.10751 0.493075
3.16043 0.495845
3.17231 0.498615
3.18912 0.501385
3.19527 0.504155
3.27757 0.506925
3.28834 0.509695
3.46934 0.512465
3.47125 0.515235
3.63214 0.518006
3.71301 0.520776
3.80867 0.523546
3.92323 0.526316
3.93392 0.529086
4.12229 0.531856
4.13722 0.534626
4.15524 0.537396
4.16556 0.540166
4.23449 0.542936
4.23967 0.545706
4.32139 0.548476
4.35422 0.551247
4.36186 0.554017
4.54399 0.556787
4.5952 0.559557
4.77706 0.562327
4.82467 0.565097
4.8571 0.567867
4.90531 0.570637
5.00194 0.573407
5.19147 0.576177
5.25472 0.578947
5.27352 0.581717
5.28745 0.584488
5.31848 0.587258
5.32195 0.590028
5.32408 0.592798
5.35778 0.595568
5.40901 0.598338
5.46016 0.601108
5.53103 0.603878
5.6876 0.606648
5.70402 0.609418
5.75012 0.612188
6.25017 0.614958
6.28948 0.617729
6.2903 0.620499
6.65568 0.623269
6.86179 0.626039
6.91756 0.628809
7.03945 0.631579
7.0505 0.634349
7.11006 0.637119
7.27698 0.639889
7.32378 0.642659
7.4746 0.645429
7.56011 0.648199
7.56744 0.65097
7.65779 0.65374
7.70176 0.65651
7.90769 0.65928
8.12002 0.66205
8.18326 0.66482
8.21728 0.66759
8.43838 0.67036
8.52543 0.67313
8.55887 0.6759
8.61691 0.67867
8.63594 0.68144
8.73232 0.684211
8.8449 0.686981
8.95575 0.689751
8.99989 0.692521
9.32739 0.695291
9.38789 0.698061
9.41968 0.700831
9.65188 0.703601
9.78358 0.706371
10.0228 0.709141
10.3939 0.711911
10.3944 0.714681
10.5548 0.717452
10.5881 0.720222
10.6814 0.722992
10.8612 0.725762
11.1512 0.728532
11.3254 0.731302
11.4293 0.734072
11.5277 0.736842
11.9653 0.739612
12.0825 0.742382
12.33 0.745152
12.4318 0.747922
12.6424 0.750693
13.2439 0.753463
13.3226 0.756233
13.7467 0.759003
13.7934 0.761773
14.401 0.764543
14.6362 0.767313
14.7076 0.770083
14.9206 0.772853
15.8943 0.775623
15.9839 0.778393
16.1181 0.781163
16.2136 0.783934
16.4423 0.786704
16.6918 0.789474
16.8433 0.792244
17.4129 0.795014
17.6834 0.797784
18.5083 0.800554
18.5882 0.803324
18.6546 0.806094
19.3633 0.808864
19.7649 0.811634
20.6582 0.814404
21.0142 0.817175
21.341 0.819945
22.2245 0.822715
22.3083 0.825485
22.4621 0.828255
23.5063 0.831025
24.0224 0.833795
24.212 0.836565
24.6033 0.839335
25.3197 0.842105
25.4492 0.844875
27.106 0.847645
27.505 0.850416
28.7996 0.853186
29.5027 0.855956
29.8712 0.858726
30.4696 0.861496
33.2597 0.864266
34.1602 0.867036
34.4434 0.869806
35.2353 0.872576
35.3199 0.875346
35.7925 0.878116
41.2569 0.880886
43.242 0.883657
43.3459 0.886427
43.519 0.889197
44.9871 0.891967
45.4677 0.894737
46.0934 0.897507
48.7301 0.900277
59.1921 0.903047
61.1877 0.905817
68.9911 0.908587
70.4421 0.911357
74.775 0.914127
75.0988 0.916898
80.5145 0.919668
80.8093 0.922438
83.8408 0.925208
90.4366 0.927978
93.5127 0.930748
95.3249 0.933518
106.315 0.936288
109.277 0.939058
109.556 0.941828
111.645 0.944598
129.819 0.947368
140.535 0.950139
143.196 0.952909
143.611 0.955679
146.803 0.958449
152.563 0.961219
154.213 0.963989
154.465 0.966759
159.957 0.969529
204.35 0.972299
223.932 0.975069
225.462 0.977839
245.707 0.980609
245.715 0.98338
406.013 0.98615
537.728 0.98892
600.16 0.99169
646.972 0.99446
933.183 0.99723
1420.2 1
