0.0021636 0.00277008
0.0117379 0.00554017
0.0156504 0.00831025
0.0227142 0.0110803
0.0346132 0.0138504
0.056225 0.0166205
0.0956035 0.0193906
0.105386 0.0221607
0.120218 0.0249307
0.122217 0.0277008
0.123648 0.0304709
0.125758 0.033241
0.133454 0.0360111
0.180602 0.0387812
0.182032 0.0415512
0.188615 0.0443213
0.203319 0.0470914
0.210234 0.0498615
0.230184 0.0526316
0.248782 0.0554017
0.291429 0.0581717
0.306291 0.0609418
0.327049 0.0637119
0.373771 0.066482
0.376378 0.0692521
0.394767 0.0720222
0.397983 0.0747922
0.42099 0.0775623
0.430576 0.0803324
0.44938 0.0831025
0.463989 0.0858726
0.48162 0.0886427
0.490152 0.0914127
0.502956 0.0941828
0.541137 0.0969529
0.571097 0.099723
0.573898 0.102493
0.575616 0.105263
0.585038 0.108033
0.598204 0.110803
0.609612 0.113573
0.621277 0.116343
0.634149 0.119114
0.636331 0.121884
0.696591 0.124654
0.788772 0.127424
0.798354 0.130194
0.801226 0.132964
0.80541 0.135734
0.827807 0.138504
0.854787 0.141274
0.868481 0.144044
0.870685 0.146814
0.874252 0.149584
0.881946 0.152355
0.888494 0.155125
0.929419 0.157895
0.941455 0.160665
0.943123 0.163435
0.944992 0.166205
0.960165 0.168975
1.02572 0.171745
1.06389 0.174515
1.07282 0.177285
1.08002 0.180055
1.09741 0.182825
1.10325 0.185596
1.14698 0.188366
1.17831 0.191136
1.23336 0.193906
1.2762 0.196676
1.28245 0.199446
1.36216 0.202216
1.37451 0.204986
1.4234 0.207756
1.50001 0.210526
1.54089 0.213296
1.57395 0.216066
1.58488 0.218837
1.5889 0.221607
1.59896 0.224377
1.64448 0.227147
1.66039 0.229917
1.69323 0.232687
1.78086 0.235457
1.78449 0.238227
1.79802 0.240997
1.83161 0.243767
1.85558 0.246537
1.88442 0.249307
1.9467 0.252078
2.0657 0.254848
2.07301 0.257618
2.13312 0.260388
2.16125 0.263158
2.20946 0.265928
2.31322 0.268698
2.33758 0.271468
2.38807 0.274238
2.39033 0.277008
2.42851 0.279778
2.42853 0.282548
2.49498 0.285319
2.55975 0.288089
2.57872 0.290859
2.66871 0.293629
2.71124 0.296399
2.9026 0.299169
2.90702 0.301939
2.91305 0.304709
2.91369 0.307479
3.05549 0.310249
3.31041 0.313019
3.3188 0.315789
3.33141 0.31856
3.37074 0.32133
3.44102 0.3241
3.44259 0.32687
3.52503 0.32964
3.56534 0.33241
3.62807 0.33518
3.72426 0.33795
3.73812 0.34072
3.84735 0.34349
3.98013 0.34626
3.99952 0.34903
4.10563 0.351801
4.15284 0.354571
4.19359 0.357341
4.21808 0.360111
4.22678 0.362881
4.26789 0.365651
4.26987 0.368421
4.29672 0.371191
4.30401 0.373961
4.30538 0.376731
4.31585 0.379501
4.40093 0.382271
4.46648 0.385042
4.98009 0.387812
5.16863 0.390582
5.24348 0.393352
5.30166 0.396122
5.39091 0.398892
5.54626 0.401662
5.54837 0.404432
5.56909 0.407202
5.58744 0.409972
5.59971 0.412742
5.6097 0.415512
5.81826 0.418283
5.84831 0.421053
5.8778 0.423823
5.9803 0.426593
6.13688 0.429363
6.14462 0.432133
6.15692 0.434903
6.17668 0.437673
6.21482 0.440443
6.23559 0.443213
6.23615 0.445983
6.23723 0.448753
6.25551 0.451524
6.26222 0.454294
6.63124 0.457064
6.66505 0.459834
6.6885 0.462604
6.85003 0.465374
6.94062 0.468144
6.96758 0.470914
7.00988 0.473684
7.08259 0.476454
7.13089 0.479224
7.16453 0.481994
7.24161 0.484765
7.27512 0.487535
7.56376 0.490305
7.70064 0.493075
7.75419 0.495845
7.78861 0.498615
7.95877 0.501385
8.0257 0.504155
8.12809 0.506925
8.25412 0.509695
8.29804 0.512465
8.36946 0.515235
8.60957 0.518006
8.69744 0.520776
8.82463 0.523546
8.87156 0.526316
8.89708 0.529086
8.90867 0.531856
8.91103 0.534626
9.06101 0.537396
9.06887 0.540166
9.18677 0.542936
9.41386 0.545706
9.6242 0.548476
9.82391 0.551247
10.0173 0.554017
10.2269 0.556787
10.2449 0.559557
10.4149 0.562327
10.6469 0.565097
10.708 0.567867
10.8368 0.570637
11.2541 0.573407
11.3069 0.576177
11.3446 0.578947
11.5139 0.581717
11.7088 0.584488
11.7702 0.587258
11.8259 0.590028
12.377 0.592798
12.4034 0.595568
12.4814 0.598338
12.6141 0.601108
12.9013 0.603878
13.033 0.606648
13.4147 0.609418
13.4371 0.612188
13.4436 0.614958
14.8492 0.617729
15.1428 0.620499
15.2004 0.623269
15.4098 0.626039
15.7729 0.628809
15.8491 0.631579
15.9077 0.634349
15.9544 0.637119
15.9665 0.639889
16.1845 0.642659
16.2311 0.645429
16.3573 0.648199
16.3756 0.65097
16.522 0.65374
16.6578 0.65651
16.7492 0.65928
16.7777 0.66205
17.2182 0.66482
17.2321 0.66759
17.6875 0.67036
17.8887 0.67313
18.3754 0.6759
18.9193 0.67867
19.0527 0.68144
19.3147 0.684211
19.3461 0.686981
19.7806 0.689751
19.8571 0.692521
20.1002 0.695291
20.2128 0.698061
20.2619 0.700831
20.2714 0.703601
20.6907 0.706371
21.1021 0.709141
21.1723 0.711911
21.6182 0.714681
21.8592 0.717452
21.9749 0.720222
22.5935 0.722992
22.6459 0.725762
22.7085 0.728532
23.5916 0.731302
23.8623 0.734072
23.8864 0.736842
24.0317 0.739612
24.2885 0.742382
24.6497 0.745152
25.0544 0.747922
25.7752 0.750693
26.457 0.753463
26.6296 0.756233
26.8705 0.759003
27.4654 0.761773
27.8891 0.764543
27.9768 0.767313
28.4996 0.770083
29.1177 0.772853
29.135 0.775623
29.7467 0.778393
30.3861 0.781163
30.5991 0.783934
31.0684 0.786704
31.1361 0.789474
31.5354 0.792244
31.5869 0.795014
31.7918 0.797784
32.3526 0.800554
33.1434 0.803324
33.4797 0.806094
33.9157 0.808864
36.1496 0.811634
36.5345 0.814404
36.6251 0.817175
37.2762 0.819945
38.1105 0.822715
38.2814 0.825485
38.7329 0.828255
39.0509 0.831025
40.5414 0.833795
40.7495 0.836565
41.5261 0.839335
41.813 0.842105
41.8161 0.844875
42.213 0.847645
42.8266 0.850416
42.8276 0.853186
42.9974 0.855956
43.8558 0.858726
44.2859 0.861496
44.6873 0.864266
46.4667 0.867036
48.5234 0.869806
50.153 0.872576
50.739 0.875346
51.7893 0.878116
52.9201 0.880886
53.6949 0.883657
55.5722 0.886427
55.9706 0.889197
57.1348 0.891967
57.5359 0.894737
58.4943 0.897507
62.0436 0.900277
64.3611 0.903047
64.5642 0.905817
64.8048 0.908587
65.1879 0.911357
65.5116 0.914127
65.7989 0.916898
68.3322 0.919668
70.8345 0.922438
73.8018 0.925208
74.4346 0.927978
78.6805 0.930748
81.2185 0.933518
94.3353 0.936288
94.3986 0.939058
94.6069 0.941828
97.0996 0.944598
98.5942 0.947368
102.174 0.950139
104.064 0.952909
108.058 0.955679
108.15 0.958449
109.915 0.961219
110.114 0.963989
120.151 0.966759
120.784 0.969529
121.711 0.972299
133.865 0.975069
137.559 0.977839
145.172 0.980609
145.285 0.98338
147.888 0.98615
151.365 0.98892
162.852 0.99169
197.983 0.99446
208.169 0.99723
222.04 1
