0.094133 0.00277008
0.288918 0.00554017
0.318745 0.00831025
0.321607 0.0110803
0.344592 0.0138504
0.378876 0.0166205
0.428430 0.0193906
0.477152 0.0221607
0.508948 0.0249307
0.602215 0.0277008
0.672368 0.0304709
0.673831 0.033241
0.689878 0.0360111
0.696935 0.0387812
0.698759 0.0415512
0.709914 0.0443213
0.789534 0.0470914
0.899108 0.0498615
0.980039 0.0526316
1.087246 0.0554017
1.105423 0.0581717
1.127952 0.0609418
1.165047 0.0637119
1.173449 0.066482
1.184510 0.0692521
1.370593 0.0720222
1.373509 0.0747922
1.401298 0.0775623
1.427263 0.0803324
1.452458 0.0831025
1.599931 0.0858726
1.693221 0.0886427
1.746293 0.0914127
1.882518 0.0941828
1.883535 0.0969529
1.941914 0.099723
1.968723 0.102493
2.006827 0.105263
2.013659 0.108033
2.028296 0.110803
2.148424 0.113573
2.156550 0.116343
2.173832 0.119114
2.325949 0.121884
2.333009 0.124654
2.368621 0.127424
2.379211 0.130194
2.382991 0.132964
2.383313 0.135734
2.388223 0.138504
2.388518 0.141274
2.488186 0.144044
2.491027 0.146814
2.492671 0.149584
2.618194 0.152355
2.673820 0.155125
2.699425 0.157895
2.721581 0.160665
2.760664 0.163435
2.800015 0.166205
2.824323 0.168975
2.867179 0.171745
2.909052 0.174515
2.932397 0.177285
2.978350 0.180055
2.983725 0.182825
3.030779 0.185596
3.077090 0.188366
3.095490 0.191136
3.103572 0.193906
3.168322 0.196676
3.186092 0.199446
3.193308 0.202216
3.219445 0.204986
3.222280 0.207756
3.281724 0.210526
3.288731 0.213296
3.289489 0.216066
3.303733 0.218837
3.310983 0.221607
3.334293 0.224377
3.499585 0.227147
3.558508 0.229917
3.562137 0.232687
3.574894 0.235457
3.582152 0.238227
3.791697 0.240997
3.955722 0.243767
3.964609 0.246537
3.979848 0.249307
4.019767 0.252078
4.058621 0.254848
4.175211 0.257618
4.197473 0.260388
4.216227 0.263158
4.314561 0.265928
4.345516 0.268698
4.354638 0.271468
4.410021 0.274238
4.416280 0.277008
4.504440 0.279778
4.521550 0.282548
4.543398 0.285319
4.677131 0.288089
4.698784 0.290859
4.711064 0.293629
4.740429 0.296399
4.744620 0.299169
4.746595 0.301939
4.804897 0.304709
4.942803 0.307479
4.963548 0.310249
4.990286 0.313019
5.071324 0.315789
5.194538 0.31856
5.259316 0.32133
5.312702 0.3241
5.353295 0.32687
5.550756 0.32964
5.577207 0.33241
5.620038 0.33518
5.653003 0.33795
5.868388 0.34072
6.013163 0.34349
6.025455 0.34626
6.317788 0.34903
6.527192 0.351801
6.580361 0.354571
6.605203 0.357341
6.695887 0.360111
6.751136 0.362881
6.905034 0.365651
6.932195 0.368421
6.945568 0.371191
7.037441 0.373961
7.100100 0.376731
7.331625 0.379501
7.341234 0.382271
7.371309 0.385042
7.403748 0.387812
7.421964 0.390582
7.468893 0.393352
7.518329 0.396122
7.544176 0.398892
7.551163 0.401662
7.569233 0.404432
7.592246 0.407202
7.610564 0.409972
7.622327 0.412742
7.624637 0.415512
7.650268 0.418283
7.721737 0.421053
7.842849 0.423823
7.874055 0.426593
7.902647 0.429363
7.934143 0.432133
8.414896 0.434903
8.544203 0.437673
8.578443 0.440443
8.646780 0.443213
8.685204 0.445983
8.686709 0.448753
8.780406 0.451524
8.831776 0.454294
8.866698 0.457064
8.951356 0.459834
8.968073 0.462604
9.127262 0.465374
9.221258 0.468144
9.374179 0.470914
9.412515 0.473684
9.465583 0.476454
9.473819 0.479224
10.166357 0.481994
10.182784 0.484765
10.312597 0.487535
10.360365 0.490305
10.407227 0.493075
10.676692 0.495845
10.700457 0.498615
10.764803 0.501385
10.938641 0.504155
10.945786 0.506925
11.042044 0.509695
11.137435 0.512465
11.144643 0.515235
11.193081 0.518006
11.546355 0.520776
11.734468 0.523546
11.965967 0.526316
12.048798 0.529086
12.085173 0.531856
12.484271 0.534626
12.513714 0.537396
12.529939 0.540166
12.560435 0.542936
12.586237 0.545706
12.600090 0.548476
12.655616 0.551247
12.831637 0.554017
12.882000 0.556787
12.885338 0.559557
13.032168 0.562327
13.123283 0.565097
13.158832 0.567867
13.412319 0.570637
13.776252 0.573407
13.803670 0.576177
13.882437 0.578947
13.944121 0.581717
14.159510 0.584488
14.232044 0.587258
14.267294 0.590028
14.271502 0.592798
14.283676 0.595568
14.784949 0.598338
15.232143 0.601108
15.594794 0.603878
15.793295 0.606648
15.980431 0.609418
16.495243 0.612188
16.675152 0.614958
16.692597 0.617729
16.759567 0.620499
17.197646 0.623269
17.729530 0.626039
17.956917 0.628809
18.244906 0.631579
18.286940 0.634349
18.576907 0.637119
18.668766 0.639889
18.864708 0.642659
19.060825 0.645429
19.061923 0.648199
19.113897 0.65097
19.366372 0.65374
19.478767 0.65651
19.484904 0.65928
19.720279 0.66205
20.130308 0.66482
20.134261 0.66759
20.222247 0.67036
20.386960 0.67313
20.698869 0.6759
20.853883 0.67867
20.872015 0.68144
21.364959 0.684211
21.617158 0.686981
21.983287 0.689751
22.556655 0.692521
22.638774 0.695291
23.019201 0.698061
23.138775 0.700831
23.292539 0.703601
23.585507 0.706371
23.887429 0.709141
23.949717 0.711911
24.020411 0.714681
24.614520 0.717452
25.811487 0.720222
25.995955 0.722992
26.243266 0.725762
26.281765 0.728532
26.601419 0.731302
26.746306 0.734072
26.795360 0.736842
26.916063 0.739612
26.923221 0.742382
26.970997 0.745152
27.652290 0.747922
27.804908 0.750693
27.997056 0.753463
28.184202 0.756233
28.791958 0.759003
29.086748 0.761773
29.460609 0.764543
29.876468 0.767313
30.340952 0.770083
30.724502 0.772853
31.236297 0.775623
31.444642 0.778393
31.496429 0.781163
31.568617 0.783934
31.861264 0.786704
32.047269 0.789474
32.892543 0.792244
33.055088 0.795014
33.100092 0.797784
33.129585 0.800554
33.250985 0.803324
33.570942 0.806094
33.638254 0.808864
33.728606 0.811634
33.929333 0.814404
33.947176 0.817175
33.962137 0.819945
34.013554 0.822715
34.893268 0.825485
35.030946 0.828255
35.035086 0.831025
35.226834 0.833795
35.423112 0.836565
35.604694 0.839335
35.801232 0.842105
37.388766 0.844875
39.117455 0.847645
39.173034 0.850416
39.797488 0.853186
40.136701 0.855956
41.539267 0.858726
41.930863 0.861496
42.717344 0.864266
43.654016 0.867036
45.428950 0.869806
45.972854 0.872576
46.090645 0.875346
47.286111 0.878116
47.741410 0.880886
48.326203 0.883657
48.844346 0.886427
49.222335 0.889197
49.224567 0.891967
51.674354 0.894737
56.361651 0.897507
56.851399 0.900277
57.971179 0.903047
58.058518 0.905817
58.512998 0.908587
59.032667 0.911357
59.402615 0.914127
59.407502 0.916898
61.947727 0.919668
63.693178 0.922438
68.121493 0.925208
73.224539 0.927978
77.282792 0.930748
79.539865 0.933518
85.693848 0.936288
90.217197 0.939058
92.598867 0.941828
102.073789 0.944598
102.626324 0.947368
103.114629 0.950139
105.563045 0.952909
110.740650 0.955679
115.433514 0.958449
120.246756 0.961219
122.916222 0.963989
123.850012 0.966759
136.651981 0.969529
137.737143 0.972299
159.588623 0.975069
159.704649 0.977839
166.283619 0.980609
167.244387 0.98338
200.874043 0.98615
222.237778 0.98892
224.165106 0.99169
228.289819 0.99446
302.932858 0.99723
314.037204 1
