0.014382 0.00277008
0.0849061 0.00554017
0.0923104 0.00831025
0.150622 0.0110803
0.387632 0.0138504
0.436454 0.0166205
0.52661 0.0193906
0.754703 0.0221607
0.852232 0.0249307
0.869514 0.0277008
0.878832 0.0304709
0.889584 0.033241
0.922702 0.0360111
0.986123 0.0387812
1.017 0.0415512
1.03286 0.0443213
1.22065 0.0470914
1.2399 0.0498615
1.24601 0.0526316
1.26155 0.0554017
1.36803 0.0581717
1.38516 0.0609418
1.41704 0.0637119
1.47454 0.066482
1.54454 0.0692521
1.63748 0.0720222
2.08048 0.0747922
2.08916 0.0775623
2.23598 0.0803324
2.24349 0.0831025
2.35341 0.0858726
2.36072 0.0886427
2.45761 0.0914127
2.4618 0.0941828
2.57244 0.0969529
2.76067 0.099723
2.85335 0.102493
2.85624 0.105263
2.92568 0.108033
3.00566 0.110803
3.07652 0.113573
3.1024 0.116343
3.1632 0.119114
3.32763 0.121884
3.37991 0.124654
3.47235 0.127424
3.55004 0.130194
3.59675 0.132964
3.64957 0.135734
3.6847 0.138504
3.8543 0.141274
3.87649 0.144044
3.88011 0.146814
3.99678 0.149584
4.00987 0.152355
4.03084 0.155125
4.03604 0.157895
4.07254 0.160665
4.20828 0.163435
4.23458 0.166205
4.26524 0.168975
4.40664 0.171745
4.45816 0.174515
4.48884 0.177285
4.51786 0.180055
4.54325 0.182825
4.92248 0.185596
4.92803 0.188366
5.01961 0.191136
5.18793 0.193906
5.2214 0.196676
5.30296 0.199446
5.34029 0.202216
5.39679 0.204986
5.47139 0.207756
5.56147 0.210526
5.76681 0.213296
5.8526 0.216066
5.92786 0.218837
6.02311 0.221607
6.0465 0.224377
6.16045 0.227147
6.25207 0.229917
6.27089 0.232687
6.27379 0.235457
6.27953 0.238227
6.28771 0.240997
6.29195 0.243767
6.32208 0.246537
6.6335 0.249307
6.87516 0.252078
6.96772 0.254848
7.26332 0.257618
7.26804 0.260388
7.27157 0.263158
7.4054 0.265928
7.45304 0.268698
7.70546 0.271468
7.81181 0.274238
7.94556 0.277008
8.0155 0.279778
8.10869 0.282548
8.12111 0.285319
8.23996 0.288089
8.25877 0.290859
8.27463 0.293629
8.37947 0.296399
8.53591 0.299169
8.60671 0.301939
8.64677 0.304709
8.80495 0.307479
8.93191 0.310249
9.32691 0.313019
9.40608 0.315789
9.45233 0.31856
9.47776 0.32133
9.58262 0.3241
9.59211 0.32687
9.96236 0.32964
9.98312 0.33241
9.98487 0.33518
10.3297 0.33795
10.3312 0.34072
10.5652 0.34349
10.6071 0.34626
10.8768 0.34903
10.9479 0.351801
11.1319 0.354571
11.3889 0.357341
11.5938 0.360111
11.6319 0.362881
11.6378 0.365651
11.8835 0.368421
11.8982 0.371191
11.989 0.373961
12.0272 0.376731
12.0538 0.379501
12.0641 0.382271
12.5065 0.385042
12.7064 0.387812
12.9765 0.390582
13.0716 0.393352
13.0866 0.396122
13.3103 0.398892
13.7117 0.401662
13.9732 0.404432
14.0229 0.407202
14.3904 0.409972
14.4742 0.412742
14.5698 0.415512
15.1427 0.418283
15.1566 0.421053
15.2308 0.423823
15.3619 0.426593
15.6821 0.429363
15.8426 0.432133
16.1874 0.434903
16.5732 0.437673
16.8806 0.440443
16.9793 0.443213
18.2866 0.445983
18.4422 0.448753
18.8266 0.451524
18.9655 0.454294
19.0165 0.457064
19.1968 0.459834
19.8131 0.462604
20.4458 0.465374
20.477 0.468144
20.9478 0.470914
20.9619 0.473684
21.2249 0.476454
22.0074 0.479224
22.078 0.481994
22.1019 0.484765
22.3605 0.487535
22.561 0.490305
22.9776 0.493075
24.2094 0.495845
24.591 0.498615
24.7462 0.501385
25.0541 0.504155
25.0938 0.506925
25.2266 0.509695
26.1299 0.512465
26.4621 0.515235
26.4874 0.518006
26.5437 0.520776
27.1494 0.523546
27.2496 0.526316
27.3867 0.529086
27.5823 0.531856
28.0741 0.534626
28.4683 0.537396
29.1277 0.540166
29.1812 0.542936
29.2372 0.545706
29.2436 0.548476
29.5684 0.551247
29.8425 0.554017
29.8885 0.556787
31.2459 0.559557
31.4474 0.562327
31.4864 0.565097
31.908 0.567867
32.6757 0.570637
32.7571 0.573407
33.1502 0.576177
33.3074 0.578947
33.3699 0.581717
33.5178 0.584488
33.6193 0.587258
34.2916 0.590028
34.539 0.592798
34.6479 0.595568
34.8727 0.598338
34.9022 0.601108
35.2331 0.603878
35.2793 0.606648
35.3733 0.609418
35.3878 0.612188
36.0836 0.614958
36.5635 0.617729
36.7307 0.620499
37.5658 0.623269
37.9173 0.626039
37.9909 0.628809
38.224 0.631579
38.5201 0.634349
40.0311 0.637119
40.7052 0.639889
41.0158 0.642659
41.1065 0.645429
41.6805 0.648199
42.6699 0.65097
42.8272 0.65374
43.8493 0.65651
44.9219 0.65928
45.3908 0.66205
45.4709 0.66482
45.5206 0.66759
45.9658 0.67036
46.3263 0.67313
46.5839 0.6759
46.6548 0.67867
46.9936 0.68144
47.9384 0.684211
48.7188 0.686981
48.777 0.689751
48.9648 0.692521
50.5766 0.695291
51.6188 0.698061
52.2431 0.700831
52.2612 0.703601
52.7963 0.706371
56.3947 0.709141
56.409 0.711911
58.7135 0.714681
59.262 0.717452
59.7191 0.720222
60.417 0.722992
60.8097 0.725762
61.0364 0.728532
62.3664 0.731302
62.6234 0.734072
62.844 0.736842
64.8933 0.739612
65.3164 0.742382
66.6123 0.745152
66.9953 0.747922
70.1347 0.750693
70.3331 0.753463
70.4373 0.756233
70.6543 0.759003
71.1245 0.761773
71.5091 0.764543
72.8495 0.767313
73.1115 0.770083
73.9478 0.772853
74.3672 0.775623
75.4587 0.778393
75.7644 0.781163
76.4991 0.783934
77.0946 0.786704
77.6105 0.789474
77.8079 0.792244
78.4718 0.795014
78.5918 0.797784
80.0029 0.800554
80.8409 0.803324
80.8583 0.806094
80.9115 0.808864
81.6008 0.811634
82.6734 0.814404
83.6514 0.817175
85.4351 0.819945
85.5351 0.822715
85.8757 0.825485
87.2451 0.828255
88.0506 0.831025
89.2366 0.833795
89.6905 0.836565
90.0855 0.839335
92.8773 0.842105
93.4 0.844875
93.8578 0.847645
94.3558 0.850416
94.5413 0.853186
95.655 0.855956
96.6459 0.858726
97.8494 0.861496
97.9813 0.864266
98.1156 0.867036
98.9821 0.869806
99.2159 0.872576
99.4071 0.875346
102.746 0.878116
102.808 0.880886
103.423 0.883657
103.971 0.886427
105.455 0.889197
106.27 0.891967
106.317 0.894737
106.999 0.897507
109.56 0.900277
109.831 0.903047
109.984 0.905817
110.474 0.908587
110.715 0.911357
111.588 0.914127
112.24 0.916898
114.194 0.919668
115.273 0.922438
116.012 0.925208
116.284 0.927978
116.882 0.930748
119.634 0.933518
121.773 0.936288
123.022 0.939058
125.27 0.941828
127.133 0.944598
129.666 0.947368
129.724 0.950139
132.12 0.952909
136.65 0.955679
137.504 0.958449
139.056 0.961219
141.971 0.963989
144.322 0.966759
144.599 0.969529
145.303 0.972299
145.552 0.975069
146.693 0.977839
147.593 0.980609
148.39 0.98338
150.376 0.98615
151.104 0.98892
151.46 0.99169
157.888 0.99446
160.352 0.99723
178.012 1
