0.044323 0.00277008
0.067284 0.00554017
0.072899 0.00831025
0.079170 0.0110803
0.102964 0.0138504
0.112474 0.0166205
0.114477 0.0193906
0.118216 0.0221607
0.121696 0.0249307
0.125568 0.0277008
0.132988 0.0304709
0.141102 0.033241
0.142897 0.0360111
0.154681 0.0387812
0.170069 0.0415512
0.178200 0.0443213
0.187917 0.0470914
0.188704 0.0498615
0.213413 0.0526316
0.231283 0.0554017
0.241547 0.0581717
0.282218 0.0609418
0.282221 0.0637119
0.282272 0.066482
0.291420 0.0692521
0.291460 0.0720222
0.310255 0.0747922
0.328461 0.0775623
0.357552 0.0803324
0.357993 0.0831025
0.358007 0.0858726
0.365732 0.0886427
0.389433 0.0914127
0.393250 0.0941828
0.402802 0.0969529
0.404721 0.099723
0.412838 0.102493
0.428020 0.105263
0.434000 0.108033
0.435606 0.110803
0.452329 0.113573
0.453328 0.116343
0.466043 0.119114
0.489639 0.121884
0.520308 0.124654
0.524263 0.127424
0.526945 0.130194
0.527160 0.132964
0.535425 0.135734
0.537395 0.138504
0.557817 0.141274
0.557880 0.144044
0.558390 0.146814
0.563644 0.149584
0.565939 0.152355
0.590554 0.155125
0.600275 0.157895
0.606347 0.160665
0.624355 0.163435
0.631439 0.166205
0.632812 0.168975
0.633403 0.171745
0.633827 0.174515
0.637341 0.177285
0.644707 0.180055
0.654894 0.182825
0.657892 0.185596
0.661212 0.188366
0.669257 0.191136
0.677366 0.193906
0.679782 0.196676
0.686674 0.199446
0.691675 0.202216
0.694849 0.204986
0.702212 0.207756
0.704037 0.210526
0.713255 0.213296
0.716855 0.216066
0.738098 0.218837
0.743599 0.221607
0.748825 0.224377
0.748894 0.227147
0.764673 0.229917
0.798386 0.232687
0.805210 0.235457
0.807648 0.238227
0.825531 0.240997
0.874416 0.243767
0.882366 0.246537
0.884489 0.249307
0.901611 0.252078
0.903511 0.254848
0.903831 0.257618
0.952742 0.260388
0.965599 0.263158
0.971858 0.265928
0.974352 0.268698
0.978763 0.271468
0.982848 0.274238
0.999039 0.277008
0.999134 0.279778
1.041707 0.282548
1.066433 0.285319
1.066498 0.288089
1.081827 0.290859
1.085951 0.293629
1.086382 0.296399
1.088402 0.299169
1.091563 0.301939
1.091797 0.304709
1.104187 0.307479
1.117498 0.310249
1.122622 0.313019
1.125487 0.315789
1.130660 0.31856
1.153140 0.32133
1.177681 0.3241
1.200962 0.32687
1.201927 0.32964
1.203747 0.33241
1.222685 0.33518
1.241234 0.33795
1.338032 0.34072
1.338570 0.34349
1.434433 0.34626
1.445055 0.34903
1.463538 0.351801
1.482212 0.354571
1.507969 0.357341
1.519180 0.360111
1.545573 0.362881
1.548843 0.365651
1.549103 0.368421
1.578600 0.371191
1.593204 0.373961
1.597992 0.376731
1.618546 0.379501
1.634743 0.382271
1.644066 0.385042
1.656063 0.387812
1.675671 0.390582
1.679988 0.393352
1.707251 0.396122
1.744383 0.398892
1.768482 0.401662
1.771984 0.404432
1.802818 0.407202
1.830509 0.409972
1.847300 0.412742
1.876526 0.415512
1.879881 0.418283
1.903397 0.421053
1.991743 0.423823
2.045595 0.426593
2.051315 0.429363
2.073376 0.432133
2.077370 0.434903
2.116697 0.437673
2.162746 0.440443
2.203556 0.443213
2.254583 0.445983
2.266396 0.448753
2.319284 0.451524
2.384117 0.454294
2.409101 0.457064
2.429586 0.459834
2.455696 0.462604
2.476748 0.465374
2.483858 0.468144
2.601250 0.470914
2.602268 0.473684
2.634743 0.476454
2.685701 0.479224
2.691917 0.481994
2.782049 0.484765
2.800993 0.487535
2.811771 0.490305
2.881207 0.493075
2.886503 0.495845
2.908569 0.498615
2.912605 0.501385
2.966290 0.504155
2.973900 0.506925
2.980291 0.509695
3.037169 0.512465
3.345467 0.515235
3.382484 0.518006
3.386274 0.520776
3.418951 0.523546
3.491993 0.526316
3.507107 0.529086
3.543564 0.531856
3.676588 0.534626
3.684975 0.537396
3.698040 0.540166
3.855434 0.542936
3.859493 0.545706
4.038523 0.548476
4.108128 0.551247
4.226818 0.554017
4.237679 0.556787
4.318226 0.559557
4.358709 0.562327
4.563887 0.565097
4.602386 0.567867
4.705105 0.570637
4.762739 0.573407
4.809746 0.576177
4.917404 0.578947
4.939121 0.581717
4.984798 0.584488
5.084320 0.587258
5.146946 0.590028
5.162994 0.592798
5.339293 0.595568
5.628788 0.598338
5.730154 0.601108
5.956291 0.603878
6.039270 0.606648
6.055294 0.609418
6.222641 0.612188
6.222816 0.614958
6.325809 0.617729
6.408775 0.620499
6.437469 0.623269
6.541489 0.626039
6.843513 0.628809
7.007755 0.631579
7.028801 0.634349
7.495724 0.637119
7.543365 0.639889
7.587109 0.642659
7.621717 0.645429
7.727501 0.648199
7.744652 0.65097
7.759369 0.65374
7.786715 0.65651
7.793625 0.65928
7.876795 0.66205
7.950836 0.66482
8.279404 0.66759
8.317913 0.67036
8.404359 0.67313
8.426611 0.6759
8.499908 0.67867
8.602367 0.68144
8.675079 0.684211
8.738590 0.686981
8.788733 0.689751
8.892002 0.692521
8.926432 0.695291
8.980042 0.698061
9.048862 0.700831
9.142567 0.703601
9.183231 0.706371
9.207214 0.709141
9.244808 0.711911
9.633396 0.714681
9.986591 0.717452
10.391148 0.720222
10.409843 0.722992
10.412491 0.725762
10.626083 0.728532
10.646097 0.731302
10.823997 0.734072
10.949745 0.736842
11.199692 0.739612
11.255955 0.742382
11.257107 0.745152
11.373878 0.747922
11.494034 0.750693
11.842876 0.753463
11.852985 0.756233
12.421595 0.759003
12.422894 0.761773
12.491583 0.764543
13.197149 0.767313
13.767618 0.770083
14.368217 0.772853
14.433037 0.775623
14.877768 0.778393
15.355942 0.781163
16.087975 0.783934
16.205931 0.786704
16.658577 0.789474
16.792522 0.792244
17.373161 0.795014
17.693914 0.797784
17.953289 0.800554
18.052891 0.803324
18.313572 0.806094
18.512932 0.808864
19.014061 0.811634
19.420609 0.814404
20.145420 0.817175
20.498230 0.819945
20.584137 0.822715
21.022667 0.825485
21.242199 0.828255
21.562088 0.831025
22.277691 0.833795
22.464020 0.836565
22.520416 0.839335
22.625298 0.842105
23.450836 0.844875
23.469463 0.847645
24.116089 0.850416
25.456459 0.853186
26.798740 0.855956
26.894165 0.858726
27.371666 0.861496
28.444044 0.864266
29.116486 0.867036
31.456451 0.869806
32.036453 0.872576
32.227119 0.875346
32.889748 0.878116
33.230370 0.880886
33.656296 0.883657
34.616486 0.886427
36.262955 0.889197
42.763229 0.891967
44.168064 0.894737
45.822777 0.897507
45.934803 0.900277
46.328201 0.903047
46.451111 0.905817
46.834717 0.908587
48.126503 0.911357
48.541794 0.914127
51.172653 0.916898
53.312611 0.919668
56.863541 0.922438
59.122658 0.925208
63.095757 0.927978
63.799698 0.930748
67.020599 0.933518
67.526382 0.936288
68.951050 0.939058
69.585785 0.941828
72.763252 0.944598
75.111969 0.947368
80.416199 0.950139
83.581314 0.952909
88.276596 0.955679
88.764236 0.958449
95.325867 0.961219
102.524277 0.963989
104.830444 0.966759
113.318863 0.969529
115.865410 0.972299
129.385330 0.975069
133.997375 0.977839
141.260452 0.980609
148.995499 0.98338
150.785355 0.98615
200.974747 0.98892
269.103455 0.99169
292.336273 0.99446
300.427124 0.99723
303.108582 1
