0 0.00277008
.7317 0.00554017
2.250 0.00831025
2.550 0.0110803
3.8762 0.0138504
4.67475 0.0166205
4.750 0.0193906
5.300 0.0221607
7.175 0.0249307
9.563 0.0277008
9.9138 0.0304709
11.025 0.033241
12.8008 0.0387812
12.8008 0.0387812
13.0808 0.0415512
13.750 0.0443213
13.900 0.0470914
13.938 0.0498615
14.4525 0.0526316
14.625 0.0554017
15.5775 0.0581717
16.238 0.0609418
16.850 0.0637119
17.7317 0.066482
19.850 0.0692521
21.3763 0.0720222
22.1733 0.0747922
22.575 0.0775623
23.7850 0.0803324
23.7975 0.0831025
24.5775 0.0858726
25.188 0.0886427
25.4350 0.0914127
29.550 0.0941828
31.050 0.0969529
31.325 0.099723
31.450 0.102493
31.5858 0.105263
31.675 0.108033
32.1492 0.110803
33.6108 0.113573
34.2383 0.116343
39.550 0.119114
40.2488 0.121884
40.4825 0.124654
41.32838 0.127424
41.437 0.130194
42.675 0.132964
45.0013 0.135734
45.0525 0.138504
45.2113 0.141274
46.050 0.144044
47.0650 0.146814
48.225 0.149584
52.063 0.152355
53.3475 0.155125
54.162 0.157895
54.163 0.160665
54.8938 0.163435
54.9350 0.166205
55.2488 0.168975
55.6283 0.171745
58.89975 0.174515
59.8758 0.177285
60.2175 0.180055
60.3263 0.182825
62.1113 0.185596
62.650 0.188366
64.625 0.191136
65.250 0.193906
65.575 0.196676
66.8775 0.199446
67.650 0.202216
67.950 0.204986
68.1075 0.207756
72.3863 0.210526
72.650 0.213296
73.625 0.216066
74.325 0.218837
75.2758 0.221607
75.2788 0.224377
77.550 0.227147
78.3938 0.229917
80.3933 0.232687
81.575 0.235457
83.100 0.238227
84.1425 0.240997
84.9350 0.243767
87.450 0.246537
89.500 0.249307
91.238 0.252078
92.2938 0.254848
92.425 0.257618
95.987 0.260388
96.5850 0.263158
97.025 0.265928
97.3388 0.268698
98.8350 0.271468
99.9850 0.274238
101.325 0.277008
101.5817 0.279778
103.838 0.282548
107.0575 0.285319
109.9613 0.288089
110.0325 0.290859
115.600 0.293629
118.7350 0.296399
122.625 0.299169
123.200 0.301939
123.6175 0.304709
126.963 0.307479
131.9558 0.310249
132.9742 0.313019
133.650 0.315789
135.900 0.31856
136.763 0.32133
138.6175 0.3241
139.4650 0.32687
144.050 0.32964
145.950 0.33241
148.8933 0.33518
154.7575 0.33795
159.2150 0.34072
166.6583 0.34349
169.1575 0.34626
183.2775 0.34903
186.150 0.351801
186.3313 0.354571
189.2025 0.357341
192.5192 0.360111
194.3638 0.362881
194.550 0.365651
197.9838 0.368421
201.8888 0.371191
204.5175 0.373961
215.9350 0.376731
223.3558 0.379501
228.2608 0.382271
253.1783 0.385042
257.938 0.387812
260.213 0.390582
263.850 0.393352
264.5775 0.396122
265.000 0.398892
266.100 0.401662
266.2012 0.404432
268.375 0.407202
272.4650 0.409972
273.4563 0.412742
275.238 0.415512
285.62888 0.418283
290.000 0.421053
295.7025 0.423823
298.950 0.426593
298.9813 0.429363
313.2317 0.432133
327.200 0.434903
329.350 0.437673
335.813 0.440443
337.2638 0.443213
343.087 0.445983
347.0650 0.448753
353.5150 0.451524
356.1850 0.454294
361.475 0.457064
367.0363 0.459834
367.950 0.462604
370.5012 0.465374
371.1067 0.468144
372.2850 0.470914
386.1692 0.473684
387.4238 0.476454
387.825 0.479224
392.3238 0.481994
411.8925 0.484765
423.9675 0.487535
424.2638 0.490305
432.0488 0.493075
445.950 0.495845
446.100 0.498615
453.3525 0.501385
457.5525 0.504155
458.063 0.506925
462.2058 0.509695
463.3575 0.512465
473.250 0.515235
488.213 0.518006
491.300 0.520776
512.1063 0.523546
513.362 0.526316
515.900 0.529086
520.275 0.531856
528.0888 0.534626
537.1850 0.537396
539.4975 0.540166
547.4775 0.542936
556.2525 0.545706
562.0392 0.548476
564.7858 0.551247
569.8933 0.554017
571.2650 0.556787
578.850 0.559557
583.2138 0.562327
584.4075 0.565097
592.9808 0.567867
595.9808 0.570637
596.6150 0.573407
605.5275 0.576177
611.8725 0.578947
627.8475 0.581717
628.575 0.584488
646.9650 0.587258
650.0363 0.590028
660.3358 0.592798
662.625 0.595568
666.5438 0.598338
668.2013 0.601108
668.700 0.603878
677.1650 0.606648
678.8738 0.609418
679.350 0.612188
682.950 0.614958
706.0850 0.617729
711.125 0.620499
734.387 0.623269
748.575 0.626039
758.000 0.628809
761.813 0.631579
764.4858 0.634349
773.7113 0.637119
775.3308 0.639889
786.3562 0.642659
789.525 0.645429
790.600 0.648199
817.2225 0.65097
818.0988 0.65374
822.1238 0.65651
833.900 0.65928
837.0188 0.66205
840.0675 0.66482
847.425 0.66759
849.937 0.67036
855.850 0.67313
883.250 0.6759
885.550 0.67867
891.8150 0.68144
893.2617 0.684211
914.4563 0.686981
923.3175 0.689751
932.500 0.692521
933.938 0.695291
944.588 0.698061
952.450 0.700831
965.100 0.703601
973.3762 0.706371
974.3387 0.709141
976.8575 0.711911
978.675 0.714681
981.400 0.717452
982.300 0.720222
993.450 0.722992
1001.9008 0.725762
1035.8958 0.728532
1037.4563 0.731302
1059.2775 0.734072
1073.7425 0.736842
1082.3350 0.739612
1103.4325 0.742382
1153.5925 0.745152
1159.4575 0.747922
1160.150 0.750693
1175.475 0.753463
1194.0075 0.756233
1200.0483 0.759003
1200.4725 0.761773
1208.250 0.764543
1216.500 0.767313
1230.4925 0.770083
1282.463 0.772853
1286.400 0.775623
1293.8775 0.778393
1319.5825 0.781163
1336.3938 0.783934
1337.600 0.786704
1338.0263 0.789474
1341.9488 0.792244
1388.9350 0.795014
1393.575 0.797784
1396.1150 0.800554
1423.550 0.803324
1427.013 0.806094
1431.063 0.808864
1431.2063 0.811634
1447.2650 0.814404
1464.9675 0.817175
1468.5175 0.819945
1483.9388 0.822715
1488.6688 0.825485
1492.2488 0.828255
1497.838 0.831025
1499.700 0.833795
1502.850 0.836565
1524.0188 0.839335
1524.4925 0.842105
1525.825 0.844875
1547.350 0.847645
1548.313 0.850416
1550.5813 0.853186
1550.8850 0.855956
1556.650 0.858726
1571.413 0.861496
1577.475 0.864266
1578.2650 0.867036
1580.5238 0.869806
1584.850 0.872576
1614.875 0.875346
1615.575 0.878116
1618.3763 0.880886
1624.4150 0.883657
1625.688 0.886427
1629.4013 0.889197
1630.7025 0.891967
1638.4675 0.894737
1644.3113 0.897507
1652.0575 0.900277
1653.663 0.903047
1657.0138 0.905817
1661.8988 0.908587
1688.725 0.911357
1694.150 0.914127
1695.5475 0.916898
1703.225 0.919668
1749.875 0.922438
1751.2388 0.925208
1752.425 0.927978
1783.4575 0.930748
1790.025 0.933518
1820.100 0.936288
1821.275 0.939058
1821.2863 0.941828
1831.750 0.944598
1849.3275 0.947368
1855.7838 0.950139
1860.5788 0.952909
1868.438 0.955679
1875.950 0.958449
1896.9575 0.961219
1902.588 0.963989
1908.3788 0.966759
1922.1838 0.969529
1929.075 0.972299
1967.275 0.975069
2058.975 0.977839
2445.6675 0.980609
2493.8738 0.98338
2525.288 0.98615
2543.600 0.98892
2602.238 0.99169
2654.6075 0.99446
2804.6675 0.99723
2827.150 1
