.0002544734 0.00277008
.0009995851 0.00554017
.0015516666 0.00831025
.0027319940 0.0110803
.0034939778 0.0138504
.0039189465 0.0166205
.0041918030 0.0193906
.0042253789 0.0221607
.0057020273 0.0249307
.0073039506 0.0277008
.0076245676 0.0304709
.0076696781 0.033241
.0078208114 0.0360111
.0087649135 0.0387812
.0093663307 0.0415512
.0095188515 0.0443213
.0101261729 0.0470914
.0109059741 0.0498615
.0111659403 0.0526316
.0112545754 0.0554017
.0113047616 0.0581717
.0124697616 0.0609418
.0128032065 0.0637119
.0129448485 0.066482
.0135876870 0.0692521
.0145694501 0.0720222
.0146592785 0.0747922
.0146894430 0.0775623
.0147031337 0.0803324
.0153527224 0.0831025
.0155244970 0.0858726
.0158722118 0.0886427
.0175924652 0.0914127
.0179245184 0.0941828
.0183333230 0.0969529
.0187701004 0.099723
.0188405974 0.102493
.0191973152 0.105263
.0215211876 0.108033
.0216617694 0.110803
.0222686350 0.113573
.0234061694 0.116343
.0235327440 0.119114
.0242852429 0.121884
.0249297987 0.124654
.0249834656 0.127424
.0250468529 0.130194
.0252787340 0.132964
.0259304080 0.135734
.0263166100 0.138504
.0264715220 0.141274
.0265335040 0.144044
.0266681632 0.146814
.0268582862 0.149584
.0283297772 0.152355
.0283863485 0.155125
.0288041092 0.157895
.0290531674 0.160665
.0298136336 0.163435
.0302065281 0.166205
.0302486567 0.168975
.0303099229 0.171745
.0308440997 0.174515
.0308711105 0.177285
.0309304451 0.180055
.0314521463 0.182825
.0322013669 0.185596
.0322777599 0.188366
.0325474515 0.191136
.0331854536 0.193906
.0332635083 0.196676
.0336892083 0.199446
.0344420396 0.202216
.0346724570 0.204986
.0351080509 0.207756
.0353607339 0.210526
.0359983502 0.213296
.0361459872 0.216066
.0377712841 0.218837
.0388554116 0.221607
.0433544057 0.224377
.0440947721 0.227147
.0451119006 0.229917
.0457183536 0.232687
.0473234346 0.235457
.0516894571 0.238227
.0526552584 0.240997
.0579651226 0.243767
.0589218077 0.246537
.0610500818 0.249307
.0620424950 0.252078
.0662074209 0.254848
.0688201905 0.257618
.0726039207 0.260388
.0730259045 0.263158
.0762076776 0.265928
.0768253837 0.268698
.0774916561 0.271468
.0780563110 0.274238
.0810680080 0.277008
.0857806881 0.279778
.0881786909 0.282548
.0918864003 0.285319
.0924459364 0.288089
.0927776736 0.290859
.0956532699 0.293629
.0975267416 0.296399
.1069587098 0.299169
.1132216043 0.301939
.1136901740 0.304709
.1155876986 0.307479
.1285588186 0.310249
.1317617316 0.313019
.1427567937 0.315789
.1488383857 0.31856
.1542255218 0.32133
.1589941226 0.3241
.1710369123 0.32687
.1796225721 0.32964
.1860376415 0.33241
.1922689850 0.33518
.1952223124 0.33795
.2036418623 0.34072
.2050959620 0.34349
.2071718795 0.34626
.2088212537 0.34903
.2151196403 0.351801
.2182492789 0.354571
.2206075525 0.357341
.2246259590 0.360111
.2393029290 0.362881
.2501369666 0.365651
.2695873549 0.368421
.2769083152 0.371191
.2780711098 0.373961
.2892072259 0.376731
.2911172576 0.379501
.2937892025 0.382271
.2970093682 0.385042
.2989699572 0.387812
.2994163505 0.390582
.2995323736 0.393352
.3032764823 0.396122
.3041666639 0.398892
.3103120143 0.401662
.3111938764 0.404432
.3210912015 0.407202
.3244335481 0.409972
.3251826568 0.412742
.3309502343 0.415512
.3350854262 0.418283
.3443420898 0.421053
.3483108586 0.423823
.3565679664 0.426593
.3583144297 0.429363
.3797939472 0.432133
.3813040489 0.434903
.3838704838 0.437673
.3891680262 0.440443
.3957951934 0.443213
.3980492284 0.445983
.4009701315 0.448753
.4016605936 0.451524
.4157066628 0.454294
.4174529591 0.457064
.4188638065 0.459834
.4204238825 0.462604
.4440052914 0.465374
.4469308991 0.468144
.4659622836 0.470914
.4723023597 0.473684
.4745764426 0.476454
.4915227553 0.479224
.5067642219 0.481994
.5158508837 0.484765
.5163408594 0.487535
.5165296303 0.490305
.5220385736 0.493075
.5238122637 0.495845
.5257905328 0.498615
.5260457365 0.501385
.5294385277 0.504155
.5338015448 0.506925
.5355107199 0.509695
.5413543522 0.512465
.5502099312 0.515235
.5716469555 0.518006
.5772088829 0.520776
.5835239578 0.523546
.5948642005 0.526316
.5980299646 0.529086
.6003794846 0.531856
.6004584545 0.534626
.6012025889 0.537396
.6029366348 0.540166
.6116438339 0.542936
.6197780519 0.545706
.6238515722 0.548476
.6333618508 0.551247
.6382778052 0.554017
.6389621688 0.556787
.6823693092 0.559557
.6831964856 0.562327
.6846276773 0.565097
.6892222543 0.567867
.6892803413 0.570637
.6899933096 0.573407
.7068650916 0.576177
.7123951584 0.578947
.7211457403 0.581717
.7241268882 0.584488
.7243477131 0.587258
.7289227969 0.590028
.7346752695 0.592798
.7570376841 0.595568
.7765659881 0.598338
.7808367695 0.601108
.7861050184 0.603878
.7905282369 0.606648
.8090492365 0.609418
.8126316552 0.612188
.8160904239 0.614958
.8208575104 0.617729
.8260997019 0.620499
.8435044012 0.623269
.8475147638 0.626039
.8733623743 0.628809
.8736049994 0.631579
.8966670604 0.634349
.8969152856 0.637119
.9064889949 0.639889
.9074381308 0.642659
.9201444701 0.645429
.9209486978 0.648199
.9289297622 0.65097
.9498870467 0.65374
.9795122563 0.65651
.9814373302 0.65928
1.0205452248 0.66205
1.0490722598 0.66482
1.0553708556 0.66759
1.0564114083 0.67036
1.0661924923 0.67313
1.0802845922 0.6759
1.0832006424 0.67867
1.0966375870 0.68144
1.1074846048 0.684211
1.1078193408 0.686981
1.1122812312 0.689751
1.1173639764 0.692521
1.1293884711 0.695291
1.1370732772 0.698061
1.1402702356 0.700831
1.1750993248 0.703601
1.1768917804 0.706371
1.1832107012 0.709141
1.1943892519 0.711911
1.2204732597 0.714681
1.2577298555 0.717452
1.3038147748 0.720222
1.3118502001 0.722992
1.3288487905 0.725762
1.3371756985 0.728532
1.3915506546 0.731302
1.3982012162 0.734072
1.4327607649 0.736842
1.4486650394 0.739612
1.4564339695 0.742382
1.5111841234 0.745152
1.5380399712 0.747922
1.5918218056 0.750693
1.6423817440 0.753463
1.7029596969 0.756233
1.7068204253 0.759003
1.7527671389 0.761773
1.7626275157 0.764543
1.8559135391 0.767313
1.9298647000 0.770083
1.9603690376 0.772853
2.0653428626 0.775623
2.1322506159 0.778393
2.3993851812 0.781163
2.5147840507 0.783934
2.5321758797 0.786704
2.8239466184 0.789474
2.8297002097 0.792244
2.9701795687 0.795014
2.9730703145 0.797784
3.1770550586 0.800554
3.4841752735 0.803324
5.6741978727 0.806094
6.6166438538 0.808864
7.7481485715 0.811634
8.3809866667 0.814404
8.4504228572 0.817175
9.3495439391 0.819945
9.7625866667 0.822715
9.9707085715 0.825485
10.0037028572 0.828255
10.0040800000 0.831025
10.1915085715 0.833795
10.6224829178 0.836565
11.0848133334 0.839335
11.6272133334 0.842105
11.8887840000 0.844875
11.8926133334 0.847645
12.5075400000 0.850416
13.8473920000 0.853186
13.8520800000 0.855956
14.2352960000 0.858726
14.6062400000 0.861496
15.1674200000 0.864266
15.9651776000 0.867036
16.6773333334 0.869806
16.9750400000 0.872576
17.0449600000 0.875346
17.7331400000 0.878116
17.8033186514 0.880886
17.8984800000 0.883657
19.4097866667 0.886427
20.4700893400 0.889197
21.4901197107 0.891967
22.0208533334 0.894737
22.1983466667 0.897507
22.6138400000 0.900277
23.6036533334 0.903047
24.9914800000 0.905817
27.2934119467 0.908587
29.1162000000 0.911357
30.2796800000 0.914127
31.1458000000 0.916898
31.5177600000 0.919668
33.1324800000 0.922438
33.6326000000 0.925208
35.1921200000 0.927978
35.2241200000 0.930748
37.9539200000 0.933518
38.1899240000 0.936288
38.2069880000 0.939058
38.2157520000 0.941828
38.3425640000 0.944598
40.9494685600 0.947368
44.1405600000 0.950139
44.5902400000 0.952909
45.3405160289 0.955679
50.0337600000 0.958449
56.4916000000 0.961219
57.7271200000 0.963989
58.0246400000 0.966759
63.6391200000 0.969529
66.1216000000 0.972299
66.3532000000 0.975069
70.0829600000 0.977839
75.4926000000 0.980609
76.2770320000 0.98338
76.4225920000 0.98615
77.6012880000 0.98892
79.4590320000 0.99169
117.3748080000 0.99446
118.7481120000 0.99723
122.8703115200 1
