0.0767818 0.00277008
0.113594 0.00554017
0.120336 0.00831025
0.128331 0.0110803
0.168402 0.0138504
0.173102 0.0166205
0.270782 0.0193906
0.346375 0.0221607
0.419366 0.0249307
0.569806 0.0277008
0.596077 0.0304709
0.678184 0.033241
0.763392 0.0360111
0.784644 0.0387812
0.880257 0.0415512
0.893379 0.0443213
0.896886 0.0470914
0.906909 0.0498615
0.944132 0.0526316
0.996932 0.0554017
1.08637 0.0581717
1.11262 0.0609418
1.16404 0.0637119
1.2231 0.066482
1.26203 0.0692521
1.29167 0.0720222
1.37629 0.0747922
1.43026 0.0775623
1.4836 0.0803324
1.5884 0.0831025
1.62515 0.0858726
1.68647 0.0886427
1.69857 0.0914127
1.73253 0.0941828
1.81888 0.0969529
1.8396 0.099723
1.84745 0.102493
1.9677 0.105263
1.98759 0.108033
2.00037 0.110803
2.0918 0.113573
2.09255 0.116343
2.17398 0.119114
2.20427 0.121884
2.23281 0.124654
2.35673 0.127424
2.36997 0.130194
2.39605 0.132964
2.4126 0.135734
2.43281 0.138504
2.64151 0.141274
2.70092 0.144044
2.7095 0.146814
2.73812 0.149584
2.83408 0.152355
2.84073 0.155125
2.86652 0.157895
2.86774 0.160665
2.88037 0.163435
2.92362 0.166205
2.94186 0.168975
2.9607 0.171745
2.99534 0.174515
2.99803 0.177285
3.04173 0.180055
3.06618 0.182825
3.08182 0.185596
3.09791 0.188366
3.13779 0.191136
3.16789 0.193906
3.29958 0.196676
3.30436 0.199446
3.31338 0.202216
3.34314 0.204986
3.34852 0.207756
3.35236 0.210526
3.35483 0.213296
3.38284 0.216066
3.40646 0.218837
3.59371 0.221607
3.60064 0.224377
3.6604 0.227147
3.67688 0.229917
3.74454 0.232687
3.74642 0.235457
3.82558 0.238227
3.87101 0.240997
3.99388 0.243767
4.01253 0.246537
4.01836 0.249307
4.06806 0.252078
4.14069 0.254848
4.18532 0.257618
4.26318 0.260388
4.27409 0.263158
4.27435 0.265928
4.59487 0.268698
4.61365 0.271468
4.67367 0.274238
4.73059 0.277008
4.88063 0.279778
4.88752 0.282548
4.97087 0.285319
5.13295 0.288089
5.25255 0.290859
5.37102 0.293629
5.46722 0.296399
5.57566 0.299169
5.65592 0.301939
5.81083 0.304709
5.85467 0.307479
5.94886 0.310249
6.00095 0.313019
6.10019 0.315789
6.10797 0.31856
6.11608 0.32133
6.18698 0.3241
6.32467 0.32687
6.33824 0.32964
6.33855 0.33241
6.48256 0.33518
6.61777 0.33795
6.61881 0.34072
6.68772 0.34349
6.74822 0.34626
6.81604 0.34903
6.87892 0.351801
6.9551 0.354571
7.00046 0.357341
7.01529 0.360111
7.02433 0.362881
7.11122 0.365651
7.22729 0.368421
7.31512 0.371191
7.45666 0.373961
7.52437 0.376731
7.57845 0.379501
7.5952 0.382271
7.62693 0.385042
7.73637 0.387812
7.77945 0.390582
7.79799 0.393352
7.8338 0.396122
7.86472 0.398892
7.90144 0.401662
8.00078 0.404432
8.03563 0.407202
8.04076 0.409972
8.04689 0.412742
8.14697 0.415512
8.26638 0.418283
8.28204 0.421053
8.33528 0.423823
8.38765 0.426593
8.48128 0.429363
8.59784 0.432133
8.65271 0.434903
8.68513 0.437673
8.72689 0.440443
8.744 0.443213
8.84066 0.445983
8.97731 0.448753
9.3293 0.451524
9.43193 0.454294
9.47206 0.457064
9.53194 0.459834
9.58381 0.462604
9.66205 0.465374
9.69657 0.468144
9.80867 0.470914
9.86689 0.473684
10.015 0.476454
10.2124 0.479224
10.3114 0.481994
10.4347 0.484765
10.4663 0.487535
10.5677 0.490305
10.5716 0.493075
10.7101 0.495845
10.975 0.498615
11.0306 0.501385
11.075 0.504155
11.1118 0.506925
11.285 0.509695
11.2853 0.512465
11.4382 0.515235
11.5588 0.518006
11.6069 0.520776
11.7564 0.523546
11.8707 0.526316
12.0472 0.529086
12.0797 0.531856
12.0861 0.534626
12.3839 0.537396
12.6722 0.540166
12.7351 0.542936
12.9154 0.545706
13.103 0.548476
13.1985 0.551247
13.2766 0.554017
13.3144 0.556787
13.4608 0.559557
13.5448 0.562327
13.8332 0.565097
13.8785 0.567867
14.0553 0.570637
14.1965 0.573407
14.3179 0.576177
14.3964 0.578947
14.4728 0.581717
14.6081 0.584488
14.6369 0.587258
14.8122 0.590028
15.9403 0.592798
16.1562 0.595568
16.3362 0.598338
16.4053 0.601108
16.5606 0.603878
16.594 0.606648
16.6121 0.609418
16.6159 0.612188
17.1133 0.614958
17.2387 0.617729
17.2439 0.620499
17.3271 0.623269
17.4718 0.626039
17.5267 0.628809
17.6613 0.631579
17.7354 0.634349
17.7527 0.637119
17.9149 0.639889
18.0788 0.642659
18.4682 0.645429
19.2676 0.648199
19.3047 0.65097
19.3525 0.65374
19.4952 0.65651
19.8312 0.65928
20.2252 0.66205
20.2296 0.66482
20.4958 0.66759
20.784 0.67036
20.8212 0.67313
21.3037 0.6759
21.4009 0.67867
21.4817 0.68144
21.631 0.684211
21.7361 0.686981
22.2253 0.689751
23.286 0.692521
23.4847 0.695291
23.8903 0.698061
23.9283 0.700831
24.0416 0.703601
24.2507 0.706371
24.3107 0.709141
24.6007 0.711911
24.6126 0.714681
24.6671 0.717452
24.6728 0.720222
25.8487 0.722992
25.8639 0.725762
25.9334 0.728532
26.2761 0.731302
26.6169 0.734072
26.633 0.736842
26.71 0.739612
27.1036 0.742382
27.4338 0.745152
27.5048 0.747922
27.8713 0.750693
28.5636 0.753463
28.7424 0.756233
28.9357 0.759003
28.984 0.761773
30.0492 0.764543
30.1356 0.767313
30.5948 0.770083
31.279 0.772853
31.5732 0.775623
31.6606 0.778393
32.4804 0.781163
32.933 0.783934
33.1421 0.786704
33.7236 0.789474
33.7267 0.792244
33.8025 0.795014
33.8294 0.797784
33.9879 0.800554
34.2711 0.803324
34.3884 0.806094
35.6396 0.808864
35.8198 0.811634
35.8355 0.814404
35.9272 0.817175
36.23 0.819945
36.5833 0.822715
36.9854 0.825485
37.4824 0.828255
37.5207 0.831025
39.2409 0.833795
39.4647 0.836565
39.5961 0.839335
41.7683 0.842105
42.1984 0.844875
43.0198 0.847645
43.0592 0.850416
43.1679 0.853186
43.2236 0.855956
45.4483 0.858726
46.0093 0.861496
46.1002 0.864266
49.0867 0.867036
49.11 0.869806
49.2715 0.872576
49.4336 0.875346
49.6585 0.878116
51.4952 0.880886
51.7077 0.883657
51.817 0.886427
53.3714 0.889197
55.2984 0.891967
57.4603 0.894737
58.2254 0.897507
59.401 0.900277
59.4034 0.903047
71.5672 0.905817
74.5819 0.908587
74.8473 0.911357
75.7561 0.914127
83.4144 0.916898
84.2048 0.919668
84.5599 0.922438
85.054 0.925208
85.6224 0.927978
99.2825 0.930748
102.557 0.933518
102.562 0.936288
108.53 0.939058
110.893 0.941828
114.171 0.944598
116.469 0.947368
131.023 0.950139
139.739 0.952909
142.903 0.955679
146.643 0.958449
183.228 0.961219
192.598 0.963989
194.586 0.966759
195.887 0.969529
205.603 0.972299
247.102 0.975069
251.583 0.977839
323.978 0.980609
356.935 0.98338
396.743 0.98615
418.889 0.98892
440.535 0.99169
537.475 0.99446
618.564 0.99723
1142.09 1
