0.0788249 0.00277008
0.138418 0.00554017
0.175397 0.00831025
0.246189 0.0110803
0.261773 0.0138504
0.532164 0.0166205
0.68997 0.0193906
0.695689 0.0221607
0.755314 0.0249307
0.830281 0.0277008
0.831966 0.0304709
0.873867 0.033241
0.877356 0.0360111
0.887823 0.0387812
1.02773 0.0415512
1.04387 0.0443213
1.16794 0.0470914
1.20855 0.0498615
1.25038 0.0526316
1.25471 0.0554017
1.30395 0.0581717
1.37401 0.0609418
1.38888 0.0637119
1.88802 0.066482
1.95391 0.0692521
2.05192 0.0720222
2.08083 0.0747922
2.19193 0.0775623
2.23409 0.0803324
2.26855 0.0831025
2.32448 0.0858726
2.58603 0.0886427
2.60928 0.0914127
2.80223 0.0941828
2.80895 0.0969529
2.9649 0.099723
3.00396 0.102493
3.04901 0.105263
3.18344 0.108033
3.30808 0.110803
3.48883 0.113573
3.58219 0.116343
3.58388 0.119114
3.5893 0.121884
3.60601 0.124654
3.74911 0.127424
3.75048 0.130194
3.90641 0.132964
3.95864 0.135734
3.98274 0.138504
4.07964 0.141274
4.11007 0.144044
4.1489 0.146814
4.20044 0.149584
4.22707 0.152355
4.42642 0.155125
4.42899 0.157895
4.43808 0.160665
4.45677 0.163435
4.67193 0.166205
4.85976 0.168975
5.06469 0.171745
5.12732 0.174515
5.23073 0.177285
5.29726 0.180055
5.34078 0.182825
5.41426 0.185596
5.68301 0.188366
5.81127 0.191136
5.91212 0.193906
6.05173 0.196676
6.15932 0.199446
6.16816 0.202216
6.17205 0.204986
6.24757 0.207756
6.25692 0.210526
6.42019 0.213296
6.52365 0.216066
6.83955 0.218837
6.84942 0.221607
7.13388 0.224377
7.16073 0.227147
7.20754 0.229917
7.34134 0.232687
7.5597 0.235457
7.60279 0.238227
7.73655 0.240997
7.87567 0.243767
7.98005 0.246537
8.06607 0.249307
8.07275 0.252078
8.17475 0.254848
8.20949 0.257618
8.32262 0.260388
8.37723 0.263158
8.43769 0.265928
8.50393 0.268698
8.74376 0.271468
8.7609 0.274238
8.8264 0.277008
9.18565 0.279778
9.39882 0.282548
9.40544 0.285319
9.42423 0.288089
9.50562 0.290859
9.52101 0.293629
9.77022 0.296399
9.90906 0.299169
10.0164 0.301939
10.3122 0.304709
10.4453 0.307479
10.4537 0.310249
10.4845 0.313019
10.7478 0.315789
11.4895 0.31856
11.5828 0.32133
11.7913 0.3241
11.9257 0.32687
12.5798 0.32964
12.6382 0.33241
12.8604 0.33518
12.9511 0.33795
12.9564 0.34072
13.143 0.34349
13.3182 0.34626
13.8446 0.34903
14.1735 0.351801
14.1828 0.354571
14.6925 0.357341
15.1168 0.360111
15.2461 0.362881
15.794 0.365651
15.8369 0.368421
16.0418 0.371191
16.6735 0.373961
16.8223 0.376731
16.941 0.379501
17.2971 0.382271
17.348 0.385042
17.4887 0.387812
18.1481 0.390582
18.3641 0.393352
18.4005 0.396122
18.4908 0.398892
18.7326 0.401662
18.7362 0.404432
18.8823 0.407202
19.0064 0.409972
19.0671 0.412742
20.3532 0.415512
20.3546 0.418283
20.8399 0.421053
20.8833 0.423823
21.1468 0.426593
21.9187 0.429363
22.0747 0.432133
22.3262 0.434903
22.3972 0.437673
22.7737 0.440443
23.6489 0.443213
24.2163 0.445983
24.4692 0.448753
24.7828 0.451524
25.0256 0.454294
26.1376 0.457064
26.1779 0.459834
26.2731 0.462604
26.5327 0.465374
27.0345 0.468144
27.0633 0.470914
27.1925 0.473684
27.3828 0.476454
28.1883 0.479224
28.3405 0.481994
28.8826 0.484765
28.9035 0.487535
29.1403 0.490305
29.2868 0.493075
29.6742 0.495845
29.7557 0.498615
30.1095 0.501385
31.0565 0.504155
31.1433 0.506925
31.6813 0.509695
32.4687 0.512465
33.0337 0.515235
33.0388 0.518006
33.3919 0.520776
33.4836 0.523546
33.5094 0.526316
34.3414 0.529086
34.4819 0.531856
34.5636 0.534626
34.8868 0.537396
34.9279 0.540166
35.1861 0.542936
35.286 0.545706
35.3411 0.548476
35.3927 0.551247
36.1015 0.554017
36.3424 0.556787
36.6986 0.559557
37.0142 0.562327
37.3409 0.565097
37.8791 0.567867
37.9631 0.570637
37.9778 0.573407
38.129 0.576177
38.2585 0.578947
38.5051 0.581717
39.8433 0.584488
39.904 0.587258
40.4996 0.590028
40.7426 0.592798
41.0224 0.595568
41.145 0.598338
41.5473 0.601108
41.6694 0.603878
41.688 0.606648
42.5626 0.609418
42.5645 0.612188
43.5995 0.614958
44.3199 0.617729
44.7167 0.620499
45.1768 0.623269
45.2984 0.626039
45.3014 0.628809
45.7044 0.631579
45.7385 0.634349
46.195 0.637119
46.4971 0.639889
46.798 0.642659
47.9146 0.645429
48.4663 0.648199
48.5993 0.65097
48.8426 0.65374
48.8456 0.65651
49.4189 0.65928
50.4517 0.66205
51.9642 0.66482
51.9668 0.66759
52.1393 0.67036
52.6415 0.67313
53.5421 0.6759
56.1992 0.67867
56.2539 0.68144
58.546 0.684211
59.1574 0.686981
59.6677 0.689751
59.7507 0.692521
60.1926 0.695291
60.9003 0.698061
62.4848 0.700831
62.5229 0.703601
62.8025 0.706371
64.6124 0.709141
66.6225 0.711911
66.7917 0.714681
66.9689 0.717452
68.7249 0.720222
70.145 0.722992
70.3265 0.725762
70.4917 0.728532
70.8645 0.731302
71.4087 0.734072
72.7325 0.736842
72.8661 0.739612
73.7219 0.742382
74.2835 0.745152
75.3152 0.747922
75.3941 0.750693
75.8087 0.753463
76.6048 0.756233
76.7 0.759003
77.0095 0.761773
77.0104 0.764543
77.5697 0.767313
79.3853 0.770083
79.8696 0.772853
79.8886 0.775623
80.8709 0.778393
81.101 0.781163
82.3737 0.783934
83.7997 0.786704
85.1931 0.789474
85.8859 0.792244
87.2533 0.795014
88.9202 0.797784
89.2467 0.800554
89.7021 0.803324
90.0946 0.806094
92.7175 0.808864
93.8998 0.811634
94.5522 0.814404
95.4453 0.817175
97.8627 0.819945
98.3623 0.822715
98.902 0.825485
99.2788 0.828255
99.3187 0.831025
101.752 0.833795
102.158 0.836565
103.269 0.839335
103.982 0.842105
105.73 0.844875
106.282 0.847645
107.088 0.850416
109.577 0.853186
109.84 0.855956
110.669 0.858726
110.727 0.861496
111.716 0.864266
114.413 0.867036
115.28 0.869806
116.117 0.872576
116.488 0.875346
116.895 0.878116
120.422 0.880886
121.134 0.883657
122.66 0.886427
123.215 0.889197
123.954 0.891967
129.865 0.894737
134.647 0.897507
136.663 0.900277
136.814 0.903047
136.904 0.905817
137.962 0.908587
138.808 0.911357
141.215 0.914127
141.983 0.916898
144.512 0.919668
144.869 0.922438
144.951 0.925208
145.566 0.927978
146.705 0.930748
147.224 0.933518
147.38 0.936288
148.4 0.939058
152.372 0.941828
157.867 0.944598
158.221 0.947368
159.141 0.950139
160.363 0.952909
162.194 0.955679
170.329 0.958449
175.999 0.961219
179.978 0.963989
180.633 0.966759
182.117 0.969529
185.593 0.972299
188.016 0.975069
192.846 0.977839
200.361 0.980609
202.844 0.98338
206.299 0.98615
227.071 0.98892
230.124 0.99169
234.806 0.99446
235.28 0.99723
270.683 1
