.015 0.00277008
.020 0.00554017
.031 0.00831025
.04233 0.0110803
.0467 0.0138504
.0573 0.0166205
.093 0.0193906
.0973 0.0221607
.109 0.0249307
.1233 0.0277008
.1273 0.0304709
.128 0.033241
.146 0.0360111
.1783 0.0387812
.1837 0.0415512
.190 0.0443213
.1957 0.0470914
.204 0.0498615
.212 0.0526316
.2163 0.0554017
.223 0.0581717
.2883 0.0609418
.309 0.0637119
.3167 0.066482
.3277 0.0692521
.334 0.0720222
.362 0.0747922
.3733 0.0775623
.375 0.0803324
.397 0.0831025
.436 0.0858726
.4367 0.0886427
.449 0.0914127
.45033 0.0941828
.4727 0.0969529
.4977 0.099723
.4993 0.102493
.5553 0.105263
.559 0.108033
.570 0.110803
.5897 0.113573
.593 0.116343
.599 0.119114
.606 0.121884
.640 0.124654
.6703 0.127424
.701 0.130194
.7053 0.132964
.733 0.135734
.77433 0.138504
.817 0.141274
.8193 0.144044
.8213 0.146814
.8463 0.149584
.8623 0.152355
.8743 0.155125
.8847 0.157895
.888 0.160665
.911 0.163435
.9213 0.166205
.9943 0.168975
.999 0.171745
1.011 0.174515
1.0727 0.177285
1.074 0.180055
1.080 0.182825
1.145 0.185596
1.173 0.188366
1.191 0.191136
1.242 0.193906
1.2493 0.196676
1.2673 0.199446
1.323 0.202216
1.420 0.204986
1.4233 0.207756
1.439 0.210526
1.445 0.213296
1.4577 0.216066
1.481 0.218837
1.5023 0.221607
1.5327 0.224377
1.5547 0.227147
1.567 0.229917
1.583 0.232687
1.614 0.235457
1.6233 0.238227
1.6613 0.240997
1.6747 0.243767
1.804 0.246537
1.8763 0.249307
1.9137 0.252078
1.928 0.254848
1.9557 0.257618
1.9607 0.260388
2.0683 0.263158
2.2153 0.265928
2.3543 0.268698
2.3897 0.271468
2.4347 0.274238
2.4407 0.277008
2.5177 0.279778
2.5687 0.282548
2.570 0.285319
2.5897 0.288089
2.648 0.290859
2.7083 0.293629
2.7483 0.296399
2.896 0.299169
2.9263 0.301939
2.9813 0.304709
3.0813 0.307479
3.1523 0.310249
3.25033 0.313019
3.3337 0.315789
3.4927 0.31856
3.512 0.32133
3.5567 0.3241
3.698 0.32687
3.764 0.32964
3.872 0.33241
3.893 0.33518
3.9427 0.33795
3.990 0.34072
4.098 0.34349
4.1947 0.34626
4.2583 0.351801
4.2583 0.351801
4.3007 0.354571
4.3433 0.357341
4.3613 0.360111
4.3753 0.362881
4.4137 0.365651
4.4567 0.368421
4.608 0.371191
4.7687 0.373961
4.9767 0.376731
5.0447 0.379501
5.170 0.382271
5.189 0.385042
5.246 0.387812
5.3497 0.390582
5.3703 0.393352
5.4957 0.396122
5.829 0.398892
5.849 0.401662
5.901 0.404432
5.907 0.407202
5.9073 0.409972
5.9767 0.412742
6.0077 0.415512
6.0353 0.418283
6.0767 0.421053
6.1363 0.423823
6.2057 0.426593
6.4157 0.429363
6.4453 0.432133
6.495 0.434903
6.526 0.437673
6.591 0.440443
6.6023 0.443213
6.7143 0.445983
6.911 0.448753
7.0173 0.451524
7.063 0.454294
7.0703 0.457064
7.1523 0.459834
7.1607 0.462604
7.2037 0.465374
7.2667 0.468144
7.329 0.470914
7.349 0.473684
7.3563 0.476454
7.394 0.479224
7.4167 0.481994
7.4457 0.484765
7.4737 0.487535
7.637 0.490305
8.0867 0.493075
8.1177 0.495845
8.137 0.498615
8.1583 0.501385
8.2127 0.504155
8.339 0.506925
8.3473 0.509695
8.355 0.512465
8.873 0.515235
8.9197 0.518006
8.955 0.520776
9.0733 0.523546
9.076 0.526316
9.248 0.529086
9.3027 0.531856
9.459 0.534626
9.4757 0.537396
9.4817 0.540166
10.018 0.542936
10.2257 0.545706
10.554 0.548476
10.6647 0.551247
10.684 0.554017
10.7147 0.556787
10.8963 0.559557
11.1433 0.562327
11.1453 0.565097
11.216 0.567867
11.2247 0.570637
11.328 0.573407
11.3423 0.576177
11.4293 0.578947
11.5213 0.581717
11.8753 0.584488
12.097 0.587258
12.189 0.590028
12.3973 0.592798
12.6047 0.595568
12.9083 0.598338
13.019 0.601108
13.1997 0.603878
13.3923 0.606648
13.447 0.609418
13.4933 0.612188
13.874 0.614958
14.0857 0.617729
14.0917 0.620499
14.6313 0.623269
15.301 0.626039
15.7857 0.628809
15.812 0.631579
15.9873 0.634349
16.042 0.637119
16.3697 0.639889
16.5193 0.642659
16.669 0.645429
16.8777 0.648199
16.9593 0.65097
17.2517 0.65374
17.2623 0.65651
17.695 0.65928
17.7667 0.66205
17.767 0.66482
17.7943 0.66759
18.1033 0.67036
18.4253 0.67313
18.528 0.6759
18.650 0.67867
18.899 0.68144
18.9373 0.684211
19.652 0.686981
19.811 0.689751
20.038 0.692521
20.1553 0.695291
20.3533 0.698061
20.6123 0.700831
20.8147 0.703601
21.081 0.706371
21.3823 0.709141
21.541 0.711911
21.6467 0.714681
21.7427 0.717452
21.9233 0.720222
22.019 0.722992
22.514 0.725762
22.584 0.728532
22.6073 0.731302
22.8993 0.734072
23.2983 0.736842
23.8187 0.739612
24.2623 0.742382
24.6577 0.745152
24.8093 0.747922
24.905 0.750693
25.151 0.753463
25.838 0.756233
26.011 0.759003
27.7787 0.761773
27.7823 0.764543
27.998 0.767313
28.918 0.770083
28.9453 0.772853
29.895 0.775623
29.994 0.778393
31.0177 0.781163
31.5653 0.783934
31.697 0.786704
31.8363 0.789474
32.4583 0.792244
33.6027 0.795014
33.883 0.797784
34.234 0.800554
34.243 0.803324
35.330 0.806094
35.6807 0.808864
35.7853 0.811634
36.635 0.814404
36.9327 0.817175
37.519 0.819945
37.983 0.822715
38.676 0.825485
38.9993 0.828255
39.233 0.831025
39.7933 0.833795
42.066 0.836565
42.1473 0.839335
42.8147 0.842105
43.0017 0.844875
43.4507 0.847645
43.8483 0.850416
43.9993 0.853186
44.3173 0.855956
46.0657 0.858726
46.3783 0.861496
46.6997 0.864266
47.7603 0.867036
48.536 0.869806
49.2197 0.872576
51.442 0.875346
52.7833 0.878116
53.504 0.880886
54.347 0.883657
58.3247 0.886427
58.7407 0.889197
60.882 0.891967
60.9797 0.894737
62.921 0.897507
65.5387 0.900277
66.0823 0.903047
66.1573 0.905817
67.341 0.908587
67.549 0.911357
68.129 0.914127
70.097 0.916898
70.622 0.919668
71.3383 0.922438
75.8783 0.925208
78.294 0.927978
78.691 0.930748
82.5067 0.933518
92.988 0.936288
97.223 0.939058
97.8267 0.941828
102.597 0.944598
106.1843 0.947368
112.1867 0.950139
113.884 0.952909
114.161 0.955679
114.485 0.958449
119.827 0.961219
123.788 0.963989
124.532 0.966759
125.713 0.969529
143.202 0.972299
145.702 0.975069
148.4627 0.977839
148.8463 0.980609
152.207 0.98338
152.6703 0.98615
153.7747 0.98892
164.473 0.99169
203.488 0.99446
208.179 0.99723
226.172 1
