0 0.00554017
0 0.00554017
.100 0.0110803
.100 0.0110803
.200 0.0138504
.300 0.0166205
.400 0.0221607
.400 0.0221607
.600 0.0277008
.600 0.0277008
.700 0.033241
.700 0.033241
.800 0.0360111
.900 0.0387812
1.000 0.0581717
1.000 0.0581717
1.000 0.0581717
1.000 0.0581717
1.000 0.0581717
1.000 0.0581717
1.000 0.0581717
1.100 0.0609418
1.200 0.0637119
1.300 0.0692521
1.300 0.0692521
1.400 0.0775623
1.400 0.0775623
1.400 0.0775623
1.500 0.0803324
1.900 0.0831025
2.000 0.0858726
2.100 0.0886427
2.200 0.0941828
2.200 0.0941828
2.400 0.099723
2.400 0.099723
2.500 0.113573
2.500 0.113573
2.500 0.113573
2.500 0.113573
2.500 0.113573
2.900 0.116343
3.000 0.121884
3.000 0.121884
3.200 0.124654
3.400 0.127424
3.500 0.130194
3.600 0.135734
3.600 0.135734
3.700 0.138504
3.800 0.149584
3.800 0.149584
3.800 0.149584
3.800 0.149584
3.900 0.152355
4.000 0.155125
4.100 0.160665
4.100 0.160665
4.200 0.163435
4.300 0.166205
4.400 0.168975
4.500 0.171745
4.600 0.177285
4.600 0.177285
4.700 0.180055
4.800 0.185596
4.800 0.185596
5.000 0.188366
5.100 0.196676
5.100 0.196676
5.100 0.196676
5.200 0.202216
5.200 0.202216
5.300 0.204986
5.500 0.207756
5.800 0.213296
5.800 0.213296
5.900 0.218837
5.900 0.218837
6.000 0.221607
6.400 0.232687
6.400 0.232687
6.400 0.232687
6.400 0.232687
6.500 0.235457
6.900 0.240997
6.900 0.240997
7.000 0.243767
7.100 0.246537
7.200 0.249307
7.300 0.254848
7.300 0.254848
7.400 0.257618
7.800 0.260388
7.900 0.265928
7.900 0.265928
8.000 0.268698
8.100 0.271468
8.200 0.274238
8.300 0.277008
8.400 0.282548
8.400 0.282548
8.500 0.285319
8.600 0.293629
8.600 0.293629
8.600 0.293629
8.700 0.296399
9.000 0.299169
9.100 0.301939
9.200 0.304709
9.300 0.307479
9.400 0.313019
9.400 0.313019
9.600 0.315789
9.700 0.31856
9.800 0.32133
9.900 0.3241
10.100 0.32687
10.400 0.32964
10.600 0.33241
10.700 0.33795
10.700 0.33795
11.000 0.34072
11.600 0.34349
11.700 0.34626
11.800 0.34903
12.000 0.351801
12.100 0.354571
12.200 0.357341
12.300 0.362881
12.300 0.362881
12.400 0.365651
12.600 0.368421
12.700 0.371191
12.800 0.373961
13.000 0.376731
13.300 0.382271
13.300 0.382271
13.500 0.385042
13.700 0.387812
13.800 0.393352
13.800 0.393352
13.900 0.396122
14.000 0.398892
14.100 0.401662
14.500 0.404432
14.900 0.407202
15.500 0.409972
16.100 0.412742
16.300 0.415512
16.400 0.418283
16.600 0.421053
17.000 0.423823
17.500 0.432133
17.500 0.432133
17.500 0.432133
18.100 0.434903
18.800 0.440443
18.800 0.440443
19.000 0.443213
20.300 0.445983
20.700 0.454294
20.700 0.454294
20.700 0.454294
21.400 0.457064
21.600 0.462604
21.600 0.462604
22.100 0.465374
22.400 0.468144
22.600 0.470914
22.900 0.473684
23.000 0.476454
23.100 0.479224
24.000 0.481994
24.100 0.484765
24.200 0.487535
24.300 0.490305
24.600 0.493075
24.800 0.495845
26.100 0.498615
27.400 0.501385
27.700 0.506925
27.700 0.506925
27.900 0.509695
28.000 0.512465
28.300 0.515235
29.100 0.520776
29.100 0.520776
29.200 0.523546
29.400 0.526316
29.900 0.529086
30.100 0.531856
30.400 0.534626
31.000 0.537396
31.200 0.540166
31.500 0.542936
32.900 0.548476
32.900 0.548476
33.000 0.551247
33.600 0.554017
34.100 0.559557
34.100 0.559557
34.600 0.562327
34.700 0.565097
35.000 0.570637
35.000 0.570637
35.600 0.573407
36.100 0.576177
36.200 0.578947
36.300 0.581717
36.700 0.587258
36.700 0.587258
36.800 0.590028
37.000 0.592798
37.200 0.595568
37.400 0.598338
37.500 0.601108
37.600 0.603878
37.900 0.606648
38.200 0.609418
38.300 0.612188
38.500 0.614958
40.300 0.617729
41.300 0.620499
42.300 0.623269
42.900 0.626039
43.500 0.628809
43.600 0.631579
43.800 0.634349
44.100 0.637119
44.500 0.639889
45.600 0.642659
45.800 0.645429
46.700 0.648199
46.900 0.65097
47.200 0.65374
47.800 0.65651
48.000 0.65928
48.400 0.66205
49.200 0.66482
49.300 0.66759
49.800 0.67036
50.400 0.67313
51.300 0.6759
51.400 0.67867
52.400 0.68144
53.100 0.684211
53.900 0.686981
54.300 0.689751
54.500 0.692521
54.800 0.695291
55.700 0.698061
59.600 0.700831
60.300 0.703601
60.600 0.706371
62.100 0.709141
62.200 0.711911
62.800 0.714681
63.500 0.717452
64.700 0.720222
66.200 0.722992
66.400 0.725762
66.800 0.728532
66.900 0.731302
71.500 0.734072
71.600 0.736842
72.700 0.739612
74.400 0.742382
75.300 0.747922
75.300 0.747922
76.100 0.750693
76.900 0.756233
76.900 0.756233
77.100 0.761773
77.100 0.761773
77.500 0.767313
77.500 0.767313
79.500 0.772853
79.500 0.772853
81.600 0.775623
82.100 0.778393
82.500 0.781163
84.000 0.783934
84.500 0.786704
86.300 0.789474
86.700 0.792244
87.200 0.797784
87.200 0.797784
87.600 0.800554
89.000 0.803324
90.600 0.806094
91.500 0.808864
91.700 0.811634
93.400 0.814404
94.000 0.817175
94.400 0.819945
95.100 0.822715
95.300 0.825485
95.700 0.828255
97.300 0.831025
98.500 0.833795
101.400 0.836565
101.600 0.839335
101.900 0.844875
101.900 0.844875
102.700 0.847645
104.700 0.850416
105.500 0.853186
105.600 0.855956
105.900 0.858726
106.200 0.861496
106.500 0.864266
109.100 0.867036
110.800 0.869806
110.900 0.872576
112.400 0.875346
112.900 0.878116
113.100 0.883657
113.100 0.883657
114.200 0.886427
115.100 0.889197
116.300 0.891967
116.600 0.894737
117.100 0.897507
117.800 0.900277
118.500 0.903047
119.100 0.905817
119.200 0.908587
121.200 0.911357
122.000 0.914127
122.900 0.916898
123.100 0.919668
123.200 0.922438
124.400 0.925208
127.300 0.927978
129.700 0.930748
132.300 0.933518
132.600 0.936288
132.800 0.939058
135.800 0.941828
138.400 0.944598
139.600 0.947368
144.300 0.950139
145.300 0.952909
145.600 0.958449
145.600 0.958449
146.100 0.961219
147.600 0.963989
151.200 0.966759
152.500 0.969529
153.500 0.972299
155.200 0.975069
155.500 0.977839
156.800 0.980609
158.700 0.98338
161.400 0.98615
162.600 0.98892
164.000 0.99169
167.100 0.99446
168.700 0.99723
178.000 1
