0 0.00277008
.100 0.00831025
.100 0.00831025
.200 0.0138504
.200 0.0138504
.400 0.0221607
.400 0.0221607
.400 0.0221607
.600 0.0277008
.600 0.0277008
.700 0.0304709
.800 0.0387812
.800 0.0387812
.800 0.0387812
.900 0.0443213
.900 0.0443213
1.000 0.0581717
1.000 0.0581717
1.000 0.0581717
1.000 0.0581717
1.000 0.0581717
1.100 0.0637119
1.100 0.0637119
1.200 0.0720222
1.200 0.0720222
1.200 0.0720222
1.300 0.0747922
1.400 0.0803324
1.400 0.0803324
1.600 0.0831025
2.000 0.0914127
2.000 0.0914127
2.000 0.0914127
2.100 0.0941828
2.200 0.099723
2.200 0.099723
2.300 0.102493
2.400 0.105263
2.500 0.113573
2.500 0.113573
2.500 0.113573
2.700 0.116343
2.900 0.124654
2.900 0.124654
2.900 0.124654
3.200 0.127424
3.500 0.138504
3.500 0.138504
3.500 0.138504
3.500 0.138504
3.600 0.144044
3.600 0.144044
3.700 0.152355
3.700 0.152355
3.700 0.152355
3.800 0.155125
3.900 0.160665
3.900 0.160665
4.100 0.166205
4.100 0.166205
4.200 0.168975
4.500 0.174515
4.500 0.174515
4.600 0.177285
4.700 0.185596
4.700 0.185596
4.700 0.185596
4.900 0.191136
4.900 0.191136
5.000 0.193906
5.100 0.199446
5.100 0.199446
5.200 0.202216
5.300 0.204986
5.600 0.210526
5.600 0.210526
5.700 0.213296
5.800 0.218837
5.800 0.218837
5.900 0.221607
6.300 0.232687
6.300 0.232687
6.300 0.232687
6.300 0.232687
6.400 0.235457
6.700 0.238227
6.800 0.240997
7.000 0.246537
7.000 0.246537
7.100 0.249307
7.200 0.252078
7.300 0.254848
7.400 0.257618
7.700 0.260388
7.900 0.268698
7.900 0.268698
7.900 0.268698
8.100 0.271468
8.200 0.277008
8.200 0.277008
8.300 0.285319
8.300 0.285319
8.300 0.285319
8.400 0.288089
8.600 0.296399
8.600 0.296399
8.600 0.296399
8.900 0.299169
9.100 0.304709
9.100 0.304709
9.200 0.310249
9.200 0.310249
9.400 0.313019
9.500 0.315789
9.700 0.32133
9.700 0.32133
9.800 0.3241
10.300 0.32687
10.400 0.32964
10.600 0.33518
10.600 0.33518
10.700 0.33795
10.900 0.34072
11.500 0.34349
11.600 0.34903
11.600 0.34903
12.000 0.351801
12.200 0.365651
12.200 0.365651
12.200 0.365651
12.200 0.365651
12.200 0.365651
12.600 0.368421
12.700 0.371191
12.800 0.373961
13.000 0.376731
13.100 0.379501
13.300 0.382271
13.500 0.385042
13.700 0.393352
13.700 0.393352
13.700 0.393352
13.900 0.398892
13.900 0.398892
14.100 0.401662
14.600 0.407202
14.600 0.407202
15.400 0.409972
16.200 0.415512
16.200 0.415512
16.300 0.418283
16.600 0.421053
16.900 0.423823
17.300 0.426593
17.400 0.429363
17.500 0.432133
18.200 0.434903
18.800 0.437673
18.900 0.440443
19.000 0.443213
20.300 0.445983
20.500 0.448753
20.700 0.454294
20.700 0.454294
21.300 0.457064
21.500 0.462604
21.500 0.462604
22.100 0.465374
22.300 0.468144
22.600 0.470914
22.800 0.473684
23.000 0.476454
23.100 0.479224
23.800 0.484765
23.800 0.484765
24.100 0.487535
24.300 0.490305
24.400 0.493075
24.800 0.495845
26.100 0.498615
27.300 0.501385
27.500 0.504155
27.700 0.509695
27.700 0.509695
28.100 0.512465
28.300 0.515235
28.900 0.518006
29.000 0.520776
29.200 0.523546
29.600 0.526316
29.800 0.529086
30.000 0.531856
30.200 0.534626
30.800 0.537396
31.300 0.542936
31.300 0.542936
32.800 0.545706
32.900 0.551247
32.900 0.551247
33.300 0.554017
33.800 0.559557
33.800 0.559557
34.600 0.562327
34.700 0.565097
34.800 0.567867
35.000 0.570637
35.700 0.573407
35.800 0.576177
36.200 0.578947
36.300 0.581717
36.500 0.584488
36.600 0.587258
36.700 0.590028
36.900 0.595568
36.900 0.595568
37.300 0.598338
37.400 0.601108
37.600 0.603878
37.800 0.606648
38.200 0.612188
38.200 0.612188
38.300 0.614958
40.300 0.617729
41.300 0.620499
42.300 0.623269
42.900 0.626039
43.500 0.631579
43.500 0.631579
43.600 0.634349
43.800 0.637119
44.300 0.639889
45.300 0.642659
45.700 0.645429
46.500 0.648199
46.900 0.65374
46.900 0.65374
47.600 0.65651
47.800 0.65928
48.200 0.66205
49.000 0.66482
49.100 0.66759
49.600 0.67036
50.200 0.67313
51.100 0.6759
51.400 0.67867
52.200 0.68144
52.800 0.684211
53.800 0.686981
54.300 0.689751
54.400 0.692521
54.500 0.695291
55.600 0.698061
59.400 0.700831
60.000 0.703601
60.600 0.706371
61.900 0.709141
62.200 0.711911
62.600 0.714681
63.500 0.717452
64.600 0.720222
66.100 0.722992
66.200 0.725762
66.600 0.728532
66.800 0.731302
71.200 0.734072
71.600 0.736842
72.700 0.739612
74.300 0.742382
75.000 0.745152
75.300 0.747922
76.000 0.750693
76.600 0.753463
76.900 0.756233
77.100 0.761773
77.100 0.761773
77.200 0.764543
77.500 0.767313
79.400 0.772853
79.400 0.772853
81.500 0.775623
81.800 0.778393
82.500 0.781163
84.000 0.783934
84.400 0.786704
86.300 0.789474
86.700 0.792244
87.200 0.797784
87.200 0.797784
87.300 0.800554
89.000 0.803324
90.600 0.806094
91.500 0.811634
91.500 0.811634
93.400 0.814404
94.000 0.817175
94.400 0.819945
95.100 0.822715
95.300 0.825485
95.700 0.828255
97.200 0.831025
98.500 0.833795
101.400 0.836565
101.600 0.839335
101.900 0.844875
101.900 0.844875
102.700 0.847645
104.700 0.850416
105.500 0.853186
105.600 0.855956
105.700 0.858726
105.900 0.861496
106.500 0.864266
109.000 0.867036
110.800 0.869806
110.900 0.872576
112.400 0.875346
112.900 0.878116
113.100 0.883657
113.100 0.883657
114.200 0.886427
115.100 0.889197
116.300 0.891967
116.600 0.894737
117.100 0.897507
117.800 0.900277
117.900 0.903047
119.000 0.905817
119.100 0.908587
121.200 0.911357
122.000 0.914127
122.900 0.916898
123.100 0.919668
123.200 0.922438
124.400 0.925208
126.600 0.927978
129.700 0.930748
132.300 0.933518
132.600 0.936288
132.800 0.939058
135.800 0.941828
138.400 0.944598
139.600 0.947368
143.700 0.950139
145.300 0.952909
145.600 0.958449
145.600 0.958449
145.800 0.961219
147.600 0.963989
151.200 0.966759
152.500 0.969529
153.500 0.972299
155.200 0.975069
155.500 0.977839
156.800 0.980609
158.700 0.98338
161.400 0.98615
162.600 0.98892
164.000 0.99169
167.100 0.99446
168.700 0.99723
178.000 1
