1.125 0.00277008
1.750 0.00554017
2.325 0.00831025
2.9187 0.0110803
3.17475 0.0138504
4.750 0.0166205
5.0142 0.0193906
7.300 0.0221607
8.000 0.0249307
8.137 0.0277008
8.5138 0.0304709
9.538 0.033241
10.7888 0.0360111
11.1388 0.0387812
11.1438 0.0415512
12.750 0.0443213
13.250 0.0470914
13.7775 0.0498615
13.938 0.0526316
14.6775 0.0554017
15.450 0.0581717
16.700 0.0609418
16.838 0.0637119
18.9263 0.066482
19.7937 0.0692521
19.850 0.0720222
20.8233 0.0747922
21.6225 0.0775623
21.8350 0.0803324
23.438 0.0831025
23.6350 0.0858726
24.5775 0.0886427
27.488 0.0914127
27.950 0.0941828
28.500 0.0969529
29.775 0.099723
30.7238 0.102493
30.7988 0.105263
31.050 0.108033
31.675 0.110803
32.6633 0.113573
32.7862 0.116343
37.2858 0.119114
37.5575 0.121884
38.150 0.124654
39.175 0.127424
39.40338 0.130194
40.275 0.132964
43.5483 0.135734
43.6883 0.138504
44.2275 0.141274
44.475 0.144044
46.0650 0.146814
48.000 0.149584
51.063 0.152355
52.412 0.155125
52.8975 0.157895
53.025 0.160665
53.3738 0.163435
53.6350 0.166205
53.8938 0.168975
54.5163 0.171745
58.07475 0.174515
58.3013 0.177285
58.6508 0.180055
59.7425 0.182825
60.8733 0.185596
61.338 0.188366
62.438 0.191136
64.625 0.193906
65.575 0.196676
66.3525 0.199446
66.600 0.202216
67.7075 0.204986
68.325 0.207756
70.3613 0.210526
72.300 0.213296
73.312 0.216066
73.8408 0.218837
74.050 0.221607
74.0508 0.224377
75.825 0.227147
78.0808 0.229917
79.2063 0.232687
81.575 0.235457
82.388 0.238227
83.3425 0.240997
83.7350 0.243767
85.875 0.246537
88.288 0.249307
88.750 0.252078
91.1058 0.254848
92.425 0.257618
94.500 0.260388
95.462 0.263158
95.6850 0.265928
96.3258 0.268698
97.7850 0.271468
98.0350 0.274238
99.225 0.277008
101.713 0.279778
103.8317 0.282548
106.4575 0.285319
109.3825 0.288089
109.7363 0.290859
115.600 0.293629
121.050 0.296399
122.0350 0.299169
124.4175 0.301939
125.913 0.304709
126.437 0.307479
129.2688 0.310249
132.400 0.313019
134.1112 0.315789
135.300 0.31856
137.3925 0.32133
137.4150 0.3241
138.513 0.32687
144.800 0.32964
145.200 0.33241
147.1433 0.33518
153.4075 0.33795
157.6150 0.34072
164.9963 0.34349
167.8575 0.34626
182.6025 0.34903
184.900 0.351801
186.3313 0.354571
188.8275 0.357341
192.5812 0.360111
192.750 0.362881
193.8388 0.365651
197.3208 0.368421
200.6138 0.371191
205.3175 0.373961
215.0350 0.376731
222.2938 0.379501
226.5988 0.382271
251.9413 0.385042
256.125 0.387812
259.163 0.390582
261.9525 0.393352
263.400 0.396122
263.512 0.398892
263.850 0.401662
267.100 0.404432
268.5150 0.407202
268.5262 0.409972
271.4563 0.412742
275.238 0.415512
284.40388 0.418283
288.000 0.421053
295.7025 0.423823
298.0433 0.426593
299.250 0.429363
315.2937 0.432133
324.750 0.434903
329.350 0.437673
334.4888 0.440443
335.813 0.443213
340.637 0.445983
350.8650 0.448753
353.5150 0.451524
360.1850 0.454294
361.475 0.457064
367.0363 0.459834
367.450 0.462604
372.2850 0.465374
372.6012 0.468144
373.5437 0.470914
386.1988 0.473684
387.8562 0.476454
389.175 0.479224
389.9608 0.481994
409.2425 0.484765
420.9258 0.487535
421.9425 0.490305
432.0488 0.493075
442.575 0.495845
443.025 0.498615
450.5775 0.501385
455.7525 0.504155
458.063 0.506925
459.7688 0.509695
460.6325 0.512465
472.950 0.515235
488.213 0.518006
491.300 0.520776
507.3563 0.523546
510.037 0.526316
511.787 0.529086
520.275 0.531856
528.0888 0.534626
535.7350 0.537396
536.4225 0.540166
545.0025 0.542936
556.2525 0.545706
561.3738 0.548476
563.9642 0.551247
567.0813 0.554017
567.1150 0.556787
573.787 0.559557
577.7008 0.562327
582.4575 0.565097
592.2308 0.567867
592.6058 0.570637
593.7650 0.573407
606.5025 0.576177
611.8725 0.578947
625.425 0.581717
626.0475 0.584488
645.4150 0.587258
647.3363 0.590028
653.9488 0.592798
665.475 0.595568
666.2513 0.598338
666.262 0.601108
666.5438 0.603878
674.6650 0.606648
678.8738 0.609418
679.337 0.612188
680.700 0.614958
704.2850 0.617729
708.000 0.620499
731.062 0.623269
751.350 0.626039
756.063 0.628809
761.813 0.631579
763.2488 0.634349
772.9613 0.637119
774.8308 0.639889
786.512 0.642659
787.7942 0.645429
790.600 0.648199
813.9858 0.65097
817.2225 0.65374
822.1238 0.65651
833.450 0.65928
837.0188 0.66205
840.0675 0.66482
844.275 0.66759
846.900 0.67036
855.850 0.67313
882.775 0.6759
883.250 0.67867
889.7150 0.68144
894.7487 0.684211
914.4563 0.686981
923.3175 0.689751
932.500 0.692521
933.938 0.695291
943.163 0.698061
949.575 0.700831
966.900 0.703601
974.9825 0.706371
975.0387 0.709141
975.2142 0.711911
978.675 0.714681
980.825 0.717452
981.400 0.720222
990.550 0.722992
1000.0638 0.725762
1031.3338 0.728532
1032.4563 0.731302
1056.8775 0.734072
1070.3675 0.736842
1082.3350 0.739612
1099.9825 0.742382
1151.6425 0.745152
1159.4575 0.747922
1162.350 0.750693
1176.612 0.753463
1193.8613 0.756233
1194.0075 0.759003
1199.0475 0.761773
1203.150 0.764543
1215.288 0.767313
1230.4925 0.770083
1282.463 0.772853
1284.113 0.775623
1293.8775 0.778393
1319.5825 0.781163
1336.3938 0.783934
1337.600 0.786704
1338.0263 0.789474
1341.9488 0.792244
1388.9350 0.795014
1389.1150 0.797784
1389.600 0.800554
1423.550 0.803324
1427.013 0.806094
1431.063 0.808864
1431.2063 0.811634
1447.2650 0.814404
1458.1175 0.817175
1468.5175 0.819945
1483.9388 0.822715
1488.6688 0.825485
1492.2488 0.828255
1497.838 0.831025
1499.700 0.833795
1502.850 0.836565
1516.3938 0.839335
1522.050 0.842105
1524.4925 0.844875
1547.350 0.847645
1548.313 0.850416
1550.5813 0.853186
1550.8850 0.855956
1556.650 0.858726
1571.413 0.861496
1577.475 0.864266
1578.2650 0.867036
1580.5238 0.869806
1584.850 0.872576
1612.5633 0.875346
1614.875 0.878116
1615.575 0.880886
1622.9150 0.883657
1625.688 0.886427
1629.4013 0.889197
1630.7025 0.891967
1638.4675 0.894737
1644.3113 0.897507
1652.0575 0.900277
1653.663 0.903047
1657.0138 0.905817
1661.8988 0.908587
1688.725 0.911357
1694.150 0.914127
1695.5475 0.916898
1703.225 0.919668
1749.875 0.922438
1751.2388 0.925208
1752.425 0.927978
1783.4575 0.930748
1790.025 0.933518
1820.100 0.936288
1821.275 0.939058
1821.2863 0.941828
1831.750 0.944598
1849.3275 0.947368
1855.7838 0.950139
1860.5788 0.952909
1868.438 0.955679
1875.950 0.958449
1896.9575 0.961219
1902.588 0.963989
1908.3788 0.966759
1922.1838 0.969529
1929.075 0.972299
1967.275 0.975069
2055.912 0.977839
2445.6675 0.980609
2480.8988 0.98338
2525.288 0.98615
2543.600 0.98892
2602.238 0.99169
2654.6075 0.99446
2804.6675 0.99723
2827.150 1
