0.0118583 0.00277008
0.0156618 0.00554017
0.0208738 0.00831025
0.0313048 0.0110803
0.0482517 0.0138504
0.0685546 0.0166205
0.0894792 0.0193906
0.0997673 0.0221607
0.103298 0.0249307
0.105031 0.0277008
0.105945 0.0304709
0.110075 0.033241
0.15237 0.0360111
0.15525 0.0387812
0.16477 0.0415512
0.179781 0.0443213
0.191508 0.0470914
0.194634 0.0498615
0.208506 0.0526316
0.235038 0.0554017
0.26337 0.0581717
0.301375 0.0609418
0.34667 0.0637119
0.360317 0.066482
0.360497 0.0692521
0.374751 0.0720222
0.377726 0.0747922
0.405793 0.0775623
0.411919 0.0803324
0.425794 0.0831025
0.455108 0.0858726
0.466753 0.0886427
0.515207 0.0914127
0.528508 0.0941828
0.540159 0.0969529
0.540597 0.099723
0.541614 0.102493
0.564421 0.105263
0.565815 0.108033
0.597274 0.110803
0.618479 0.113573
0.628475 0.116343
0.686151 0.119114
0.76393 0.121884
0.773646 0.124654
0.780445 0.127424
0.785154 0.130194
0.791922 0.132964
0.814099 0.135734
0.832551 0.138504
0.854996 0.141274
0.864594 0.144044
0.86543 0.146814
0.869611 0.149584
0.88677 0.152355
0.915006 0.155125
0.917932 0.157895
0.919114 0.160665
0.936047 0.163435
0.997032 0.166205
0.998566 0.168975
1.04855 0.171745
1.05437 0.174515
1.07849 0.177285
1.08296 0.180055
1.14269 0.182825
1.16034 0.185596
1.17565 0.188366
1.23103 0.191136
1.27116 0.193906
1.34401 0.196676
1.41253 0.199446
1.48678 0.202216
1.52383 0.204986
1.52611 0.207756
1.5519 0.210526
1.55933 0.213296
1.56148 0.216066
1.60798 0.218837
1.61213 0.221607
1.69499 0.224377
1.73278 0.227147
1.77419 0.229917
1.78065 0.232687
1.78194 0.235457
1.81794 0.238227
1.91958 0.240997
1.9269 0.243767
2.0323 0.246537
2.15638 0.249307
2.18326 0.252078
2.29591 0.254848
2.32088 0.257618
2.36506 0.260388
2.38999 0.263158
2.42013 0.265928
2.49117 0.268698
2.53674 0.271468
2.55555 0.274238
2.65564 0.277008
2.77579 0.279778
2.87864 0.282548
2.88271 0.285319
2.89725 0.288089
2.92029 0.290859
3.04316 0.293629
3.27758 0.296399
3.28961 0.299169
3.30883 0.301939
3.37051 0.304709
3.41337 0.307479
3.42507 0.310249
3.50938 0.313019
3.60188 0.315789
3.6489 0.31856
3.95877 0.32133
3.9795 0.3241
4.09261 0.32687
4.12269 0.32964
4.16399 0.33241
4.20317 0.33518
4.2293 0.33795
4.23003 0.34072
4.27066 0.34349
4.29274 0.34626
4.3874 0.34903
5.00898 0.351801
5.19628 0.354571
5.19893 0.357341
5.27164 0.360111
5.50069 0.362881
5.50633 0.365651
5.50895 0.368421
5.53199 0.371191
5.54443 0.373961
5.78307 0.376731
5.82599 0.379501
5.82656 0.382271
5.9191 0.385042
6.13879 0.387812
6.1818 0.390582
6.18934 0.393352
6.21693 0.396122
6.26367 0.398892
6.2722 0.401662
6.60683 0.404432
6.62625 0.407202
6.63809 0.409972
6.84224 0.412742
6.93575 0.415512
6.96183 0.418283
7.04511 0.421053
7.04834 0.423823
7.17042 0.426593
7.19095 0.429363
7.24147 0.432133
7.38615 0.434903
7.62618 0.437673
7.63675 0.440443
7.63708 0.443213
7.75206 0.445983
7.90065 0.448753
7.91858 0.451524
8.00296 0.454294
8.05329 0.457064
8.138 0.459834
8.26632 0.462604
8.53991 0.465374
8.65444 0.468144
8.77889 0.470914
8.90767 0.473684
8.90879 0.476454
8.93683 0.479224
9.0094 0.481994
9.08552 0.484765
9.17673 0.487535
9.4981 0.490305
9.77751 0.493075
10.0531 0.495845
10.2271 0.498615
10.2365 0.501385
10.2611 0.504155
10.3895 0.506925
10.5991 0.509695
10.6235 0.512465
10.8177 0.515235
11.2267 0.518006
11.2739 0.520776
11.3521 0.523546
11.4596 0.526316
11.6795 0.529086
11.8201 0.531856
12.1105 0.534626
12.3522 0.537396
12.3745 0.540166
12.6355 0.542936
12.6451 0.545706
12.8543 0.548476
13.0395 0.551247
13.3848 0.554017
13.4033 0.556787
13.4558 0.559557
13.7677 0.562327
14.7175 0.565097
15.0275 0.567867
15.0964 0.570637
15.1346 0.573407
15.3924 0.576177
15.8301 0.578947
15.8429 0.581717
15.8534 0.584488
15.971 0.587258
16.006 0.590028
16.1534 0.592798
16.3588 0.595568
16.3781 0.598338
16.4533 0.601108
16.6867 0.603878
16.8223 0.606648
16.8334 0.609418
17.1687 0.612188
17.1939 0.614958
17.5818 0.617729
17.838 0.620499
17.9209 0.623269
18.377 0.626039
18.9214 0.628809
18.9984 0.631579
19.0439 0.634349
19.2584 0.637119
19.3169 0.639889
19.8275 0.642659
20.0829 0.645429
20.2649 0.648199
20.2733 0.65097
20.4126 0.65374
20.7028 0.65651
21.0674 0.65928
21.1044 0.66205
21.5455 0.66482
21.7793 0.66759
21.9784 0.67036
22.5693 0.67313
22.6131 0.6759
22.629 0.67867
22.7112 0.68144
23.4718 0.684211
23.8892 0.686981
24.0338 0.689751
24.0453 0.692521
24.2543 0.695291
24.5121 0.698061
25.0572 0.700831
25.2811 0.703601
26.3478 0.706371
26.6664 0.709141
26.7332 0.711911
26.7361 0.714681
27.5537 0.717452
27.8865 0.720222
28.1542 0.722992
28.3573 0.725762
29.1206 0.728532
29.138 0.731302
29.6963 0.734072
29.76 0.736842
30.3902 0.739612
30.6308 0.742382
30.9074 0.745152
31.1533 0.747922
31.1751 0.750693
31.3358 0.753463
31.5084 0.756233
31.7725 0.759003
32.857 0.761773
33.4221 0.764543
33.4336 0.767313
33.5422 0.770083
33.9501 0.772853
35.2545 0.775623
36.1561 0.778393
36.2529 0.781163
36.5376 0.783934
36.8178 0.786704
37.1669 0.789474
38.0561 0.792244
38.0642 0.795014
38.2132 0.797784
38.7379 0.800554
40.2463 0.803324
40.8716 0.806094
41.6645 0.808864
41.6853 0.811634
42.1016 0.814404
42.5195 0.817175
42.6955 0.819945
43.2609 0.822715
44.3502 0.825485
44.617 0.828255
47.5188 0.831025
48.7766 0.833795
50.0673 0.836565
50.2588 0.839335
50.3331 0.842105
50.8534 0.844875
51.6161 0.847645
51.801 0.850416
52.6402 0.853186
55.1951 0.855956
56.8683 0.858726
57.1051 0.861496
58.3498 0.864266
61.8132 0.867036
64.5711 0.869806
64.8454 0.872576
65.6097 0.875346
65.803 0.878116
66.7352 0.880886
70.3034 0.883657
70.6262 0.886427
71.6022 0.889197
72.7518 0.891967
74.7817 0.894737
75.8294 0.897507
80.0109 0.900277
80.8643 0.903047
85.6581 0.905817
87.4267 0.908587
94.2528 0.911357
94.6549 0.914127
94.8536 0.916898
96.9306 0.919668
102.338 0.922438
104.224 0.925208
105.321 0.927978
105.765 0.930748
106.472 0.933518
108.377 0.936288
109.292 0.939058
110.121 0.941828
115.317 0.944598
119.64 0.947368
122.017 0.950139
122.435 0.952909
145.362 0.955679
145.639 0.958449
151.375 0.961219
162.617 0.963989
169.129 0.966759
176.319 0.969529
179.02 0.972299
180.514 0.975069
189.978 0.977839
191.835 0.980609
202.704 0.98338
215.785 0.98615
219.479 0.98892
229.808 0.99169
320.863 0.99446
331.049 0.99723
344.92 1
