2.800 0.00277008
3.200 0.00554017
11.100 0.00831025
24.900 0.0110803
39.200 0.0138504
44.500 0.0166205
48.900 0.0193906
51.300 0.0221607
52.800 0.0249307
54.200 0.0277008
55.700 0.0304709
61.300 0.033241
62.500 0.0360111
64.400 0.0387812
70.900 0.0415512
73.500 0.0443213
76.300 0.0470914
76.600 0.0498615
76.700 0.0526316
78.100 0.0554017
81.200 0.0581717
85.700 0.0609418
87.500 0.0637119
88.100 0.066482
88.800 0.0720222
88.800 0.0720222
89.100 0.0747922
89.700 0.0775623
90.000 0.0803324
90.300 0.0831025
90.500 0.0858726
90.700 0.0886427
90.800 0.0914127
91.100 0.0941828
91.300 0.0969529
91.500 0.099723
91.700 0.105263
91.700 0.105263
92.100 0.108033
92.300 0.110803
92.400 0.113573
92.500 0.116343
93.000 0.119114
93.100 0.121884
93.300 0.124654
93.500 0.127424
93.700 0.130194
93.900 0.132964
94.000 0.141274
94.000 0.141274
94.000 0.141274
94.100 0.144044
94.300 0.152355
94.300 0.152355
94.300 0.152355
94.400 0.157895
94.400 0.157895
94.500 0.160665
94.600 0.166205
94.600 0.166205
94.700 0.168975
94.800 0.177285
94.800 0.177285
94.800 0.177285
94.900 0.180055
95.000 0.185596
95.000 0.185596
95.100 0.191136
95.100 0.191136
95.600 0.193906
95.700 0.199446
95.700 0.199446
95.900 0.216066
95.900 0.216066
95.900 0.216066
95.900 0.216066
95.900 0.216066
95.900 0.216066
96.000 0.221607
96.000 0.221607
96.200 0.224377
96.300 0.229917
96.300 0.229917
96.400 0.235457
96.400 0.235457
96.600 0.238227
96.700 0.246537
96.700 0.246537
96.700 0.246537
96.800 0.249307
96.900 0.257618
96.900 0.257618
96.900 0.257618
97.100 0.265928
97.100 0.265928
97.100 0.265928
97.200 0.268698
97.300 0.274238
97.300 0.274238
97.400 0.277008
97.500 0.279778
97.600 0.285319
97.600 0.285319
97.700 0.296399
97.700 0.296399
97.700 0.296399
97.700 0.296399
97.800 0.304709
97.800 0.304709
97.800 0.304709
97.900 0.310249
97.900 0.310249
98.000 0.32133
98.000 0.32133
98.000 0.32133
98.000 0.32133
98.100 0.32964
98.100 0.32964
98.100 0.32964
98.200 0.33241
98.300 0.33518
98.500 0.34072
98.500 0.34072
98.600 0.34626
98.600 0.34626
98.700 0.34903
98.800 0.365651
98.800 0.365651
98.800 0.365651
98.800 0.365651
98.800 0.365651
98.800 0.365651
98.900 0.371191
98.900 0.371191
99.000 0.401662
99.000 0.401662
99.000 0.401662
99.000 0.401662
99.000 0.401662
99.000 0.401662
99.000 0.401662
99.000 0.401662
99.000 0.401662
99.000 0.401662
99.000 0.401662
99.100 0.423823
99.100 0.423823
99.100 0.423823
99.100 0.423823
99.100 0.423823
99.100 0.423823
99.100 0.423823
99.100 0.423823
99.200 0.437673
99.200 0.437673
99.200 0.437673
99.200 0.437673
99.200 0.437673
99.300 0.487535
99.300 0.487535
99.300 0.487535
99.300 0.487535
99.300 0.487535
99.300 0.487535
99.300 0.487535
99.300 0.487535
99.300 0.487535
99.300 0.487535
99.300 0.487535
99.300 0.487535
99.300 0.487535
99.300 0.487535
99.300 0.487535
99.300 0.487535
99.300 0.487535
99.300 0.487535
99.400 0.540166
99.400 0.540166
99.400 0.540166
99.400 0.540166
99.400 0.540166
99.400 0.540166
99.400 0.540166
99.400 0.540166
99.400 0.540166
99.400 0.540166
99.400 0.540166
99.400 0.540166
99.400 0.540166
99.400 0.540166
99.400 0.540166
99.400 0.540166
99.400 0.540166
99.400 0.540166
99.400 0.540166
99.500 0.626039
99.500 0.626039
99.500 0.626039
99.500 0.626039
99.500 0.626039
99.500 0.626039
99.500 0.626039
99.500 0.626039
99.500 0.626039
99.500 0.626039
99.500 0.626039
99.500 0.626039
99.500 0.626039
99.500 0.626039
99.500 0.626039
99.500 0.626039
99.500 0.626039
99.500 0.626039
99.500 0.626039
99.500 0.626039
99.500 0.626039
99.500 0.626039
99.500 0.626039
99.500 0.626039
99.500 0.626039
99.500 0.626039
99.500 0.626039
99.500 0.626039
99.500 0.626039
99.500 0.626039
99.500 0.626039
99.600 0.722992
99.600 0.722992
99.600 0.722992
99.600 0.722992
99.600 0.722992
99.600 0.722992
99.600 0.722992
99.600 0.722992
99.600 0.722992
99.600 0.722992
99.600 0.722992
99.600 0.722992
99.600 0.722992
99.600 0.722992
99.600 0.722992
99.600 0.722992
99.600 0.722992
99.600 0.722992
99.600 0.722992
99.600 0.722992
99.600 0.722992
99.600 0.722992
99.600 0.722992
99.600 0.722992
99.600 0.722992
99.600 0.722992
99.600 0.722992
99.600 0.722992
99.600 0.722992
99.600 0.722992
99.600 0.722992
99.600 0.722992
99.600 0.722992
99.600 0.722992
99.600 0.722992
99.700 0.792244
99.700 0.792244
99.700 0.792244
99.700 0.792244
99.700 0.792244
99.700 0.792244
99.700 0.792244
99.700 0.792244
99.700 0.792244
99.700 0.792244
99.700 0.792244
99.700 0.792244
99.700 0.792244
99.700 0.792244
99.700 0.792244
99.700 0.792244
99.700 0.792244
99.700 0.792244
99.700 0.792244
99.700 0.792244
99.700 0.792244
99.700 0.792244
99.700 0.792244
99.700 0.792244
99.700 0.792244
99.800 0.806094
99.800 0.806094
99.800 0.806094
99.800 0.806094
99.800 0.806094
119.400 0.808864
156.500 0.811634
156.800 0.817175
156.800 0.817175
156.900 0.822715
156.900 0.822715
157.000 0.825485
158.900 0.828255
188.700 0.831025
190.200 0.833795
195.900 0.836565
222.100 0.839335
238.600 0.842105
242.800 0.844875
245.800 0.850416
245.800 0.850416
248.600 0.853186
250.900 0.855956
259.800 0.858726
264.400 0.861496
283.500 0.864266
285.500 0.867036
308.400 0.869806
317.300 0.872576
343.700 0.875346
348.100 0.878116
416.600 0.880886
418.500 0.883657
423.200 0.886427
426.200 0.889197
431.600 0.891967
434.600 0.894737
458.900 0.897507
481.900 0.900277
484.300 0.903047
496.200 0.905817
545.900 0.908587
547.000 0.911357
568.400 0.914127
573.900 0.916898
575.900 0.919668
589.000 0.922438
592.000 0.925208
610.100 0.927978
614.100 0.930748
637.500 0.933518
645.500 0.936288
662.500 0.939058
674.700 0.941828
675.500 0.944598
1143.700 0.947368
1174.500 0.950139
1246.600 0.952909
1262.500 0.955679
1351.700 0.958449
1378.600 0.961219
1387.800 0.963989
1390.100 0.966759
1392.500 0.969529
1464.800 0.972299
1796.800 0.975069
2132.000 0.977839
2873.900 0.980609
3228.700 0.98338
3811.900 0.98615
14953.800 0.98892
206546.100 0.99169
216819.900 0.99446
388830.600 0.99723
1268210.400 1
