.13233 0.00277008
.190 0.00554017
.191 0.00831025
.19233 0.0110803
.197 0.0138504
.223 0.0166205
.3277 0.0193906
.362 0.0221607
.397 0.0249307
.53733 0.0277008
.583 0.0304709
.63633 0.033241
.8033 0.0360111
.855 0.0387812
.9797 0.0415512
1.059 0.0443213
1.143 0.0470914
1.188 0.0498615
1.2323 0.0526316
1.242 0.0554017
1.283 0.0581717
1.2923 0.0609418
1.3347 0.0637119
1.3803 0.066482
1.4633 0.0692521
1.674 0.0720222
1.713 0.0747922
1.7793 0.0775623
1.807 0.0803324
1.9433 0.0831025
1.9963 0.0858726
2.0857 0.0886427
2.1057 0.0914127
2.2063 0.0941828
2.283 0.0969529
2.3037 0.099723
2.4973 0.102493
2.5567 0.105263
2.5943 0.108033
2.616 0.110803
2.712 0.113573
2.753 0.116343
2.7857 0.119114
2.8157 0.121884
2.9813 0.124654
3.0097 0.127424
3.1137 0.130194
3.129 0.132964
3.228 0.135734
3.725 0.138504
3.764 0.141274
3.797 0.144044
3.9363 0.146814
3.9427 0.149584
3.983 0.152355
4.PETpre 0.689751
4.0603 0.155125
4.1037 0.157895
4.117 0.160665
4.1947 0.163435
4.220 0.166205
4.420 0.168975
4.439 0.171745
4.4437 0.174515
4.7747 0.177285
4.8533 0.180055
4.8903 0.182825
4.893 0.185596
5.129 0.191136
5.170 0.193906
5.246 0.196676
5.2733 0.199446
5.3303 0.202216
5.365 0.204986
5.466 0.207756
5.7873 0.210526
5.8343 0.213296
6.0353 0.216066
6.0403 0.218837
6.3127 0.221607
6.4013 0.224377
6.4447 0.227147
6.448 0.229917
6.526 0.232687
6.6497 0.235457
6.9077 0.238227
7.0703 0.240997
7.0837 0.243767
7.329 0.246537
7.3627 0.249307
7.394 0.252078
7.4167 0.254848
7.4457 0.257618
7.5327 0.260388
7.5617 0.263158
7.8673 0.265928
7.893 0.268698
8.047 0.271468
8.0657 0.274238
8.1583 0.277008
8.770 0.279778
8.7833 0.282548
8.955 0.285319
8.9617 0.288089
9.134 0.290859
9.2237 0.293629
9.248 0.296399
9.252 0.299169
9.5443 0.301939
9.574 0.304709
9.8237 0.307479
9.851 0.310249
9.9763 0.313019
10.0933 0.313019
10.3893 0.315789
10.4363 0.31856
10.554 0.32133
10.6647 0.3241
10.8963 0.32687
10.9203 0.32964
11.044 0.33241
11.112 0.33518
11.216 0.33795
11.242 0.34072
11.5037 0.34349
11.5213 0.34626
11.5607 0.34903
11.723 0.351801
12.189 0.354571
12.5687 0.357341
13.019 0.360111
13.0343 0.362881
13.224 0.365651
13.225 0.368421
13.3923 0.371191
13.7047 0.373961
13.770 0.376731
13.8657 0.379501
13.874 0.382271
14.344 0.385042
14.4963 0.387812
14.6313 0.390582
14.724 0.393352
14.8577 0.396122
15.0587 0.398892
15.1407 0.401662
15.2973 0.404432
15.7253 0.407202
15.778 0.409972
15.812 0.412742
15.891 0.415512
16.254 0.418283
16.269 0.421053
16.9593 0.423823
17.0547 0.426593
17.2517 0.429363
17.4333 0.432133
17.5177 0.434903
17.5283 0.437673
17.695 0.440443
17.6993 0.443213
17.7867 0.445983
18.1033 0.448753
18.3677 0.451524
18.445 0.454294
18.650 0.457064
18.7737 0.459834
18.804 0.462604
18.899 0.465374
18.9373 0.468144
18.9593 0.470914
19.652 0.473684
20.038 0.476454
20.2723 0.479224
20.713 0.481994
20.764 0.484765
20.8343 0.487535
20.884 0.490305
21.3823 0.493075
21.541 0.495845
21.5893 0.498615
21.6417 0.501385
21.6467 0.504155
21.7427 0.506925
21.829 0.509695
21.9233 0.512465
21.973 0.515235
22.019 0.518006
22.135 0.520776
22.6073 0.523546
22.8993 0.526316
23.675 0.529086
23.7253 0.531856
23.8187 0.534626
23.9803 0.537396
24.1347 0.540166
24.2153 0.542936
24.6577 0.545706
24.8093 0.548476
24.821 0.551247
24.905 0.554017
25.0623 0.556787
25.1043 0.559557
25.1577 0.562327
25.180 0.565097
25.3843 0.567867
25.838 0.570637
25.9117 0.573407
26.011 0.576177
26.1273 0.578947
26.2123 0.581717
27.7787 0.584488
27.998 0.587258
28.0303 0.590028
28.392 0.592798
28.5257 0.595568
28.809 0.598338
28.8703 0.601108
28.918 0.603878
28.9453 0.606648
28.9627 0.609418
29.1153 0.612188
29.461 0.614958
29.806 0.617729
29.895 0.620499
29.994 0.623269
30.1723 0.626039
30.6337 0.628809
31.0177 0.631579
31.065 0.634349
31.2133 0.637119
31.5653 0.639889
31.697 0.642659
31.8513 0.645429
33.1813 0.648199
33.398 0.65097
33.6027 0.65374
33.883 0.65651
34.234 0.65928
34.3863 0.66205
34.5273 0.66482
34.608 0.66759
35.3043 0.67036
35.330 0.67313
35.408 0.6759
35.5913 0.67867
35.6323 0.68144
35.6807 0.684211
35.7853 0.686981
36.4923 0.689751
36.635 0.692521
36.9327 0.695291
37.060 0.698061
37.519 0.700831
37.6197 0.703601
38.505 0.706371
39.3683 0.709141
39.4733 0.711911
39.7933 0.714681
40.3563 0.720222
40.784 0.722992
42.012 0.725762
42.066 0.728532
42.1473 0.731302
43.2277 0.734072
43.4507 0.736842
43.8483 0.739612
44.3173 0.742382
45.238 0.745152
45.2633 0.747922
46.166 0.750693
46.3783 0.753463
46.695 0.756233
46.6997 0.759003
47.5723 0.761773
47.7603 0.764543
48.536 0.767313
48.7923 0.770083
48.853 0.772853
49.2197 0.775623
49.7977 0.778393
50.4543 0.781163
50.983 0.783934
51.3213 0.786704
51.442 0.789474
51.844 0.792244
51.923 0.795014
52.7833 0.797784
53.504 0.800554
54.9483 0.803324
56.7773 0.806094
58.7407 0.808864
58.842 0.811634
59.4253 0.814404
60.8937 0.817175
60.9467 0.819945
60.9797 0.822715
65.5387 0.825485
66.0823 0.828255
67.341 0.831025
67.4727 0.833795
67.549 0.836565
68.129 0.839335
68.507 0.842105
69.1493 0.844875
70.097 0.847645
70.6633 0.850416
70.8757 0.853186
71.204 0.855956
71.3383 0.858726
73.2703 0.861496
73.4397 0.864266
73.6407 0.867036
74.5747 0.869806
74.8247 0.872576
75.8783 0.875346
76.425 0.878116
76.7617 0.880886
78.2263 0.883657
78.294 0.886427
78.691 0.889197
79.4183 0.891967
81.951 0.894737
86.5867 0.897507
97.8267 0.900277
98.7893 0.903047
100.817 0.903047
101.798 0.905817
102.597 0.908587
106.1843 0.911357
112.1867 0.914127
113.884 0.916898
114.161 0.919668
114.485 0.922438
114.538 0.925208
114.795 0.927978
119.827 0.930748
123.788 0.933518
124.532 0.936288
125.713 0.939058
143.202 0.941828
144.186 0.944598
145.702 0.947368
146.180 0.950139
148.4627 0.952909
148.8463 0.955679
150.8727 0.958449
151.2357 0.961219
152.0473 0.963989
152.207 0.966759
152.6703 0.969529
153.0363 0.972299
153.7747 0.975069
159.690 0.977839
162.475 0.980609
162.630 0.98338
182.198 0.98615
203.488 0.98892
208.179 0.99169
226.172 0.99446
230.460 0.99723
