0.008551 0.00277008
0.013498 0.00554017
0.016617 0.00831025
0.020681 0.0110803
0.032540 0.0138504
0.061407 0.0166205
0.073009 0.0193906
0.075681 0.0221607
0.088006 0.0249307
0.094066 0.0277008
0.143732 0.0304709
0.144288 0.033241
0.168892 0.0360111
0.187745 0.0387812
0.238934 0.0415512
0.274394 0.0443213
0.302475 0.0470914
0.317741 0.0498615
0.321900 0.0526316
0.342939 0.0554017
0.348140 0.0581717
0.403502 0.0609418
0.410137 0.0637119
0.413950 0.066482
0.426958 0.0692521
0.446532 0.0720222
0.456123 0.0747922
0.470222 0.0775623
0.473666 0.0803324
0.484238 0.0831025
0.514999 0.0858726
0.533663 0.0886427
0.534512 0.0914127
0.540558 0.0941828
0.543400 0.0969529
0.563185 0.099723
0.585406 0.102493
0.606287 0.105263
0.627226 0.108033
0.636257 0.110803
0.649915 0.113573
0.687931 0.116343
0.690264 0.119114
0.693308 0.121884
0.706397 0.124654
0.711231 0.127424
0.714038 0.130194
0.754034 0.132964
0.758366 0.135734
0.795002 0.138504
0.828197 0.141274
0.834982 0.144044
0.875505 0.146814
0.893357 0.149584
0.900307 0.152355
0.951382 0.155125
1.025573 0.157895
1.037701 0.160665
1.049925 0.163435
1.069061 0.166205
1.073376 0.168975
1.145573 0.171745
1.167412 0.174515
1.264593 0.177285
1.267926 0.180055
1.267982 0.182825
1.286310 0.185596
1.345852 0.188366
1.428854 0.191136
1.478576 0.193906
1.494616 0.196676
1.525035 0.199446
1.539888 0.202216
1.569788 0.204986
1.696823 0.207756
1.704052 0.210526
1.730255 0.213296
1.764509 0.216066
1.782732 0.218837
1.802742 0.221607
1.802856 0.224377
1.915167 0.227147
1.919436 0.229917
1.988394 0.232687
2.005122 0.235457
2.055014 0.238227
2.076448 0.240997
2.079840 0.243767
2.105431 0.246537
2.121326 0.249307
2.164284 0.252078
2.192228 0.254848
2.236378 0.257618
2.288155 0.260388
2.358334 0.263158
2.426159 0.265928
2.445316 0.268698
2.448605 0.271468
2.464972 0.274238
2.510317 0.277008
2.517900 0.279778
2.552292 0.282548
2.628233 0.285319
2.663401 0.288089
2.673080 0.290859
2.694744 0.293629
2.827147 0.296399
2.849201 0.299169
2.850159 0.301939
2.879745 0.304709
2.889431 0.307479
3.083767 0.310249
3.119114 0.313019
3.214924 0.315789
3.228662 0.31856
3.262888 0.32133
3.298071 0.3241
3.303205 0.32687
3.323170 0.32964
3.327742 0.33241
3.342325 0.33518
3.405712 0.33795
3.484308 0.34072
3.618018 0.34349
3.695469 0.34626
3.715359 0.34903
3.743549 0.351801
3.857618 0.354571
3.916203 0.357341
4.014961 0.360111
4.022127 0.362881
4.044842 0.365651
4.059181 0.368421
4.150394 0.371191
4.313751 0.373961
4.318401 0.376731
4.322433 0.379501
4.522532 0.382271
4.590298 0.385042
4.645836 0.387812
4.675278 0.390582
4.718323 0.393352
4.785170 0.396122
4.905804 0.398892
5.124111 0.401662
5.159237 0.404432
5.174026 0.407202
5.209283 0.409972
5.379616 0.412742
5.393074 0.415512
5.399233 0.418283
5.428673 0.421053
5.825893 0.423823
5.973469 0.426593
6.285774 0.429363
6.655407 0.432133
6.765095 0.434903
6.769695 0.437673
6.888193 0.440443
6.970083 0.443213
7.066072 0.445983
7.134300 0.448753
7.862921 0.451524
7.964741 0.454294
8.066889 0.457064
8.112865 0.459834
8.409122 0.462604
8.494625 0.465374
8.753399 0.468144
8.998613 0.470914
9.109045 0.473684
9.200893 0.476454
9.427670 0.479224
9.568209 0.481994
9.590107 0.484765
9.780098 0.487535
10.204636 0.490305
10.364975 0.493075
10.370422 0.495845
10.545959 0.498615
10.816767 0.501385
10.826178 0.504155
11.650707 0.506925
12.177738 0.509695
12.216106 0.512465
12.412514 0.515235
12.526995 0.518006
12.676388 0.520776
12.790346 0.523546
12.826477 0.526316
13.071892 0.529086
13.438566 0.531856
13.645632 0.534626
13.779543 0.537396
13.940865 0.540166
14.018974 0.542936
14.080858 0.545706
14.148396 0.548476
14.352493 0.551247
14.395779 0.554017
14.406952 0.556787
14.471506 0.559557
14.645554 0.562327
14.697754 0.565097
14.857698 0.567867
15.753155 0.570637
15.954430 0.573407
16.071808 0.576177
16.101608 0.578947
16.163189 0.581717
16.189594 0.584488
16.382244 0.587258
16.609867 0.590028
16.676598 0.592798
17.249367 0.595568
17.255220 0.598338
17.397202 0.601108
17.458696 0.603878
17.790991 0.606648
18.160355 0.609418
18.217667 0.612188
18.236481 0.614958
19.166626 0.617729
19.448576 0.620499
19.653517 0.623269
19.969244 0.626039
20.213367 0.628809
21.250006 0.631579
21.680561 0.634349
23.587910 0.637119
23.844793 0.639889
24.205372 0.642659
24.567356 0.645429
25.205650 0.648199
25.208733 0.65097
25.346256 0.65374
26.234299 0.65651
26.876549 0.65928
27.954803 0.66205
28.090935 0.66482
28.178436 0.66759
28.309883 0.67036
29.352604 0.67313
29.426857 0.6759
29.461605 0.67867
29.725235 0.68144
29.848679 0.684211
31.663960 0.686981
32.441204 0.689751
33.155106 0.692521
33.400169 0.695291
33.471203 0.698061
33.611488 0.700831
33.860901 0.703601
34.058952 0.706371
34.784782 0.709141
35.470718 0.711911
36.756626 0.714681
38.442596 0.717452
39.524578 0.720222
40.540031 0.722992
41.887150 0.725762
42.270828 0.728532
42.585464 0.731302
44.587265 0.734072
44.710770 0.736842
44.915161 0.739612
45.082264 0.742382
45.811081 0.745152
46.222221 0.747922
46.327988 0.750693
46.858398 0.753463
46.964146 0.756233
48.338852 0.759003
49.568306 0.761773
50.091003 0.764543
50.817295 0.767313
51.024712 0.770083
52.348316 0.772853
52.588161 0.775623
53.058022 0.778393
56.218613 0.781163
58.590836 0.783934
60.193535 0.786704
60.647621 0.789474
62.085052 0.792244
62.574570 0.795014
63.577232 0.797784
66.019539 0.800554
66.685287 0.803324
67.819382 0.806094
68.329422 0.808864
69.322845 0.811634
69.363541 0.814404
70.845428 0.817175
72.116608 0.819945
73.236008 0.822715
75.529610 0.825485
76.532288 0.828255
76.775146 0.831025
78.982872 0.833795
79.346321 0.836565
79.848969 0.839335
83.391304 0.842105
84.135086 0.844875
87.383797 0.847645
89.558762 0.850416
92.536163 0.853186
93.665161 0.855956
94.057899 0.858726
94.543770 0.861496
99.068726 0.864266
102.122284 0.867036
104.702393 0.869806
105.928726 0.872576
109.833374 0.875346
114.894112 0.878116
126.796066 0.880886
127.806717 0.883657
128.340317 0.886427
130.353485 0.889197
141.246552 0.891967
141.453461 0.894737
147.279755 0.897507
148.924072 0.900277
154.016113 0.903047
154.280731 0.905817
167.270416 0.908587
176.015457 0.911357
176.937805 0.914127
176.960556 0.916898
180.992645 0.919668
182.962952 0.922438
197.181000 0.925208
197.278961 0.927978
206.615768 0.930748
208.745026 0.933518
217.770432 0.936288
226.951157 0.939058
231.025177 0.941828
256.783630 0.944598
265.716461 0.947368
270.145142 0.950139
290.566772 0.952909
294.192352 0.955679
308.311157 0.958449
313.250732 0.961219
329.579437 0.963989
334.826385 0.966759
339.953674 0.969529
340.754303 0.972299
344.577148 0.975069
349.953918 0.977839
365.620911 0.980609
380.071899 0.98338
426.476044 0.98615
465.409424 0.98892
484.175476 0.99169
813.686462 0.99446
830.328186 0.99723
1045.152466 1
