.13033 0.00277008
.167 0.00554017
.180 0.00831025
.18933 0.0110803
.190 0.0138504
.223 0.0166205
.3277 0.0193906
.362 0.0221607
.397 0.0249307
.53033 0.0277008
.583 0.0304709
.61433 0.033241
.7803 0.0360111
.851 0.0387812
.9727 0.0415512
1.030 0.0443213
1.131 0.0470914
1.1693 0.0498615
1.174 0.0526316
1.242 0.0554017
1.246 0.0581717
1.2703 0.0609418
1.3287 0.0637119
1.3673 0.066482
1.4503 0.0692521
1.659 0.0720222
1.681 0.0747922
1.7313 0.0775623
1.782 0.0803324
1.9223 0.0831025
1.9813 0.0858726
2.0487 0.0886427
2.0727 0.0914127
2.1793 0.0941828
2.265 0.0969529
2.2917 0.099723
2.4793 0.102493
2.5447 0.105263
2.5753 0.108033
2.669 0.110803
2.693 0.113573
2.745 0.116343
2.7767 0.119114
2.7937 0.121884
2.9777 0.124654
2.9813 0.127424
3.095 0.130194
3.1017 0.132964
3.198 0.135734
3.669 0.138504
3.764 0.141274
3.784 0.144044
3.9113 0.146814
3.9427 0.149584
3.965 0.152355
4.0413 0.155125
4.103 0.157895
4.1347 0.160665
4.1947 0.163435
4.205 0.166205
4.380 0.168975
4.415 0.171745
4.4177 0.174515
4.7517 0.177285
4.8213 0.180055
4.889 0.182825
4.9303 0.185596
5.096 0.188366
5.170 0.191136
5.2413 0.193906
5.246 0.196676
5.2853 0.199446
5.349 0.202216
5.453 0.204986
5.7753 0.207756
5.8013 0.210526
6.0353 0.213296
6.0403 0.216066
6.2927 0.218837
6.403 0.221607
6.4033 0.224377
6.4167 0.227147
6.526 0.229917
6.6267 0.232687
6.8967 0.235457
7.0667 0.238227
7.0703 0.240997
7.329 0.243767
7.3477 0.246537
7.394 0.249307
7.4167 0.252078
7.4457 0.254848
7.4907 0.257618
7.5267 0.260388
7.8323 0.263158
7.874 0.265928
8.013 0.268698
8.0257 0.271468
8.1583 0.274238
8.7613 0.277008
8.770 0.279778
8.9327 0.282548
8.955 0.285319
9.120 0.288089
9.1477 0.290859
9.187 0.293629
9.248 0.296399
9.5083 0.299169
9.520 0.301939
9.7867 0.304709
9.795 0.307479
9.9723 0.310249
10.0613 0.313019
10.3763 0.315789
10.3893 0.31856
10.554 0.32133
10.6647 0.3241
10.8333 0.32687
10.8963 0.32964
10.990 0.33241
11.072 0.33518
11.207 0.33795
11.216 0.34072
11.4587 0.34349
11.5213 0.34626
11.5257 0.34903
11.696 0.351801
12.189 0.354571
12.5007 0.357341
12.9793 0.360111
13.019 0.362881
13.185 0.365651
13.204 0.368421
13.3923 0.371191
13.6667 0.373961
13.757 0.376731
13.8027 0.379501
13.874 0.382271
14.344 0.385042
14.4843 0.387812
14.6313 0.390582
14.672 0.393352
14.8577 0.396122
15.0477 0.398892
15.0587 0.401662
15.2973 0.404432
15.6923 0.407202
15.728 0.409972
15.812 0.412742
15.826 0.415512
16.215 0.418283
16.254 0.421053
16.9593 0.423823
17.0547 0.426593
17.2517 0.429363
17.4333 0.432133
17.5177 0.434903
17.5213 0.437673
17.695 0.440443
17.6993 0.443213
17.7597 0.445983
18.1033 0.448753
18.3337 0.451524
18.445 0.454294
18.650 0.457064
18.7337 0.459834
18.804 0.462604
18.899 0.465374
18.9113 0.468144
18.9373 0.470914
19.652 0.473684
19.6897 0.476454
20.038 0.479224
20.2723 0.481994
20.688 0.484765
20.713 0.487535
20.8343 0.490305
20.884 0.493075
21.3823 0.495845
21.541 0.498615
21.5893 0.501385
21.6417 0.504155
21.6467 0.506925
21.7427 0.509695
21.829 0.512465
21.9233 0.515235
21.973 0.518006
22.019 0.520776
22.135 0.523546
22.6073 0.526316
22.8993 0.529086
23.646 0.531856
23.7143 0.534626
23.8187 0.537396
23.9803 0.540166
24.0547 0.542936
24.2073 0.545706
24.6577 0.548476
24.8093 0.551247
24.821 0.554017
24.905 0.556787
25.0623 0.559557
25.1043 0.562327
25.1577 0.565097
25.180 0.567867
25.3063 0.570637
25.838 0.573407
25.9117 0.576177
26.011 0.578947
26.0503 0.581717
26.2123 0.584488
27.7787 0.587258
27.8383 0.590028
27.998 0.592798
28.256 0.595568
28.5257 0.598338
28.6383 0.601108
28.809 0.603878
28.918 0.606648
28.9453 0.609418
28.9627 0.612188
29.0873 0.614958
29.461 0.617729
29.806 0.620499
29.895 0.623269
29.994 0.626039
30.1723 0.628809
30.6337 0.631579
31.0177 0.634349
31.065 0.637119
31.0673 0.639889
31.5653 0.642659
31.697 0.645429
31.8513 0.648199
33.1543 0.65097
33.398 0.65374
33.6027 0.65651
33.883 0.65928
34.234 0.66205
34.3863 0.66482
34.5273 0.66759
34.608 0.67036
35.2523 0.67313
35.330 0.6759
35.408 0.67867
35.4773 0.68144
35.6323 0.684211
35.6807 0.686981
35.7853 0.689751
36.4923 0.692521
36.635 0.695291
36.9327 0.698061
37.060 0.700831
37.519 0.703601
37.6197 0.706371
38.505 0.709141
39.3083 0.711911
39.4733 0.714681
39.7933 0.717452
40.3563 0.720222
40.784 0.722992
41.945 0.725762
42.066 0.728532
42.1473 0.731302
43.2277 0.734072
43.4507 0.736842
43.8483 0.739612
44.3173 0.742382
45.190 0.745152
45.2633 0.747922
46.166 0.750693
46.3783 0.753463
46.695 0.756233
46.6997 0.759003
47.5723 0.761773
47.7603 0.764543
48.536 0.767313
48.7923 0.770083
48.853 0.772853
49.2197 0.775623
49.7977 0.778393
50.4543 0.781163
50.983 0.783934
51.3213 0.786704
51.442 0.789474
51.844 0.792244
51.923 0.795014
52.7833 0.797784
53.504 0.800554
54.8793 0.803324
56.7773 0.806094
58.7407 0.808864
58.842 0.811634
59.4253 0.814404
60.8737 0.817175
60.8937 0.819945
60.9797 0.822715
65.5387 0.825485
66.0823 0.828255
67.341 0.831025
67.4727 0.833795
67.549 0.836565
68.129 0.839335
68.507 0.842105
69.1493 0.844875
70.097 0.847645
70.6633 0.850416
70.8757 0.853186
71.204 0.855956
71.3383 0.858726
73.2703 0.861496
73.4397 0.864266
73.6407 0.867036
74.5747 0.869806
74.8247 0.872576
75.8783 0.875346
76.425 0.878116
76.7617 0.880886
78.2263 0.883657
78.294 0.886427
78.691 0.889197
79.4183 0.891967
81.951 0.894737
86.5867 0.897507
97.8267 0.900277
98.7893 0.903047
100.817 0.905817
101.599 0.908587
102.597 0.911357
106.1843 0.914127
112.1867 0.916898
113.884 0.919668
114.161 0.922438
114.485 0.925208
114.538 0.927978
114.795 0.930748
119.827 0.933518
123.788 0.936288
124.532 0.939058
125.713 0.941828
143.202 0.944598
144.186 0.947368
145.702 0.950139
146.180 0.952909
148.4627 0.955679
148.8463 0.958449
150.8727 0.961219
151.2357 0.963989
152.0473 0.966759
152.207 0.969529
152.6703 0.972299
153.0363 0.975069
153.7747 0.977839
159.690 0.980609
162.475 0.98338
162.630 0.98615
182.198 0.98892
203.488 0.99169
208.179 0.99446
226.172 0.99723
230.460 1
