0.0691092 0.00277008
0.16465 0.00554017
0.404789 0.00831025
0.547946 0.0110803
0.604081 0.0138504
0.646776 0.0166205
0.650153 0.0193906
0.686255 0.0221607
0.798508 0.0249307
0.878228 0.0277008
0.906664 0.0304709
0.913897 0.033241
1.00716 0.0360111
1.0253 0.0387812
1.0482 0.0415512
1.1387 0.0443213
1.38585 0.0470914
1.52238 0.0498615
1.70233 0.0526316
1.73743 0.0554017
1.75137 0.0581717
1.80393 0.0609418
1.96583 0.0637119
2.01691 0.066482
2.31872 0.0692521
2.42337 0.0720222
2.58754 0.0747922
2.59617 0.0775623
2.61745 0.0803324
2.85471 0.0831025
2.90381 0.0858726
2.93997 0.0886427
2.97854 0.0914127
3.09959 0.0941828
3.25115 0.0969529
3.29602 0.099723
3.33336 0.102493
3.41577 0.105263
3.70776 0.108033
3.8772 0.110803
3.96549 0.113573
4.05202 0.116343
4.18822 0.119114
4.33831 0.121884
4.38567 0.124654
4.50525 0.127424
4.52625 0.130194
4.74564 0.132964
5.02792 0.135734
5.10687 0.138504
5.11487 0.141274
5.15579 0.144044
5.52885 0.146814
5.54149 0.149584
5.59725 0.152355
5.60243 0.155125
5.69194 0.157895
5.90462 0.160665
5.98324 0.163435
6.2336 0.166205
6.29727 0.168975
6.36397 0.171745
6.57037 0.174515
6.59442 0.177285
6.86063 0.180055
6.9642 0.182825
7.044 0.185596
7.09788 0.188366
7.15438 0.191136
7.31767 0.193906
7.44892 0.196676
7.51703 0.199446
7.51993 0.202216
7.62455 0.204986
7.66032 0.207756
7.68191 0.210526
7.74243 0.213296
7.76672 0.216066
7.81942 0.218837
7.8491 0.221607
7.99514 0.224377
8.54844 0.227147
8.66807 0.229917
8.68723 0.232687
8.94217 0.235457
9.22375 0.238227
9.48504 0.240997
9.56445 0.243767
9.57607 0.246537
9.61315 0.249307
9.6288 0.252078
9.73602 0.254848
9.75004 0.257618
9.77634 0.260388
9.81102 0.263158
9.93946 0.265928
9.95565 0.268698
10.3729 0.271468
10.3886 0.274238
10.6147 0.277008
10.629 0.279778
10.7585 0.282548
10.7889 0.285319
10.8718 0.288089
11.0523 0.290859
11.1927 0.293629
11.2776 0.296399
11.6583 0.299169
12.1022 0.301939
12.119 0.304709
12.4912 0.307479
12.6544 0.310249
12.7362 0.313019
12.7633 0.315789
13.0858 0.31856
13.2145 0.32133
13.4659 0.3241
13.7494 0.32687
13.7684 0.32964
14.2393 0.33241
14.5173 0.33518
14.6115 0.33795
14.9457 0.34072
15.1619 0.34349
15.3322 0.34626
15.3644 0.34903
15.4572 0.351801
15.5253 0.354571
15.7272 0.357341
16.1776 0.360111
16.5519 0.362881
16.5521 0.365651
16.6365 0.368421
17.216 0.371191
17.3755 0.373961
17.6372 0.376731
17.8881 0.379501
18.0967 0.382271
18.27 0.385042
18.3583 0.387812
18.6639 0.390582
18.7159 0.393352
18.922 0.396122
19.5425 0.398892
19.573 0.401662
19.8747 0.404432
19.8979 0.407202
20.086 0.409972
21.5426 0.412742
22.6867 0.415512
22.8096 0.418283
23.7756 0.421053
23.8691 0.423823
24.0956 0.426593
24.6504 0.429363
24.9725 0.432133
25.177 0.434903
25.5935 0.437673
26.0148 0.440443
26.0484 0.443213
27.1894 0.445983
27.6111 0.448753
27.7173 0.451524
28.1499 0.454294
28.3508 0.457064
28.3554 0.459834
28.5312 0.462604
28.5738 0.465374
28.7732 0.468144
29.8814 0.470914
29.9391 0.473684
30.1303 0.476454
30.1856 0.479224
30.1973 0.481994
30.5281 0.484765
30.6542 0.487535
30.6905 0.490305
30.745 0.493075
31.3157 0.495845
32.2545 0.498615
32.7455 0.501385
32.8365 0.504155
33.4705 0.506925
33.5127 0.509695
33.8592 0.512465
34.3056 0.515235
35.642 0.518006
35.7051 0.520776
35.7716 0.523546
36.9844 0.526316
37.8898 0.529086
39.2221 0.531856
39.5426 0.534626
40.533 0.537396
41.1174 0.540166
41.2637 0.542936
42.0646 0.545706
42.4528 0.548476
42.4657 0.551247
42.7695 0.554017
42.7984 0.556787
43.1665 0.559557
44.459 0.562327
44.9347 0.565097
45.319 0.567867
46.2311 0.570637
46.3647 0.573407
48.2155 0.576177
48.5665 0.578947
48.5671 0.581717
49.8332 0.584488
50.2631 0.587258
50.9065 0.590028
51.1405 0.592798
52.2796 0.595568
54.3661 0.598338
59.1583 0.601108
60.9858 0.603878
61.2991 0.606648
61.5684 0.609418
61.8333 0.612188
63.8518 0.614958
64.2291 0.617729
65.559 0.620499
72.4243 0.623269
72.6346 0.626039
76.2344 0.628809
76.3391 0.631579
76.5628 0.634349
77.7559 0.637119
78.6992 0.639889
79.5549 0.642659
80.8463 0.645429
81.4619 0.648199
84.3633 0.65097
86.0393 0.65374
86.8249 0.65651
88.9294 0.65928
90.7135 0.66205
92.0421 0.66482
94.4289 0.66759
95.1638 0.67036
95.7526 0.67313
96.4874 0.6759
102.524 0.67867
104.754 0.68144
104.926 0.684211
105.111 0.686981
106.71 0.689751
111.024 0.692521
111.991 0.695291
115.021 0.698061
117.817 0.700831
119.625 0.703601
120.03 0.706371
122.31 0.709141
123.416 0.711911
123.47 0.714681
125.111 0.717452
125.705 0.720222
126.064 0.722992
132.508 0.725762
136.781 0.728532
138.796 0.731302
143.35 0.734072
145.205 0.736842
147.311 0.739612
154.946 0.742382
159.386 0.745152
160.598 0.747922
160.671 0.750693
161.768 0.753463
162.283 0.756233
163.785 0.759003
166.11 0.761773
169.407 0.764543
172.182 0.767313
185.175 0.770083
186.067 0.772853
187.882 0.775623
192.77 0.778393
193.296 0.781163
194.222 0.783934
196.795 0.786704
197.979 0.789474
198.07 0.792244
200.304 0.795014
203.033 0.797784
204.68 0.800554
205.832 0.803324
206.046 0.806094
208.235 0.808864
209.709 0.811634
210.38 0.814404
211.081 0.817175
212.422 0.819945
216.82 0.822715
218.805 0.825485
228.451 0.828255
231.618 0.831025
237.43 0.833795
249.097 0.836565
253.451 0.839335
263.875 0.842105
265.598 0.844875
268.745 0.847645
288.331 0.850416
288.901 0.853186
297.074 0.855956
297.976 0.858726
318.532 0.861496
324.595 0.864266
328.167 0.867036
334.413 0.869806
377.512 0.872576
379.719 0.875346
386.026 0.878116
393.147 0.880886
399.694 0.883657
412.693 0.886427
427.65 0.889197
437.691 0.891967
442.335 0.894737
445.771 0.897507
446.934 0.900277
448.288 0.903047
451.583 0.905817
454.515 0.908587
470.407 0.911357
472.736 0.914127
494.244 0.916898
500.955 0.919668
526.906 0.922438
602.169 0.925208
611.792 0.927978
622.856 0.930748
637.129 0.933518
714.225 0.936288
733.045 0.939058
757.574 0.941828
766.68 0.944598
772.575 0.947368
781.687 0.950139
825.732 0.952909
847.765 0.955679
859.942 0.958449
863.758 0.961219
935.358 0.963989
965.021 0.966759
1234.55 0.969529
1306.71 0.972299
1400.68 0.975069
1599.62 0.977839
1954.43 0.980609
2388.64 0.98338
2750.15 0.98615
3030.99 0.98892
5738.8 0.99169
6866.49 0.99446
7040.36 0.99723
7468.45 1
