0.661621 0.00277008
0.696838 0.00554017
1.075928 0.00831025
1.600220 0.0110803
2.928589 0.0138504
3.769043 0.0166205
4.751343 0.0193906
5.855835 0.0221607
7.920532 0.0249307
8.465820 0.0277008
12.935913 0.0304709
12.985962 0.033241
13.067993 0.0360111
16.896973 0.0387812
18.487427 0.0415512
21.231323 0.0443213
21.682617 0.0470914
22.041748 0.0498615
26.586853 0.0526316
26.803284 0.0554017
26.937256 0.0581717
27.222778 0.0609418
28.596680 0.0637119
28.912964 0.066482
28.970947 0.0692521
29.533997 0.0720222
30.864624 0.0747922
31.221069 0.0775623
32.541748 0.0803324
33.706970 0.0831025
34.609619 0.0858726
36.649902 0.0886427
36.717529 0.0914127
36.912354 0.0941828
39.150635 0.0969529
39.257080 0.099723
41.197754 0.102493
42.320068 0.105263
43.581421 0.108033
44.104492 0.110803
44.543579 0.113573
44.694580 0.116343
44.891724 0.119114
48.029663 0.121884
48.531616 0.124654
48.650208 0.127424
48.823730 0.130194
48.906006 0.132964
50.287170 0.135734
51.476318 0.138504
52.686523 0.141274
55.010864 0.144044
55.248657 0.146814
55.412842 0.149584
63.575745 0.152355
64.081787 0.155125
64.640625 0.157895
67.191162 0.160665
69.221680 0.163435
69.389709 0.166205
69.405762 0.168975
69.479614 0.171745
75.148438 0.174515
75.589966 0.177285
79.353638 0.180055
80.402222 0.182825
81.027588 0.185596
81.237915 0.188366
81.882446 0.191136
85.624268 0.193906
87.598511 0.196676
87.971680 0.199446
91.092773 0.202216
92.033569 0.204986
101.643799 0.207756
104.523926 0.210526
107.196655 0.213296
114.113281 0.216066
114.118286 0.218837
114.404785 0.221607
115.645874 0.224377
115.767822 0.227147
116.734863 0.229917
119.148926 0.232687
119.630249 0.235457
120.085938 0.238227
121.748901 0.240997
125.250488 0.243767
126.409180 0.246537
126.975708 0.249307
131.119873 0.252078
133.878418 0.254848
135.682495 0.257618
137.253174 0.260388
137.355957 0.263158
141.946777 0.265928
144.126587 0.268698
148.186035 0.271468
149.166870 0.274238
155.146362 0.277008
158.334229 0.279778
159.199341 0.282548
159.606934 0.285319
166.079346 0.288089
167.461426 0.290859
171.558594 0.293629
172.749146 0.296399
173.039673 0.299169
176.726440 0.301939
178.955444 0.304709
179.998169 0.307479
184.951172 0.310249
187.185608 0.313019
189.488770 0.315789
190.778687 0.31856
199.149536 0.32133
199.200073 0.3241
205.933960 0.32687
206.080688 0.32964
207.272339 0.33241
208.166260 0.33518
208.814941 0.33795
209.003906 0.34072
213.882568 0.34349
218.736572 0.34626
220.531006 0.34903
222.820312 0.351801
225.609009 0.354571
226.611084 0.357341
233.475708 0.360111
240.577148 0.362881
252.465942 0.365651
253.574158 0.368421
254.443115 0.371191
256.427979 0.373961
257.484009 0.376731
258.612427 0.379501
266.345581 0.382271
268.738037 0.385042
279.616577 0.387812
279.877563 0.390582
287.475952 0.393352
290.579712 0.396122
312.345337 0.398892
314.564697 0.401662
317.650879 0.404432
319.622314 0.407202
321.371948 0.409972
325.621582 0.412742
331.786133 0.415512
348.330078 0.418283
358.977295 0.421053
361.991455 0.423823
362.965332 0.426593
364.321167 0.429363
364.786011 0.432133
365.080322 0.434903
372.641296 0.437673
374.245728 0.440443
403.068237 0.443213
405.643677 0.445983
406.019409 0.448753
410.826416 0.451524
416.453125 0.454294
417.289062 0.457064
417.765625 0.459834
421.842896 0.462604
430.665161 0.465374
434.120850 0.468144
438.337769 0.470914
447.978027 0.473684
450.778442 0.476454
451.312866 0.479224
452.251587 0.481994
462.197266 0.484765
467.629150 0.487535
486.361816 0.490305
493.958740 0.493075
504.897583 0.495845
514.962158 0.498615
530.512451 0.501385
532.974121 0.504155
552.016479 0.506925
554.237549 0.509695
565.863525 0.512465
595.757935 0.515235
608.393555 0.518006
608.858521 0.520776
618.764648 0.523546
619.911865 0.526316
623.299316 0.529086
628.675781 0.531856
650.565063 0.534626
662.166870 0.537396
671.484863 0.540166
677.294189 0.542936
692.071167 0.545706
700.994995 0.548476
702.104614 0.551247
704.455811 0.554017
704.812500 0.556787
716.826660 0.559557
742.034546 0.562327
748.770264 0.565097
754.383179 0.567867
756.076660 0.570637
765.424805 0.573407
789.583740 0.576177
809.875122 0.578947
818.125183 0.581717
846.404785 0.584488
857.484375 0.587258
877.017944 0.590028
907.728516 0.592798
908.134521 0.595568
911.735474 0.598338
919.486816 0.601108
931.906738 0.603878
932.847900 0.606648
932.850342 0.609418
973.508911 0.612188
1007.031555 0.614958
1010.020386 0.617729
1030.912231 0.620499
1039.809082 0.623269
1043.905762 0.626039
1046.566650 0.628809
1089.930420 0.631579
1096.575684 0.634349
1110.524170 0.637119
1114.143311 0.639889
1116.896484 0.642659
1117.275513 0.645429
1127.429565 0.648199
1130.450562 0.65097
1134.271851 0.65374
1140.874878 0.65651
1149.174072 0.65928
1151.131104 0.66205
1151.302246 0.66482
1156.565308 0.66759
1179.593994 0.67036
1219.062500 0.67313
1230.987305 0.6759
1263.126221 0.67867
1308.815552 0.68144
1334.955566 0.684211
1337.192749 0.686981
1354.145020 0.689751
1366.244141 0.692521
1376.577881 0.695291
1403.816284 0.698061
1450.194580 0.700831
1454.711792 0.703601
1464.899902 0.706371
1480.039917 0.709141
1500.893799 0.711911
1508.714111 0.714681
1519.161377 0.717452
1521.696167 0.720222
1549.983643 0.722992
1590.736328 0.725762
1627.427002 0.728532
1636.338989 0.731302
1637.113647 0.734072
1641.169922 0.736842
1716.609619 0.739612
1724.283936 0.742382
1724.996338 0.745152
1727.950928 0.747922
1735.192993 0.750693
1735.667114 0.753463
1759.482666 0.756233
1763.726562 0.759003
1768.816528 0.761773
1783.627441 0.764543
1786.111084 0.767313
1795.764404 0.770083
1803.531616 0.772853
1804.048340 0.775623
1824.269653 0.778393
1861.045654 0.781163
1885.827271 0.783934
1897.560791 0.786704
1944.887451 0.789474
1956.465820 0.792244
1963.705566 0.795014
1967.079346 0.797784
2043.167847 0.800554
2056.110840 0.803324
2147.326172 0.806094
2163.002930 0.808864
2164.416504 0.811634
2166.478516 0.814404
2192.493164 0.817175
2244.197021 0.819945
2255.957031 0.822715
2268.786133 0.825485
2307.656250 0.828255
2386.221924 0.831025
2390.274414 0.833795
2409.120850 0.836565
2411.877930 0.839335
2421.990723 0.842105
2434.501953 0.844875
2510.138184 0.847645
2515.306641 0.850416
2558.963867 0.853186
2565.376465 0.855956
2567.383545 0.858726
2585.948242 0.861496
2611.046387 0.864266
2629.648926 0.867036
2661.499023 0.869806
2702.481934 0.872576
2712.192871 0.875346
2727.665039 0.878116
2776.572998 0.880886
2828.209229 0.883657
2893.627197 0.886427
2945.571045 0.889197
2946.493164 0.891967
2955.843262 0.894737
3130.933594 0.897507
3273.991211 0.900277
3291.022949 0.903047
3356.602051 0.905817
3387.884766 0.908587
3408.258545 0.911357
3444.350586 0.914127
3448.012451 0.916898
3562.642578 0.919668
3578.791992 0.922438
3633.850830 0.925208
3637.098633 0.927978
3704.726074 0.930748
3792.453613 0.933518
3834.794922 0.936288
3930.967285 0.939058
3993.947021 0.941828
4202.137695 0.944598
4269.036133 0.947368
4307.213379 0.950139
4334.409668 0.952909
4344.617188 0.955679
4393.358887 0.958449
4461.912109 0.961219
4556.734375 0.963989
4661.666504 0.966759
4711.295898 0.969529
4845.916992 0.972299
4881.648438 0.975069
5077.410645 0.977839
5320.356445 0.980609
5437.569824 0.98338
5933.969727 0.98615
6173.237305 0.98892
7575.452637 0.99169
10374.502930 0.99446
10586.684570 0.99723
13325.694336 1
