22.906928 0.00277008
32.864442 0.00554017
35.547870 0.00831025
41.156489 0.0110803
49.436441 0.0138504
56.066054 0.0166205
59.242588 0.0193906
60.494351 0.0221607
64.231306 0.0249307
64.304113 0.0277008
68.188173 0.0304709
69.292974 0.033241
71.256280 0.0360111
72.842753 0.0387812
75.128531 0.0415512
75.257367 0.0443213
76.496893 0.0470914
77.224261 0.0498615
80.061549 0.0526316
80.694777 0.0554017
82.910651 0.0581717
82.956362 0.0609418
83.626658 0.0637119
83.859247 0.066482
84.496200 0.0692521
86.216897 0.0720222
87.573743 0.0747922
88.785321 0.0775623
89.269572 0.0803324
90.072912 0.0831025
90.327281 0.0858726
90.611285 0.0886427
90.909290 0.0914127
91.431117 0.0941828
91.529119 0.0969529
91.647673 0.099723
91.844749 0.102493
91.973710 0.105263
92.115694 0.108033
92.235422 0.110803
92.276478 0.113573
92.492414 0.116343
92.907822 0.119114
92.977810 0.121884
93.161297 0.124654
93.339819 0.127424
93.413985 0.130194
93.587309 0.132964
93.613547 0.135734
93.630785 0.138504
93.677807 0.141274
93.742430 0.144044
93.744069 0.146814
93.748713 0.149584
94.052958 0.152355
94.125801 0.155125
94.220954 0.157895
94.487029 0.160665
94.615281 0.163435
94.685751 0.166205
94.696790 0.168975
94.723278 0.171745
94.743270 0.174515
94.878149 0.177285
94.915026 0.180055
94.948286 0.182825
95.352787 0.185596
95.599651 0.188366
95.611793 0.191136
95.676178 0.193906
95.754576 0.196676
95.787537 0.199446
95.849174 0.202216
95.906574 0.204986
95.986521 0.207756
96.076173 0.210526
96.096903 0.213296
96.106315 0.216066
96.328354 0.218837
96.403867 0.221607
96.442097 0.224377
96.551621 0.227147
96.578133 0.229917
96.691173 0.232687
96.802151 0.235457
97.330201 0.238227
97.464401 0.240997
97.542071 0.243767
97.546875 0.246537
97.570437 0.249307
97.611231 0.252078
97.645295 0.254848
97.666335 0.257618
97.734219 0.260388
97.775173 0.263158
97.881877 0.265928
97.890401 0.268698
97.950858 0.271468
97.952324 0.274238
97.976136 0.277008
97.996068 0.279778
98.017150 0.282548
98.037136 0.285319
98.068655 0.288089
98.074603 0.290859
98.096818 0.293629
98.114526 0.296399
98.222524 0.299169
98.226154 0.301939
98.361832 0.304709
98.404801 0.307479
98.419750 0.310249
98.489368 0.313019
98.514116 0.315789
98.523498 0.31856
98.526967 0.32133
98.760992 0.3241
98.763329 0.32687
98.820287 0.32964
98.853374 0.33241
98.906076 0.33518
98.906523 0.33795
98.913854 0.34072
98.940200 0.34349
98.957473 0.34626
98.960006 0.34903
98.974615 0.351801
98.996079 0.354571
98.998934 0.357341
99.005705 0.360111
99.020571 0.362881
99.039489 0.365651
99.048322 0.368421
99.052715 0.371191
99.069029 0.373961
99.069840 0.376731
99.099118 0.379501
99.158555 0.382271
99.186677 0.385042
99.195689 0.387812
99.204081 0.390582
99.210376 0.393352
99.214399 0.396122
99.230856 0.398892
99.265116 0.401662
99.265337 0.404432
99.268430 0.407202
99.270844 0.409972
99.308187 0.412742
99.329406 0.415512
99.364430 0.418283
99.381632 0.421053
99.387771 0.423823
99.392277 0.426593
99.392408 0.429363
99.411744 0.432133
99.422038 0.434903
99.422789 0.437673
99.425280 0.440443
99.437213 0.443213
99.438643 0.445983
99.442661 0.448753
99.445504 0.451524
99.448603 0.454294
99.463165 0.457064
99.469185 0.459834
99.473345 0.462604
99.484533 0.465374
99.507511 0.468144
99.510795 0.470914
99.539644 0.473684
99.541724 0.476454
99.552971 0.479224
99.554282 0.481994
99.555057 0.484765
99.557573 0.487535
99.557948 0.490305
99.567950 0.493075
99.568850 0.495845
99.571431 0.498615
99.576652 0.501385
99.581409 0.504155
99.583274 0.506925
99.584979 0.509695
99.585474 0.512465
99.586385 0.515235
99.593097 0.518006
99.593723 0.520776
99.594605 0.523546
99.601406 0.526316
99.605870 0.529086
99.605942 0.531856
99.606138 0.534626
99.609089 0.537396
99.610585 0.540166
99.614167 0.542936
99.623668 0.545706
99.624252 0.548476
99.633890 0.551247
99.647123 0.554017
99.649423 0.556787
99.654579 0.559557
99.655235 0.562327
99.658650 0.565097
99.664849 0.567867
99.665862 0.570637
99.670672 0.573407
99.682999 0.576177
99.685377 0.578947
99.685973 0.581717
99.690235 0.584488
99.692273 0.587258
99.695569 0.590028
99.698180 0.592798
99.701643 0.595568
99.714041 0.598338
99.720454 0.601108
99.724835 0.603878
99.725837 0.606648
99.728262 0.609418
99.737906 0.612188
99.746639 0.614958
99.760145 0.617729
99.760801 0.620499
99.765337 0.623269
99.765563 0.626039
99.772334 0.628809
99.781370 0.631579
99.781489 0.634349
99.783981 0.637119
99.788845 0.639889
99.799180 0.642659
99.802488 0.645429
99.806374 0.648199
99.821573 0.65097
99.880803 0.65374
99.882406 0.65651
99.922800 0.65928
164.801586 0.66205
175.506508 0.66482
180.718553 0.66759
180.752492 0.67036
188.687742 0.67313
204.219437 0.6759
315.530062 0.67867
358.161306 0.68144
391.304350 0.684211
437.952423 0.686981
441.979694 0.689751
506.003046 0.692521
516.017151 0.695291
528.227377 0.698061
561.255360 0.700831
647.729921 0.703601
661.424398 0.706371
671.984816 0.709141
673.850346 0.711911
682.410574 0.714681
793.690491 0.717452
817.010975 0.720222
824.946499 0.722992
864.438152 0.725762
934.762001 0.728532
954.416561 0.731302
1059.090424 0.734072
1096.245384 0.736842
1117.642498 0.739612
1162.672710 0.742382
1179.479218 0.745152
1183.284950 0.747922
1193.383121 0.750693
1222.902584 0.753463
1226.286221 0.756233
1227.595139 0.759003
1282.793808 0.761773
1361.475277 0.764543
1403.927708 0.767313
1447.128677 0.770083
1501.994419 0.772853
1559.222221 0.775623
1581.073761 0.778393
1584.475613 0.781163
1624.718285 0.783934
1772.808838 0.786704
1869.771004 0.789474
1937.212181 0.792244
1988.174438 0.795014
2027.515793 0.797784
2067.031288 0.800554
2078.586388 0.803324
2103.954697 0.806094
2146.095848 0.808864
2180.743599 0.811634
2273.755455 0.814404
2375.782013 0.817175
2380.951500 0.819945
2429.825211 0.822715
2553.277779 0.825485
2561.718559 0.828255
2737.073517 0.831025
2742.641830 0.833795
2805.363464 0.836565
2837.557983 0.839335
2851.682472 0.842105
2883.702278 0.844875
3006.160545 0.847645
3079.249382 0.850416
3170.176315 0.853186
3668.181610 0.855956
3960.717010 0.858726
4049.355698 0.861496
4057.245636 0.864266
4411.543655 0.867036
4418.370819 0.869806
4735.926819 0.872576
5253.057480 0.875346
5553.297806 0.878116
5969.391251 0.880886
5991.885376 0.883657
6083.584976 0.886427
6288.587189 0.889197
6559.288788 0.891967
6876.550293 0.894737
6927.313232 0.897507
7230.847931 0.900277
7482.093811 0.903047
7655.054474 0.905817
8815.988159 0.908587
9135.529327 0.911357
9147.915649 0.914127
9985.822296 0.916898
9991.947937 0.919668
10535.858154 0.922438
10738.554382 0.925208
10765.078735 0.927978
11165.901947 0.930748
11529.608154 0.933518
11773.032379 0.936288
12865.179443 0.939058
13227.233887 0.941828
13321.899414 0.944598
14415.628052 0.947368
15108.686829 0.950139
16191.204834 0.952909
17185.403442 0.955679
22930.502319 0.958449
22948.545837 0.961219
23291.943359 0.963989
25153.749084 0.966759
27105.288696 0.969529
38221.936035 0.972299
77777.545166 0.975069
175311.340332 0.977839
299852.441406 0.980609
618146.142578 0.98338
687599.072266 0.98615
1907942.187500 0.98892
2898828.125000 0.99169
5471557.812500 0.99446
12277164.843750 0.99723
21930373.437500 1
