4.750 0.00277008
11.40388 0.00554017
13.500 0.00831025
13.938 0.0110803
14.575 0.0138504
14.613 0.0166205
16.56638 0.0193906
19.850 0.0221607
24.5775 0.0249307
31.050 0.0277008
31.675 0.0304709
39.77475 0.033241
46.07475 0.0360111
64.375 0.0387812
64.625 0.0415512
65.575 0.0443213
68.2763 0.0470914
72.9525 0.0498615
74.462 0.0526316
81.575 0.0554017
84.825 0.0581717
87.6975 0.0609418
90.6433 0.0637119
92.425 0.066482
93.450 0.0692521
102.725 0.0720222
108.2058 0.0747922
111.1513 0.0775623
113.250 0.0803324
115.600 0.0831025
116.2613 0.0858726
119.6388 0.0886427
126.075 0.0914127
145.163 0.0941828
148.5975 0.0969529
148.8850 0.099723
155.0850 0.102493
155.925 0.105263
160.9563 0.108033
163.4475 0.110803
168.2008 0.113573
171.8775 0.116343
174.6058 0.119114
179.2608 0.121884
179.300 0.124654
181.3608 0.127424
186.3313 0.130194
190.8525 0.132964
193.438 0.135734
198.1988 0.138504
201.975 0.141274
205.875 0.144044
208.2525 0.146814
216.5738 0.149584
216.9383 0.152355
217.5483 0.155125
219.000 0.157895
233.537 0.160665
236.500 0.163435
239.850 0.166205
247.813 0.168975
254.800 0.171745
256.438 0.174515
262.813 0.177285
263.850 0.180055
275.175 0.182825
275.238 0.185596
276.1063 0.188366
295.7025 0.191136
296.9808 0.193906
314.6350 0.196676
320.8350 0.199446
327.5808 0.202216
328.875 0.204986
329.350 0.207756
335.813 0.210526
342.2388 0.213296
343.0388 0.216066
353.3350 0.218837
353.5150 0.221607
353.6138 0.224377
361.475 0.227147
361.7867 0.229917
366.675 0.232687
367.0363 0.235457
367.3850 0.238227
372.2850 0.240997
374.5350 0.243767
376.1925 0.246537
377.5188 0.249307
386.312 0.252078
389.1108 0.254848
405.375 0.257618
408.975 0.260388
421.8638 0.263158
431.4012 0.265928
432.0488 0.268698
456.000 0.271468
458.063 0.274238
459.350 0.277008
468.037 0.279778
486.7233 0.282548
488.213 0.285319
489.750 0.288089
491.300 0.290859
492.125 0.293629
497.0025 0.296399
517.2525 0.299169
519.4650 0.301939
520.275 0.304709
528.0888 0.307479
543.1608 0.310249
547.5808 0.313019
550.200 0.315789
556.2525 0.31856
560.262 0.32133
560.2887 0.3241
572.9350 0.32687
593.475 0.32964
611.8725 0.33241
623.2683 0.33518
628.8313 0.33795
632.6575 0.34072
657.0488 0.34349
658.5858 0.34626
666.5438 0.34903
669.9525 0.351801
677.0813 0.354571
678.8738 0.357341
685.3258 0.360111
701.137 0.362881
702.2488 0.365651
702.5138 0.368421
709.7163 0.371191
714.000 0.373961
727.1825 0.376731
731.000 0.379501
752.9350 0.382271
761.813 0.385042
776.6825 0.387812
790.600 0.390582
817.2225 0.393352
822.1238 0.396122
824.250 0.398892
830.400 0.401662
831.9758 0.404432
837.0188 0.407202
840.0675 0.409972
840.525 0.412742
855.850 0.415512
856.3358 0.418283
859.6575 0.421053
862.6688 0.423823
864.4275 0.426593
883.250 0.429363
884.9650 0.432133
902.0513 0.434903
914.4563 0.437673
923.3175 0.440443
932.500 0.443213
933.938 0.445983
971.6888 0.448753
978.675 0.451524
980.7683 0.454294
981.400 0.457064
982.7075 0.459834
990.300 0.462604
1013.6150 0.465374
1024.388 0.468144
1025.0025 0.470914
1031.775 0.473684
1034.400 0.476454
1044.200 0.479224
1065.9188 0.481994
1073.9358 0.484765
1082.3338 0.487535
1082.3350 0.490305
1093.8108 0.493075
1129.750 0.495845
1131.5825 0.498615
1153.687 0.501385
1159.4575 0.504155
1181.9558 0.506925
1185.7150 0.509695
1194.0075 0.512465
1210.3650 0.515235
1230.4925 0.518006
1243.2863 0.520776
1252.425 0.523546
1269.988 0.526316
1282.463 0.529086
1293.8775 0.531856
1300.0488 0.534626
1319.5825 0.537396
1336.3938 0.540166
1337.600 0.542936
1338.0263 0.545706
1338.5138 0.548476
1341.9488 0.551247
1349.3313 0.554017
1371.9825 0.556787
1375.0275 0.559557
1376.200 0.562327
1383.375 0.565097
1388.9350 0.567867
1412.800 0.570637
1422.225 0.573407
1423.550 0.576177
1427.013 0.578947
1431.063 0.581717
1431.2063 0.584488
1434.938 0.587258
1447.2650 0.590028
1468.5175 0.592798
1476.7275 0.595568
1477.875 0.598338
1483.9388 0.601108
1485.6325 0.603878
1488.6688 0.606648
1490.300 0.609418
1492.2488 0.612188
1497.838 0.614958
1499.700 0.617729
1502.850 0.620499
1513.3613 0.623269
1521.8425 0.626039
1522.3425 0.628809
1524.4925 0.631579
1525.4138 0.634349
1529.400 0.637119
1531.6850 0.639889
1532.7988 0.642659
1547.350 0.645429
1548.313 0.648199
1550.5813 0.65097
1550.8850 0.65374
1553.475 0.65651
1553.9733 0.65928
1556.650 0.66205
1562.5725 0.66482
1566.3938 0.66759
1569.0188 0.67036
1571.413 0.67313
1572.3563 0.6759
1577.475 0.67867
1578.2650 0.68144
1580.5238 0.684211
1584.850 0.686981
1592.5650 0.689751
1614.875 0.692521
1615.575 0.695291
1621.0388 0.698061
1625.688 0.700831
1628.1438 0.703601
1629.4013 0.706371
1630.7025 0.709141
1637.175 0.711911
1638.2688 0.714681
1638.4675 0.717452
1644.3113 0.720222
1645.350 0.722992
1652.0575 0.725762
1653.663 0.728532
1657.0138 0.731302
1660.125 0.734072
1661.8988 0.736842
1686.8175 0.739612
1688.725 0.742382
1694.150 0.745152
1695.5475 0.747922
1703.225 0.750693
1726.3650 0.753463
1728.7325 0.756233
1730.400 0.759003
1731.225 0.761773
1739.8933 0.764543
1749.875 0.767313
1751.063 0.770083
1751.2388 0.772853
1752.425 0.775623
1762.6150 0.778393
1770.400 0.781163
1771.8925 0.783934
1773.8650 0.786704
1780.100 0.789474
1781.6150 0.792244
1782.8563 0.795014
1783.4575 0.797784
1783.9613 0.800554
1790.025 0.803324
1798.5225 0.806094
1800.563 0.808864
1802.325 0.811634
1810.1688 0.814404
1820.100 0.817175
1821.275 0.819945
1824.6150 0.822715
1827.250 0.825485
1829.7113 0.828255
1831.750 0.831025
1831.988 0.833795
1835.9925 0.836565
1849.3275 0.839335
1855.7838 0.842105
1860.5788 0.844875
1864.3675 0.847645
1867.4138 0.850416
1868.438 0.853186
1875.950 0.855956
1880.9850 0.858726
1885.9088 0.861496
1888.500 0.864266
1890.4463 0.867036
1893.6488 0.869806
1896.9575 0.872576
1900.5913 0.875346
1902.588 0.878116
1908.3788 0.880886
1910.625 0.883657
1911.863 0.886427
1912.9538 0.889197
1919.0425 0.891967
1922.1838 0.894737
1922.638 0.897507
1929.075 0.900277
1947.113 0.903047
1955.6575 0.905817
1967.275 0.908587
1985.4575 0.911357
1996.125 0.914127
2030.938 0.916898
2032.875 0.919668
2097.250 0.922438
2171.838 0.925208
2206.575 0.927978
2209.575 0.930748
2262.9225 0.933518
2277.475 0.936288
2316.250 0.939058
2329.875 0.941828
2406.563 0.944598
2445.6675 0.947368
2467.0813 0.950139
2469.7325 0.952909
2520.425 0.955679
2522.7150 0.958449
2525.288 0.961219
2543.600 0.963989
2566.0650 0.966759
2569.013 0.969529
2592.200 0.972299
2602.238 0.975069
2649.8738 0.977839
2654.6075 0.980609
2747.6363 0.98338
2761.5263 0.98615
2804.6675 0.98892
2805.9263 0.99169
2827.150 0.99446
2863.450 0.99723
2880.750 1
