0.459715 0.00277008
0.849726 0.00554017
1.43224 0.00831025
2.01482 0.0110803
2.97182 0.0138504
3.57645 0.0166205
5.37385 0.0193906
5.63602 0.0221607
5.64522 0.0249307
6.2609 0.0277008
6.95779 0.0304709
7.61166 0.033241
7.96728 0.0360111
8.2312 0.0387812
8.74376 0.0415512
8.94768 0.0443213
9.10193 0.0470914
9.14912 0.0498615
9.41617 0.0526316
9.4521 0.0554017
9.61787 0.0581717
10.3517 0.0609418
10.8 0.0637119
10.9924 0.066482
11.2349 0.0692521
12.0959 0.0720222
12.3004 0.0747922
13.143 0.0775623
13.9314 0.0803324
13.96 0.0831025
14.0235 0.0858726
14.1441 0.0886427
14.1929 0.0914127
14.2189 0.0941828
14.7116 0.0969529
15.0316 0.099723
15.2184 0.102493
15.8585 0.105263
16.0065 0.108033
16.1673 0.110803
16.9872 0.113573
17.2971 0.116343
17.348 0.119114
17.4887 0.121884
17.8228 0.124654
18.1481 0.127424
18.2686 0.130194
18.4157 0.132964
18.4388 0.135734
18.4908 0.138504
18.7362 0.141274
19.1724 0.144044
19.4457 0.146814
19.5523 0.149584
20.1225 0.152355
20.8734 0.155125
20.9316 0.157895
21.1377 0.160665
21.4344 0.163435
21.6033 0.166205
22.1325 0.168975
22.7535 0.171745
22.9995 0.174515
23.1378 0.177285
23.6489 0.180055
24.1939 0.182825
24.5709 0.185596
24.9799 0.188366
25.5212 0.191136
26.1376 0.193906
26.2402 0.196676
26.8765 0.199446
27.4037 0.202216
27.4363 0.204986
28.4441 0.207756
28.4683 0.210526
28.6668 0.213296
29.6275 0.216066
29.8791 0.218837
30.8713 0.221607
31.15 0.224377
31.2147 0.227147
31.2837 0.229917
31.493 0.232687
32.9554 0.235457
33.179 0.238227
33.1829 0.240997
33.9548 0.243767
34.5636 0.246537
34.7195 0.249307
35.3927 0.252078
35.9264 0.254848
37.0142 0.257618
37.2113 0.260388
37.2125 0.263158
37.3409 0.265928
37.7105 0.268698
37.9631 0.271468
38.129 0.274238
39.904 0.277008
41.0224 0.279778
41.5473 0.282548
41.6588 0.285319
41.6694 0.288089
42.0799 0.290859
42.2149 0.293629
42.2574 0.296399
42.9428 0.299169
43.6957 0.301939
44.3199 0.304709
45.964 0.307479
46.8684 0.310249
47.0263 0.313019
47.6507 0.315789
47.6527 0.31856
48.2553 0.32133
48.4988 0.3241
48.8426 0.32687
49.2491 0.32964
49.4189 0.33241
50.3707 0.33518
51.2683 0.33795
51.5697 0.34072
51.9642 0.34349
52.3925 0.34626
52.6323 0.34903
53.3897 0.351801
53.4664 0.354571
53.5421 0.357341
54.2428 0.360111
55.4594 0.362881
57.0194 0.365651
57.8349 0.368421
57.8796 0.371191
58.4574 0.373961
59.6316 0.376731
59.7507 0.379501
60.6141 0.382271
62.5021 0.385042
62.5197 0.387812
62.8025 0.390582
63.1501 0.393352
65.6125 0.396122
66.1471 0.398892
66.7917 0.401662
66.9689 0.404432
66.9861 0.407202
66.9919 0.409972
67.1555 0.412742
68.4095 0.415512
68.7249 0.418283
68.9843 0.421053
70.3919 0.423823
71.3309 0.426593
73.1233 0.429363
75.3425 0.432133
75.4153 0.434903
76.6166 0.437673
76.8285 0.440443
77.0095 0.443213
77.8779 0.445983
78.465 0.448753
79.3853 0.451524
79.8431 0.454294
79.8696 0.457064
80.7186 0.459834
80.7665 0.462604
81.1332 0.465374
81.4448 0.468144
82.5124 0.470914
83.4211 0.473684
83.6325 0.476454
84.4757 0.479224
84.7622 0.481994
85.2654 0.484765
86.4134 0.487535
88.142 0.490305
88.5242 0.493075
88.9073 0.495845
89.8912 0.498615
91.3798 0.501385
91.8969 0.504155
92.0875 0.506925
92.5854 0.509695
93.4631 0.512465
93.8219 0.515235
94.2197 0.518006
94.7139 0.520776
94.7356 0.523546
95.4453 0.526316
96.9962 0.529086
98.1698 0.531856
98.8717 0.534626
100.002 0.537396
101.108 0.540166
101.303 0.542936
102.158 0.545706
103.065 0.548476
104.081 0.551247
105.068 0.554017
105.157 0.556787
105.211 0.559557
106.828 0.562327
107.539 0.565097
107.961 0.567867
108.67 0.570637
109.523 0.573407
110.834 0.576177
111.105 0.578947
112.495 0.581717
113.532 0.584488
114.413 0.587258
116.07 0.590028
116.488 0.592798
116.55 0.595568
117.914 0.598338
118.309 0.601108
119.944 0.603878
120.422 0.606648
120.742 0.609418
122.15 0.612188
122.66 0.614958
124.271 0.617729
125.023 0.620499
126.846 0.623269
127.111 0.626039
127.539 0.628809
127.739 0.631579
128.289 0.634349
128.556 0.637119
130.466 0.639889
131.061 0.642659
131.185 0.645429
132.625 0.648199
133.945 0.65097
133.967 0.65374
134.352 0.65651
135.332 0.65928
135.719 0.66205
135.987 0.66482
136.436 0.66759
136.795 0.67036
136.814 0.67313
137.874 0.6759
137.962 0.67867
138.122 0.68144
141.121 0.684211
141.144 0.686981
141.215 0.689751
141.984 0.692521
142.134 0.695291
142.325 0.698061
144.233 0.700831
144.869 0.703601
147.21 0.706371
147.24 0.709141
147.38 0.711911
147.834 0.714681
147.951 0.717452
148.482 0.720222
150.734 0.722992
151.239 0.725762
152.033 0.728532
152.315 0.731302
152.448 0.734072
152.921 0.736842
152.954 0.739612
153.447 0.742382
153.525 0.745152
157.03 0.747922
157.867 0.750693
158.249 0.753463
158.33 0.756233
158.477 0.759003
159.033 0.761773
159.141 0.764543
159.388 0.767313
160.139 0.770083
160.873 0.772853
161.956 0.775623
162.194 0.778393
162.222 0.781163
162.851 0.783934
163.618 0.786704
163.799 0.789474
163.975 0.792244
164.154 0.795014
164.644 0.797784
165.309 0.800554
165.621 0.803324
167.778 0.806094
167.812 0.808864
170.329 0.811634
170.411 0.814404
171.961 0.817175
173.284 0.819945
173.759 0.822715
173.94 0.825485
175.027 0.828255
175.089 0.831025
175.999 0.833795
176.146 0.836565
179.414 0.839335
179.978 0.842105
180.633 0.844875
180.953 0.847645
181.301 0.850416
182.117 0.853186
182.591 0.855956
184.519 0.858726
185.593 0.861496
187.03 0.864266
187.388 0.867036
188.016 0.869806
189.176 0.872576
189.757 0.875346
191.136 0.878116
192.846 0.880886
194.03 0.883657
196.524 0.886427
197.362 0.889197
197.667 0.891967
198.652 0.894737
200.361 0.897507
202.844 0.900277
203.002 0.903047
206.059 0.905817
206.222 0.908587
206.299 0.911357
209.493 0.914127
210.666 0.916898
219.089 0.919668
221.573 0.922438
221.859 0.925208
223.488 0.927978
223.923 0.930748
224.513 0.933518
225.058 0.936288
225.763 0.939058
226.132 0.941828
227.071 0.944598
228.923 0.947368
230.124 0.950139
231.186 0.952909
233.834 0.955679
234.806 0.958449
235.28 0.961219
235.555 0.963989
242.822 0.966759
243.568 0.969529
243.851 0.972299
243.938 0.975069
246.308 0.977839
247.136 0.980609
248.083 0.98338
249.743 0.98615
250.97 0.98892
260.156 0.99169
270.683 0.99446
280.591 0.99723
293.402 1
