0.057556 0.00277008
0.098368 0.00554017
0.099695 0.00831025
0.124925 0.0110803
0.252833 0.0138504
0.415174 0.0166205
0.543918 0.0193906
0.549970 0.0221607
0.584447 0.0249307
0.789426 0.0277008
1.017133 0.0304709
1.118564 0.033241
1.128926 0.0360111
1.141239 0.0387812
1.318763 0.0415512
1.571260 0.0443213
1.626017 0.0470914
1.820917 0.0498615
2.052752 0.0526316
2.184924 0.0554017
2.353287 0.0581717
2.373818 0.0609418
2.464513 0.0637119
2.485520 0.066482
2.500339 0.0692521
2.502117 0.0720222
2.533850 0.0747922
2.555683 0.0775623
2.687150 0.0803324
2.735705 0.0831025
2.771141 0.0858726
2.795697 0.0886427
3.060473 0.0914127
3.178264 0.0941828
3.289907 0.0969529
3.306461 0.099723
3.372476 0.102493
3.442323 0.105263
3.479534 0.108033
3.563834 0.110803
3.595536 0.113573
3.947297 0.116343
4.098499 0.119114
4.136438 0.121884
4.146312 0.124654
4.176712 0.127424
4.408844 0.130194
4.489533 0.132964
4.526496 0.135734
4.590029 0.138504
4.747371 0.141274
4.948959 0.144044
5.152793 0.146814
5.180456 0.149584
5.258686 0.152355
5.321093 0.155125
5.839149 0.157895
6.008267 0.160665
6.245941 0.163435
6.388413 0.166205
6.435480 0.168975
6.533018 0.171745
6.775202 0.174515
6.779418 0.177285
7.009377 0.180055
7.022975 0.182825
7.051688 0.185596
7.391937 0.188366
7.572785 0.191136
7.599746 0.193906
7.603726 0.196676
7.712727 0.199446
7.723789 0.202216
7.855561 0.204986
7.890505 0.207756
8.050607 0.210526
8.092131 0.213296
8.204570 0.216066
8.446785 0.218837
8.541148 0.221607
8.818202 0.224377
8.856661 0.227147
8.976622 0.229917
9.044582 0.232687
9.184957 0.235457
9.601238 0.238227
9.634753 0.240997
9.729044 0.243767
9.818228 0.246537
9.955308 0.249307
10.012143 0.252078
10.018156 0.254848
10.181602 0.257618
10.184561 0.260388
10.233007 0.263158
10.294106 0.265928
10.379572 0.268698
10.566539 0.271468
10.746396 0.274238
10.923272 0.277008
11.231212 0.279778
11.243005 0.282548
11.243147 0.285319
11.365969 0.288089
11.368585 0.290859
11.497470 0.293629
11.628181 0.296399
12.055345 0.299169
12.276065 0.301939
12.357803 0.304709
12.446014 0.307479
12.587674 0.310249
12.746608 0.313019
12.790909 0.315789
12.853830 0.31856
12.948644 0.32133
13.038057 0.3241
13.210453 0.32687
13.306148 0.32964
13.326330 0.33241
13.598852 0.33518
13.797763 0.33795
14.180316 0.34072
14.207590 0.34349
14.278974 0.34626
14.466362 0.34903
14.802855 0.351801
14.885364 0.354571
15.641944 0.357341
16.587096 0.360111
16.600418 0.362881
17.248067 0.365651
17.332208 0.368421
17.395408 0.371191
17.664421 0.373961
17.854489 0.376731
18.014418 0.379501
18.169732 0.382271
18.383625 0.385042
18.461685 0.387812
18.713452 0.390582
18.841195 0.393352
18.921381 0.396122
18.954368 0.398892
19.685401 0.401662
19.782291 0.404432
19.852990 0.407202
20.040306 0.409972
20.521636 0.412742
20.557396 0.415512
20.693907 0.418283
21.600367 0.421053
21.910031 0.423823
22.164510 0.426593
22.602651 0.429363
23.009709 0.432133
23.701558 0.434903
24.013853 0.437673
25.124976 0.440443
25.369695 0.443213
25.412357 0.445983
26.081342 0.448753
27.133816 0.451524
27.372333 0.454294
27.726066 0.457064
28.258696 0.459834
28.749636 0.462604
28.775528 0.465374
28.795710 0.468144
28.933874 0.470914
29.018074 0.473684
29.525325 0.476454
29.558435 0.479224
29.935136 0.481994
29.966414 0.484765
30.096114 0.487535
30.292025 0.490305
30.423182 0.493075
30.460227 0.495845
30.549860 0.498615
30.668345 0.501385
30.988356 0.504155
31.203669 0.506925
31.291142 0.509695
31.493157 0.512465
31.519917 0.515235
32.832694 0.518006
32.835776 0.520776
33.014023 0.523546
33.121487 0.526316
33.132851 0.529086
33.277762 0.531856
33.342719 0.534626
33.541527 0.537396
33.591428 0.540166
34.046787 0.542936
34.709808 0.545706
35.627526 0.548476
36.687315 0.551247
37.075016 0.554017
37.518203 0.556787
37.866822 0.559557
38.646650 0.562327
39.202401 0.565097
39.203277 0.567867
40.496424 0.570637
40.666842 0.573407
42.410299 0.576177
43.386251 0.578947
43.997380 0.581717
44.294941 0.584488
44.543537 0.587258
44.701794 0.590028
45.385128 0.592798
45.839623 0.595568
46.610883 0.598338
47.018716 0.601108
47.134504 0.603878
47.194070 0.606648
47.305524 0.609418
47.402701 0.612188
48.614818 0.614958
48.971885 0.617729
49.655136 0.620499
50.080782 0.623269
50.369829 0.626039
53.182971 0.628809
53.852743 0.631579
54.126000 0.634349
54.418743 0.637119
55.028766 0.639889
57.844275 0.642659
61.839616 0.645429
63.125890 0.648199
63.540262 0.65097
64.839393 0.65374
65.856153 0.65651
66.922712 0.65928
66.999447 0.66205
68.112803 0.66482
70.035398 0.66759
70.159000 0.67036
70.590341 0.67313
73.377508 0.6759
75.044358 0.67867
76.383066 0.68144
78.056014 0.684211
78.575432 0.686981
81.490391 0.689751
81.551832 0.692521
82.584119 0.695291
84.112656 0.698061
85.605741 0.700831
85.762060 0.703601
86.700559 0.706371
86.717021 0.709141
87.420440 0.711911
88.938808 0.714681
89.330709 0.717452
90.184170 0.720222
90.694791 0.722992
91.010332 0.725762
91.641539 0.728532
92.495251 0.731302
93.827564 0.734072
95.762771 0.736842
97.391188 0.739612
97.501940 0.742382
98.368287 0.745152
99.681425 0.747922
105.117047 0.750693
105.221128 0.753463
105.935955 0.756233
107.580948 0.759003
108.866227 0.761773
109.060717 0.764543
109.311903 0.767313
110.083437 0.770083
112.508202 0.772853
113.195515 0.775623
114.339745 0.778393
115.188026 0.781163
118.233466 0.783934
118.760741 0.786704
120.206475 0.789474
120.303154 0.792244
121.375823 0.795014
121.549821 0.797784
121.552861 0.800554
121.727479 0.803324
122.111273 0.806094
123.580766 0.808864
123.583877 0.811634
124.245965 0.814404
124.621081 0.817175
125.518370 0.819945
125.715780 0.822715
126.602542 0.825485
127.515042 0.828255
131.527662 0.831025
131.852794 0.833795
132.177544 0.836565
132.917559 0.839335
134.749329 0.842105
142.182398 0.844875
143.180311 0.847645
146.324277 0.850416
149.075234 0.853186
151.106226 0.855956
152.328146 0.858726
157.394993 0.861496
159.013546 0.864266
161.396956 0.867036
162.586606 0.869806
164.631617 0.872576
164.978659 0.875346
165.895963 0.878116
168.670714 0.880886
170.744193 0.883657
171.513629 0.886427
172.553623 0.889197
175.166309 0.891967
175.939000 0.894737
176.757836 0.897507
184.468472 0.900277
187.931514 0.903047
189.131081 0.905817
194.221914 0.908587
198.010552 0.911357
200.115943 0.914127
200.687194 0.916898
202.176833 0.919668
208.665276 0.922438
210.285401 0.925208
212.338805 0.927978
219.874454 0.930748
220.218420 0.933518
222.671843 0.936288
226.478505 0.939058
235.588527 0.941828
238.880658 0.944598
239.574480 0.947368
247.967601 0.950139
253.645611 0.952909
264.597583 0.955679
268.999219 0.958449
279.157257 0.961219
279.471254 0.963989
281.085491 0.966759
287.035203 0.969529
323.391676 0.972299
343.872571 0.975069
361.098504 0.977839
367.917299 0.980609
379.833651 0.98338
390.629435 0.98615
412.852430 0.98892
465.139627 0.99169
659.341240 0.99446
665.759277 0.99723
874.088573 1
