0.0772274 0.00277008
0.115797 0.00554017
0.145272 0.00831025
0.155355 0.0110803
0.503262 0.0138504
0.527625 0.0166205
0.721362 0.0193906
0.748076 0.0221607
0.8266 0.0249307
0.991255 0.0277008
1.01237 0.0304709
1.1103 0.033241
1.16338 0.0360111
1.2096 0.0387812
1.21164 0.0415512
1.2445 0.0443213
1.3437 0.0470914
1.34496 0.0498615
1.58169 0.0526316
1.65368 0.0554017
1.72617 0.0581717
1.77685 0.0609418
1.91527 0.0637119
1.95622 0.066482
2.01447 0.0692521
2.062 0.0720222
2.10292 0.0747922
2.19934 0.0775623
2.25673 0.0803324
2.46645 0.0831025
2.49426 0.0858726
2.54223 0.0886427
2.57321 0.0914127
2.65409 0.0941828
2.66724 0.0969529
2.67707 0.099723
2.77463 0.102493
2.96009 0.105263
2.96994 0.108033
3.0681 0.110803
3.18762 0.113573
3.42962 0.116343
3.78114 0.119114
3.83807 0.121884
3.884 0.124654
3.98202 0.127424
4.05632 0.130194
4.09468 0.132964
4.16957 0.135734
4.36268 0.138504
4.38391 0.141274
4.38603 0.144044
4.6387 0.146814
4.8021 0.149584
4.86665 0.152355
5.05268 0.155125
5.0589 0.157895
5.06712 0.160665
5.2138 0.163435
5.23602 0.166205
5.25225 0.168975
5.58104 0.171745
5.79061 0.174515
6.0106 0.177285
6.19403 0.180055
6.37106 0.182825
6.40611 0.185596
6.61089 0.188366
6.6126 0.191136
6.87119 0.193906
7.04998 0.196676
7.20621 0.199446
7.23505 0.202216
7.34816 0.204986
7.38615 0.207756
7.80195 0.210526
7.84089 0.213296
7.8454 0.216066
7.98165 0.218837
8.05329 0.221607
8.60198 0.224377
8.70483 0.227147
9.02882 0.229917
9.13405 0.232687
9.16454 0.235457
9.48602 0.238227
9.49268 0.240997
9.51095 0.243767
9.77848 0.246537
9.80236 0.249307
9.84164 0.252078
9.98944 0.254848
10.2271 0.257618
10.3389 0.260388
10.6284 0.263158
10.6667 0.265928
11.1457 0.268698
11.4318 0.271468
11.5 0.274238
11.6539 0.277008
11.7547 0.279778
11.7727 0.282548
11.8214 0.285319
12.1105 0.288089
12.2247 0.290859
12.4604 0.293629
12.6451 0.296399
12.8941 0.299169
12.9673 0.301939
13.1751 0.304709
13.3594 0.307479
13.4424 0.310249
13.5138 0.313019
13.7677 0.315789
14.4861 0.31856
14.5144 0.32133
14.6183 0.3241
15.0062 0.32687
15.0275 0.32964
15.2732 0.33241
15.632 0.33518
15.7023 0.33795
15.7856 0.34072
16.006 0.34349
16.1997 0.34626
16.8334 0.34903
16.8393 0.351801
16.9943 0.354571
16.9966 0.357341
17.0108 0.360111
17.2185 0.362881
17.5231 0.365651
17.9209 0.368421
18.1185 0.371191
18.2418 0.373961
18.4558 0.376731
18.5278 0.379501
18.5297 0.382271
18.5885 0.385042
19.0439 0.387812
19.693 0.390582
20.342 0.393352
20.4087 0.396122
20.7961 0.398892
21.1276 0.401662
21.1564 0.404432
21.4141 0.407202
21.4993 0.409972
21.6678 0.412742
21.7783 0.415512
21.9289 0.418283
22.3681 0.421053
22.5988 0.423823
22.6131 0.426593
23.0669 0.429363
23.2016 0.432133
23.4462 0.434903
23.6366 0.437673
24.0239 0.440443
24.034 0.443213
24.0453 0.445983
24.1574 0.448753
24.4621 0.451524
24.5121 0.454294
24.7588 0.457064
25.0099 0.459834
25.069 0.462604
25.1483 0.465374
25.2811 0.468144
25.7399 0.470914
26.2546 0.473684
26.3478 0.476454
26.5288 0.479224
27.6838 0.481994
27.8865 0.484765
28.1453 0.487535
28.2114 0.490305
28.4017 0.493075
28.4902 0.495845
28.6108 0.498615
29.0352 0.501385
29.417 0.504155
29.6153 0.506925
29.6963 0.509695
29.958 0.512465
30.0286 0.515235
30.6213 0.518006
30.9133 0.520776
31.0373 0.523546
31.1533 0.526316
31.3358 0.529086
31.4939 0.531856
31.7725 0.534626
32.6337 0.537396
32.857 0.540166
32.9677 0.542936
33.1285 0.545706
33.4336 0.548476
33.5422 0.551247
33.9501 0.554017
34.7551 0.556787
34.8767 0.559557
34.9196 0.562327
34.9453 0.565097
35.0787 0.567867
35.8333 0.570637
36.0417 0.573407
36.1023 0.576177
36.2465 0.578947
36.2529 0.581717
36.6459 0.584488
36.6907 0.587258
37.0354 0.590028
37.0448 0.592798
37.2578 0.595568
38.0642 0.598338
38.3589 0.601108
39.0925 0.603878
39.2921 0.606648
40.2463 0.609418
40.2704 0.612188
40.739 0.614958
41.4384 0.617729
41.5562 0.620499
41.8036 0.623269
41.8402 0.626039
43.2725 0.628809
44.3608 0.631579
44.5858 0.634349
45.1816 0.637119
46.1674 0.639889
47.1096 0.642659
47.5188 0.645429
47.9454 0.648199
48.7766 0.65097
49.4174 0.65374
49.4697 0.65651
49.5977 0.65928
50.2267 0.66205
50.3331 0.66482
50.4291 0.66759
50.6825 0.67036
50.8661 0.67313
51.0791 0.6759
51.575 0.67867
51.6161 0.68144
53.1357 0.684211
54.4827 0.686981
55.1951 0.689751
56.3526 0.692521
57.0145 0.695291
57.1051 0.698061
57.6178 0.700831
58.2135 0.703601
60.5786 0.706371
60.6849 0.709141
60.9049 0.711911
61.2217 0.714681
62.2175 0.717452
62.395 0.720222
63.3577 0.722992
65.6097 0.725762
66.0389 0.728532
66.7294 0.731302
66.7352 0.734072
67.8474 0.736842
68.0555 0.739612
68.1285 0.742382
68.8321 0.745152
69.519 0.747922
70.1336 0.750693
70.3034 0.753463
70.8159 0.756233
72.3892 0.759003
72.7518 0.761773
73.1756 0.764543
73.1767 0.767313
74.066 0.770083
74.4211 0.772853
74.6183 0.775623
75.2585 0.778393
75.5662 0.781163
75.8294 0.783934
77.1096 0.786704
77.459 0.789474
77.9192 0.792244
79.4991 0.795014
80.0109 0.797784
80.1225 0.800554
81.0884 0.803324
81.7351 0.806094
84.7718 0.808864
85.6581 0.811634
87.4267 0.814404
91.699 0.817175
92.7493 0.819945
94.6549 0.822715
96.9306 0.825485
98.4959 0.828255
98.6272 0.831025
99.2152 0.833795
100.397 0.836565
101.588 0.839335
104.051 0.842105
105.321 0.844875
105.524 0.847645
105.765 0.850416
106.472 0.853186
106.759 0.855956
107.296 0.858726
108.377 0.861496
108.799 0.864266
109.292 0.867036
110.308 0.869806
112.936 0.872576
113.26 0.875346
114.762 0.878116
115.013 0.880886
116.204 0.883657
116.743 0.886427
116.994 0.889197
119.64 0.891967
122.435 0.894737
130.105 0.897507
132.934 0.900277
153.343 0.903047
156.047 0.905817
159.383 0.908587
161.346 0.911357
165.504 0.914127
171.554 0.916898
175.156 0.919668
176.319 0.922438
179.02 0.925208
180.514 0.927978
189.978 0.930748
190.07 0.933518
191.835 0.936288
202.071 0.939058
202.704 0.941828
203.631 0.944598
215.785 0.947368
216.288 0.950139
219.479 0.952909
224.988 0.955679
226.384 0.958449
227.092 0.961219
227.205 0.963989
229.808 0.966759
232.097 0.969529
232.304 0.972299
233.059 0.975069
233.285 0.977839
234.69 0.980609
241.582 0.98338
244.386 0.98615
305.069 0.98892
320.863 0.99169
331.049 0.99446
344.92 0.99723
351.474 1
