0.011524 0.00277008
0.02121 0.00554017
0.074616 0.00831025
0.08025 0.0110803
0.081582 0.0138504
0.09563 0.0166205
0.097177 0.0193906
0.09775 0.0221607
0.120503 0.0249307
0.125233 0.0277008
0.129563 0.0304709
0.13478 0.033241
0.142022 0.0360111
0.165896 0.0387812
0.190932 0.0415512
0.218863 0.0443213
0.250047 0.0470914
0.25646 0.0498615
0.264106 0.0526316
0.272108 0.0554017
0.323433 0.0581717
0.326489 0.0609418
0.332819 0.0637119
0.377617 0.066482
0.385335 0.0692521
0.393873 0.0720222
0.409235 0.0747922
0.418752 0.0775623
0.429434 0.0803324
0.454007 0.0831025
0.464627 0.0858726
0.478974 0.0886427
0.500215 0.0914127
0.527218 0.0941828
0.536198 0.0969529
0.5465 0.099723
0.551619 0.102493
0.557375 0.105263
0.558347 0.108033
0.60754 0.110803
0.610451 0.113573
0.611346 0.116343
0.624495 0.119114
0.66062 0.121884
0.665726 0.124654
0.685251 0.127424
0.70299 0.130194
0.710842 0.132964
0.712414 0.135734
0.750996 0.138504
0.754035 0.141274
0.776379 0.144044
0.778291 0.146814
0.825002 0.149584
0.836216 0.152355
0.841243 0.155125
0.947255 0.157895
1.00069 0.160665
1.03588 0.163435
1.1346 0.166205
1.16054 0.168975
1.16084 0.171745
1.22997 0.174515
1.24576 0.177285
1.29408 0.180055
1.31883 0.182825
1.33368 0.185596
1.34387 0.188366
1.34535 0.191136
1.41893 0.193906
1.43205 0.196676
1.4561 0.199446
1.46065 0.202216
1.46937 0.204986
1.51913 0.207756
1.52805 0.210526
1.55953 0.213296
1.56882 0.216066
1.59544 0.218837
1.68515 0.221607
1.69285 0.224377
1.74675 0.227147
1.75574 0.229917
1.77346 0.232687
1.81843 0.235457
1.83587 0.238227
1.90103 0.240997
1.9795 0.243767
1.99997 0.246537
2.01274 0.249307
2.04892 0.252078
2.06586 0.254848
2.17677 0.257618
2.22092 0.260388
2.22271 0.263158
2.25816 0.265928
2.30077 0.268698
2.338 0.271468
2.34149 0.274238
2.43748 0.277008
2.45456 0.279778
2.47795 0.282548
2.5729 0.285319
2.57891 0.288089
2.63274 0.290859
2.68016 0.293629
2.78531 0.296399
2.89884 0.299169
2.92029 0.301939
2.96519 0.304709
2.97569 0.307479
2.97953 0.310249
3.00834 0.313019
3.04878 0.315789
3.10882 0.31856
3.13894 0.32133
3.20301 0.3241
3.3506 0.32687
3.36705 0.32964
3.43888 0.33241
3.49301 0.33518
3.53781 0.33795
3.55407 0.34072
3.63743 0.34349
3.66712 0.34626
3.69345 0.34903
3.80778 0.351801
3.84848 0.354571
3.87216 0.357341
3.88124 0.360111
3.97058 0.362881
4.0152 0.365651
4.01951 0.368421
4.11578 0.371191
4.26182 0.373961
4.27823 0.376731
4.31286 0.379501
4.57941 0.382271
4.61163 0.385042
4.67433 0.387812
4.79357 0.390582
4.88276 0.393352
4.88907 0.396122
5.0115 0.398892
5.10374 0.401662
5.15615 0.404432
5.1748 0.407202
5.17779 0.409972
5.27407 0.412742
5.3981 0.415512
5.7664 0.418283
5.96985 0.421053
6.20442 0.423823
6.36756 0.426593
6.41238 0.429363
6.54844 0.432133
6.79829 0.434903
6.89784 0.437673
7.16888 0.440443
7.53362 0.443213
8.0358 0.445983
8.12156 0.448753
8.13966 0.451524
8.14222 0.454294
8.44499 0.457064
8.49004 0.459834
8.89046 0.462604
8.9488 0.465374
9.03191 0.468144
9.37664 0.470914
9.40341 0.473684
9.63854 0.476454
9.74733 0.479224
10.0634 0.481994
10.1759 0.484765
10.9423 0.487535
11.6867 0.490305
11.829 0.493075
12.0526 0.495845
12.3961 0.498615
12.5354 0.501385
12.863 0.504155
12.8791 0.506925
12.9854 0.509695
13.192 0.512465
13.483 0.515235
13.7073 0.518006
13.8611 0.520776
13.8784 0.523546
13.9334 0.526316
14.0626 0.529086
14.3019 0.531856
14.3862 0.534626
15.6381 0.537396
15.6899 0.540166
16.0259 0.542936
16.0354 0.545706
16.0819 0.548476
16.1687 0.551247
16.186 0.554017
16.5901 0.556787
17.4592 0.559557
17.4872 0.562327
17.553 0.565097
17.5638 0.567867
17.6505 0.570637
18.7315 0.573407
19.1818 0.576177
19.46 0.578947
20.1168 0.581717
20.162 0.584488
20.8232 0.587258
21.1068 0.590028
22.895 0.592798
23.5135 0.595568
23.5735 0.598338
23.6231 0.601108
23.8003 0.603878
23.8638 0.606648
25.1897 0.609418
25.4477 0.612188
25.7896 0.614958
26.8052 0.617729
27.2449 0.620499
27.4927 0.623269
27.5533 0.626039
28.9471 0.628809
28.9563 0.631579
29.2804 0.634349
29.458 0.637119
30.7901 0.639889
34.4099 0.642659
34.7716 0.645429
35.6759 0.648199
38.6078 0.65097
39.6019 0.65374
41.2203 0.65651
42.1372 0.65928
43.2327 0.66205
43.5425 0.66482
44.216 0.66759
44.4413 0.67036
45.9544 0.67313
46.0522 0.6759
46.4246 0.67867
47.7371 0.68144
48.0827 0.684211
50.1266 0.686981
50.6301 0.689751
50.7694 0.692521
50.8471 0.695291
52.0869 0.698061
52.1796 0.700831
57.4904 0.703601
57.706 0.706371
58.4027 0.709141
58.6815 0.711911
59.2999 0.714681
62.8504 0.717452
64.0161 0.720222
66.5424 0.722992
71.0915 0.725762
72.1533 0.728532
76.448 0.731302
76.8519 0.734072
76.9106 0.736842
79.7668 0.739612
80.4198 0.742382
81.2599 0.745152
81.2847 0.747922
82.5726 0.750693
82.6219 0.753463
83.0364 0.756233
83.3196 0.759003
87.3869 0.761773
89.2608 0.764543
90.6094 0.767313
90.9785 0.770083
91.856 0.772853
93.8704 0.775623
104.704 0.778393
105.911 0.781163
109.361 0.783934
109.958 0.786704
109.991 0.789474
110.589 0.792244
112.637 0.795014
114.073 0.797784
116.354 0.800554
117.056 0.803324
118.459 0.806094
120.009 0.808864
120.016 0.811634
124.049 0.814404
125.401 0.817175
128.805 0.819945
129.225 0.822715
129.768 0.825485
140.784 0.828255
145.874 0.831025
147.424 0.833795
152.15 0.836565
153.402 0.839335
156.137 0.842105
160.264 0.844875
163.443 0.847645
171.701 0.850416
182.896 0.853186
193.822 0.855956
199.343 0.858726
228.672 0.861496
243.401 0.864266
256.534 0.867036
260.352 0.869806
263.378 0.872576
277.746 0.875346
292.548 0.878116
301.787 0.880886
301.876 0.883657
330.954 0.886427
337.003 0.889197
342.192 0.891967
343.343 0.894737
346.877 0.897507
347.573 0.900277
404.264 0.903047
415.829 0.905817
421.575 0.908587
429.174 0.911357
456.129 0.914127
472.641 0.916898
484.608 0.919668
498.705 0.922438
520.805 0.925208
623.029 0.927978
661.877 0.930748
734.212 0.933518
736.831 0.936288
758.582 0.939058
797.669 0.941828
802.814 0.944598
829.137 0.947368
861.994 0.950139
929.514 0.952909
949.31 0.955679
1042.24 0.958449
1054.17 0.961219
1184.18 0.963989
1218.11 0.966759
1242.14 0.969529
1345.43 0.972299
1500.97 0.975069
2168.06 0.977839
2332.1 0.980609
2536.51 0.98338
3384.49 0.98615
3566.41 0.98892
4038.89 0.99169
9287.08 0.99446
10359 0.99723
19492.8 1
