-2321.29 0.00277008
.100 0.00554017
.400 0.0110803
.400 0.0110803
.600 0.0166205
.600 0.0166205
.700 0.0193906
1.000 0.0249307
1.000 0.0249307
1.400 0.0304709
1.400 0.0304709
2.000 0.033241
2.400 0.0387812
2.400 0.0387812
2.500 0.0415512
2.900 0.0443213
3.600 0.0470914
3.700 0.0526316
3.700 0.0526316
5.500 0.0581717
5.500 0.0581717
6.000 0.0609418
6.400 0.0637119
6.700 0.066482
6.800 0.0692521
7.400 0.0720222
7.900 0.0747922
8.200 0.0775623
9.300 0.0831025
9.300 0.0831025
9.600 0.0858726
9.800 0.0886427
9.900 0.0914127
10.100 0.0941828
10.300 0.0969529
10.600 0.102493
10.600 0.102493
11.400 0.105263
11.500 0.108033
11.800 0.110803
11.900 0.113573
12.000 0.116343
12.200 0.119114
13.000 0.124654
13.000 0.124654
13.300 0.130194
13.300 0.130194
13.500 0.132964
13.700 0.135734
13.900 0.138504
14.000 0.144044
14.000 0.144044
14.300 0.146814
14.400 0.149584
14.900 0.152355
15.200 0.155125
15.300 0.157895
15.400 0.160665
15.500 0.163435
16.200 0.166205
16.300 0.168975
16.400 0.171745
17.100 0.174515
17.500 0.177285
18.500 0.182825
18.500 0.182825
18.600 0.185596
18.800 0.191136
18.800 0.191136
18.900 0.193906
19.000 0.196676
19.400 0.199446
19.800 0.202216
20.200 0.204986
20.300 0.210526
20.300 0.210526
20.700 0.213296
21.000 0.216066
21.400 0.218837
22.100 0.221607
22.600 0.224377
22.800 0.229917
22.800 0.229917
24.100 0.232687
24.200 0.235457
24.500 0.238227
24.700 0.240997
24.800 0.243767
25.200 0.246537
25.700 0.249307
27.100 0.254848
27.100 0.254848
27.500 0.257618
27.700 0.260388
28.300 0.263158
28.700 0.265928
28.800 0.268698
29.300 0.271468
29.600 0.274238
30.100 0.279778
30.100 0.279778
31.000 0.282548
32.000 0.285319
32.900 0.288089
33.000 0.290859
33.400 0.293629
33.900 0.296399
34.100 0.299169
34.200 0.301939
34.600 0.304709
34.900 0.307479
36.200 0.313019
36.200 0.313019
37.400 0.315789
37.600 0.32133
37.600 0.32133
38.800 0.3241
39.000 0.32687
40.300 0.33241
40.300 0.33241
40.400 0.33518
42.300 0.34072
42.300 0.34072
42.400 0.34349
42.800 0.34626
42.900 0.34903
43.500 0.351801
43.600 0.354571
44.000 0.360111
44.000 0.360111
45.200 0.362881
46.200 0.368421
46.200 0.368421
46.900 0.371191
47.100 0.373961
47.300 0.376731
48.500 0.379501
48.800 0.382271
49.200 0.387812
49.200 0.387812
49.500 0.390582
51.000 0.393352
51.400 0.396122
51.800 0.398892
52.400 0.404432
52.400 0.404432
54.300 0.407202
55.500 0.409972
58.100 0.412742
59.000 0.418283
59.000 0.418283
59.400 0.421053
60.100 0.423823
60.600 0.426593
60.900 0.429363
61.800 0.432133
62.900 0.434903
63.200 0.437673
63.400 0.440443
63.500 0.443213
65.000 0.445983
65.900 0.448753
66.600 0.451524
66.800 0.454294
68.000 0.457064
68.600 0.459834
68.800 0.462604
68.900 0.465374
69.700 0.468144
71.200 0.470914
71.500 0.473684
71.600 0.476454
71.900 0.479224
72.700 0.481994
73.300 0.484765
75.300 0.487535
75.900 0.490305
76.900 0.493075
77.000 0.495845
77.100 0.501385
77.100 0.501385
77.200 0.504155
77.500 0.506925
78.300 0.509695
81.000 0.512465
81.800 0.515235
81.900 0.520776
81.900 0.520776
82.200 0.523546
82.500 0.526316
84.000 0.529086
84.900 0.531856
86.200 0.534626
86.300 0.537396
86.700 0.540166
87.200 0.545706
87.200 0.545706
87.300 0.548476
88.800 0.554017
88.800 0.554017
89.000 0.556787
89.100 0.559557
90.600 0.562327
91.500 0.565097
91.800 0.567867
92.100 0.570637
92.300 0.573407
92.600 0.576177
93.400 0.578947
93.600 0.581717
93.800 0.584488
94.000 0.587258
94.200 0.590028
94.400 0.592798
94.900 0.595568
95.100 0.598338
95.300 0.601108
95.700 0.603878
96.400 0.606648
97.000 0.609418
97.700 0.612188
98.200 0.614958
98.500 0.617729
98.600 0.620499
99.100 0.623269
99.200 0.626039
99.400 0.628809
99.500 0.631579
101.000 0.634349
101.400 0.637119
101.600 0.639889
101.900 0.645429
101.900 0.645429
102.200 0.648199
102.300 0.65097
102.700 0.65374
103.400 0.65651
103.500 0.65928
103.800 0.66205
104.000 0.66482
104.300 0.66759
104.700 0.67036
104.800 0.67313
105.500 0.6759
105.600 0.67867
105.900 0.68144
106.500 0.684211
107.600 0.686981
107.800 0.689751
108.800 0.692521
109.300 0.698061
109.300 0.698061
109.500 0.700831
110.800 0.703601
110.900 0.706371
111.700 0.709141
112.400 0.711911
112.900 0.714681
113.100 0.720222
113.100 0.720222
114.100 0.722992
114.200 0.728532
114.200 0.728532
115.100 0.731302
115.200 0.734072
115.300 0.736842
115.500 0.739612
116.300 0.742382
116.600 0.745152
117.100 0.747922
117.300 0.750693
117.500 0.753463
117.800 0.756233
118.200 0.759003
119.100 0.761773
120.700 0.764543
120.900 0.767313
121.000 0.770083
121.200 0.772853
121.700 0.775623
122.000 0.781163
122.000 0.781163
122.900 0.783934
123.100 0.786704
123.200 0.789474
124.400 0.795014
124.400 0.795014
125.600 0.797784
125.900 0.800554
128.200 0.803324
128.500 0.806094
128.600 0.808864
128.900 0.811634
129.100 0.814404
129.700 0.817175
132.000 0.819945
132.300 0.822715
132.500 0.828255
132.500 0.828255
132.600 0.831025
132.800 0.833795
135.300 0.836565
135.600 0.839335
135.800 0.842105
136.000 0.844875
136.200 0.847645
138.000 0.850416
138.200 0.853186
138.400 0.855956
138.500 0.858726
139.600 0.861496
141.200 0.864266
141.600 0.867036
141.900 0.869806
143.400 0.872576
145.200 0.875346
145.300 0.878116
145.600 0.880886
146.200 0.883657
146.700 0.886427
147.200 0.889197
147.600 0.894737
147.600 0.894737
147.700 0.897507
148.500 0.900277
149.500 0.903047
150.800 0.905817
151.200 0.908587
152.500 0.911357
153.400 0.914127
153.500 0.916898
154.300 0.919668
155.000 0.922438
155.200 0.925208
155.500 0.927978
155.700 0.930748
156.800 0.933518
158.700 0.936288
159.000 0.939058
159.500 0.941828
159.900 0.944598
161.400 0.947368
162.200 0.950139
162.600 0.952909
164.000 0.955679
164.100 0.958449
164.500 0.961219
164.800 0.963989
165.000 0.966759
166.400 0.969529
166.700 0.972299
167.100 0.975069
168.700 0.977839
169.200 0.980609
173.100 0.98338
175.100 0.98615
178.000 0.98892
182.700 0.99169
185.500 0.99446
195.000 0.99723
195.600 1
