0.000771 0.00277008
0.001253 0.00554017
0.001821 0.00831025
0.002012 0.0110803
0.003152 0.0138504
0.003195 0.0193906
0.003195 0.0193906
0.005093 0.0221607
0.005263 0.0249307
0.006867 0.0277008
0.007201 0.0304709
0.007241 0.033241
0.007494 0.0360111
0.008446 0.0387812
0.009643 0.0415512
0.009927 0.0443213
0.010289 0.0470914
0.010587 0.0498615
0.010886 0.0526316
0.010918 0.0554017
0.011060 0.0581717
0.011331 0.0609418
0.014133 0.0637119
0.014169 0.066482
0.014399 0.0692521
0.014587 0.0720222
0.015272 0.0747922
0.015964 0.0775623
0.016385 0.0803324
0.016840 0.0831025
0.017723 0.0858726
0.017757 0.0886427
0.018012 0.0914127
0.018094 0.0941828
0.019412 0.0969529
0.019949 0.099723
0.021849 0.102493
0.022224 0.105263
0.022477 0.108033
0.023625 0.110803
0.024263 0.113573
0.024349 0.116343
0.024514 0.119114
0.024706 0.121884
0.024885 0.124654
0.025052 0.127424
0.025419 0.130194
0.025648 0.132964
0.025806 0.135734
0.025931 0.138504
0.026549 0.141274
0.026996 0.144044
0.027026 0.146814
0.027311 0.149584
0.027496 0.152355
0.028031 0.155125
0.028461 0.157895
0.028491 0.160665
0.028933 0.163435
0.029284 0.166205
0.029356 0.168975
0.029994 0.171745
0.030572 0.174515
0.030923 0.177285
0.031167 0.180055
0.031496 0.182825
0.032497 0.185596
0.032631 0.188366
0.033196 0.191136
0.033295 0.193906
0.033676 0.196676
0.034262 0.199446
0.034578 0.202216
0.034621 0.204986
0.036490 0.207756
0.038661 0.210526
0.041741 0.213296
0.043979 0.216066
0.044038 0.218837
0.044380 0.221607
0.049324 0.224377
0.049639 0.227147
0.053498 0.229917
0.057141 0.232687
0.059603 0.235457
0.059876 0.238227
0.063279 0.240997
0.063651 0.243767
0.070832 0.246537
0.071367 0.249307
0.071894 0.252078
0.073373 0.254848
0.074576 0.257618
0.075666 0.260388
0.080505 0.263158
0.082861 0.265928
0.085189 0.268698
0.087310 0.271468
0.088162 0.274238
0.088627 0.277008
0.093834 0.279778
0.096248 0.282548
0.102223 0.285319
0.108615 0.288089
0.109751 0.290859
0.112314 0.293629
0.125545 0.296399
0.128522 0.299169
0.137293 0.301939
0.143762 0.304709
0.149958 0.307479
0.153925 0.310249
0.166090 0.313019
0.172874 0.315789
0.181169 0.31856
0.189475 0.32133
0.190850 0.3241
0.197930 0.32687
0.197975 0.32964
0.201439 0.33241
0.202674 0.33518
0.208844 0.33795
0.211615 0.34072
0.212732 0.34349
0.217414 0.34626
0.230955 0.34903
0.244152 0.351801
0.260714 0.354571
0.269557 0.357341
0.270169 0.360111
0.278090 0.362881
0.283616 0.365651
0.285655 0.368421
0.287264 0.371191
0.287612 0.373961
0.288960 0.376731
0.289041 0.379501
0.296589 0.382271
0.298886 0.385042
0.300377 0.387812
0.312387 0.390582
0.313550 0.393352
0.316528 0.396122
0.319970 0.398892
0.322379 0.401662
0.333981 0.404432
0.339054 0.407202
0.345854 0.409972
0.347484 0.412742
0.368118 0.415512
0.370084 0.418283
0.370807 0.421053
0.377725 0.423823
0.384902 0.426593
0.387081 0.429363
0.394569 0.432133
0.396302 0.434903
0.401932 0.437673
0.402139 0.440443
0.403452 0.443213
0.404363 0.445983
0.407455 0.448753
0.426778 0.451524
0.428471 0.454294
0.433662 0.457064
0.452158 0.459834
0.456941 0.462604
0.461636 0.465374
0.472675 0.468144
0.473959 0.470914
0.491004 0.473684
0.497574 0.476454
0.501288 0.479224
0.501398 0.481994
0.506941 0.484765
0.508493 0.487535
0.510319 0.490305
0.512757 0.493075
0.514512 0.495845
0.517629 0.498615
0.519373 0.501385
0.526372 0.504155
0.533268 0.506925
0.557704 0.509695
0.558303 0.512465
0.568274 0.515235
0.573760 0.518006
0.576412 0.520776
0.582270 0.523546
0.582968 0.526316
0.583249 0.529086
0.585756 0.531856
0.586015 0.534626
0.594369 0.537396
0.600180 0.540166
0.605660 0.542936
0.613741 0.545706
0.617649 0.548476
0.619005 0.551247
0.619407 0.554017
0.659281 0.556787
0.660228 0.559557
0.664379 0.562327
0.664662 0.565097
0.669080 0.567867
0.669744 0.570637
0.678367 0.573407
0.685556 0.576177
0.699141 0.578947
0.699150 0.581717
0.699650 0.584488
0.701144 0.587258
0.703557 0.590028
0.717049 0.592798
0.731879 0.595568
0.753376 0.598338
0.762828 0.601108
0.764162 0.603878
0.786638 0.606648
0.787400 0.609418
0.815445 0.612188
0.821267 0.614958
0.846045 0.617729
0.873845 0.620499
0.878432 0.623269
0.879778 0.626039
0.888886 0.628809
0.918345 0.631579
0.949790 0.634349
1.049970 0.637119
1.050518 0.639889
1.069260 0.642659
1.079330 0.645429
1.105104 0.648199
1.279535 0.65097
1.310990 0.65374
1.409080 0.65651
2.064381 0.65928
2.596812 0.66205
3.927214 0.66482
4.633664 0.66759
4.817080 0.67036
5.099887 0.67313
5.380618 0.6759
5.512169 0.67867
5.722533 0.68144
5.913681 0.684211
5.983616 0.686981
6.631820 0.689751
6.951572 0.692521
7.371615 0.695291
9.168108 0.698061
9.180948 0.700831
11.056234 0.703601
11.286230 0.706371
11.322564 0.709141
11.390088 0.711911
12.845510 0.714681
14.420831 0.717452
15.584953 0.720222
15.725098 0.722992
17.012691 0.725762
18.415346 0.728532
20.634359 0.731302
20.951385 0.734072
21.176010 0.736842
22.520166 0.739612
23.431486 0.742382
23.924158 0.745152
24.541788 0.747922
26.332541 0.750693
27.472841 0.753463
27.497339 0.756233
28.825745 0.759003
29.344517 0.761773
29.993484 0.764543
30.142103 0.767313
30.785009 0.770083
31.099491 0.772853
31.406084 0.775623
33.335220 0.778393
36.102654 0.781163
37.490326 0.783934
37.691368 0.786704
38.807419 0.789474
42.138744 0.792244
43.872345 0.795014
44.307419 0.797784
47.679733 0.800554
51.534691 0.803324
52.499828 0.806094
52.776852 0.808864
58.775105 0.811634
59.414795 0.814404
62.079342 0.817175
63.205235 0.819945
68.602966 0.822715
72.237076 0.825485
72.804077 0.828255
73.052238 0.831025
82.633858 0.833795
85.226204 0.836565
91.700096 0.839335
100.868652 0.842105
102.836853 0.844875
109.351707 0.847645
115.594490 0.850416
116.532616 0.853186
120.395508 0.855956
122.568291 0.858726
125.092072 0.861496
126.180176 0.864266
138.229630 0.867036
141.009308 0.869806
146.064438 0.872576
153.993698 0.875346
154.039612 0.878116
154.596054 0.880886
160.540466 0.883657
177.312927 0.886427
193.268066 0.889197
198.763336 0.891967
214.959625 0.894737
215.641190 0.897507
215.857864 0.900277
247.423630 0.903047
267.680206 0.905817
278.249878 0.908587
296.255859 0.911357
298.538116 0.914127
339.296967 0.916898
350.199829 0.919668
356.267395 0.922438
386.588531 0.925208
386.876862 0.927978
417.828033 0.930748
426.261536 0.933518
446.091522 0.936288
449.065491 0.939058
532.668640 0.941828
553.682739 0.944598
580.196350 0.947368
619.730591 0.950139
627.689148 0.952909
670.872681 0.955679
711.743103 0.958449
833.497253 0.961219
927.538696 0.963989
928.885071 0.966759
1016.913940 0.969529
1148.253174 0.972299
1166.147705 0.975069
1823.481079 0.977839
2066.386230 0.980609
2242.314697 0.98338
2919.077881 0.98615
3226.458252 0.98892
3554.716064 0.99169
8473.389648 0.99446
9528.653320 0.99723
18447.675781 1
