22.300 0.00277008
28.200 0.00554017
36.800 0.00831025
40.500 0.0110803
44.200 0.0138504
47.100 0.0166205
47.300 0.0193906
52.900 0.0221607
59.300 0.0249307
60.300 0.0277008
61.000 0.0304709
62.500 0.033241
64.200 0.0360111
67.200 0.0387812
67.300 0.0415512
74.400 0.0443213
74.900 0.0470914
76.600 0.0498615
76.800 0.0526316
77.400 0.0554017
77.800 0.0581717
79.500 0.0609418
80.500 0.0637119
80.900 0.066482
82.500 0.0692521
82.900 0.0720222
83.000 0.0747922
83.200 0.0775623
83.600 0.0831025
83.600 0.0831025
84.000 0.0858726
84.200 0.0886427
84.800 0.0914127
85.100 0.0941828
85.400 0.0969529
85.500 0.099723
85.600 0.102493
86.100 0.105263
86.200 0.108033
86.300 0.110803
86.900 0.113573
87.600 0.116343
88.500 0.121884
88.500 0.121884
88.700 0.124654
89.100 0.127424
89.500 0.130194
89.600 0.132964
89.700 0.135734
90.100 0.144044
90.100 0.144044
90.100 0.144044
90.200 0.146814
90.400 0.155125
90.400 0.155125
90.400 0.155125
90.500 0.157895
91.500 0.160665
91.900 0.163435
92.000 0.166205
92.200 0.171745
92.200 0.171745
92.300 0.174515
92.500 0.177285
92.600 0.182825
92.600 0.182825
92.700 0.185596
92.800 0.188366
92.900 0.191136
93.000 0.193906
93.200 0.196676
93.300 0.199446
93.400 0.202216
93.600 0.207756
93.600 0.207756
93.700 0.210526
93.900 0.213296
94.000 0.216066
94.200 0.218837
94.300 0.221607
94.400 0.224377
94.600 0.229917
94.600 0.229917
94.900 0.235457
94.900 0.235457
95.100 0.240997
95.100 0.240997
95.200 0.243767
95.800 0.246537
95.900 0.249307
96.000 0.252078
96.200 0.257618
96.200 0.257618
96.400 0.263158
96.400 0.263158
96.600 0.265928
96.700 0.268698
96.800 0.271468
96.900 0.274238
97.100 0.277008
97.400 0.279778
97.600 0.285319
97.600 0.285319
97.700 0.293629
97.700 0.293629
97.700 0.293629
97.900 0.296399
98.000 0.304709
98.000 0.304709
98.000 0.304709
98.100 0.307479
98.200 0.32133
98.200 0.32133
98.200 0.32133
98.200 0.32133
98.200 0.32133
98.300 0.3241
98.400 0.32687
98.500 0.33518
98.500 0.33518
98.500 0.33518
98.600 0.34626
98.600 0.34626
98.600 0.34626
98.600 0.34626
98.700 0.357341
98.700 0.357341
98.700 0.357341
98.700 0.357341
98.800 0.362881
98.800 0.362881
98.900 0.379501
98.900 0.379501
98.900 0.379501
98.900 0.379501
98.900 0.379501
98.900 0.379501
99.000 0.398892
99.000 0.398892
99.000 0.398892
99.000 0.398892
99.000 0.398892
99.000 0.398892
99.000 0.398892
99.100 0.409972
99.100 0.409972
99.100 0.409972
99.100 0.409972
99.200 0.423823
99.200 0.423823
99.200 0.423823
99.200 0.423823
99.200 0.423823
99.300 0.434903
99.300 0.434903
99.300 0.434903
99.300 0.434903
99.400 0.465374
99.400 0.465374
99.400 0.465374
99.400 0.465374
99.400 0.465374
99.400 0.465374
99.400 0.465374
99.400 0.465374
99.400 0.465374
99.400 0.465374
99.400 0.465374
99.500 0.490305
99.500 0.490305
99.500 0.490305
99.500 0.490305
99.500 0.490305
99.500 0.490305
99.500 0.490305
99.500 0.490305
99.500 0.490305
99.600 0.498615
99.600 0.498615
99.600 0.498615
99.800 0.501385
103.900 0.504155
119.400 0.506925
128.200 0.509695
156.500 0.512465
156.800 0.518006
156.800 0.518006
156.900 0.523546
156.900 0.523546
158.900 0.526316
190.200 0.529086
195.900 0.531856
217.100 0.534626
222.100 0.537396
238.600 0.540166
239.000 0.542936
240.700 0.545706
242.800 0.548476
245.800 0.554017
245.800 0.554017
248.600 0.556787
250.900 0.559557
253.100 0.562327
259.800 0.565097
264.400 0.567867
283.500 0.570637
285.500 0.573407
317.300 0.576177
348.100 0.578947
371.300 0.581717
416.600 0.584488
418.500 0.587258
423.200 0.590028
426.200 0.592798
431.600 0.595568
434.600 0.598338
442.400 0.601108
458.900 0.603878
481.900 0.606648
484.300 0.609418
496.200 0.612188
545.900 0.614958
547.000 0.617729
573.900 0.620499
575.900 0.623269
589.000 0.626039
592.000 0.628809
610.100 0.631579
614.100 0.634349
637.500 0.637119
645.500 0.639889
662.500 0.642659
674.700 0.645429
675.500 0.648199
683.900 0.65097
774.900 0.65374
820.900 0.65651
925.100 0.65928
979.500 0.66205
993.800 0.66482
1083.100 0.66759
1089.300 0.67036
1143.700 0.67313
1174.500 0.6759
1175.600 0.67867
1177.800 0.68144
1198.000 0.684211
1262.500 0.686981
1267.900 0.689751
1283.800 0.692521
1318.700 0.695291
1328.600 0.698061
1351.700 0.700831
1362.300 0.703601
1370.500 0.706371
1375.700 0.709141
1378.600 0.711911
1387.800 0.714681
1390.100 0.717452
1392.500 0.720222
1409.300 0.722992
1447.000 0.725762
1458.300 0.728532
1464.800 0.731302
1511.200 0.734072
1569.700 0.736842
1600.300 0.739612
1636.700 0.742382
1672.400 0.745152
1675.300 0.747922
1682.200 0.750693
1690.300 0.753463
1732.900 0.756233
1765.300 0.759003
1787.500 0.761773
1796.800 0.764543
1808.200 0.767313
1825.700 0.770083
1872.500 0.772853
1903.600 0.775623
1926.300 0.778393
1949.600 0.781163
1966.900 0.783934
1974.000 0.786704
1980.200 0.789474
1990.900 0.792244
2018.400 0.795014
2031.100 0.797784
2129.200 0.800554
2132.000 0.803324
2152.400 0.806094
2229.700 0.808864
2237.100 0.811634
2288.700 0.814404
2320.000 0.817175
2408.800 0.819945
2421.600 0.822715
2475.000 0.825485
2478.100 0.828255
2556.000 0.831025
2598.100 0.833795
2697.900 0.836565
2712.400 0.839335
2770.600 0.842105
2798.200 0.844875
2803.500 0.847645
2804.100 0.850416
2820.700 0.853186
2827.000 0.855956
2864.300 0.858726
2873.900 0.861496
2891.500 0.864266
2932.100 0.867036
2955.300 0.869806
3013.700 0.872576
3025.000 0.875346
3123.800 0.878116
3135.100 0.880886
3212.700 0.883657
3228.700 0.886427
3261.400 0.889197
3261.500 0.891967
3299.000 0.894737
3366.800 0.897507
3453.700 0.900277
3482.600 0.903047
3503.400 0.905817
3507.500 0.908587
3605.900 0.911357
3735.500 0.914127
4017.000 0.916898
4674.200 0.919668
5031.300 0.922438
5130.800 0.925208
5526.500 0.927978
5529.600 0.930748
6484.000 0.933518
6511.200 0.936288
6643.500 0.939058
6880.200 0.941828
7155.500 0.944598
7225.000 0.947368
7376.200 0.950139
7757.400 0.952909
8919.500 0.955679
9523.200 0.958449
11672.400 0.961219
33182.300 0.963989
64879.300 0.966759
77016.500 0.969529
79437.500 0.972299
98896.900 0.975069
142541.100 0.977839
206546.100 0.980609
216819.900 0.98338
295201.700 0.98615
388830.600 0.98892
686996.700 0.99169
914406.100 0.99446
1268210.400 0.99723
1296200.900 1
