 0.00277008
0.507708 0.00554017
0.841782 0.00831025
0.922702 0.0110803
1.45928 0.0138504
1.54454 0.0166205
1.63748 0.0193906
2.30068 0.0221607
2.76067 0.0249307
3.00566 0.0277008
3.15359 0.0304709
3.47235 0.033241
3.59675 0.0360111
3.67999 0.0387812
4.85108 0.0415512
4.92803 0.0443213
5.39009 0.0470914
5.39679 0.0498615
5.70715 0.0526316
5.76681 0.0554017
5.85884 0.0581717
6.16045 0.0609418
6.25207 0.0637119
6.44958 0.066482
7.01515 0.0692521
7.26332 0.0720222
7.46544 0.0747922
8.04606 0.0775623
8.23996 0.0803324
8.79756 0.0831025
9.1949 0.0858726
9.25044 0.0886427
9.57524 0.0914127
9.6494 0.0941828
9.70496 0.0969529
10.6246 0.099723
10.9479 0.102493
10.9719 0.105263
11.1319 0.108033
11.2017 0.110803
11.3408 0.113573
11.3889 0.116343
11.6319 0.119114
11.8835 0.121884
11.9369 0.124654
11.989 0.127424
12.0272 0.130194
12.0641 0.132964
12.2005 0.135734
12.4127 0.138504
13.9251 0.141274
13.9732 0.144044
14.053 0.146814
14.0918 0.149584
14.1254 0.152355
14.3205 0.155125
14.3675 0.157895
14.4742 0.160665
14.7853 0.163435
15.1427 0.166205
15.1566 0.168975
15.2377 0.171745
15.3173 0.174515
15.6821 0.177285
15.7371 0.180055
16.098 0.182825
16.337 0.185596
17.11 0.188366
17.8655 0.191136
18.4259 0.193906
18.4422 0.196676
18.5141 0.199446
18.6058 0.202216
18.8266 0.204986
19.2962 0.207756
19.445 0.210526
19.6625 0.213296
19.8131 0.216066
20.171 0.218837
20.2548 0.221607
20.9883 0.224377
21.1038 0.227147
21.3306 0.229917
21.5071 0.232687
22.1019 0.235457
22.2189 0.238227
22.826 0.240997
23.0797 0.243767
24.2094 0.246537
24.3423 0.249307
24.6462 0.252078
25.0938 0.254848
25.136 0.257618
25.2266 0.260388
25.5797 0.263158
26.3616 0.265928
26.5437 0.268698
27.0904 0.271468
27.4814 0.274238
27.554 0.277008
28.6186 0.279778
28.6365 0.282548
28.896 0.285319
29.8425 0.288089
29.8597 0.290859
30.0795 0.293629
31.0008 0.296399
31.2787 0.299169
31.4269 0.301939
31.4864 0.304709
32.7571 0.307479
33.1203 0.310249
33.2424 0.313019
33.3655 0.315789
34.0279 0.31856
34.539 0.32133
34.7359 0.3241
34.9022 0.32687
36.0836 0.32964
36.1362 0.33241
36.8843 0.33518
37.3186 0.33795
37.4126 0.34072
37.5658 0.34349
37.7244 0.34626
37.8819 0.34903
41.1065 0.351801
41.6805 0.354571
41.7091 0.357341
42.3063 0.360111
42.4183 0.362881
42.4997 0.365651
43.0679 0.368421
43.5348 0.371191
43.7574 0.373961
46.0517 0.376731
46.1164 0.379501
46.5839 0.382271
47.054 0.385042
47.1257 0.387812
47.8135 0.390582
47.8737 0.393352
48.2607 0.396122
48.6766 0.398892
48.8153 0.401662
51.3886 0.404432
51.4701 0.407202
51.6188 0.409972
51.8034 0.412742
52.4277 0.415512
53.625 0.418283
55.6373 0.421053
57.2944 0.423823
58.057 0.426593
58.1172 0.429363
58.922 0.432133
59.3709 0.434903
59.7587 0.437673
60.7331 0.440443
60.8097 0.443213
62.3664 0.445983
62.7361 0.448753
62.783 0.451524
63.24 0.454294
63.7317 0.457064
65.3164 0.459834
66.3856 0.462604
66.6123 0.465374
66.9816 0.468144
66.9953 0.470914
67.0692 0.473684
67.4449 0.476454
68.4671 0.479224
68.7669 0.481994
68.9758 0.484765
69.2514 0.487535
70.1347 0.490305
70.3331 0.493075
70.604 0.495845
70.6543 0.498615
70.8039 0.501385
71.3014 0.504155
72.8495 0.506925
74.8619 0.509695
75.0413 0.512465
75.7644 0.515235
75.7725 0.518006
76.4991 0.520776
76.859 0.523546
76.8914 0.526316
77.6105 0.529086
78.4718 0.531856
78.5918 0.534626
78.6899 0.537396
80.0735 0.540166
80.4343 0.542936
80.8409 0.545706
80.8583 0.548476
80.8779 0.551247
80.8836 0.554017
80.9115 0.556787
81.6008 0.559557
83.6514 0.562327
84.701 0.565097
85.2198 0.567867
85.4758 0.570637
85.5351 0.573407
85.8757 0.576177
86.0308 0.578947
87.2451 0.581717
88.0506 0.584488
88.3856 0.587258
88.4292 0.590028
88.537 0.592798
89.2366 0.595568
89.3357 0.598338
89.6905 0.601108
90.0855 0.603878
90.1437 0.606648
90.215 0.609418
91.9163 0.612188
91.9807 0.614958
92.7728 0.617729
93.2322 0.620499
93.4 0.623269
93.6866 0.626039
93.8126 0.628809
93.8578 0.631579
94.3558 0.634349
94.5413 0.637119
94.8485 0.639889
95.1041 0.642659
95.6174 0.645429
95.655 0.648199
96.6459 0.65097
97.0312 0.65374
97.1384 0.65651
97.667 0.65928
97.7136 0.66205
97.8494 0.66482
97.9813 0.66759
98.1156 0.67036
98.754 0.67313
98.811 0.6759
98.9821 0.67867
99.2159 0.68144
99.2456 0.684211
100.724 0.686981
101.46 0.689751
102.746 0.692521
102.808 0.695291
103.361 0.698061
103.971 0.700831
104.069 0.703601
105.145 0.706371
105.253 0.709141
105.319 0.711911
105.334 0.714681
105.455 0.717452
106.27 0.720222
106.317 0.722992
106.999 0.725762
107.11 0.728532
108.397 0.731302
108.464 0.734072
108.773 0.736842
109.485 0.739612
109.56 0.742382
109.831 0.745152
109.984 0.747922
110.474 0.750693
110.715 0.753463
110.825 0.756233
110.975 0.759003
111.588 0.761773
113.389 0.764543
113.522 0.767313
114.194 0.770083
115.273 0.772853
115.541 0.775623
116.012 0.778393
116.238 0.781163
116.882 0.783934
116.907 0.786704
117.318 0.789474
117.997 0.792244
118.352 0.795014
119.634 0.797784
120.084 0.800554
120.523 0.803324
120.963 0.806094
122.393 0.808864
123.022 0.811634
123.25 0.814404
123.281 0.817175
123.989 0.819945
124.142 0.822715
124.718 0.825485
125.27 0.828255
127.133 0.831025
127.252 0.833795
128.928 0.836565
129.544 0.839335
129.666 0.842105
129.724 0.844875
130.542 0.847645
131.099 0.850416
132.12 0.853186
132.29 0.855956
133 0.858726
133.956 0.861496
134.093 0.864266
135.965 0.867036
136.425 0.869806
136.738 0.872576
137.863 0.875346
139.317 0.878116
141.18 0.880886
141.394 0.883657
141.971 0.886427
142.213 0.889197
142.616 0.891967
142.942 0.894737
143.385 0.897507
143.793 0.900277
144.193 0.903047
144.322 0.905817
144.599 0.908587
145.303 0.911357
145.552 0.914127
146.693 0.916898
147.202 0.919668
147.593 0.922438
147.704 0.925208
148.39 0.927978
150.376 0.930748
151.104 0.933518
151.46 0.936288
151.666 0.939058
152.021 0.941828
152.55 0.944598
157.116 0.947368
157.676 0.950139
157.888 0.952909
157.954 0.955679
159.017 0.958449
159.731 0.961219
160.352 0.963989
161.062 0.966759
161.537 0.969529
162.198 0.972299
162.307 0.975069
163.227 0.977839
163.871 0.980609
166.541 0.98338
173.272 0.98615
178.012 0.98892
182.227 0.99169
185.443 0.99446
195.051 0.99723
195.606 1
