 0.00277008
0.0765054 0.00554017
0.117983 0.00831025
0.160439 0.0110803
0.177396 0.0138504
0.44938 0.0166205
0.509613 0.0193906
0.547591 0.0221607
0.727309 0.0249307
0.77062 0.0277008
0.829098 0.0304709
0.943123 0.033241
1.03945 0.0360111
1.05188 0.0387812
1.12128 0.0415512
1.17626 0.0443213
1.23003 0.0470914
1.24672 0.0498615
1.24858 0.0526316
1.35531 0.0554017
1.35765 0.0581717
1.37451 0.0609418
1.59614 0.0637119
1.68516 0.066482
1.77169 0.0692521
1.80122 0.0720222
1.93539 0.0747922
1.97043 0.0775623
2.0657 0.0803324
2.07013 0.0831025
2.07377 0.0858726
2.12915 0.0886427
2.13312 0.0914127
2.21035 0.0941828
2.27305 0.0969529
2.39033 0.099723
2.48238 0.102493
2.51477 0.105263
2.55261 0.108033
2.59035 0.110803
2.62564 0.113573
2.66045 0.116343
2.68458 0.119114
2.78132 0.121884
2.98002 0.124654
2.99102 0.127424
3.09977 0.130194
3.21671 0.132964
3.48422 0.135734
3.56534 0.138504
3.73812 0.141274
3.79318 0.144044
3.84735 0.146814
3.86161 0.149584
3.89916 0.152355
4.00025 0.155125
4.07045 0.157895
4.10723 0.160665
4.13985 0.163435
4.26789 0.166205
4.30401 0.168975
4.31585 0.171745
4.40024 0.174515
4.40799 0.177285
4.40861 0.180055
4.46648 0.182825
4.66016 0.185596
4.83211 0.188366
4.86895 0.191136
5.02015 0.193906
5.06709 0.196676
5.0982 0.199446
5.2446 0.202216
5.24677 0.204986
5.29341 0.207756
5.39091 0.210526
5.5902 0.213296
5.59971 0.216066
5.82248 0.218837
6.00787 0.221607
6.13688 0.224377
6.15692 0.227147
6.21208 0.229917
6.21482 0.232687
6.23615 0.235457
6.26492 0.238227
6.41404 0.240997
6.43299 0.243767
6.61063 0.246537
6.63453 0.249307
6.8809 0.252078
7.00988 0.254848
7.06515 0.257618
7.23963 0.260388
7.24888 0.263158
7.38858 0.265928
7.83481 0.268698
7.86198 0.271468
7.87872 0.274238
8.01389 0.277008
8.12809 0.279778
8.36946 0.282548
8.62958 0.285319
8.72477 0.288089
8.73567 0.290859
8.89708 0.293629
9.03972 0.296399
9.20675 0.299169
9.22598 0.301939
9.41386 0.304709
9.52022 0.307479
9.52822 0.310249
9.56313 0.313019
9.6242 0.315789
9.80346 0.31856
9.8311 0.32133
9.87084 0.3241
10.0275 0.32687
10.2269 0.32964
10.3485 0.33241
10.3948 0.33518
10.7134 0.33795
10.7187 0.34072
11.1793 0.34349
11.4737 0.34626
11.533 0.34903
11.6788 0.351801
11.7702 0.354571
12.2907 0.357341
12.377 0.360111
12.9311 0.362881
13.0186 0.365651
13.033 0.368421
13.1939 0.371191
13.3704 0.373961
13.4783 0.376731
13.5753 0.379501
14.4958 0.382271
14.5526 0.385042
14.564 0.387812
14.6123 0.390582
14.7299 0.393352
15.0938 0.396122
15.3044 0.398892
15.6496 0.401662
15.6935 0.404432
15.7504 0.407202
15.7729 0.409972
15.9665 0.412742
16.1845 0.415512
16.2494 0.418283
16.3573 0.421053
16.3756 0.423823
16.5554 0.426593
16.6578 0.429363
16.7777 0.432133
16.8198 0.434903
16.9926 0.437673
16.9991 0.440443
17.006 0.443213
17.2434 0.445983
17.5354 0.448753
18.1504 0.451524
18.3754 0.454294
18.4543 0.457064
18.5661 0.459834
18.5735 0.462604
18.9193 0.465374
19.3147 0.468144
19.7806 0.470914
20.0207 0.473684
20.1539 0.476454
20.2128 0.479224
20.2378 0.481994
20.2619 0.484765
20.4822 0.487535
20.6907 0.490305
20.8557 0.493075
21.0718 0.495845
21.1021 0.498615
21.1244 0.501385
21.4068 0.504155
21.4966 0.506925
21.7764 0.509695
21.9749 0.512465
22.5935 0.515235
22.7085 0.518006
23.2286 0.520776
23.4547 0.523546
23.6347 0.526316
23.7065 0.529086
23.8623 0.531856
23.8864 0.534626
24.0317 0.537396
24.1 0.540166
24.1625 0.542936
24.3538 0.545706
24.4829 0.548476
24.6497 0.551247
24.6646 0.554017
25.0544 0.556787
25.066 0.559557
25.0821 0.562327
25.1458 0.565097
25.4196 0.567867
25.7752 0.570637
25.8146 0.573407
25.8297 0.576177
26.457 0.578947
26.6296 0.581717
27.4654 0.584488
27.8734 0.587258
27.8891 0.590028
27.9768 0.592798
28.1429 0.595568
28.345 0.598338
28.3898 0.601108
28.488 0.603878
28.4996 0.606648
28.826 0.609418
28.8381 0.612188
28.9897 0.614958
29.0597 0.617729
29.1177 0.620499
29.135 0.623269
29.6441 0.626039
29.7467 0.628809
29.9491 0.631579
30.3861 0.634349
30.5274 0.637119
30.5991 0.639889
31.1361 0.642659
31.1779 0.645429
31.4905 0.648199
31.5869 0.65097
31.7918 0.65374
32.3526 0.65651
33.1434 0.65928
33.1516 0.66205
33.3789 0.66482
33.6583 0.66759
33.9157 0.67036
33.9231 0.67313
34.099 0.6759
34.854 0.67867
34.9678 0.68144
34.9903 0.684211
35.0554 0.686981
36.0739 0.689751
36.1496 0.692521
36.3289 0.695291
36.5345 0.698061
36.6251 0.700831
36.9972 0.703601
37.819 0.706371
38.7329 0.709141
38.7817 0.711911
39.0509 0.714681
39.348 0.717452
39.4234 0.720222
40.5414 0.722992
40.714 0.725762
40.7495 0.728532
41.5261 0.731302
41.6204 0.734072
42.213 0.736842
42.622 0.739612
42.8276 0.742382
42.9974 0.745152
43.8558 0.747922
44.4704 0.750693
45.0832 0.753463
45.2242 0.756233
45.8707 0.759003
46.4667 0.761773
46.76 0.764543
47.9525 0.767313
48.2602 0.770083
48.5234 0.772853
49.4025 0.775623
49.4136 0.778393
50.153 0.781163
50.3684 0.783934
50.6752 0.786704
50.739 0.789474
51.0151 0.792244
51.1842 0.795014
51.7893 0.797784
53.6949 0.800554
54.5465 0.803324
55.5722 0.806094
55.9706 0.808864
56.0513 0.811634
57.5359 0.814404
57.6672 0.817175
58.2552 0.819945
59.4373 0.822715
60.6455 0.825485
64.3611 0.828255
64.5642 0.831025
64.8048 0.833795
65.5116 0.836565
65.7989 0.839335
66.336 0.842105
67.8386 0.844875
68.0576 0.847645
68.3322 0.850416
68.6653 0.853186
69.3479 0.855956
70.8046 0.858726
71.9758 0.861496
72.3001 0.864266
73.1716 0.867036
73.8018 0.869806
74.0534 0.872576
74.2242 0.875346
74.4346 0.878116
75.2435 0.880886
76.0341 0.883657
77.9138 0.886427
78.6805 0.889197
79.3405 0.891967
81.5386 0.894737
84.9335 0.897507
94.3986 0.900277
94.6069 0.903047
97.0996 0.905817
97.9425 0.908587
98.5942 0.911357
99.9059 0.914127
101.774 0.916898
104.064 0.919668
108.058 0.922438
108.15 0.925208
109.915 0.927978
110.114 0.930748
111.81 0.933518
113.716 0.936288
120.151 0.939058
120.784 0.941828
121.711 0.944598
133.865 0.947368
137.559 0.950139
143.068 0.952909
144.464 0.955679
145.172 0.958449
145.285 0.961219
147.888 0.963989
150.177 0.966759
150.384 0.969529
151.139 0.972299
151.365 0.975069
152.624 0.977839
159.662 0.980609
162.466 0.98338
162.622 0.98615
182.189 0.98892
197.983 0.99169
208.169 0.99446
222.04 0.99723
228.594 1
