.0017848322 0.00277008
.0020748509 0.00554017
.0020928318 0.00831025
.0024652802 0.0110803
.0028587914 0.0138504
.0051276262 0.0166205
.0051528894 0.0193906
.0070257485 0.0221607
.0080686070 0.0249307
.0082653616 0.0277008
.0083200992 0.0304709
.0084068189 0.033241
.0090457266 0.0360111
.0103799092 0.0387812
.0105575195 0.0415512
.0105943771 0.0443213
.0106216202 0.0470914
.0106908780 0.0498615
.0107030876 0.0526316
.0116450743 0.0554017
.0120263212 0.0581717
.0128482999 0.0609418
.0136535329 0.0637119
.0140961710 0.066482
.0152832592 0.0692521
.0161807540 0.0720222
.0165196543 0.0747922
.0167175329 0.0775623
.0173226048 0.0803324
.0176142374 0.0831025
.0176288941 0.0858726
.0191964328 0.0886427
.0207015930 0.0914127
.0222818607 0.0941828
.0223358211 0.0969529
.0223457040 0.099723
.0224647737 0.102493
.0244003953 0.105263
.0250825208 0.108033
.0255073700 0.110803
.0256700238 0.113573
.0256737864 0.116343
.0257607461 0.119114
.0258240558 0.121884
.0268979926 0.124654
.0269025063 0.127424
.0270677056 0.130194
.0273236041 0.132964
.0275024888 0.135734
.0275359524 0.138504
.0285968201 0.141274
.0288832732 0.144044
.0288950277 0.146814
.0289686104 0.149584
.0296967249 0.152355
.0300286873 0.155125
.0303462464 0.157895
.0307545984 0.160665
.0313467719 0.163435
.0317198351 0.166205
.0319369799 0.168975
.0322240595 0.171745
.0330512512 0.174515
.0337944837 0.177285
.0342318071 0.180055
.0343597950 0.182825
.0347275277 0.185596
.0348739237 0.188366
.0353120064 0.191136
.0374442468 0.193906
.0415135958 0.196676
.0420664005 0.199446
.0438994621 0.202216
.0446366376 0.204986
.0449508903 0.207756
.0498838706 0.210526
.0520653525 0.213296
.0564666526 0.216066
.0592780041 0.218837
.0597962151 0.221607
.0607017181 0.224377
.0613235473 0.227147
.0732308812 0.229917
.0735334627 0.232687
.0763771393 0.235457
.0773127440 0.238227
.0808347482 0.240997
.0810045134 0.243767
.0842029721 0.246537
.0867049741 0.249307
.0909109406 0.252078
.0911816097 0.254848
.0923618122 0.257618
.0947457150 0.260388
.0986685128 0.263158
.1066046484 0.265928
.1126473574 0.268698
.1129965196 0.271468
.1286004222 0.274238
.1317571380 0.277008
.1425410512 0.279778
.1486781158 0.282548
.1517098961 0.285319
.1545447346 0.288089
.1576080963 0.290859
.1699373558 0.293629
.1780451759 0.296399
.1848072323 0.299169
.1940213734 0.301939
.1942613434 0.304709
.2031701377 0.307479
.2040246171 0.310249
.2049009194 0.313019
.2075574299 0.315789
.2075949816 0.31856
.2142653252 0.32133
.2151850916 0.3241
.2169775829 0.32687
.2196607817 0.32964
.2242952221 0.33241
.2393846483 0.33518
.2513379314 0.33795
.2680691111 0.34072
.2760161338 0.34349
.2793030863 0.34626
.2797008345 0.34903
.2888505815 0.351801
.2908959320 0.354571
.2940230092 0.357341
.2951062526 0.360111
.2963177516 0.362881
.2963650336 0.365651
.2994412336 0.368421
.3005043484 0.371191
.3070562447 0.373961
.3071401906 0.376731
.3103907639 0.379501
.3105313690 0.382271
.3204852275 0.385042
.3233481968 0.387812
.3307151649 0.390582
.3326916992 0.393352
.3437106791 0.396122
.3480446790 0.398892
.3482115973 0.401662
.3566624680 0.404432
.3573519619 0.407202
.3589112780 0.409972
.3784830158 0.412742
.3803302692 0.415512
.3804216919 0.418283
.3835475077 0.421053
.3887955062 0.423823
.3900481187 0.426593
.3965739249 0.429363
.3975825233 0.432133
.3989189603 0.434903
.4036246542 0.437673
.4072654714 0.440443
.4149033866 0.443213
.4163407090 0.445983
.4190787154 0.448753
.4329442425 0.451524
.4443623413 0.454294
.4683988056 0.457064
.4724787466 0.459834
.4737469183 0.462604
.4923280303 0.465374
.5140526977 0.468144
.5233967853 0.470914
.5237979546 0.473684
.5247005968 0.476454
.5313154068 0.479224
.5320281959 0.481994
.5411939236 0.484765
.5535786546 0.487535
.5638045915 0.490305
.5748747385 0.493075
.5939885549 0.495845
.6236653080 0.498615
.6775293208 0.501385
.6789615926 0.504155
.7838289117 0.506925
1.0825639138 0.509695
1.2253125720 0.512465
1.4321410830 0.515235
1.4664734284 0.518006
1.6550928377 0.520776
2.8207537424 0.523546
4.6343304824 0.526316
7.7481485715 0.529086
8.3809866667 0.531856
8.4504228572 0.534626
9.7625866667 0.537396
9.9707085715 0.540166
10.0037028572 0.542936
10.0040800000 0.545706
10.1915085715 0.548476
10.7129245715 0.551247
11.0848133334 0.554017
11.3969074286 0.556787
11.6272133334 0.559557
11.6400970072 0.562327
11.6839912000 0.565097
11.8887840000 0.567867
11.8926133334 0.570637
12.1705600000 0.573407
12.3376804044 0.576177
12.3792310718 0.578947
12.5075400000 0.581717
12.7768786667 0.584488
12.9296666667 0.587258
12.9440346667 0.590028
13.0123626667 0.592798
13.6392086667 0.595568
13.8473920000 0.598338
13.8520800000 0.601108
14.2352960000 0.603878
14.6062400000 0.606648
14.7674106667 0.609418
14.7857344000 0.612188
15.1674200000 0.614958
15.2636448000 0.617729
15.2698240000 0.620499
15.2738192000 0.623269
15.4596192000 0.626039
15.4611200000 0.628809
15.5913456000 0.631579
15.6004144000 0.634349
16.3627542400 0.637119
16.6773333334 0.639889
16.9750400000 0.642659
17.0449600000 0.645429
17.7331400000 0.648199
17.8984800000 0.65097
18.6077500000 0.65374
18.9898450624 0.65651
19.0000780000 0.65928
19.2089600000 0.66205
19.3007780000 0.66482
19.3309160000 0.66759
19.3360820000 0.67036
19.3820840000 0.67313
19.4097866667 0.6759
19.4955080000 0.67867
19.6037020000 0.68144
19.6637000000 0.684211
19.7954160000 0.686981
20.4700893400 0.689751
22.0208533334 0.692521
22.1186040000 0.695291
22.1983466667 0.698061
22.6138400000 0.700831
23.0143600000 0.703601
23.6036533334 0.706371
23.8448896000 0.709141
23.8844464000 0.711911
23.8900208000 0.714681
24.9914800000 0.717452
25.1691680000 0.720222
25.3814053334 0.722992
25.5410026667 0.725762
25.6706986667 0.728532
25.7000640000 0.731302
25.8162640000 0.734072
25.9894693334 0.736842
26.0170346667 0.739612
26.2231520000 0.742382
26.2456080000 0.745152
26.3731120000 0.747922
26.4054640000 0.750693
26.4817253334 0.753463
26.4936960000 0.756233
26.7738586667 0.759003
27.2239565334 0.761773
27.2716690667 0.764543
27.2868568534 0.767313
27.2934119467 0.770083
29.1162000000 0.772853
29.6682140000 0.775623
29.7671040000 0.778393
29.8910700000 0.781163
30.2796800000 0.783934
31.1458000000 0.786704
31.5177600000 0.789474
33.1324800000 0.792244
33.6326000000 0.795014
35.1921200000 0.797784
35.2241200000 0.800554
37.5162000000 0.803324
37.9539200000 0.806094
37.9658400000 0.808864
38.1899240000 0.811634
38.2069880000 0.814404
38.2157520000 0.817175
38.3425640000 0.819945
38.8834640000 0.822715
38.9157120000 0.825485
39.2018720000 0.828255
39.2452640000 0.831025
39.4178666667 0.833795
39.4418960000 0.836565
39.4960600000 0.839335
39.5036080000 0.842105
39.6194080000 0.844875
39.6445600000 0.847645
39.6492800000 0.850416
39.7785400000 0.853186
39.8233160000 0.855956
40.1769480000 0.858726
40.2320280000 0.861496
40.2324240000 0.864266
40.3732000000 0.867036
40.4387120000 0.869806
40.9494685600 0.872576
44.1405600000 0.875346
44.5902400000 0.878116
46.3468400000 0.880886
47.2739616000 0.883657
50.0337600000 0.886427
53.6579628020 0.889197
56.4916000000 0.891967
57.7271200000 0.894737
58.0246400000 0.897507
58.2202400000 0.900277
58.9012560000 0.903047
59.3200920000 0.905817
59.3673720000 0.908587
60.5289120000 0.911357
60.5932040000 0.914127
60.6182000000 0.916898
63.6391200000 0.919668
66.1216000000 0.922438
66.3532000000 0.925208
70.0829600000 0.927978
72.5575200000 0.930748
75.4926000000 0.933518
76.1860880000 0.936288
76.2770320000 0.939058
76.4225920000 0.941828
77.6012880000 0.944598
78.2452560000 0.947368
78.2831440000 0.950139
78.7425680000 0.952909
79.0992080000 0.955679
79.4590320000 0.958449
79.5099040000 0.961219
80.2041360000 0.963989
80.8016480000 0.966759
81.0117520000 0.969529
81.0687280000 0.972299
81.2241400000 0.975069
81.8922588800 0.977839
81.9110421600 0.980609
111.4971200000 0.98338
117.3748080000 0.98615
118.7481120000 0.98892
119.8953440000 0.99169
121.0136720000 0.99446
122.8703115200 0.99723
122.8705207200 1
