.100 0.00277008
.400 0.00831025
.400 0.00831025
.500 0.0110803
.600 0.0138504
.700 0.0166205
1.000 0.0221607
1.000 0.0221607
1.400 0.0277008
1.400 0.0277008
2.000 0.0304709
2.100 0.033241
2.300 0.0360111
2.500 0.0387812
2.900 0.0415512
3.500 0.0443213
3.600 0.0498615
3.600 0.0498615
5.500 0.0554017
5.500 0.0554017
5.900 0.0581717
6.400 0.0609418
6.500 0.0637119
6.600 0.066482
7.500 0.0692521
7.900 0.0720222
8.100 0.0747922
9.100 0.0775623
9.200 0.0803324
9.600 0.0858726
9.600 0.0858726
9.800 0.0886427
9.900 0.0914127
10.300 0.0969529
10.300 0.0969529
10.600 0.099723
11.100 0.102493
11.400 0.105263
11.600 0.108033
11.900 0.110803
12.000 0.113573
12.200 0.116343
12.900 0.119114
13.000 0.121884
13.100 0.124654
13.300 0.127424
13.500 0.130194
13.700 0.132964
13.900 0.135734
14.000 0.141274
14.000 0.141274
14.200 0.144044
14.300 0.146814
14.700 0.149584
15.000 0.152355
15.300 0.155125
15.400 0.157895
15.500 0.160665
16.100 0.163435
16.200 0.166205
16.300 0.168975
17.000 0.171745
17.500 0.174515
18.300 0.177285
18.400 0.180055
18.500 0.182825
18.600 0.185596
18.800 0.188366
18.900 0.191136
19.000 0.193906
19.200 0.196676
19.700 0.199446
20.100 0.202216
20.300 0.207756
20.300 0.207756
20.700 0.210526
20.900 0.213296
21.200 0.216066
22.100 0.218837
22.600 0.221607
22.700 0.227147
22.700 0.227147
24.000 0.232687
24.000 0.232687
24.300 0.235457
24.600 0.238227
24.800 0.240997
25.100 0.243767
25.700 0.246537
26.900 0.249307
27.000 0.252078
27.400 0.254848
27.700 0.257618
28.300 0.260388
28.600 0.265928
28.600 0.265928
29.100 0.268698
29.300 0.271468
29.800 0.274238
29.900 0.277008
30.900 0.279778
31.800 0.282548
32.900 0.288089
32.900 0.288089
33.200 0.290859
33.800 0.293629
34.000 0.299169
34.000 0.299169
34.600 0.301939
34.900 0.304709
36.000 0.307479
36.200 0.310249
37.400 0.315789
37.400 0.315789
37.600 0.31856
38.800 0.3241
38.800 0.3241
40.200 0.32687
40.300 0.32964
40.400 0.33241
42.100 0.33518
42.200 0.33795
42.300 0.34072
42.500 0.34349
42.900 0.34626
43.500 0.34903
43.600 0.351801
43.900 0.357341
43.900 0.357341
45.200 0.360111
46.100 0.362881
46.200 0.365651
46.900 0.371191
46.900 0.371191
47.200 0.373961
48.400 0.376731
48.600 0.379501
49.000 0.382271
49.200 0.385042
49.500 0.387812
50.800 0.390582
51.400 0.393352
51.600 0.396122
52.200 0.398892
52.300 0.401662
54.300 0.404432
55.300 0.407202
57.900 0.409972
58.500 0.412742
58.800 0.415512
59.100 0.418283
59.900 0.421053
60.600 0.426593
60.600 0.426593
61.700 0.429363
62.900 0.434903
62.900 0.434903
63.300 0.437673
63.500 0.440443
65.000 0.443213
65.700 0.445983
66.400 0.448753
66.800 0.451524
67.600 0.454294
68.600 0.457064
68.800 0.459834
68.900 0.462604
69.700 0.465374
71.000 0.468144
71.500 0.470914
71.600 0.473684
71.900 0.476454
72.700 0.479224
73.300 0.481994
75.300 0.484765
75.600 0.487535
76.700 0.490305
76.900 0.493075
77.100 0.498615
77.100 0.498615
77.200 0.501385
77.500 0.504155
78.300 0.506925
80.900 0.509695
81.500 0.512465
81.600 0.515235
81.900 0.518006
82.100 0.520776
82.500 0.523546
84.000 0.526316
84.800 0.529086
86.200 0.531856
86.300 0.534626
86.700 0.537396
87.100 0.540166
87.200 0.545706
87.200 0.545706
88.300 0.548476
88.600 0.551247
89.000 0.554017
89.100 0.556787
90.600 0.559557
91.500 0.562327
91.800 0.565097
92.100 0.567867
92.200 0.573407
92.200 0.573407
92.500 0.576177
93.400 0.578947
93.600 0.581717
93.800 0.584488
94.000 0.587258
94.200 0.590028
94.400 0.592798
94.700 0.595568
95.100 0.598338
95.300 0.601108
95.700 0.603878
96.400 0.606648
97.000 0.609418
97.700 0.612188
98.200 0.614958
98.500 0.617729
98.600 0.620499
99.100 0.623269
99.200 0.626039
99.400 0.628809
99.500 0.631579
101.000 0.634349
101.400 0.637119
101.600 0.639889
101.900 0.645429
101.900 0.645429
102.200 0.648199
102.300 0.65097
102.700 0.65374
103.200 0.65651
103.500 0.66205
103.500 0.66205
104.000 0.66482
104.300 0.66759
104.700 0.67036
104.800 0.67313
105.500 0.6759
105.600 0.67867
105.900 0.68144
106.500 0.684211
107.600 0.689751
107.600 0.689751
108.700 0.692521
108.800 0.695291
109.300 0.698061
109.400 0.700831
110.800 0.703601
110.900 0.706371
111.700 0.709141
112.400 0.711911
112.900 0.714681
113.100 0.720222
113.100 0.720222
114.100 0.722992
114.200 0.728532
114.200 0.728532
115.100 0.731302
115.200 0.734072
115.300 0.736842
115.500 0.739612
116.300 0.742382
116.600 0.745152
116.900 0.747922
117.100 0.750693
117.500 0.753463
117.800 0.756233
118.100 0.759003
119.100 0.761773
120.700 0.767313
120.700 0.767313
120.900 0.770083
121.200 0.772853
121.700 0.775623
121.800 0.778393
122.000 0.781163
122.900 0.783934
123.100 0.786704
123.200 0.789474
124.200 0.792244
124.400 0.795014
125.600 0.797784
125.900 0.800554
128.200 0.803324
128.500 0.806094
128.600 0.808864
128.900 0.811634
129.100 0.814404
129.700 0.817175
132.000 0.819945
132.100 0.822715
132.300 0.825485
132.500 0.828255
132.600 0.831025
132.800 0.833795
135.300 0.836565
135.400 0.839335
135.800 0.842105
136.000 0.844875
136.200 0.847645
138.000 0.850416
138.200 0.853186
138.400 0.855956
138.500 0.858726
139.600 0.861496
141.200 0.864266
141.600 0.867036
141.900 0.869806
143.400 0.872576
145.200 0.875346
145.300 0.878116
145.600 0.880886
146.200 0.883657
146.700 0.886427
147.200 0.889197
147.600 0.894737
147.600 0.894737
147.700 0.897507
148.500 0.900277
149.500 0.903047
150.800 0.905817
151.200 0.908587
152.500 0.911357
152.900 0.914127
153.500 0.916898
154.300 0.919668
155.000 0.922438
155.200 0.925208
155.500 0.927978
155.700 0.930748
156.800 0.933518
158.700 0.936288
159.000 0.939058
159.500 0.941828
159.900 0.944598
161.400 0.947368
162.200 0.950139
162.600 0.952909
164.000 0.955679
164.100 0.958449
164.500 0.961219
164.800 0.963989
165.000 0.966759
166.400 0.969529
166.700 0.972299
167.100 0.975069
168.700 0.977839
169.200 0.980609
173.100 0.98338
175.100 0.98615
178.000 0.98892
182.700 0.99169
185.500 0.99446
195.000 0.99723
195.600 1
