.0004806080 0.00277008
.0038164640 0.00554017
.0039504480 0.00831025
.0040850666 0.0110803
.0043805466 0.0138504
.0057822971 0.0166205
.0076148320 0.0193906
.0078105120 0.0221607
.0079144342 0.0249307
.0089578400 0.0277008
.0094792800 0.0304709
.0096443200 0.033241
.0096884800 0.0360111
.0097659200 0.0387812
.0099106600 0.0415512
.0099511000 0.0443213
.0105314400 0.0470914
.0108693866 0.0498615
.0112858133 0.0526316
.0117109200 0.0554017
.0117379428 0.0581717
.0118215733 0.0609418
.0119250285 0.0637119
.0125880533 0.066482
.0136035428 0.0692521
.0137676800 0.0720222
.0137913333 0.0747922
.0149221714 0.0775623
.0151722666 0.0803324
.0156844533 0.0831025
.0169516266 0.0858726
.0180088000 0.0886427
.0185479800 0.0914127
.0186769200 0.0941828
.0191431466 0.0969529
.0195459200 0.099723
.0196412800 0.102493
.0197585000 0.105263
.0199032800 0.108033
.0203434000 0.110803
.0211908571 0.113573
.0212457600 0.116343
.0217229333 0.119114
.0226521142 0.121884
.0238794400 0.124654
.0240541333 0.127424
.0240833142 0.130194
.0258708000 0.132964
.0259021714 0.135734
.0260208000 0.138504
.0268021333 0.141274
.0274188000 0.144044
.0275955428 0.146814
.0277168000 0.152355
.0277168000 0.152355
.0277411200 0.155125
.0278364000 0.157895
.0282908000 0.160665
.0286976000 0.163435
.0292288000 0.166205
.0297048000 0.168975
.0300012000 0.171745
.0307958000 0.174515
.0310098285 0.177285
.0310152000 0.180055
.0311414666 0.182825
.0321893333 0.185596
.0324340800 0.188366
.0324925714 0.191136
.0326798857 0.193906
.0331058285 0.196676
.0339619428 0.199446
.0342473333 0.202216
.0343309333 0.204986
.0347482666 0.207756
.0350944000 0.210526
.0353944800 0.213296
.0355724571 0.216066
.0361544000 0.218837
.0362828000 0.221607
.0365614666 0.224377
.0368904000 0.227147
.0382881600 0.229917
.0408298000 0.232687
.0415133333 0.235457
.0442278400 0.238227
.0469036000 0.240997
.0470140000 0.243767
.0486651200 0.246537
.0528060000 0.249307
.0555896000 0.252078
.0585273600 0.254848
.0600458285 0.257618
.0622678857 0.260388
.0627481333 0.263158
.0699557333 0.265928
.0711176000 0.268698
.0743469714 0.271468
.0746875428 0.274238
.0771512000 0.277008
.0777972000 0.279778
.0778633142 0.282548
.0820434666 0.285319
.0838352000 0.288089
.0861237714 0.290859
.0887385333 0.293629
.0925453333 0.296399
.0933458666 0.299169
.0942782000 0.301939
.0986933333 0.304709
.1006226000 0.307479
.1079891200 0.310249
.1138220000 0.313019
.1145403200 0.315789
.1183884000 0.31856
.1298480000 0.32133
.1336818000 0.3241
.1441154000 0.32687
.1495462400 0.32964
.1569276800 0.33241
.1600080000 0.33518
.1728416000 0.33795
.1804173333 0.34072
.1869840000 0.34349
.1970986666 0.34626
.1975117333 0.34903
.2069200000 0.351801
.2076344000 0.354571
.2088354285 0.357341
.2093337142 0.360111
.2172853333 0.362881
.2192333333 0.365651
.2224592000 0.368421
.2264440000 0.371191
.2407786666 0.373961
.2523906666 0.376731
.2706120000 0.379501
.2780240000 0.382271
.2817780000 0.385042
.2904368000 0.387812
.2929337142 0.390582
.2954754285 0.393352
.2979142857 0.396122
.3009280000 0.398892
.3012248000 0.401662
.3021712000 0.404432
.3050925714 0.407202
.3077600000 0.409972
.3124956000 0.412742
.3127088000 0.415512
.3220685714 0.418283
.3252826666 0.421053
.3288280000 0.423823
.3321200000 0.426593
.3365360000 0.429363
.3456000000 0.432133
.3497417142 0.434903
.3585600000 0.437673
.3607880000 0.440443
.3827712000 0.443213
.3841253333 0.445983
.3858192000 0.448753
.3915920000 0.451524
.3996306666 0.454294
.4017840000 0.457064
.4124056000 0.459834
.4126016000 0.462604
.4184140000 0.465374
.4188224000 0.468144
.4192080000 0.470914
.4208576000 0.473684
.4222253333 0.476454
.4464080000 0.479224
.4494106666 0.481994
.4672182857 0.484765
.4746928000 0.487535
.4764171428 0.490305
.4930608000 0.493075
.5089660000 0.495845
.5173154285 0.498615
.5175264000 0.501385
.5212880000 0.504155
.5236068571 0.506925
.5250742857 0.509695
.5282493333 0.512465
.5292400000 0.515235
.5321413333 0.518006
.5358560000 0.520776
.5375906666 0.523546
.5432880000 0.526316
.5539660000 0.529086
.5793552000 0.531856
.5868000000 0.534626
.5965133333 0.537396
.6004693333 0.540166
.6019885714 0.542936
.6042460000 0.545706
.6043897142 0.548476
.6057040000 0.551247
.6135154285 0.554017
.6224600000 0.556787
.6259560000 0.559557
.6349506666 0.562327
.6406373333 0.565097
.6419500000 0.567867
.6845840000 0.570637
.6850000000 0.573407
.6859792000 0.576177
.6915536000 0.578947
.6923200000 0.581717
.6958600000 0.584488
.7233333333 0.587258
.7260384000 0.590028
.7275760000 0.592798
.7279720000 0.595568
.7311104000 0.598338
.7387600000 0.601108
.7599568000 0.603878
.7830520000 0.606648
.7835856000 0.609418
.7926544000 0.612188
.7928680000 0.614958
.8123040000 0.617729
.8163000000 0.620499
.8218000000 0.623269
.8242746666 0.626039
.8289300000 0.628809
.8467960000 0.631579
.8512720000 0.634349
.8761213333 0.637119
.8762980000 0.639889
.9005360000 0.642659
.9082480000 0.645429
.9096253333 0.648199
.9110880000 0.65097
.9228800000 0.65374
.9243808000 0.65651
.9328880000 0.65928
.9528960000 0.66205
.9844920000 0.66482
.9890754285 0.66759
1.0517860000 0.67036
1.0603920000 0.67313
1.0828480000 0.6759
1.0845120000 0.67867
1.0979160000 0.68144
1.1101808000 0.684211
1.1141760000 0.686981
1.1183520000 0.689751
1.1203552000 0.692521
1.1366840000 0.695291
1.1439180000 0.698061
1.1490840000 0.700831
1.1792220000 0.703601
1.1814600000 0.706371
1.2325893333 0.709141
1.2710400000 0.711911
1.2889653333 0.714681
1.3107200000 0.717452
1.3154400000 0.720222
1.3165306666 0.722992
1.3405920000 0.725762
1.4563920000 0.728532
1.4639400000 0.731302
1.4799220000 0.734072
1.4824400000 0.736842
1.4897360000 0.739612
1.5104914285 0.742382
1.5181040000 0.745152
1.5421333333 0.747922
1.5982656000 0.750693
1.6059360000 0.753463
1.6353013333 0.756233
1.6531600000 0.759003
1.6982971428 0.761773
1.7147360000 0.764543
1.7158640000 0.767313
1.7312914285 0.770083
1.7581280000 0.772853
1.7603866666 0.775623
1.7649973333 0.778393
1.8663280000 0.781163
1.8722500000 0.783934
1.8813960000 0.786704
1.9245946666 0.789474
2.0257866666 0.792244
2.0442880000 0.795014
2.0726280000 0.797784
2.0765360000 0.800554
2.1199080000 0.803324
2.1368320000 0.806094
2.1487040000 0.808864
2.4100960000 0.811634
2.4609680000 0.814404
2.5319200000 0.817175
2.5366080000 0.819945
2.5387440000 0.822715
2.5681866666 0.825485
2.6174360000 0.828255
2.7442480000 0.831025
2.7468600000 0.833795
2.7530120000 0.836565
2.7700760000 0.839335
2.8207920000 0.842105
2.9846560000 0.844875
2.9941600000 0.847645
3.0060800000 0.850416
3.1774320000 0.853186
3.2197600000 0.855956
3.2515771428 0.858726
3.4350400000 0.861496
3.4438000000 0.864266
3.5049600000 0.867036
3.6368560000 0.869806
3.6747440000 0.872576
3.7023466666 0.875346
3.8594400000 0.878116
3.8904133333 0.880886
3.9538514285 0.883657
4.1318880000 0.886427
4.3187120000 0.889197
4.4952160000 0.891967
4.6921600000 0.894737
5.1076533333 0.897507
5.2720133333 0.900277
5.2851466666 0.903047
5.3125800000 0.905817
5.4974080000 0.908587
5.5051920000 0.911357
5.6429680000 0.914127
5.6819200000 0.916898
5.7339120000 0.919668
5.7358800000 0.922438
5.7678800000 0.925208
5.8737600000 0.927978
6.3799200000 0.930748
6.4274000000 0.933518
7.3274000000 0.936288
7.8275200000 0.939058
7.8962133333 0.941828
7.9724600000 0.944598
9.3624800000 0.947368
9.4075200000 0.950139
9.8142000000 0.952909
10.6286666666 0.955679
10.6803200000 0.958449
11.3828800000 0.961219
11.8370400000 0.963989
11.8438000000 0.966759
15.5668000000 0.969529
15.7984000000 0.972299
15.9685200000 0.975069
17.9456400000 0.977839
18.2808800000 0.980609
23.8953600000 0.98338
24.1928800000 0.98615
25.4284000000 0.98892
31.8862400000 0.99169
37.3297600000 0.99446
50.4022400000 0.99723
100 1
