0 0.00277008
4.750 0.00554017
11.57888 0.00831025
13.938 0.0110803
14.575 0.0138504
14.775 0.0166205
16.713 0.0193906
16.82838 0.0221607
19.850 0.0249307
24.5775 0.0277008
31.050 0.0304709
31.675 0.033241
40.29975 0.0360111
47.72475 0.0387812
64.625 0.0415512
65.575 0.0443213
66.188 0.0470914
70.2883 0.0498615
73.4775 0.0526316
74.812 0.0554017
81.575 0.0581717
85.725 0.0609418
91.4563 0.0637119
92.4225 0.066482
92.425 0.0692521
96.225 0.0720222
103.950 0.0747922
111.2058 0.0775623
113.0763 0.0803324
114.150 0.0831025
115.600 0.0858726
116.7863 0.0886427
120.7758 0.0914127
128.475 0.0941828
146.475 0.0969529
149.7225 0.099723
150.4850 0.102493
155.6850 0.105263
158.113 0.108033
162.1433 0.110803
165.4725 0.113573
170.0388 0.116343
172.7775 0.119114
175.9808 0.121884
179.300 0.124654
182.4988 0.127424
184.2488 0.130194
186.3313 0.132964
191.7525 0.135734
195.563 0.138504
199.8858 0.141274
203.400 0.144044
206.475 0.146814
208.9275 0.149584
217.0238 0.152355
218.5133 0.155125
218.7863 0.157895
221.000 0.160665
228.900 0.163435
237.312 0.166205
242.100 0.168975
248.938 0.171745
256.450 0.174515
257.313 0.177285
263.750 0.180055
263.850 0.182825
275.238 0.185596
277.7313 0.188366
279.375 0.191136
295.7025 0.193906
298.4188 0.196676
315.6350 0.199446
322.2350 0.202216
328.875 0.204986
329.350 0.207756
329.5808 0.210526
335.813 0.213296
344.4258 0.216066
345.8888 0.218837
353.5150 0.221607
354.1850 0.224377
355.2758 0.227147
359.0737 0.229917
361.475 0.232687
366.975 0.235457
367.0363 0.238227
368.1350 0.240997
372.2850 0.243767
376.6350 0.246537
377.5188 0.249307
378.5175 0.252078
388.412 0.254848
391.3608 0.257618
406.725 0.260388
409.950 0.263158
424.6638 0.265928
427.9012 0.268698
432.0488 0.271468
456.700 0.274238
458.063 0.277008
462.600 0.279778
469.437 0.282548
488.213 0.285319
488.7863 0.288089
491.300 0.290859
492.550 0.293629
493.312 0.296399
498.7275 0.299169
518.0775 0.301939
519.4650 0.304709
520.275 0.307479
528.0888 0.310249
543.6108 0.313019
548.9558 0.315789
552.150 0.31856
556.2525 0.32133
560.1137 0.3241
564.200 0.32687
575.1850 0.32964
595.913 0.33241
611.8725 0.33518
623.5183 0.33795
630.8313 0.34072
634.6075 0.34349
657.3108 0.34626
661.6488 0.34903
666.5438 0.351801
672.1275 0.354571
678.8738 0.357341
682.5183 0.360111
688.3888 0.362881
704.0138 0.365651
704.112 0.368421
705.7488 0.371191
709.7163 0.373961
718.050 0.376731
727.8825 0.379501
732.688 0.382271
752.9350 0.385042
761.813 0.387812
780.3325 0.390582
790.600 0.393352
817.2225 0.396122
822.1238 0.398892
828.300 0.401662
833.400 0.404432
835.1258 0.407202
837.0188 0.409972
840.0675 0.412742
843.150 0.415512
855.850 0.418283
859.5738 0.421053
859.6575 0.423823
866.6058 0.426593
867.0525 0.429363
883.250 0.432133
884.9650 0.434903
905.0513 0.437673
914.4563 0.440443
923.3175 0.443213
932.500 0.445983
933.938 0.448753
971.6888 0.451524
978.675 0.454294
981.400 0.457064
982.8313 0.459834
984.2075 0.462604
991.875 0.465374
1013.6150 0.468144
1024.388 0.470914
1027.8525 0.473684
1032.750 0.476454
1038.200 0.479224
1044.200 0.481994
1065.9188 0.484765
1082.3338 0.487535
1082.3350 0.490305
1082.6358 0.493075
1099.7608 0.495845
1130.950 0.498615
1131.5825 0.501385
1157.100 0.504155
1159.4575 0.506925
1184.9558 0.509695
1186.2650 0.512465
1194.0075 0.515235
1210.7650 0.518006
1230.4925 0.520776
1244.2983 0.523546
1252.425 0.526316
1272.475 0.529086
1282.463 0.531856
1293.8775 0.534626
1300.0488 0.537396
1319.5825 0.540166
1336.3938 0.542936
1337.600 0.545706
1338.0263 0.548476
1338.5138 0.551247
1341.9488 0.554017
1349.3313 0.556787
1373.7075 0.559557
1377.5775 0.562327
1380.575 0.565097
1383.375 0.567867
1388.9350 0.570637
1419.600 0.573407
1422.225 0.576177
1423.550 0.578947
1427.013 0.581717
1431.063 0.584488
1431.2063 0.587258
1434.938 0.590028
1447.2650 0.592798
1468.5175 0.595568
1479.687 0.598338
1483.9388 0.601108
1485.6325 0.603878
1488.6688 0.606648
1490.300 0.609418
1492.2488 0.612188
1497.838 0.614958
1499.700 0.617729
1502.850 0.620499
1513.3613 0.623269
1522.3425 0.626039
1523.6675 0.628809
1524.4925 0.631579
1525.4138 0.634349
1529.400 0.637119
1531.6850 0.639889
1532.7988 0.642659
1547.350 0.645429
1548.313 0.648199
1550.5813 0.65097
1550.8850 0.65374
1553.475 0.65651
1556.3363 0.65928
1556.650 0.66205
1562.5725 0.66482
1566.3938 0.66759
1569.0188 0.67036
1571.413 0.67313
1572.3563 0.6759
1577.475 0.67867
1578.2650 0.68144
1580.5238 0.684211
1584.850 0.686981
1592.5650 0.689751
1614.875 0.692521
1615.575 0.695291
1621.0388 0.698061
1625.688 0.700831
1629.4013 0.703601
1630.7025 0.706371
1632.9558 0.709141
1637.175 0.711911
1638.2688 0.714681
1638.4675 0.717452
1644.3113 0.720222
1645.350 0.722992
1652.0575 0.725762
1653.663 0.728532
1657.0138 0.731302
1660.125 0.734072
1661.8988 0.736842
1686.8175 0.739612
1688.725 0.742382
1694.150 0.745152
1695.5475 0.747922
1703.225 0.750693
1726.3650 0.753463
1728.7325 0.756233
1730.400 0.759003
1731.225 0.761773
1749.875 0.764543
1751.063 0.767313
1751.2388 0.770083
1751.8933 0.772853
1752.425 0.775623
1765.2150 0.778393
1770.400 0.781163
1771.8925 0.783934
1779.5650 0.786704
1780.100 0.789474
1781.6150 0.792244
1782.8563 0.795014
1783.4575 0.797784
1783.9613 0.800554
1790.025 0.803324
1798.5225 0.806094
1800.563 0.808864
1802.325 0.811634
1810.1688 0.814404
1820.100 0.817175
1821.275 0.819945
1824.6150 0.822715
1827.250 0.825485
1829.7113 0.828255
1831.750 0.831025
1831.988 0.833795
1835.9925 0.836565
1849.3275 0.839335
1855.7838 0.842105
1860.5788 0.844875
1864.3675 0.847645
1867.4138 0.850416
1868.438 0.853186
1875.950 0.855956
1880.9850 0.858726
1885.9088 0.861496
1888.500 0.864266
1890.4463 0.867036
1893.6488 0.869806
1896.9575 0.872576
1900.5913 0.875346
1902.588 0.878116
1908.3788 0.880886
1910.625 0.883657
1911.863 0.886427
1912.9538 0.889197
1919.0425 0.891967
1922.1838 0.894737
1922.638 0.897507
1929.075 0.900277
1947.113 0.903047
1955.6575 0.905817
1967.275 0.908587
1985.4575 0.911357
1996.125 0.914127
2030.938 0.916898
2032.875 0.919668
2100.600 0.922438
2171.838 0.925208
2206.575 0.927978
2209.575 0.930748
2262.9225 0.933518
2277.475 0.936288
2316.250 0.939058
2329.875 0.941828
2406.563 0.944598
2445.6675 0.947368
2467.0813 0.950139
2469.7325 0.952909
2520.425 0.955679
2522.7150 0.958449
2525.288 0.961219
2543.600 0.963989
2566.0650 0.966759
2569.013 0.969529
2592.200 0.972299
2602.238 0.975069
2649.8738 0.977839
2654.6075 0.980609
2747.6363 0.98338
2761.5263 0.98615
2804.6675 0.98892
2805.9263 0.99169
2827.150 0.99446
2863.450 0.99723
2880.750 1
