1 -2321.29
2 .100
3 .400
4 .400
5 .600
6 .600
7 .700
8 1.000
9 1.000
10 1.400
11 1.400
12 2.000
13 2.400
14 2.400
15 2.500
16 2.900
17 3.600
18 3.700
19 3.700
20 5.500
21 5.500
22 6.000
23 6.400
24 6.700
25 6.800
26 7.400
27 7.900
28 8.200
29 9.300
30 9.300
31 9.600
32 9.800
33 9.900
34 10.100
35 10.300
36 10.600
37 10.600
38 11.400
39 11.500
40 11.800
41 11.900
42 12.000
43 12.200
44 13.000
45 13.000
46 13.300
47 13.300
48 13.500
49 13.700
50 13.900
51 14.000
52 14.000
53 14.300
54 14.400
55 14.900
56 15.200
57 15.300
58 15.400
59 15.500
60 16.200
61 16.300
62 16.400
63 17.100
64 17.500
65 18.500
66 18.500
67 18.600
68 18.800
69 18.800
70 18.900
71 19.000
72 19.400
73 19.800
74 20.200
75 20.300
76 20.300
77 20.700
78 21.000
79 21.400
80 22.100
81 22.600
82 22.800
83 22.800
84 24.100
85 24.200
86 24.500
87 24.700
88 24.800
89 25.200
90 25.700
91 27.100
92 27.100
93 27.500
94 27.700
95 28.300
96 28.700
97 28.800
98 29.300
99 29.600
100 30.100
101 30.100
102 31.000
103 32.000
104 32.900
105 33.000
106 33.400
107 33.900
108 34.100
109 34.200
110 34.600
111 34.900
112 36.200
113 36.200
114 37.400
115 37.600
116 37.600
117 38.800
118 39.000
119 40.300
120 40.300
121 40.400
122 42.300
123 42.300
124 42.400
125 42.800
126 42.900
127 43.500
128 43.600
129 44.000
130 44.000
131 45.200
132 46.200
133 46.200
134 46.900
135 47.100
136 47.300
137 48.500
138 48.800
139 49.200
140 49.200
141 49.500
142 51.000
143 51.400
144 51.800
145 52.400
146 52.400
147 54.300
148 55.500
149 58.100
150 59.000
151 59.000
152 59.400
153 60.100
154 60.600
155 60.900
156 61.800
157 62.900
158 63.200
159 63.400
160 63.500
161 65.000
162 65.900
163 66.600
164 66.800
165 68.000
166 68.600
167 68.800
168 68.900
169 69.700
170 71.200
171 71.500
172 71.600
173 71.900
174 72.700
175 73.300
176 75.300
177 75.900
178 76.900
179 77.000
180 77.100
181 77.100
182 77.200
183 77.500
184 78.300
185 81.000
186 81.800
187 81.900
188 81.900
189 82.200
190 82.500
191 84.000
192 84.900
193 86.200
194 86.300
195 86.700
196 87.200
197 87.200
198 87.300
199 88.800
200 88.800
201 89.000
202 89.100
203 90.600
204 91.500
205 91.800
206 92.100
207 92.300
208 92.600
209 93.400
210 93.600
211 93.800
212 94.000
213 94.200
214 94.400
215 94.900
216 95.100
217 95.300
218 95.700
219 96.400
220 97.000
221 97.700
222 98.200
223 98.500
224 98.600
225 99.100
226 99.200
227 99.400
228 99.500
229 101.000
230 101.400
231 101.600
232 101.900
233 101.900
234 102.200
235 102.300
236 102.700
237 103.400
238 103.500
239 103.800
240 104.000
241 104.300
242 104.700
243 104.800
244 105.500
245 105.600
246 105.900
247 106.500
248 107.600
249 107.800
250 108.800
251 109.300
252 109.300
253 109.500
254 110.800
255 110.900
256 111.700
257 112.400
258 112.900
259 113.100
260 113.100
261 114.100
262 114.200
263 114.200
264 115.100
265 115.200
266 115.300
267 115.500
268 116.300
269 116.600
270 117.100
271 117.300
272 117.500
273 117.800
274 118.200
275 119.100
276 120.700
277 120.900
278 121.000
279 121.200
280 121.700
281 122.000
282 122.000
283 122.900
284 123.100
285 123.200
286 124.400
287 124.400
288 125.600
289 125.900
290 128.200
291 128.500
292 128.600
293 128.900
294 129.100
295 129.700
296 132.000
297 132.300
298 132.500
299 132.500
300 132.600
301 132.800
302 135.300
303 135.600
304 135.800
305 136.000
306 136.200
307 138.000
308 138.200
309 138.400
310 138.500
311 139.600
312 141.200
313 141.600
314 141.900
315 143.400
316 145.200
317 145.300
318 145.600
319 146.200
320 146.700
321 147.200
322 147.600
323 147.600
324 147.700
325 148.500
326 149.500
327 150.800
328 151.200
329 152.500
330 153.400
331 153.500
332 154.300
333 155.000
334 155.200
335 155.500
336 155.700
337 156.800
338 158.700
339 159.000
340 159.500
341 159.900
342 161.400
343 162.200
344 162.600
345 164.000
346 164.100
347 164.500
348 164.800
349 165.000
350 166.400
351 166.700
352 167.100
353 168.700
354 169.200
355 173.100
356 175.100
357 178.000
358 182.700
359 185.500
360 195.000
361 195.600
