 102 108.102 105.267 2.835 2.600
 206 47.128 46.039 1.089 2.300
 308 28.9287 29.463 .5343 1.800
 413 21.856 21.667 .189 .800
 518 17.4393 17.137 .3023 1.700
 619 14.504 14.171 .333 2.200
 720 12.347 12.064 .283 2.200
 102 259.28 2899069.665 2898810.385 1118023.100
 206 126.05 28990.136 28864.086 22898.900
 308 86.7163 8032.196 7945.4797 9162.600
 413 62.4683 1328.312 1265.8437 2026.300
 518 49.5073 485.752 436.2447 881.100
 619 41.958 128.188 86.230 205.500
 720 36.0627 55.373 19.3103 53.500
 102 175.43 1975359250.513 1975359075.083 1126009847.200
 206 122.194 1428794.163 1428671.969 1169183.400
 308 81.276 362.459 281.183 345.900
 413 61.4057 68.956 7.5503 12.200
 518 48.1167 37.486 10.6307 22.000
 619 40.4953 25.708 14.7873 36.500
 720 35.1177 19.565 15.5527 44.200
 102 250.882 517865.635 517614.753 206318.000
 206 135.88 18598.051 18462.171 13587.100
 308 92.668 8299.331 8206.663 8855.900
 413 66.78 1778.831 1712.051 2563.700
 518 50.7393 1015.644 964.9047 1901.600
 619 42.495 368.439 325.944 767.000
 720 36.4573 219.646 183.1887 502.400
 102 147.845 4779.786 4631.941 3132.900
 206 66.8337 85.852 19.0183 28.400
 308 42.774 41.860 .914 2.100
 413 32.23 27.709 4.521 14.000
 518 24.5423 20.709 3.8333 15.600
 619 19.8797 16.520 3.3597 16.900
 720 16.0757 13.749 2.3267 14.400
 102 248.642 1538135.080 1537886.438 618514.300
 206 119.981 169.943 49.962 41.600
 308 61.4777 55.267 6.2107 10.100
 413 43.0017 32.972 10.0297 23.300
 518 33.232 23.494 9.738 29.300
 619 24.3617 18.267 6.0947 25.000
 720 17.231 14.920 2.311 13.400
 102 127.228 208.404 81.176 63.800
 206 54.198 58.736 4.538 8.300
 308 35.2197 34.214 1.0057 2.800
 413 25.28 24.104 1.176 4.600
 518 20.5937 18.628 1.9657 9.500
 619 16.5463 15.182 1.3643 8.200
 720 14.465 12.801 1.664 11.500
 102 247.056 12862597612.748 12862597365.692 5206348911.000
 206 120.586 1923.973 1803.387 1495.500
 308 70.526 88.061 17.535 24.800
 413 46.344 42.475 3.869 8.300
 518 34.2357 27.951 6.2847 18.300
 619 26.539 20.834 5.705 21.400
 720 21.76 16.616 5.144 23.600
 102 114.224 241.582 127.358 111.400
 206 50.8163 61.112 10.2957 20.200
 308 32.8113 35.006 2.1947 6.600
 413 24.6153 24.514 .1013 .400
 518 18.8067 18.874 .0673 .300
 619 15.8553 15.332 .5233 3.300
 720 13.7807 12.907 .8737 6.300
 102 175.407 207401.697 207226.290 118140.200
 206 68.1993 108.912 40.7127 59.600
 308 42.3917 46.747 4.3553 10.200
 413 31.263 29.757 1.506 4.800
 518 24.568 21.807 2.761 11.200
 619 20.2783 17.230 3.0483 15.000
 720 17.5813 14.229 3.3523 19.000
 102 246.935 339388938.240 339388691.305 137440497.000
 206 125.462 13262197.268 13262071.806 10570588.500
 308 81.6223 46411.243 46329.6207 56760.900
 413 61.099 392.028 330.929 541.600
 518 49.1773 73.383 24.2057 49.200
 619 39.8147 38.774 1.0407 2.600
 720 33.604 26.294 7.310 21.700
 102 255.88 435824782775.336 435824782519.456 170323894997.400
 206 128.049 242028495.667 242028367.618 189012305.900
 308 86.3823 3243419.049 3243332.6667 3754626.400
 413 64.6147 162585.722 162521.1073 251523.400
 518 51.2947 17211.572 17160.2773 33454.200
 619 41.787 3006.349 2964.562 7094.400
 720 36.0297 763.965 727.9353 2020.300
 102 140.108 829.767 689.659 492.200
 206 55.7787 74.874 19.0953 34.200
 308 35.32 39.102 3.782 10.700
 413 25.3887 26.439 1.0503 4.100
 518 20.5493 20.004 .5453 2.600
 619 16.591 16.069 .522 3.100
 720 14.3397 13.433 .9067 6.300
 102 247.641 16011.919 15764.278 6365.700
 206 122.352 287.948 165.596 135.300
 308 81.895 64.851 17.044 20.800
 413 60.3893 36.167 24.2223 40.100
 518 45.05 25.083 19.967 44.300
 619 35.4507 19.196 16.2547 45.800
 720 29.3827 15.551 13.8317 47.000
 102 249.81 34580.398 34330.588 13742.600
 206 124.495 2999.541 2875.046 2309.300
 308 81.8787 161.105 79.2263 96.700
 413 62.1517 55.193 6.9587 11.100
 518 49.4643 32.964 16.5003 33.300
 619 40.7737 23.496 17.2777 42.300
 720 35.0133 18.255 16.7583 47.800
 102 246.999 10659.594 10412.595 4215.600
 206 123.518 172.851 49.333 39.900
 308 82.111 55.595 26.516 32.200
 413 56.2353 33.136 23.0993 41.000
 518 41.7197 23.560 18.1597 43.500
 619 32.579 18.295 14.284 43.800
 720 26.9073 14.955 11.9523 44.400
 102 226.619 62369970.749 62369744.130 27521851.200
 206 108.258 187.883 79.625 73.500
 308 71.07 56.987 14.083 19.800
 413 52.505 33.628 18.877 35.900
 518 41.6317 23.805 17.8267 42.800
 619 34.541 18.445 16.096 46.500
 720 29.731 15.060 14.671 49.300
 102 252.515 14003335210.762 14003334958.247 5545545792.600
 206 124.441 12090677.452 12090553.011 9715891.800
 308 84.945 159438.587 159353.642 187596.200
 413 63.1537 4660.961 4597.8073 7280.300
 518 50.1903 458.260 408.0697 813.000
 619 41.5333 115.627 74.0937 178.300
 720 35.281 52.822 17.541 49.700
 102 166.666 344.145 177.479 106.400
 206 79.2473 66.150 13.0973 16.500
 308 51.8303 36.590 15.2403 29.400
 413 38.622 25.272 13.350 34.500
 518 30.6023 19.316 11.2863 36.800
 619 25.4943 15.632 9.8623 38.600
 720 21.5857 13.117 8.4687 39.200
 102 250.799 133.611 117.188 46.700
 206 71.7897 51.240 20.5497 28.600
 308 38.4663 31.511 6.9553 18.000
 413 26.2457 22.753 3.4927 13.300
 518 20.001 17.793 2.208 11.000
 619 16.071 14.622 1.449 9.000
 720 13.4697 12.404 1.0657 7.900
 102 282.109 315.965 33.856 12.000
 206 125.176 75.284 49.892 39.800
 308 62.253 40.385 21.868 35.100
 413 35.945 27.054 8.891 24.700
 518 25.0693 20.316 4.7533 18.900
 619 19.3183 16.288 3.0303 15.600
 720 16.8547 13.574 3.2807 19.400
 102 191.531 23235957.964 23235766.433 12131595.600
 206 92.7693 165.806 73.0367 78.700
 308 60.5723 54.830 5.7423 9.400
 413 42.0947 32.808 9.2867 22.000
 518 31.776 23.429 8.347 26.200
 619 25.791 18.226 7.565 29.300
 720 22.136 14.896 7.240 32.700
 102 216.011 1780315065.630 1780314849.619 824177865.700
 206 124.434 1398406.512 1398282.078 1123713.800
 308 81.8463   
 413 60.9297 81.920 20.9903 34.400
 518 49.1637 40.960 8.2037 16.600
 619 40.3973 27.306 13.0913 32.400
 720 34.566 20.455 14.111 40.800
 102 264.279 6152.355 5888.076 2227.900
 206 129.171 2135.777 2006.606 1553.400
 308 84.693 1322.866 1238.173 1461.900
 413 41.8453 139.796 97.9507 234.000
 518 39.3 64.552 25.252 64.200
 619 30.441 36.863 6.422 21.000
 720 16.4043 23.450 7.0457 42.900
 102 132.225 108.052 24.173 18.200
 206 53.1113 46.571 6.5403 12.300
 308 32.7453 29.654 3.0913 9.400
 413 22.7017 21.770 .9317 4.100
 518 17.967 17.203 .764 4.200
 619 14.844 14.212 .632 4.200
 720 12.7357 12.111 .6247 4.900
 102 138.891 107.315 31.576 22.700
 206 54.5467 46.407 8.1397 14.900
 308 32.913 29.627 3.286 9.900
 413 23.1687 21.749 1.4197 6.100
 518 18.1723 17.186 .9863 5.400
 619 14.919 14.199 .720 4.800
 720 12.761 12.099 .662 5.100
 102 266.546 110304175.718 110303909.172 41382691.600
 206 125.842 15290567.598 15290441.756 12150507.500
 308 85.1283 960302.896 960217.7677 1127965.300
 413 66.097 574773.207 574707.110 869490.400
 518 50.445 104646.672 104596.227 207347.000
 619 41.665 26604.085 26562.420 63752.300
 720 35.9423 8561.276 8525.3337 23719.400
 102 280.38 18003103.907 18002823.527 6420865.700
 206 143.573 591601.704 591458.131 411956.300
 308 91.075 82121.211 82030.136 90068.700
 413 68.09 20601.446 20533.356 30156.100
 518 54.394 7156.678 7102.284 13057.100
 619 45.1093 3059.719 3014.6097 6682.900
 720 38.5413 1511.360 1472.8187 3821.400
 102 112.99 144.576 31.586 27.900
 206 49.8027 36.024 13.7787 27.600
 308 30.8333 20.560 10.2733 33.300
 413 22.2187 14.400 7.8187 35.100
 518 14.7633 11.068 3.6953 25.000
 619 13.7223 8.992 4.7303 34.400
 720 12.9823 7.570 5.4123 41.600
 102 93.3923 129.024 35.6317 38.100
 206 32.8277 34.968 2.1403 6.500
 308 20.2953 20.224 .0713 .300
 413 14.786 14.232 .554 3.700
 518 11.744 10.953 .791 6.700
 619 9.69833 8.912 .78633 8.100
 720 8.29333 7.522 .77133 9.300
 102 144.242 2496850.512 2496706.270 1730914.800
 206 72.4583 109.848 37.3897 51.600
 308 47.6707 33.392 14.2787 29.900
 413 35.678 19.704 15.974 44.700
 518 24.9507 13.948 11.0027 44.000
 619 11.722 10.808 .914 7.700
 720 11.3183 8.824 2.4943 22.000
 102 143.43 76.800 66.630 46.400
 206 42.892 29.520 13.372 31.100
 308 25.6687 18.272 7.3967 28.800
 413 17.5847 13.224 4.3607 24.700
 518 13.9173 10.377 3.5403 25.400
 619 10.7937 8.528 2.2657 20.900
 720 9.36967 7.234 2.13567 22.700
 102 288.206 744.652 456.446 158.300
 206 137.144 119.685 17.459 12.700
 308 90.6543 53.383 37.2713 41.100
 413 62.455 33.587 28.868 46.200
 518 49.2197 23.986 25.2337 51.200
 619 39.176 18.540 20.636 52.600
 720 27.5723 15.107 12.4653 45.200
 102 371.821 466750216.028 466749844.207 125530791.400
 206 177.39 802.406 625.016 352.300
 308 108.657 108.625 .032 0
 413 77.1237 57.630 19.4937 25.200
 518 60.1813 39.174 21.0073 34.900
 619 48.4417 29.716 18.7257 38.600
 720 40.3217 23.943 16.3787 40.600
 102 283.59 1260135131828.797 1260135131545.207 444351046068.300
 206 132.343 12017.664 11885.321 8980.600
 308 85.0743 159.375 74.3007 87.300
 413 61.5943 69.335 7.7407 12.500
 518 48.0623 44.359 3.7033 7.700
 619 40.1777 32.542 7.6357 19.000
 720 34.077 25.734 8.343 24.400
 102 369.754 305.602 64.152 17.300
 206 115.257 87.613 27.644 23.900
 308 57.6677 51.118 6.5497 11.300
 413 38.3637 36.096 2.2677 5.900
 518 29.3897 27.893 1.4967 5.000
 619 23.882 22.712 1.170 4.800
 720 20.1817 19.168 1.0137 5.000
 102 400.074 1194.639 794.565 198.600
 206 186.946 137.748 49.198 26.300
 308 118.027 64.880 53.147 45.000
 413 60.3433 42.485 17.8583 29.500
 518 49.1723 31.531 17.6413 35.800
 619 32.7693 25.088 7.6813 23.400
 720 25.523 20.836 4.687 18.300
 102 246.13 315.801 69.671 28.300
 206 111.471 88.350 23.121 20.700
 308 71.4413 51.363 20.0783 28.100
 413 51.9903 36.218 15.7723 30.300
 518 40.954 27.967 12.987 31.700
 619 33.802 22.773 11.029 32.600
 720 28.9983 19.221 9.7773 33.700
 102 373.599 103261834785.669 103261834412.070 27639751287.300
 206 185.441 1022824.304 1022638.863 551463.100
 308 115.578 425.984 310.406 268.500
 413 81.3163 96.583 15.2667 18.700
 518 61.5197 54.116 7.4037 12.000
 619 49.3707 37.560 11.8107 23.900
 720 40.5513 28.771 11.7803 29.000
 102 371.039 462.766 91.727 24.700
 206 129.413 97.013 32.400 25.000
 308 71.148 54.231 16.917 23.700
 413 49.3087 37.570 11.7387 23.800
 518 36.956 28.803 8.153 22.000
 619 30.0213 23.306 6.7153 22.300
 720 24.7613 19.607 5.1543 20.800
 102 244.579 3674.685 3430.106 1402.400
 206 123.671 88.064 35.607 28.700
 308 48.082 42.378 5.704 11.800
 413 34.814 27.934 6.880 19.700
 518 27.4497 20.840 6.6097 24.000
 619 22.5237 16.602 5.9217 26.200
 720 19.2183 13.796 5.4223 28.200
 102 154.622 428.441 273.819 177.000
 206 66.508 84.090 17.582 26.400
 308 36.1513 41.477 5.3257 14.700
 413 25.422 27.484 2.062 8.100
 518 19.6867 20.578 .8913 4.500
 619 16.0877 16.465 .3773 2.300
 720 13.6383 13.691 .0527 .300
 102 96.888 112.476 15.588 16.000
 206 46.2213 47.390 1.1687 2.500
 308 30.658 29.981 .677 2.200
 413 22.9293 21.954 .9753 4.200
 518 18.318 17.317 1.001 5.400
 619 15.195 14.294 .901 5.900
 720 13.0457 12.158 .8877 6.800
 102 274.921 1083561771.663 1083561496.742 394135586.800
 206 137.223 9102887.772 9102750.549 6633545.700
 308 91.4383 576405.767 576314.3287 630276.700
 413 68.459 83803.852 83735.393 122314.600
 518 54.7883 19297.943 19243.1547 35122.700
 619 45.7403 5962.114 5916.3737 12934.700
 720 39.2227 2266.946 2227.7233 5679.600
 102 108.259 222.986 114.727 105.900
 206 53.5107 59.842 6.3313 11.800
 308 33.9337 34.596 .6623 1.900
 413 23.684 24.309 .625 2.600
 518 20.8827 18.743 2.1397 10.200
 619 15.1297 15.236 .1063 .700
 720 13.3027 12.848 .4547 3.400
 102 120.867 126.402 5.535 4.500
 206 56.5843 49.684 6.9003 12.100
 308 36.833 30.910 5.923 16.000
 413 27.3917 22.446 4.9457 18.000
 518 21.7583 17.612 4.1463 19.000
 619 18.093 14.485 3.608 19.900
 720 15.448 12.310 3.138 20.300
 102 208.991 378.634 169.643 81.100
 206 123.537 90.808 32.729 26.400
 308 52.672 43.061 9.611 18.200
 413 32.664 28.200 4.464 13.600
 518 23.3433 20.971 2.3723 10.100
 619 18.1473 16.697 1.4503 7.900
 720 15.152 13.855 1.297 8.500
 102 205.803 454.410 248.607 120.700
 206 124.412 86.138 38.274 30.700
 308 82.648 42.051 40.597 49.100
 413 61.9777 27.770 34.2077 55.100
 518 49.6907 20.725 28.9657 58.200
 619 39.0557 16.547 22.5087 57.600
 720 20.0527 13.761 6.2917 31.300
 102 281.819 10155.786 9873.967 3503.600
 206 117.921 91.832 26.089 22.100
 308 72.7767 43.252 29.5247 40.500
 413 51.6597 28.323 23.3367 45.100
 518 39.1467 21.020 18.1267 46.300
 619 31.5883 16.724 14.8643 47.000
 720 26.4437 13.890 12.5537 47.400
 102 249.674 1962289.971 1962040.297 785840.800
 206 124.043 335.994 211.951 170.800
 308 82.2933 67.254 15.0393 18.200
 413 61.105 36.966 24.139 39.500
 518 49.584 25.427 24.157 48.700
 619 40.7823 19.414 21.3683 52.300
 720 35.0883 15.680 19.4083 55.300
 102 239.179 581.632 342.453 143.100
 206 104.273 71.843 32.430 31.100
 308 62.843 38.283 24.560 39.000
 413 44.051 26.071 17.980 40.800
 518 33.6753 19.775 13.9003 41.200
 619 26.9417 15.919 11.0227 40.900
 720 22.8313 13.340 9.4913 41.500
 102 248.35 888986303.774 888986055.424 357956937.900
 206 123.868 628.039 504.171 407.000
 308 82.3047 74.599 7.7057 9.300
 413 61.4027 39.075 22.3277 36.300
 518 49.1317 26.411 22.7207 46.200
 619 40.2163 19.987 20.2293 50.300
 720 33.9637 16.066 17.8977 52.600
 102 252.939 1574238412.144 1574238159.205 622378581.000
 206 125.993 1892860.272 1892734.279 1502253.500
 308 85.6653 89986.213 89900.5477 104943.900
 413 63.8637 5402.296 5338.4323 8359.100
 518 50.3387 754.532 704.1933 1398.900
 619 41.5367 197.968 156.4313 376.600
 720 35.892 81.422 45.530 126.800
 102 187.05 1227.243 1040.193 556.100
 206 90.619 77.701 12.918 14.200
 308 59.3587 39.839 19.5197 32.800
 413 43.6317 26.787 16.8447 38.600
 518 34.3407 20.201 14.1397 41.100
 619 28.447 16.192 12.255 43.000
 720 23.9067 13.527 10.3797 43.400
 102 281.543 770.949 489.406 173.800
 206 138.193 122.019 16.174 11.700
 308 86.78 54.065 32.715 37.600
 413 63.6613 33.402 30.2593 47.500
 518 50.347 24.084 26.263 52.100
 619 40.8047 18.649 22.1557 54.200
 720 31.1123 15.189 15.9233 51.100
