 102 108.102 108.298 .196 .100
 206 47.128 46.612 .516 1.000
 308 28.9287 29.708 .7793 2.600
 413 21.856 21.790 .066 .300
 518 17.4393 17.203 .2363 1.300
 619 14.504 14.212 .292 2.000
 720 12.347 12.111 .236 1.900
 102 259.28 4712006.451 4711747.171 1817242.800
 206 126.05 45931.520 45805.470 36339.100
 308 86.7163 14400.255 14313.5387 16506.100
 413 62.4683 2399.948 2337.4797 3741.800
 518 49.5073 1007.648 958.1407 1935.300
 619 41.958 221.861 179.903 428.700
 720 36.0627 79.292 43.2293 119.800
 102 175.43 1646468278.845 1646468103.415 938532807.000
 206 122.194 1079693.967 1079571.773 883490.000
 308 81.276 325.787 244.511 300.800
 413 61.4057 67.133 5.7273 9.300
 518 48.1167 36.896 11.2207 23.300
 619 40.4953 25.421 15.0743 37.200
 720 35.1177 19.401 15.7167 44.700
 102 250.882 237478.133 237227.251 94557.300
 206 135.88 8866.734 8730.854 6425.400
 308 92.668 3411.256 3318.588 3581.100
 413 66.78 782.561 715.781 1071.800
 518 50.7393 405.225 354.4857 698.600
 619 42.495 164.218 121.723 286.400
 720 36.4573 96.213 59.7557 163.900
 102 147.845 9988.669 9840.824 6656.100
 206 66.8337 89.784 22.9503 34.300
 308 42.774 42.843 .069 .100
 413 32.23 28.119 4.111 12.700
 518 24.5423 20.922 3.6203 14.700
 619 19.8797 16.670 3.2097 16.100
 720 16.0757 13.843 2.2327 13.800
 102 248.642 1444378.296 1444129.654 580806.800
 206 119.981 167.854 47.873 39.900
 308 61.4777 55.048 6.4297 10.400
 413 43.0017 32.911 10.0907 23.400
 518 33.232 23.461 9.771 29.400
 619 24.3617 18.240 6.1217 25.100
 720 17.231 14.920 2.311 13.400
 102 127.228 196.444 69.216 54.400
 206 54.198 57.753 3.555 6.500
 308 35.2197 33.859 1.3607 3.800
 413 25.28 23.941 1.339 5.200
 518 20.5937 18.530 2.0637 10.000
 619 16.5463 15.113 1.4333 8.600
 720 14.465 12.755 1.710 11.800
 102 247.056 21581373330.063 21581373083.007 8735417509.700
 206 120.586 2717.450 2596.864 2153.500
 308 70.526 92.540 22.014 31.200
 413 46.344 43.479 2.865 6.100
 518 34.2357 28.393 5.8427 17.000
 619 26.539 21.066 5.473 20.600
 720 21.76 16.757 5.003 22.900
 102 114.224 234.700 120.476 105.400
 206 50.8163 60.661 9.8447 19.300
 308 32.8113 34.869 2.0577 6.200
 413 24.6153 24.432 .1833 .700
 518 18.8067 18.825 .0183 0
 619 15.8553 15.305 .5503 3.400
 720 13.7807 12.895 .8857 6.400
 102 175.407 50783.846 50608.439 28852.000
 206 68.1993 99.409 31.2097 45.700
 308 42.3917 44.891 2.4993 5.800
 413 31.263 28.999 2.264 7.200
 518 24.568 21.413 3.155 12.800
 619 20.2783 16.970 3.3083 16.300
 720 17.5813 14.054 3.5273 20.000
 102 246.935 565927976.550 565927729.615 229180849.000
 206 125.462 30081481.482 30081356.020 23976467.700
 308 81.6223 121511.754 121430.1317 148770.700
 413 61.099 722.944 661.845 1083.200
 518 49.1773 88.686 39.5087 80.300
 619 39.8147 42.665 2.8503 7.100
 720 33.604 27.991 5.613 16.700
 102 255.88 559121149584.752 559121149328.872 218509125108.900
 206 128.049 309001337.815 309001209.766 241314816.800
 308 86.3823 4124466.963 4124380.5807 4774566.700
 413 64.6147 205150.740 205086.1253 317398.500
 518 51.2947 21487.796 21436.5013 41790.800
 619 41.787 3697.737 3655.950 8749.000
 720 36.0297 919.274 883.2443 2451.400
 102 140.108 637.091 496.983 354.700
 206 55.7787 72.744 16.9653 30.400
 308 35.32 38.501 3.181 9.000
 413 25.3887 26.173 .7843 3.000
 518 20.5493 19.824 .7253 3.500
 619 16.591 15.960 .631 3.800
 720 14.3397 13.351 .9887 6.800
 102 247.641 12975.144 12727.503 5139.400
 206 122.352 247.562 125.210 102.300
 308 81.895 62.175 19.720 24.000
 413 60.3893 35.368 25.0213 41.400
 518 45.05 24.707 20.343 45.100
 619 35.4507 18.950 16.5007 46.500
 720 29.3827 15.388 13.9947 47.600
 102 249.81 29044.817 28795.007 11526.700
 206 124.495 2251.653 2127.158 1708.600
 308 81.8787 141.008 59.1293 72.200
 413 62.1517 52.367 9.7847 15.700
 518 49.4643 31.932 17.5323 35.400
 619 40.7737 22.977 17.7967 43.600
 720 35.0133 17.939 17.0743 48.700
 102 246.999 8394.096 8147.097 3298.400
 206 123.518 156.590 33.072 26.700
 308 82.111 53.847 28.264 34.400
 413 56.2353 32.440 23.7953 42.300
 518 41.7197 23.232 18.4877 44.300
 619 32.579 18.103 14.476 44.400
 720 26.9073 14.826 12.0813 44.800
 102 226.619 66692402.135 66692175.516 29429207.300
 206 108.258 189.603 81.345 75.100
 308 71.07 57.124 13.946 19.600
 413 52.505 33.669 18.836 35.800
 518 41.6317 23.838 17.7937 42.700
 619 34.541 18.472 16.069 46.500
 720 29.731 15.072 14.659 49.300
 102 252.515 13306417286.840 13306417034.325 5269555089.500
 206 124.441 11453653.770 11453529.329 9203983.600
 308 84.945 150448.796 150363.851 177013.100
 413 63.1537 4452.147 4388.9933 6949.700
 518 50.1903 441.843 391.6527 780.300
 619 41.5333 112.473 70.9397 170.800
 720 35.281 52.003 16.722 47.300
 102 166.666 345.620 178.954 107.300
 206 79.2473 66.150 13.0973 16.500
 308 51.8303 36.590 15.2403 29.400
 413 38.622 25.272 13.350 34.500
 518 30.6023 19.316 11.2863 36.800
 619 25.4943 15.632 9.8623 38.600
 720 21.5857 13.129 8.4567 39.100
 102 250.799 129.515 121.284 48.300
 206 71.7897 50.544 21.2457 29.500
 308 38.4663 31.265 7.2013 18.700
 413 26.2457 22.609 3.6367 13.800
 518 20.001 17.727 2.274 11.300
 619 16.071 14.567 1.504 9.300
 720 13.4697 12.369 1.1007 8.100
 102 282.109 216.842 65.267 23.100
 206 125.176 63.283 61.893 49.400
 308 62.253 36.016 26.237 42.100
 413 35.945 25.026 10.919 30.300
 518 25.0693 19.152 5.9173 23.600
 619 19.3183 15.523 3.7953 19.600
 720 16.8547 13.059 3.7957 22.500
 102 191.531 42312398.602 42312207.071 22091571.100
 206 92.7693 178.053 85.2837 91.900
 308 60.5723 56.059 4.5133 7.400
 413 42.0947 33.300 8.7947 20.800
 518 31.776 23.674 8.102 25.400
 619 25.791 18.349 7.442 28.800
 720 22.136 15.001 7.135 32.200
 102 216.011 320241197.465 320240981.454 148252163.700
 206 124.434 121730.744 121606.310 97727.500
 308 81.8463 235.268 153.4217 187.400
 413 60.9297 61.317 .3873 .600
 518 49.1637 35.078 14.0857 28.600
 619 40.3973 24.548 15.8493 39.200
 720 34.566 18.863 15.703 45.400
 102 264.279 3762.012 3497.733 1323.500
 206 129.171 1035.223 906.052 701.400
 308 84.693 398.148 313.455 370.100
 413 41.8453 82.984 41.1387 98.300
 518 39.3 44.187 4.887 12.400
 619 30.441 28.766 1.675 5.500
 720 16.4043 20.478 4.0737 24.800
 102 132.225 107.069 25.156 19.000
 206 53.1113 46.366 6.7453 12.700
 308 32.7453 29.599 3.1463 9.600
 413 22.7017 21.729 .9727 4.200
 518 17.967 17.186 .781 4.300
 619 14.844 14.199 .645 4.300
 720 12.7357 12.099 .6367 4.900
 102 138.891 108.298 30.593 22.000
 206 54.5467 46.612 7.9347 14.500
 308 32.913 29.708 3.205 9.700
 413 23.1687 21.790 1.3787 5.900
 518 18.1723 17.203 .9693 5.300
 619 14.919 14.212 .707 4.700
 720 12.761 12.111 .650 5.000
 102 266.546 107932426.076 107932159.530 40492882.800
 206 125.842 14906096.885 14905971.043 11844988.900
 308 85.1283 936495.914 936410.7857 1099999.300
 413 66.097 558330.593 558264.496 844613.900
 518 50.445 101783.601 101733.156 201671.400
 619 41.665 25870.605 25828.940 61991.900
 720 35.9423 8315.207 8279.2647 23034.800
 102 280.38 18976445.399 18976165.019 6768016.600
 206 143.573 623029.125 622885.552 433845.800
 308 91.075 86446.481 86355.406 94817.900
 413 68.09 21667.614 21599.524 31722.000
 518 54.394 7522.385 7467.991 13729.400
 619 45.1093 3211.595 3166.4857 7019.500
 720 38.5413 1584.298 1545.7567 4010.600
 102 112.99 137.904 24.914 22.000
 206 49.8027 35.592 14.2107 28.500
 308 30.8333 20.432 10.4013 33.700
 413 22.2187 14.328 7.8907 35.500
 518 14.7633 11.030 3.7333 25.200
 619 13.7223 8.968 4.7543 34.600
 720 12.9823 7.556 5.4263 41.700
 102 93.3923 125.952 32.5597 34.800
 206 32.8277 34.728 1.9003 5.700
 308 20.2953 20.144 .1513 .700
 413 14.786 14.184 .602 4.000
 518 11.744 10.934 .810 6.800
 619 9.69833 8.904 .79433 8.100
 720 8.29333 7.515 .77833 9.300
 102 144.242 2028494.880 2028350.638 1406213.600
 206 72.4583 105.960 33.5017 46.200
 308 47.6707 33.056 14.6147 30.600
 413 35.678 19.572 16.106 45.100
 518 24.9507 13.891 11.0597 44.300
 619 11.722 10.776 .946 8.000
 720 11.3183 8.797 2.5213 22.200
 102 143.43 79.584 63.846 44.500
 206 42.892 29.904 12.988 30.200
 308 25.6687 18.432 7.2367 28.100
 413 17.5847 13.308 4.2767 24.300
 518 13.9173 10.416 3.5013 25.100
 619 10.7937 8.560 2.2337 20.600
 720 9.36967 7.261 2.10867 22.500
 102 288.206 444.006 155.800 54.000
 206 137.144 89.538 47.606 34.700
 308 90.6543 44.454 46.2003 50.900
 413 62.455 29.224 33.231 53.200
 518 49.2197 21.577 27.6427 56.100
 619 39.176 17.079 22.097 56.400
 720 27.5723 14.124 13.4483 48.700
 102 371.821 118627274.833 118626903.012 31904304.200
 206 177.39 488.509 311.119 175.300
 308 108.657 98.672 9.985 9.100
 413 77.1237 54.650 22.4737 29.100
 518 60.1813 37.847 22.3343 37.100
 619 48.4417 28.917 19.5247 40.300
 720 40.3217 23.399 16.9227 41.900
 102 283.59 158673059577.692 158673059294.102 55951570680.900
 206 132.343 2909.982 2777.639 2098.800
 308 85.0743 131.276 46.2017 54.300
 413 61.5943 63.467 1.8727 3.000
 518 48.0623 41.852 6.2103 12.900
 619 40.1777 31.211 8.9667 22.300
 720 34.077 24.891 9.186 26.900
 102 369.754 188.743 181.011 48.900
 206 115.257 74.342 40.915 35.400
 308 57.6677 46.325 11.3427 19.600
 413 38.3637 33.638 4.7257 12.300
 518 29.3897 26.394 2.9957 10.100
 619 23.882 21.729 2.153 9.000
 720 20.1817 18.449 1.7327 8.500
 102 400.074 1963.745 1563.671 390.800
 206 186.946 167.854 19.092 10.200
 308 118.027 70.983 47.044 39.800
 413 60.3433 44.974 15.3693 25.400
 518 49.1723 32.882 16.2903 33.100
 619 32.7693 25.948 6.8213 20.800
 720 25.523 21.433 4.090 16.000
 102 246.13 276.111 29.981 12.100
 206 111.471 84.971 26.500 23.700
 308 71.4413 50.216 21.2253 29.700
 413 51.9903 35.635 16.3553 31.400
 518 40.954 27.623 13.331 32.500
 619 33.802 22.548 11.254 33.200
 720 28.9983 19.046 9.9523 34.300
 102 373.599 85756979742.105 85756979368.506 22954285040.500
 206 185.441 811264.389 811078.948 437378.400
 308 115.578 393.871 278.293 240.700
 413 81.3163 94.801 13.4847 16.500
 518 61.5197 53.526 7.9937 12.900
 619 49.3707 37.232 12.1387 24.500
 720 40.5513 28.577 11.9743 29.500
 102 371.039 464.486 93.447 25.100
 206 129.413 97.198 32.215 24.800
 308 71.148 54.231 16.917 23.700
 413 49.3087 37.632 11.6767 23.600
 518 36.956 28.803 8.153 22.000
 619 30.0213 23.306 6.7153 22.300
 720 24.7613 19.607 5.1543 20.800
 102 244.579 4129.751 3885.172 1588.500
 206 123.671 89.006 34.665 28.000
 308 48.082 42.651 5.431 11.200
 413 34.814 28.037 6.777 19.400
 518 27.4497 20.889 6.5607 23.900
 619 22.5237 16.643 5.8807 26.100
 720 19.2183 13.831 5.3873 28.000
 102 154.622 301.547 146.925 95.000
 206 66.508 70.983 4.475 6.700
 308 36.1513 38.009 1.8577 5.100
 413 25.422 25.948 .526 2.000
 518 19.6867 19.709 .0223 .100
 619 16.0877 15.892 .1957 1.200
 720 13.6383 13.293 .3453 2.500
 102 96.888 108.789 11.901 12.200
 206 46.2213 46.694 .4727 1.000
 308 30.658 29.736 .922 3.000
 413 22.9293 21.790 1.1393 4.900
 518 18.318 17.219 1.099 5.900
 619 15.195 14.226 .969 6.300
 720 13.0457 12.123 .9227 7.000
 102 274.921 1033020355.297 1033020080.376 375751608.700
 206 137.223 8683965.112 8683827.889 6328259.700
 308 91.4383 550089.418 549997.9797 601496.200
 413 68.459 80020.172 79951.713 116787.700
 518 54.7883 18439.847 18385.0587 33556.500
 619 45.7403 5702.284 5656.5437 12366.600
 720 39.2227 2171.446 2132.2233 5436.100
 102 108.259 173.506 65.247 60.200
 206 53.5107 55.623 2.1123 3.900
 308 33.9337 33.122 .8117 2.300
 413 23.684 23.592 .092 .300
 518 20.8827 18.300 2.5827 12.300
 619 15.1297 14.963 .1667 1.100
 720 13.3027 12.649 .6537 4.900
 102 120.867 124.846 3.979 3.200
 206 56.5843 49.438 7.1463 12.600
 308 36.833 30.801 6.032 16.300
 413 27.3917 22.405 4.9867 18.200
 518 21.7583 17.563 4.1953 19.200
 619 18.093 14.472 3.621 20.000
 720 15.448 12.298 3.150 20.300
 102 208.991 286.228 77.237 36.900
 206 123.537 74.997 48.540 39.200
 308 52.672 39.156 13.516 25.600
 413 32.664 26.480 6.184 18.900
 518 23.3433 20.004 3.3393 14.300
 619 18.1473 16.069 2.0783 11.400
 720 15.152 13.433 1.719 11.300
 102 205.803 1074.298 868.495 422.000
 206 124.412 150.650 26.238 21.000
 308 82.648 54.502 28.146 34.000
 413 61.9777 32.706 29.2717 47.200
 518 49.6907 23.363 26.3277 52.900
 619 39.0557 18.172 20.8837 53.400
 720 20.0527 14.861 5.1917 25.800
 102 281.819 4845.568 4563.749 1619.300
 206 117.921 87.121 30.800 26.100
 308 72.7767 42.187 30.5897 42.000
 413 51.6597 27.852 23.8077 46.000
 518 39.1467 20.791 18.3557 46.800
 619 31.5883 16.561 15.0273 47.500
 720 26.4437 13.773 12.6707 47.900
 102 249.674 1382833.520 1382583.846 553755.600
 206 124.043 294.625 170.582 137.500
 308 82.2933 64.988 17.3053 21.000
 413 61.105 36.229 24.876 40.700
 518 49.584 25.116 24.468 49.300
 619 40.7823 19.223 21.5593 52.800
 720 35.0883 15.551 19.5373 55.600
 102 239.179 425.738 186.559 77.900
 206 104.273 68.689 35.584 34.100
 308 62.843 37.327 25.516 40.600
 413 44.051 25.661 18.390 41.700
 518 33.6753 19.513 14.1623 42.000
 619 26.9417 15.755 11.1867 41.500
 720 22.8313 13.211 9.6203 42.100
 102 248.35 932745821.716 932745573.366 375577037.700
 206 123.868 641.105 517.237 417.500
 308 82.3047 75.009 7.2957 8.800
 413 61.4027 39.157 22.2457 36.200
 518 49.1317 26.460 22.6717 46.100
 619 40.2163 20.015 20.2013 50.200
 720 33.9637 16.066 17.8977 52.600
 102 252.939 1596311044.505 1596310791.566 631105045.700
 206 125.993 1918568.816 1918442.823 1522658.200
 308 85.6653 91158.541 91072.8757 106312.400
 413 63.8637 5459.640 5395.7763 8448.800
 518 50.3387 763.084 712.7453 1415.800
 619 41.5367 199.074 157.5373 379.200
 720 35.892 81.785 45.893 127.800
 102 187.05 1138.688 951.638 508.700
 206 90.619 77.250 13.369 14.700
 308 59.3587 39.730 19.6287 33.000
 413 43.6317 26.767 16.8647 38.600
 518 34.3407 20.168 14.1727 41.200
 619 28.447 16.165 12.282 43.100
 720 23.9067 13.504 10.4027 43.500
 102 281.543 515.358 233.815 83.000
 206 138.193 97.034 41.159 29.700
 308 86.78 46.747 40.033 46.100
 413 63.6613 30.126 33.5353 52.600
 518 50.347 22.167 28.180 55.900
 619 40.8047 17.448 23.3567 57.200
 720 31.1123 14.393 16.7193 53.700
