 102 108.102 108.359 .257 .200
 206 47.128 46.651 .477 1.000
 308 28.9287 29.724 .7953 2.700
 413 21.856 21.810 .046 .200
 518 17.4393 17.224 .2153 1.200
 619 14.504 14.232 .272 1.800
 720 12.347 12.125 .222 1.700
 619 41.958 -2860.335  
 720 36.0627 84.335 48.2723 133.800
 308 81.276 376.193 294.917 362.800
 413 61.4057 67.271 5.8653 9.500
 518 48.1167 36.938 11.1787 23.200
 619 40.4953 25.458 15.0373 37.100
 720 35.1177 19.422 15.6957 44.600
 720 36.4573 -1294.563  
 206 66.8337 89.942 23.1083 34.500
 308 42.774 42.872 .098 .200
 413 32.23 28.143 4.087 12.600
 518 24.5423 20.947 3.5953 14.600
 619 19.8797 16.681 3.1987 16.000
 720 16.0757 13.859 2.2167 13.700
 206 119.981 168.421 48.440 40.300
 308 61.4777 55.113 6.3647 10.300
 413 43.0017 32.947 10.0547 23.300
 518 33.232 23.497 9.735 29.200
 619 24.3617 18.259 6.1027 25.000
 720 17.231 14.931 2.300 13.300
 102 127.228 196.809 69.581 54.600
 206 54.198 57.843 3.645 6.700
 308 35.2197 33.903 1.3167 3.700
 413 25.28 23.979 1.301 5.100
 518 20.5937 18.549 2.0447 9.900
 619 16.5463 15.124 1.4223 8.500
 720 14.465 12.767 1.698 11.700
 308 70.526 92.829 22.303 31.600
 413 46.344 43.517 2.827 6.100
 518 34.2357 28.419 5.8167 16.900
 619 26.539 21.099 5.440 20.400
 720 21.76 16.778 4.982 22.800
 102 114.224 235.240 121.016 105.900
 206 50.8163 60.760 9.9437 19.500
 308 32.8113 34.885 2.0737 6.300
 413 24.6153 24.466 .1493 .600
 518 18.8067 18.839 .0323 .100
 619 15.8553 15.317 .5383 3.300
 720 13.7807 12.904 .8767 6.300
 206 68.1993 99.504 31.3047 45.900
 308 42.3917 44.930 2.5383 5.900
 413 31.263 29.015 2.248 7.100
 518 24.568 21.426 3.142 12.700
 619 20.2783 16.984 3.2943 16.200
 720 17.5813 14.067 3.5143 19.900
 518 49.1773 89.136 39.9587 81.200
 619 39.8147 42.688 2.8733 7.200
 720 33.604 28.064 5.540 16.400
 102 140.108 652.644 512.536 365.800
 206 55.7787 72.784 17.0053 30.400
 308 35.32 38.541 3.221 9.100
 413 25.3887 26.210 .8213 3.200
 518 20.5493 19.856 .6933 3.300
 619 16.591 15.982 .609 3.600
 720 14.3397 13.373 .9667 6.700
 206 122.352 260.559 138.207 112.900
 308 81.895 62.325 19.570 23.800
 413 60.3893 35.395 24.9943 41.300
 518 45.05 24.716 20.334 45.100
 619 35.4507 18.987 16.4637 46.400
 720 29.3827 15.414 13.9687 47.500
 308 81.8787 145.537 63.6583 77.700
 413 62.1517 52.416 9.7357 15.600
 518 49.4643 31.964 17.5003 35.300
 619 40.7737 22.992 17.7817 43.600
 720 35.0133 17.953 17.0603 48.700
 206 123.518 157.441 33.923 27.400
 308 82.111 53.883 28.228 34.300
 413 56.2353 32.503 23.7323 42.200
 518 41.7197 23.270 18.4497 44.200
 619 32.579 18.122 14.457 44.300
 720 26.9073 14.839 12.0683 44.800
 206 108.258 189.875 81.617 75.300
 308 71.07 57.229 13.841 19.400
 413 52.505 33.691 18.814 35.800
 518 41.6317 23.873 17.7587 42.600
 619 34.541 18.486 16.055 46.400
 720 29.731 15.082 14.649 49.200
 619 41.5333 156.574 115.0407 276.900
 720 35.281 53.781 18.500 52.400
 102 166.666 346.883 180.217 108.100
 206 79.2473 66.269 12.9783 16.300
 308 51.8303 36.634 15.1963 29.300
 413 38.622 25.313 13.309 34.400
 518 30.6023 19.338 11.2643 36.800
 619 25.4943 15.645 9.8493 38.600
 720 21.5857 13.136 8.4497 39.100
 102 250.799 132.368 118.431 47.200
 206 71.7897 50.602 21.1877 29.500
 308 38.4663 31.280 7.1863 18.600
 413 26.2457 22.636 3.6097 13.700
 518 20.001 17.735 2.266 11.300
 619 16.071 14.579 1.492 9.200
 720 13.4697 12.376 1.0937 8.100
 102 282.109 302.064 19.955 7.000
 206 125.176 64.443 60.733 48.500
 308 62.253 36.069 26.184 42.000
 413 35.945 25.042 10.903 30.300
 518 25.0693 19.179 5.8903 23.400
 619 19.3183 15.541 3.7773 19.500
 720 16.8547 13.062 3.7927 22.500
 206 92.7693 178.615 85.8457 92.500
 308 60.5723 56.161 4.4113 7.200
 413 42.0947 33.319 8.7757 20.800
 518 31.776 23.685 8.091 25.400
 619 25.791 18.373 7.418 28.700
 720 22.136 15.007 7.129 32.200
 308 81.8463 245.917 164.0707 200.400
 413 60.9297 61.449 .5193 .800
 518 49.1637 35.111 14.0527 28.500
 619 40.3973 24.577 15.8203 39.100
 720 34.566 18.905 15.661 45.300
 413 41.8453 98.319 56.4737 134.900
 518 39.3 44.686 5.386 13.700
 619 30.441 28.914 1.527 5.000
 720 16.4043 21.371 4.9667 30.200
 102 132.225 107.135 25.090 18.900
 206 53.1113 46.423 6.6883 12.500
 308 32.7453 29.631 3.1143 9.500
 413 22.7017 21.760 .9417 4.100
 518 17.967 17.193 .774 4.300
 619 14.844 14.210 .634 4.200
 720 12.7357 12.110 .6257 4.900
 102 138.891 108.405 30.486 21.900
 206 54.5467 46.659 7.8877 14.400
 308 32.913 29.727 3.186 9.600
 413 23.1687 21.812 1.3567 5.800
 518 18.1723 17.225 .9473 5.200
 619 14.919 14.232 .687 4.600
 720 12.761 12.126 .635 4.900
 102 112.99 138.312 25.322 22.400
 206 49.8027 35.633 14.1697 28.400
 308 30.8333 20.451 10.3823 33.600
 413 22.2187 14.341 7.8777 35.400
 518 14.7633 11.041 3.7223 25.200
 619 13.7223 8.976 4.7463 34.500
 720 12.9823 7.562 5.4203 41.700
 102 93.3923 126.236 32.8437 35.100
 206 32.8277 34.776 1.9483 5.900
 308 20.2953 20.166 .1293 .600
 413 14.786 14.200 .586 3.900
 518 11.744 10.958 .786 6.600
 619 9.69833 8.921 .77733 8.000
 720 8.29333 7.523 .77033 9.200
 206 72.4583 106.269 33.8107 46.600
 308 47.6707 33.065 14.6057 30.600
 413 35.678 19.578 16.100 45.100
 518 24.9507 13.906 11.0447 44.200
 619 11.722 10.782 .940 8.000
 720 11.3183 8.804 2.5143 22.200
 102 143.43 79.638 63.792 44.400
 206 42.892 29.949 12.943 30.100
 308 25.6687 18.442 7.2267 28.100
 413 17.5847 13.323 4.2617 24.200
 518 13.9173 10.428 3.4893 25.000
 619 10.7937 8.567 2.2267 20.600
 720 9.36967 7.269 2.10067 22.400
 206 137.144 103.382 33.762 24.600
 308 90.6543 45.704 44.9503 49.500
 413 62.455 29.336 33.119 53.000
 518 49.2197 21.601 27.6187 56.100
 619 39.176 17.093 22.083 56.300
 720 27.5723 14.142 13.4303 48.700
 206 177.39 501.632 324.242 182.700
 308 108.657 98.701 9.956 9.100
 413 77.1237 54.735 22.3887 29.000
 518 60.1813 37.867 22.3143 37.000
 619 48.4417 28.947 19.4947 40.200
 720 40.3217 23.428 16.8937 41.800
 308 85.0743 131.596 46.5217 54.600
 413 61.5943 63.544 1.9497 3.100
 518 48.0623 41.884 6.1783 12.800
 619 40.1777 31.237 8.9407 22.200
 720 34.077 24.905 9.172 26.900
 102 369.754 188.790 180.964 48.900
 206 115.257 74.433 40.824 35.400
 308 57.6677 46.354 11.3137 19.600
 413 38.3637 33.657 4.7067 12.200
 518 29.3897 26.420 2.9697 10.100
 619 23.882 21.745 2.137 8.900
 720 20.1817 18.475 1.7067 8.400
 206 186.946 168.126 18.820 10.000
 308 118.027 70.992 47.035 39.800
 413 60.3433 44.996 15.3473 25.400
 518 49.1723 32.935 16.2373 33.000
 619 32.7693 25.974 6.7953 20.700
 720 25.523 21.441 4.082 15.900
 102 246.13 276.557 30.427 12.300
 206 111.471 85.078 26.393 23.600
 308 71.4413 50.271 21.1703 29.600
 413 51.9903 35.676 16.3143 31.300
 518 40.954 27.648 13.306 32.400
 619 33.802 22.570 11.232 33.200
 720 28.9983 19.067 9.9313 34.200
 308 115.578 417.731 302.153 261.400
 413 81.3163 94.949 13.6327 16.700
 518 61.5197 53.562 7.9577 12.900
 619 49.3707 37.302 12.0687 24.400
 720 40.5513 28.615 11.9363 29.400
 102 371.039 466.443 95.404 25.700
 206 129.413 97.258 32.155 24.800
 308 71.148 54.289 16.859 23.600
 413 49.3087 37.653 11.6557 23.600
 518 36.956 28.821 8.135 22.000
 619 30.0213 23.345 6.6763 22.200
 720 24.7613 19.618 5.1433 20.700
 206 123.671 89.089 34.582 27.900
 308 48.082 42.677 5.405 11.200
 413 34.814 28.059 6.755 19.400
 518 27.4497 20.900 6.5497 23.800
 619 22.5237 16.652 5.8717 26.000
 720 19.2183 13.838 5.3803 27.900
 102 154.622 532.501 377.879 244.300
 206 66.508 70.997 4.489 6.700
 308 36.1513 38.034 1.8827 5.200
 413 25.422 25.974 .552 2.100
 518 19.6867 19.721 .0343 .100
 619 16.0877 15.894 .1937 1.200
 720 13.6383 13.312 .3263 2.300
 102 96.888 108.866 11.978 12.300
 206 46.2213 46.745 .5237 1.100
 308 30.658 29.762 .896 2.900
 413 22.9293 21.830 1.0993 4.700
 518 18.318 17.237 1.081 5.900
 619 15.195 14.240 .955 6.200
 720 13.0457 12.131 .9147 7.000
 102 108.259 173.853 65.594 60.500
 206 53.5107 55.682 2.1713 4.000
 308 33.9337 33.149 .7847 2.300
 413 23.684 23.599 .085 .300
 518 20.8827 18.321 2.5617 12.200
 619 15.1297 14.972 .1577 1.000
 720 13.3027 12.659 .6437 4.800
 102 120.867 124.969 4.102 3.300
 206 56.5843 49.482 7.1023 12.500
 308 36.833 30.848 5.985 16.200
 413 27.3917 22.409 4.9827 18.100
 518 21.7583 17.596 4.1623 19.100
 619 18.093 14.484 3.609 19.900
 720 15.448 12.308 3.140 20.300
 102 208.991 903.795 694.804 332.400
 206 123.537 75.111 48.426 39.100
 308 52.672 39.184 13.488 25.600
 413 32.664 26.505 6.159 18.800
 518 23.3433 20.026 3.3173 14.200
 619 18.1473 16.092 2.0553 11.300
 720 15.152 13.450 1.702 11.200
 206 124.412 163.057 38.645 31.000
 308 82.648 54.526 28.122 34.000
 413 61.9777 32.736 29.2417 47.100
 518 49.6907 23.389 26.3017 52.900
 619 39.0557 18.194 20.8617 53.400
 720 20.0527 14.888 5.1647 25.700
 206 117.921 87.230 30.691 26.000
 308 72.7767 42.245 30.5317 41.900
 413 51.6597 27.872 23.7877 46.000
 518 39.1467 20.796 18.3507 46.800
 619 31.5883 16.585 15.0033 47.400
 720 26.4437 13.793 12.6507 47.800
 206 124.043 317.716 193.673 156.100
 308 82.2933 65.127 17.1663 20.800
 413 61.105 36.282 24.823 40.600
 518 49.584 25.145 24.439 49.200
 619 40.7823 19.239 21.5433 52.800
 720 35.0883 15.580 19.5083 55.500
 102 239.179 428.093 188.914 78.900
 206 104.273 68.761 35.512 34.000
 308 62.843 37.383 25.460 40.500
 413 44.051 25.669 18.382 41.700
 518 33.6753 19.544 14.1313 41.900
 619 26.9417 15.780 11.1617 41.400
 720 22.8313 13.231 9.6003 42.000
 206 123.868 890.434 766.566 618.800
 308 82.3047 75.018 7.2867 8.800
 413 61.4027 39.158 22.2447 36.200
 518 49.1317 26.494 22.6377 46.000
 619 40.2163 20.019 20.1973 50.200
 720 33.9637 16.087 17.8767 52.600
 720 35.892 123.180 87.288 243.100
 102 187.05 1380.053 1193.003 637.700
 206 90.619 77.329 13.290 14.600
 308 59.3587 39.779 19.5797 32.900
 413 43.6317 26.776 16.8557 38.600
 518 34.3407 20.180 14.1607 41.200
 619 28.447 16.191 12.256 43.000
 720 23.9067 13.519 10.3877 43.400
 206 138.193 119.097 19.096 13.800
 308 86.78 48.535 38.245 44.000
 413 63.6613 30.478 33.1833 52.100
 518 50.347 22.213 28.134 55.800
 619 40.8047 17.474 23.3307 57.100
 720 31.1123 14.402 16.7103 53.700
