 0.0025974
.032 0.00519481
.0527 0.00779221
.0673 0.0103896
.0713 0.012987
.1013 0.0155844
.1063 0.0181818
.189 0.0207792
.283 0.0233766
.3023 0.025974
.333 0.0285714
.3773 0.0311688
.4547 0.0337662
.522 0.0363636
.5233 0.038961
.5343 0.0415584
.5453 0.0441558
.554 0.0467532
.6247 0.0493506
.625 0.0519481
.632 0.0545455
.662 0.0571429
.6623 0.0597403
.677 0.0623377
.720 0.0649351
.764 0.0675325
.77133 0.0701299
.78633 0.0727273
.791 0.0753247
.8737 0.0779221
.8877 0.0805195
.8913 0.0831169
.901 0.0857143
.9067 0.0883117
.914 0.0935065
.914 0.0935065
.9317 0.0961039
.9753 0.0987013
.9863 0.101299
1.001 0.103896
1.0057 0.106494
1.0137 0.109091
1.0407 0.111688
1.0503 0.114286
1.0657 0.116883
1.089 0.119481
1.1687 0.122078
1.170 0.124675
1.176 0.127273
1.297 0.12987
1.3643 0.132468
1.4197 0.135065
1.449 0.137662
1.4503 0.14026
1.4967 0.142857
1.506 0.145455
1.664 0.148052
1.9657 0.150649
2.062 0.153247
2.13567 0.155844
2.1397 0.158442
2.1403 0.161039
2.1947 0.163636
2.208 0.166234
2.2657 0.168831
2.2677 0.171429
2.311 0.174026
2.3267 0.176623
2.3723 0.179221
2.4943 0.181818
2.761 0.184416
2.835 0.187013
3.0303 0.18961
3.0483 0.192208
3.0913 0.194805
3.138 0.197403
3.2807 0.2
3.286 0.202597
3.3523 0.205195
3.3597 0.207792
3.4927 0.21039
3.5403 0.212987
3.608 0.215584
3.6953 0.218182
3.7033 0.220779
3.782 0.223377
3.8333 0.225974
3.869 0.228571
4.1463 0.231169
4.3553 0.233766
4.3607 0.236364
4.464 0.238961
4.521 0.241558
4.538 0.244156
4.687 0.246753
4.7303 0.249351
4.7533 0.251948
4.9457 0.254545
5.144 0.257143
5.1543 0.25974
5.3257 0.262338
5.4123 0.264935
5.4223 0.267532
5.535 0.27013
5.704 0.272727
5.705 0.275325
5.7423 0.277922
5.9217 0.280519
5.923 0.283117
6.0947 0.285714
6.2107 0.288312
6.2847 0.290909
6.2917 0.293506
6.3313 0.296104
6.422 0.298701
6.5403 0.301299
6.5497 0.303896
6.6097 0.306494
6.7153 0.309091
6.880 0.311688
6.9003 0.314286
6.9553 0.316883
6.9587 0.319481
7.0457 0.322078
7.240 0.324675
7.310 0.327273
7.3967 0.32987
7.4037 0.332468
7.5503 0.335065
7.565 0.337662
7.6357 0.34026
7.6813 0.342857
7.7057 0.345455
7.7407 0.348052
7.8187 0.350649
8.1397 0.353247
8.153 0.355844
8.2037 0.358442
8.343 0.361039
8.347 0.363636
8.4687 0.366234
8.891 0.368831
9.2867 0.371429
9.4913 0.374026
9.611 0.376623
9.738 0.379221
9.7773 0.381818
9.8623 0.384416
10.0297 0.387013
10.2733 0.38961
10.2957 0.392208
10.3797 0.394805
10.6307 0.397403
11.0027 0.4
11.0227 0.402597
11.029 0.405195
11.2863 0.407792
11.7387 0.41039
11.7803 0.412987
11.8107 0.415584
11.9523 0.418182
12.255 0.420779
12.4653 0.423377
12.5537 0.425974
12.918 0.428571
12.987 0.431169
13.0913 0.433766
13.0973 0.436364
13.350 0.438961
13.372 0.441558
13.7787 0.444156
13.8317 0.446753
13.9003 0.449351
14.083 0.451948
14.111 0.454545
14.1397 0.457143
14.2787 0.45974
14.284 0.462338
14.671 0.464935
14.7873 0.467532
14.8643 0.47013
15.0393 0.472727
15.2403 0.475325
15.2667 0.477922
15.5527 0.480519
15.588 0.483117
15.7723 0.485714
15.9233 0.488312
15.974 0.490909
16.096 0.493506
16.174 0.496104
16.2547 0.498701
16.3787 0.501299
16.5003 0.503896
16.7583 0.506494
16.8447 0.509091
16.917 0.511688
17.044 0.514286
17.2777 0.516883
17.459 0.519481
17.535 0.522078
17.541 0.524675
17.582 0.527273
17.6413 0.52987
17.8267 0.532468
17.8583 0.535065
17.8977 0.537662
17.980 0.54026
18.1267 0.542857
18.1597 0.545455
18.7257 0.548052
18.877 0.550649
19.0183 0.553247
19.0953 0.555844
19.3103 0.558442
19.4083 0.561039
19.4937 0.563636
19.5197 0.566234
19.967 0.568831
20.0783 0.571429
20.2293 0.574026
20.5497 0.576623
20.636 0.579221
20.9903 0.581818
21.0073 0.584416
21.3683 0.587013
21.868 0.58961
22.1557 0.592208
22.3277 0.594805
22.5087 0.597403
22.7207 0.6
23.0993 0.602597
23.121 0.605195
23.3367 0.607792
24.139 0.61039
24.157 0.612987
24.173 0.615584
24.2057 0.618182
24.2223 0.620779
24.560 0.623377
25.2337 0.625974
25.252 0.628571
26.089 0.631169
26.263 0.633766
26.516 0.636364
27.644 0.638961
28.868 0.641558
28.9657 0.644156
29.5247 0.646753
30.2593 0.649351
31.576 0.651948
31.586 0.654545
32.400 0.657143
32.430 0.65974
32.715 0.662338
32.729 0.664935
33.856 0.667532
34.2077 0.67013
35.607 0.672727
35.6317 0.675325
37.2713 0.677922
37.3897 0.680519
38.274 0.683117
40.597 0.685714
40.7127 0.688312
45.530 0.690909
49.198 0.693506
49.333 0.696104
49.892 0.698701
49.962 0.701299
53.147 0.703896
64.152 0.706494
66.630 0.709091
69.671 0.711688
73.0367 0.714286
74.0937 0.716883
74.3007 0.719481
79.2263 0.722078
79.625 0.724675
81.176 0.727273
86.230 0.72987
91.727 0.732468
97.9507 0.735065
114.727 0.737662
117.188 0.74026
127.358 0.742857
156.4313 0.745455
165.596 0.748052
169.643 0.750649
177.479 0.753247
183.1887 0.755844
211.951 0.758442
248.607 0.761039
273.819 0.763636
281.183 0.766234
310.406 0.768831
325.944 0.771429
330.929 0.774026
342.453 0.776623
408.0697 0.779221
436.2447 0.781818
456.446 0.784416
489.406 0.787013
504.171 0.78961
625.016 0.792208
689.659 0.794805
704.1933 0.797403
727.9353 0.8
794.565 0.802597
964.9047 0.805195
1040.193 0.807792
1238.173 0.81039
1265.8437 0.812987
1472.8187 0.815584
1712.051 0.818182
1803.387 0.820779
2006.606 0.823377
2227.7233 0.825974
2875.046 0.828571
2964.562 0.831169
3014.6097 0.833766
3430.106 0.836364
4597.8073 0.838961
4631.941 0.841558
5338.4323 0.844156
5888.076 0.846753
5916.3737 0.849351
7102.284 0.851948
7945.4797 0.854545
8206.663 0.857143
8525.3337 0.85974
9873.967 0.862338
10412.595 0.864935
11885.321 0.867532
15764.278 0.87013
17160.2773 0.872727
18462.171 0.875325
19243.1547 0.877922
20533.356 0.880519
26562.420 0.883117
28864.086 0.885714
34330.588 0.888312
46329.6207 0.890909
82030.136 0.893506
83735.393 0.896104
89900.5477 0.898701
104596.227 0.901299
159353.642 0.903896
162521.1073 0.906494
207226.290 0.909091
517614.753 0.911688
574707.110 0.914286
576314.3287 0.916883
591458.131 0.919481
960217.7677 0.922078
1022638.863 0.924675
1398282.078 0.927273
1428671.969 0.92987
1537886.438 0.932468
1892734.279 0.935065
1962040.297 0.937662
2496706.270 0.94026
2898810.385 0.942857
3243332.6667 0.945455
9102750.549 0.948052
12090553.011 0.950649
13262071.806 0.953247
15290441.756 0.955844
18002823.527 0.958442
23235766.433 0.961039
62369744.130 0.963636
110303909.172 0.966234
242028367.618 0.968831
339388691.305 0.971429
466749844.207 0.974026
888986055.424 0.976623
1083561496.742 0.979221
1574238159.205 0.981818
1780314849.619 0.984416
1975359075.083 0.987013
12862597365.692 0.98961
14003334958.247 0.992208
103261834412.070 0.994805
435824782519.456 0.997403
1260135131545.207 1
