 0.00668896
 0.00668896
.0323 0.0100334
.0343 0.0133779
.046 0.0167224
.085 0.0200669
.098 0.0234114
.1293 0.0267559
.1493 0.0301003
.1577 0.0334448
.1937 0.0367893
.2153 0.0401338
.222 0.0434783
.257 0.0468227
.272 0.0501672
.3263 0.0535117
.477 0.0568562
.5193 0.0602007
.5237 0.0635452
.5383 0.0668896
.552 0.0702341
.586 0.0735786
.609 0.0769231
.6257 0.0802676
.634 0.083612
.635 0.0869565
.6437 0.090301
.687 0.0936455
.6933 0.09699
.77033 0.100334
.774 0.103679
.77733 0.107023
.7847 0.110368
.786 0.113712
.7953 0.117057
.8213 0.120401
.8767 0.123746
.896 0.12709
.9147 0.130435
.940 0.133779
.9417 0.137124
.9473 0.140468
.955 0.143813
.9667 0.147157
1.081 0.150502
1.0937 0.153846
1.0993 0.157191
1.301 0.160535
1.3167 0.16388
1.3567 0.167224
1.4223 0.170569
1.492 0.173913
1.527 0.177258
1.698 0.180602
1.702 0.183946
1.7067 0.187291
1.8827 0.190635
1.9483 0.19398
1.9497 0.197324
2.0447 0.200669
2.0553 0.204013
2.0737 0.207358
2.10067 0.210702
2.137 0.214047
2.1713 0.217391
2.2167 0.220736
2.2267 0.22408
2.248 0.227425
2.266 0.230769
2.300 0.234114
2.5143 0.237458
2.5383 0.240803
2.5617 0.244147
2.827 0.247492
2.8733 0.250836
2.9697 0.254181
3.1143 0.257525
3.140 0.26087
3.142 0.264214
3.186 0.267559
3.1987 0.270903
3.221 0.274247
3.2943 0.277592
3.3173 0.280936
3.4893 0.284281
3.5143 0.287625
3.5953 0.29097
3.609 0.294314
3.6097 0.297659
3.645 0.301003
3.7223 0.304348
3.7773 0.307692
3.7927 0.311037
4.082 0.314381
4.087 0.317726
4.102 0.32107
4.1623 0.324415
4.2617 0.327759
4.4113 0.331104
4.489 0.334448
4.7067 0.337793
4.7463 0.341137
4.9667 0.344482
4.982 0.347826
4.9827 0.351171
5.1433 0.354515
5.1647 0.35786
5.3803 0.361204
5.386 0.364548
5.405 0.367893
5.4203 0.371237
5.440 0.374582
5.540 0.377926
5.8167 0.381271
5.8653 0.384615
5.8717 0.38796
5.8903 0.391304
5.985 0.394649
6.1027 0.397993
6.159 0.401338
6.1783 0.404682
6.3647 0.408027
6.5497 0.411371
6.6763 0.414716
6.6883 0.41806
6.755 0.421405
6.7953 0.424749
7.1023 0.428094
7.129 0.431438
7.1863 0.434783
7.2267 0.438127
7.2867 0.441472
7.418 0.444816
7.8777 0.448161
7.8877 0.451505
7.9577 0.454849
8.091 0.458194
8.135 0.461538
8.4497 0.464883
8.7757 0.468227
8.9407 0.471572
9.172 0.474916
9.6003 0.478261
9.735 0.481605
9.7357 0.48495
9.8493 0.488294
9.9313 0.491639
9.9437 0.494983
9.956 0.498328
10.0547 0.501672
10.3823 0.505017
10.3877 0.508361
10.903 0.511706
11.0447 0.51505
11.1617 0.518395
11.1787 0.521739
11.232 0.525084
11.2643 0.528428
11.3137 0.531773
11.6557 0.535117
11.9363 0.538462
11.978 0.541806
12.0683 0.545151
12.0687 0.548495
12.256 0.551839
12.6507 0.555184
12.943 0.558528
12.9783 0.561873
13.290 0.565217
13.306 0.568562
13.309 0.571906
13.4303 0.575251
13.488 0.578595
13.6327 0.58194
13.841 0.585284
13.9687 0.588629
14.0527 0.591973
14.1313 0.595318
14.1607 0.598662
14.1697 0.602007
14.457 0.605351
14.6057 0.608696
14.649 0.61204
15.0033 0.615385
15.0373 0.618729
15.1963 0.622074
15.3473 0.625418
15.661 0.628763
15.6957 0.632107
15.8203 0.635452
16.055 0.638796
16.100 0.64214
16.2373 0.645485
16.3143 0.648829
16.4637 0.652174
16.7103 0.655518
16.8557 0.658863
16.859 0.662207
16.8937 0.665552
17.0053 0.668896
17.0603 0.672241
17.1663 0.675585
17.5003 0.67893
17.7587 0.682274
17.7817 0.685619
17.8767 0.688963
18.3507 0.692308
18.382 0.695652
18.4497 0.698997
18.500 0.702341
18.814 0.705686
18.820 0.70903
19.096 0.712375
19.4947 0.715719
19.5083 0.719064
19.570 0.722408
19.5797 0.725753
19.955 0.729097
20.1973 0.732441
20.334 0.735786
20.8617 0.73913
21.1703 0.742475
21.1877 0.745819
21.5433 0.749164
22.083 0.752508
22.2447 0.755853
22.303 0.759197
22.3143 0.762542
22.3887 0.765886
22.6377 0.769231
23.1083 0.772575
23.3307 0.77592
23.7323 0.779264
23.7877 0.782609
24.439 0.785953
24.823 0.789298
24.9943 0.792642
25.090 0.795987
25.322 0.799331
25.460 0.802676
26.184 0.80602
26.3017 0.809365
26.393 0.812709
27.6187 0.816054
28.122 0.819398
28.134 0.822742
28.228 0.826087
29.2417 0.829431
30.427 0.832776
30.486 0.83612
30.5317 0.839465
30.691 0.842809
31.3047 0.846154
32.155 0.849498
32.8437 0.852843
33.119 0.856187
33.1833 0.859532
33.762 0.862876
33.8107 0.866221
33.923 0.869565
34.582 0.87291
35.512 0.876254
38.245 0.879599
38.645 0.882943
39.9587 0.886288
40.824 0.889632
44.9503 0.892977
46.5217 0.896321
47.035 0.899666
48.2723 0.90301
48.426 0.906355
48.440 0.909699
56.4737 0.913043
60.733 0.916388
63.6583 0.919732
63.792 0.923077
65.594 0.926421
69.581 0.929766
81.617 0.93311
85.8457 0.936455
87.288 0.939799
95.404 0.943144
115.0407 0.946488
118.431 0.949833
121.016 0.953177
138.207 0.956522
164.0707 0.959866
180.217 0.963211
180.964 0.966555
188.914 0.9699
193.673 0.973244
294.917 0.976589
302.153 0.979933
324.242 0.983278
377.879 0.986622
512.536 0.989967
694.804 0.993311
766.566 0.996656
1193.003 1
