 0.00668896
 0.00668896
.100 0.0133779
.100 0.0133779
.200 0.0234114
.200 0.0234114
.200 0.0234114
.300 0.0267559
.600 0.0334448
.600 0.0334448
.800 0.0367893
1.000 0.0434783
1.000 0.0434783
1.100 0.0468227
1.200 0.0535117
1.200 0.0535117
1.700 0.0568562
1.800 0.0602007
2.100 0.0635452
2.300 0.0702341
2.300 0.0702341
2.700 0.0735786
2.900 0.0769231
3.100 0.0802676
3.200 0.083612
3.300 0.0936455
3.300 0.0936455
3.300 0.0936455
3.600 0.09699
3.700 0.100334
3.900 0.103679
4.000 0.107023
4.100 0.110368
4.200 0.113712
4.300 0.117057
4.600 0.120401
4.700 0.123746
4.800 0.12709
4.900 0.133779
4.900 0.133779
5.000 0.137124
5.100 0.140468
5.200 0.147157
5.200 0.147157
5.800 0.150502
5.900 0.160535
5.900 0.160535
5.900 0.160535
6.100 0.16388
6.200 0.167224
6.300 0.173913
6.300 0.173913
6.600 0.177258
6.700 0.187291
6.700 0.187291
6.700 0.187291
7.000 0.19398
7.000 0.19398
7.100 0.197324
7.200 0.204013
7.200 0.204013
8.000 0.210702
8.000 0.210702
8.100 0.214047
8.400 0.217391
8.500 0.220736
8.800 0.22408
8.900 0.227425
9.100 0.234114
9.100 0.234114
9.200 0.240803
9.200 0.240803
9.500 0.247492
9.500 0.247492
9.600 0.250836
9.900 0.254181
10.000 0.257525
10.100 0.26087
10.300 0.264214
11.200 0.270903
11.200 0.270903
11.300 0.277592
11.300 0.277592
11.700 0.280936
12.200 0.287625
12.200 0.287625
12.300 0.294314
12.300 0.294314
12.500 0.301003
12.500 0.301003
12.600 0.304348
12.700 0.307692
12.800 0.311037
12.900 0.314381
13.300 0.317726
13.700 0.327759
13.700 0.327759
13.700 0.327759
13.800 0.331104
14.200 0.334448
14.400 0.337793
14.600 0.344482
14.600 0.344482
15.600 0.347826
15.900 0.351171
16.000 0.354515
16.200 0.361204
16.200 0.361204
16.300 0.364548
16.400 0.367893
16.700 0.371237
16.900 0.374582
18.100 0.377926
18.600 0.381271
18.800 0.384615
18.900 0.38796
19.100 0.391304
19.400 0.397993
19.400 0.397993
19.500 0.404682
19.500 0.404682
19.600 0.408027
19.900 0.414716
19.900 0.414716
20.300 0.41806
20.400 0.421405
20.600 0.424749
20.700 0.431438
20.700 0.431438
20.800 0.438127
20.800 0.438127
21.900 0.441472
22.000 0.444816
22.200 0.454849
22.200 0.454849
22.200 0.454849
22.400 0.461538
22.400 0.461538
22.500 0.464883
22.800 0.468227
23.200 0.471572
23.300 0.474916
23.400 0.478261
23.600 0.488294
23.600 0.488294
23.600 0.488294
23.800 0.494983
23.800 0.494983
24.200 0.498328
24.400 0.501672
24.600 0.505017
24.800 0.508361
25.000 0.51505
25.000 0.51505
25.200 0.518395
25.400 0.525084
25.400 0.525084
25.600 0.528428
25.700 0.535117
25.700 0.535117
26.000 0.541806
26.000 0.541806
26.900 0.545151
27.400 0.548495
27.900 0.555184
27.900 0.555184
28.100 0.558528
28.400 0.561873
28.500 0.565217
28.700 0.568562
29.000 0.571906
29.200 0.575251
29.300 0.578595
29.400 0.58194
29.500 0.585284
29.600 0.588629
30.100 0.591973
30.200 0.595318
30.300 0.598662
30.400 0.602007
30.600 0.605351
31.000 0.608696
31.300 0.61204
31.600 0.615385
32.200 0.618729
32.400 0.622074
32.900 0.625418
33.000 0.628763
33.200 0.632107
33.600 0.635452
34.000 0.64214
34.000 0.64214
34.200 0.645485
34.300 0.648829
34.400 0.652174
34.500 0.658863
34.500 0.658863
35.100 0.662207
35.300 0.665552
35.400 0.672241
35.400 0.672241
35.800 0.675585
36.200 0.67893
36.800 0.682274
37.000 0.685619
37.100 0.688963
38.600 0.695652
38.600 0.695652
39.100 0.705686
39.100 0.705686
39.100 0.705686
39.800 0.70903
40.200 0.712375
40.300 0.715719
40.500 0.719064
40.600 0.722408
41.200 0.725753
41.300 0.729097
41.400 0.732441
41.700 0.73913
41.700 0.73913
41.800 0.742475
41.900 0.749164
41.900 0.749164
42.000 0.755853
42.000 0.755853
42.200 0.759197
42.600 0.762542
43.000 0.765886
43.400 0.769231
43.600 0.772575
44.000 0.77592
44.200 0.782609
44.200 0.782609
44.300 0.785953
44.400 0.789298
44.600 0.792642
44.800 0.795987
45.100 0.802676
45.100 0.802676
45.300 0.80602
45.900 0.809365
46.000 0.816054
46.000 0.816054
46.400 0.822742
46.400 0.822742
46.600 0.826087
46.800 0.829431
47.100 0.832776
47.200 0.83612
47.400 0.839465
47.500 0.842809
47.800 0.846154
48.500 0.849498
48.700 0.856187
48.700 0.856187
48.900 0.859532
49.200 0.866221
49.200 0.866221
49.500 0.869565
50.200 0.87291
52.100 0.876254
52.400 0.879599
52.600 0.882943
52.800 0.886288
52.900 0.889632
53.000 0.892977
53.400 0.896321
53.700 0.899666
54.600 0.906355
54.600 0.906355
55.500 0.909699
55.800 0.913043
56.100 0.916388
56.300 0.919732
57.100 0.923077
60.500 0.926421
75.300 0.929766
77.700 0.93311
78.900 0.936455
81.200 0.939799
92.500 0.943144
105.900 0.946488
108.100 0.949833
112.900 0.953177
133.800 0.956522
134.900 0.959866
156.100 0.963211
182.700 0.966555
200.400 0.9699
243.100 0.973244
244.300 0.976589
261.400 0.979933
276.900 0.983278
332.400 0.986622
362.800 0.989967
365.800 0.993311
618.800 0.996656
637.700 1
