 0.00337838
.0573 0.00675676
.063 0.0101351
.0743 0.0135135
.0757 0.0168919
.0783 0.0202703
.1353 0.0236486
.173 0.027027
.261 0.0304054
.2943 0.0337838
.326 0.0371622
.3843 0.0405405
.4357 0.0439189
.504 0.0472973
.5113 0.0506757
.5313 0.0540541
.551 0.0574324
.5603 0.0608108
.6127 0.0641892
.615 0.0675676
.626 0.0709459
.647 0.0743243
.651 0.0777027
.6863 0.0810811
.703 0.0844595
.747 0.0878378
.76033 0.0912162
.76333 0.0945946
.765 0.097973
.847 0.101351
.8567 0.10473
.8697 0.108108
.893 0.111486
.8937 0.114865
.8987 0.118243
.901 0.121622
.9313 0.125
.9533 0.128378
.9703 0.131757
.9817 0.135135
.9857 0.138514
.991 0.141892
.9967 0.14527
1.0517 0.148649
1.052 0.152027
1.1033 0.155405
1.132 0.158784
1.134 0.162162
1.1947 0.165541
1.271 0.168919
1.3553 0.172297
1.3947 0.175676
1.4333 0.179054
1.434 0.182432
1.4707 0.185811
1.481 0.189189
1.651 0.192568
1.9447 0.195946
2.1207 0.199324
2.12367 0.202703
2.132 0.206081
2.1633 0.209459
2.180 0.212838
2.2187 0.216216
2.2367 0.219595
2.2597 0.222973
2.288 0.226351
2.3167 0.22973
2.3453 0.233108
2.4883 0.236486
2.727 0.239865
2.796 0.243243
3.0243 0.246622
3.0333 0.25
3.0353 0.253378
3.125 0.256757
3.256 0.260135
3.2647 0.263514
3.3363 0.266892
3.3437 0.27027
3.4697 0.273649
3.5383 0.277027
3.587 0.280405
3.6833 0.283784
3.6963 0.287162
3.8233 0.290541
3.834 0.293919
3.844 0.297297
4.1313 0.300676
4.3417 0.304054
4.4023 0.307432
4.429 0.310811
4.497 0.314189
4.625 0.317568
4.666 0.320946
4.7203 0.324324
4.7293 0.327703
4.9307 0.331081
5.136 0.334459
5.1463 0.337838
5.3677 0.341216
5.4023 0.344595
5.4043 0.347973
5.635 0.351351
5.682 0.35473
5.709 0.358108
5.7133 0.361486
5.888 0.364865
5.9077 0.368243
6.0847 0.371622
6.2017 0.375
6.2537 0.378378
6.2767 0.381757
6.4493 0.385135
6.4903 0.388514
6.4957 0.391892
6.6047 0.39527
6.6813 0.398649
6.8523 0.402027
6.855 0.405405
6.8727 0.408784
6.9193 0.412162
7.125 0.415541
7.224 0.418919
7.266 0.422297
7.3537 0.425676
7.3787 0.429054
7.5117 0.432432
7.560 0.435811
7.5817 0.439189
7.6473 0.442568
7.7273 0.445946
7.8127 0.449324
7.8417 0.452703
8.0587 0.456081
8.142 0.459459
8.1587 0.462838
8.315 0.466216
8.326 0.469595
8.4527 0.472973
8.887 0.476351
9.2387 0.47973
9.3507 0.483108
9.4863 0.486486
9.586 0.489865
9.706 0.493243
9.7653 0.496622
9.8533 0.5
9.9967 0.503378
10.2493 0.506757
10.3727 0.510135
10.3837 0.513514
10.6247 0.516892
10.9787 0.52027
10.9997 0.523649
11.000 0.527027
11.2703 0.530405
11.6687 0.533784
11.7643 0.537162
11.7767 0.540541
11.9343 0.543919
12.235 0.547297
12.4393 0.550676
12.5387 0.554054
12.814 0.557432
12.956 0.560811
13.0423 0.564189
13.0703 0.567568
13.318 0.570946
13.342 0.574324
13.7627 0.577703
13.8117 0.581081
13.8803 0.584459
14.007 0.587838
14.075 0.591216
14.1287 0.594595
14.2317 0.597973
14.256 0.601351
14.660 0.60473
14.7753 0.608108
14.8403 0.611486
14.8983 0.614865
15.2163 0.618243
15.5437 0.621622
15.5487 0.625
15.688 0.628378
15.7303 0.631757
15.9053 0.635135
15.970 0.638514
16.073 0.641892
16.2257 0.64527
16.3697 0.648649
16.4583 0.652027
16.7363 0.655405
16.7987 0.658784
16.886 0.662162
16.929 0.665541
17.2467 0.668919
17.5943 0.672297
17.681 0.675676
17.7877 0.679054
17.795 0.682432
17.8433 0.685811
17.8867 0.689189
17.948 0.692568
18.0937 0.695946
18.1177 0.699324
18.6907 0.702703
18.871 0.706081
19.0503 0.709459
19.2223 0.712838
19.3823 0.716216
19.440 0.719595
19.4407 0.722973
19.4547 0.726351
19.929 0.72973
20.0013 0.733108
20.1723 0.736486
20.2133 0.739865
20.4847 0.743243
20.613 0.746622
20.9263 0.75
21.1733 0.753378
21.3503 0.756757
21.849 0.760135
22.1317 0.763514
22.3057 0.766892
22.4947 0.77027
22.6657 0.773649
22.992 0.777027
23.0813 0.780405
23.3247 0.783784
24.026 0.787162
24.108 0.790541
24.130 0.793919
24.1573 0.797297
24.533 0.800676
24.6027 0.804054
25.2177 0.807432
25.992 0.810811
26.161 0.814189
26.417 0.817568
27.566 0.820946
27.716 0.824324
28.507 0.827703
28.9337 0.831081
29.3423 0.834459
29.4587 0.837838
30.086 0.841216
31.408 0.844595
31.658 0.847973
32.241 0.851351
32.308 0.85473
32.645 0.858108
32.6803 0.861486
34.1757 0.864865
35.578 0.868243
35.7227 0.871622
37.7747 0.875
37.860 0.878378
40.562 0.881757
40.9337 0.885135
45.451 0.888514
49.077 0.891892
49.977 0.89527
50.454 0.898649
53.056 0.902027
61.190 0.905405
63.534 0.908784
66.547 0.912162
69.919 0.915541
73.3027 0.918919
73.508 0.922297
74.5757 0.925676
79.804 0.929054
81.410 0.932432
85.406 0.935811
88.1073 0.939189
93.430 0.942568
113.516 0.945946
115.419 0.949324
123.2817 0.952703
127.741 0.956081
137.407 0.959459
178.463 0.962838
191.565 0.966216
256.060 0.969595
341.973 0.972973
353.070 0.976351
361.630 0.97973
411.6527 0.983108
681.468 0.986486
735.913 0.989865
748.009 0.993243
766.098 0.996622
1362.117 1
