.645 0.0025974
.851 0.00519481
1.0337 0.00779221
1.0553 0.0103896
1.059 0.012987
1.191 0.0155844
1.266 0.0181818
1.3437 0.0207792
1.376 0.0233766
1.43633 0.025974
1.4767 0.0285714
1.542 0.0311688
1.583 0.0337662
1.6007 0.0363636
1.6227 0.038961
1.69833 0.0415584
1.7677 0.0441558
1.7883 0.0467532
1.934 0.0493506
1.9363 0.0519481
2.0787 0.0545455
2.144 0.0571429
2.2023 0.0597403
2.2217 0.0623377
2.418 0.0649351
2.4227 0.0675325
2.4347 0.0701299
2.4493 0.0727273
2.51267 0.0753247
2.6277 0.0779221
2.6377 0.0805195
2.6887 0.0831169
2.763 0.0857143
2.786 0.0883117
2.7937 0.0909091
2.8933 0.0935065
2.938 0.0961039
3.204 0.0987013
3.3027 0.101299
3.352 0.103896
3.402 0.106494
3.450 0.109091
3.617 0.111688
3.722 0.114286
3.746 0.116883
4.1353 0.119481
4.1653 0.122078
4.2097 0.124675
4.2953 0.127273
4.3173 0.12987
4.3737 0.132468
4.440 0.135065
4.4613 0.137662
4.4943 0.14026
4.4987 0.142857
4.7023 0.145455
4.800 0.148052
4.8137 0.150649
4.9087 0.153247
4.942 0.155844
5.1527 0.158442
5.1633 0.161039
5.2613 0.163636
5.3743 0.166234
5.4393 0.168831
5.5053 0.171429
5.529 0.174026
5.5847 0.176623
5.607 0.179221
5.6653 0.181818
5.7223 0.184416
5.7657 0.187013
5.8793 0.18961
6.1253 0.192208
6.168 0.194805
6.2267 0.197403
6.6253 0.2
6.6277 0.202597
6.9117 0.205195
6.9593 0.207792
7.2073 0.21039
7.5163 0.212987
7.6437 0.215584
7.9137 0.218182
7.969 0.220779
8.014 0.223377
8.1583 0.225974
8.184 0.228571
8.3507 0.231169
8.6853 0.233766
8.8277 0.236364
8.8453 0.238961
8.8707 0.241558
9.527 0.244156
9.5413 0.246753
9.6687 0.249351
9.8563 0.251948
9.8837 0.254545
10.058 0.257143
10.2187 0.25974
10.434 0.262338
10.7087 0.264935
10.783 0.267532
11.0657 0.27013
11.1293 0.272727
11.1603 0.275325
11.4443 0.277922
11.750 0.280519
11.8413 0.283117
12.138 0.285714
12.1513 0.288312
12.184 0.290909
12.2047 0.293506
12.2893 0.296104
12.380 0.298701
12.5507 0.301299
12.886 0.303896
13.238 0.306494
13.2887 0.309091
13.322 0.311688
13.5867 0.314286
14.2183 0.316883
14.334 0.319481
14.7417 0.322078
14.794 0.324675
14.8187 0.327273
14.8333 0.32987
14.968 0.332468
15.0857 0.335065
15.2053 0.337662
15.3507 0.34026
15.392 0.342857
15.465 0.345455
15.468 0.348052
15.6243 0.350649
15.8703 0.353247
16.378 0.355844
16.523 0.358442
16.7077 0.361039
16.788 0.363636
16.848 0.366234
17.2913 0.368831
17.6807 0.371429
17.8517 0.374026
17.9353 0.376623
17.9567 0.379221
18.029 0.381818
18.142 0.384416
18.5887 0.387013
18.892 0.38961
18.926 0.392208
19.4103 0.394805
19.6977 0.397403
20.776 0.4
20.888 0.402597
21.2703 0.405195
21.3653 0.407792
21.6147 0.41039
21.7977 0.412987
21.902 0.415584
22.2617 0.418182
22.5217 0.420779
22.7627 0.423377
22.7677 0.425974
22.864 0.428571
22.916 0.431169
22.9973 0.433766
23.1517 0.436364
23.3113 0.438961
23.3863 0.441558
23.4157 0.444156
23.4863 0.446753
23.571 0.449351
23.579 0.451948
23.678 0.454545
24.190 0.457143
24.2403 0.45974
24.3277 0.462338
24.3607 0.464935
24.5243 0.467532
24.5963 0.47013
24.7553 0.472727
25.2477 0.475325
25.3357 0.477922
25.366 0.480519
25.4027 0.483117
25.523 0.485714
25.548 0.488312
25.8027 0.490909
25.864 0.493506
25.8737 0.496104
26.1617 0.498701
26.182 0.501299
26.339 0.503896
26.5633 0.506494
26.7443 0.509091
26.8393 0.511688
26.8423 0.514286
27.1207 0.516883
27.1293 0.519481
27.1517 0.522078
27.2393 0.524675
27.5207 0.527273
27.8803 0.52987
27.8837 0.532468
27.9617 0.535065
28.012 0.537662
28.134 0.54026
28.305 0.542857
28.666 0.545455
28.842 0.548052
28.8907 0.550649
29.6233 0.553247
30.188 0.555844
30.4813 0.558442
30.8297 0.561039
30.8743 0.563636
31.1797 0.566234
31.4563 0.568831
31.6707 0.571429
31.7327 0.574026
32.025 0.576623
32.0527 0.579221
32.0873 0.581818
32.304 0.584416
32.7477 0.587013
32.7797 0.58961
32.7933 0.592208
32.8357 0.594805
33.0803 0.597403
33.1233 0.6
33.200 0.602597
33.2663 0.605195
33.3067 0.607792
33.8063 0.61039
33.9547 0.612987
33.963 0.615584
34.061 0.618182
34.1717 0.620779
34.3553 0.623377
34.9107 0.625974
34.947 0.628571
35.537 0.631169
35.6053 0.633766
35.7553 0.636364
36.9437 0.638961
38.010 0.641558
38.2873 0.644156
38.4043 0.646753
38.947 0.649351
39.9093 0.651948
40.4497 0.654545
40.619 0.657143
40.625 0.65974
40.9227 0.662338
40.9257 0.664935
41.4977 0.667532
41.6717 0.67013
41.975 0.672727
41.9883 0.675325
42.6737 0.677922
43.1813 0.680519
43.220 0.683117
43.3837 0.685714
43.764 0.688312
44.1143 0.690909
44.1347 0.693506
45.308 0.696104
45.3923 0.698701
45.4707 0.701299
45.617 0.703896
46.300 0.706494
46.4037 0.709091
47.610 0.711688
47.979 0.714286
48.4583 0.716883
49.659 0.719481
50.031 0.722078
50.305 0.724675
50.5963 0.727273
51.8093 0.72987
53.817 0.732468
53.970 0.735065
54.3163 0.737662
54.5403 0.74026
54.5727 0.742857
54.589 0.745455
54.805 0.748052
54.9873 0.750649
54.9987 0.753247
55.342 0.755844
56.971 0.758442
57.387 0.761039
57.639 0.763636
57.8223 0.766234
58.188 0.768831
58.3593 0.771429
59.0763 0.774026
59.4103 0.776623
59.474 0.779221
63.313 0.781818
63.3483 0.784416
63.769 0.787013
64.1323 0.78961
64.990 0.792208
65.362 0.794805
65.925 0.797403
67.298 0.8
67.697 0.802597
67.973 0.805195
70.903 0.807792
72.702 0.81039
74.618 0.812987
76.961 0.815584
77.067 0.818182
79.021 0.820779
79.626 0.823377
81.234 0.825974
81.392 0.828571
82.558 0.831169
82.577 0.833766
82.711 0.836364
82.908 0.838961
83.083 0.841558
83.452 0.844156
83.474 0.846753
83.481 0.849351
83.535 0.851948
84.216 0.854545
84.502 0.857143
84.746 0.85974
84.882 0.862338
85.033 0.864935
85.090 0.867532
87.089 0.87013
88.211 0.872727
93.487 0.875325
93.510 0.877922
94.920 0.880519
95.430 0.883117
96.184 0.885714
96.242 0.888312
96.263 0.890909
97.233 0.893506
102.613 0.896104
105.130 0.898701
109.611 0.901299
115.950 0.903896
123.250 0.906494
123.883 0.909091
124.001 0.911688
125.506 0.914286
127.071 0.916883
134.091 0.919481
144.699 0.922078
157.259 0.924675
160.710 0.927273
162.659 0.92987
165.015 0.932468
165.079 0.935065
165.136 0.937662
165.721 0.94026
166.430 0.942857
166.722 0.945455
167.754 0.948052
167.890 0.950649
168.879 0.953247
168.962 0.955844
170.595 0.958442
171.019 0.961039
173.960 0.963636
177.360 0.966234
182.359 0.968831
184.626 0.971429
193.001 0.974026
198.460 0.976623
199.623 0.979221
199.899 0.981818
200.189 0.984416
206.286 0.987013
246.874 0.98961
248.159 0.992208
248.941 0.994805
250.719 0.997403
277.194 1
