5.200 0.0025974
5.600 0.00519481
5.800 0.00779221
6.000 0.0103896
6.200 0.012987
8.000 0.0155844
8.100 0.0181818
8.200 0.0207792
8.400 0.0233766
8.800 0.025974
9.700 0.0311688
9.700 0.0311688
9.800 0.0337662
10.100 0.0363636
10.200 0.038961
10.500 0.0415584
10.600 0.0441558
10.900 0.0467532
11.300 0.0493506
11.600 0.0519481
12.000 0.0545455
12.800 0.0571429
13.000 0.0623377
13.000 0.0623377
13.100 0.0649351
13.500 0.0675325
13.800 0.0701299
14.100 0.0727273
14.200 0.0753247
15.000 0.0805195
15.000 0.0805195
15.100 0.0831169
15.400 0.0857143
16.300 0.0883117
16.600 0.0909091
16.700 0.0987013
16.700 0.0987013
16.700 0.0987013
17.000 0.101299
17.300 0.103896
17.400 0.106494
17.500 0.109091
17.700 0.111688
18.000 0.114286
18.200 0.116883
18.300 0.119481
18.800 0.122078
18.900 0.124675
19.100 0.127273
19.300 0.132468
19.300 0.132468
19.400 0.135065
19.500 0.137662
19.900 0.14026
20.200 0.142857
20.400 0.145455
21.100 0.148052
21.500 0.150649
21.900 0.153247
22.400 0.155844
22.600 0.158442
22.700 0.161039
22.800 0.163636
23.400 0.166234
24.200 0.171429
24.200 0.171429
24.300 0.174026
24.400 0.179221
24.400 0.179221
24.500 0.181818
24.600 0.184416
24.700 0.187013
24.900 0.18961
25.200 0.192208
25.800 0.197403
25.800 0.197403
26.500 0.2
26.800 0.205195
26.800 0.205195
27.200 0.207792
27.600 0.21039
28.200 0.212987
28.600 0.215584
28.900 0.218182
29.000 0.220779
29.100 0.223377
29.300 0.225974
29.800 0.228571
30.500 0.231169
31.000 0.233766
31.200 0.236364
31.300 0.238961
31.700 0.246753
31.700 0.246753
31.700 0.246753
32.000 0.249351
32.200 0.251948
32.600 0.254545
33.200 0.257143
33.300 0.25974
33.400 0.264935
33.400 0.264935
34.400 0.267532
34.600 0.27013
34.900 0.272727
35.500 0.275325
35.600 0.277922
36.100 0.280519
36.400 0.283117
37.300 0.285714
37.500 0.288312
37.600 0.293506
37.600 0.293506
38.000 0.296104
38.400 0.298701
38.700 0.301299
39.100 0.303896
39.300 0.306494
39.400 0.314286
39.400 0.314286
39.400 0.314286
39.900 0.319481
39.900 0.319481
40.300 0.322078
40.900 0.324675
41.000 0.327273
41.100 0.32987
41.500 0.332468
41.600 0.335065
41.700 0.337662
42.400 0.34026
42.600 0.342857
42.900 0.345455
43.000 0.348052
43.200 0.350649
43.900 0.353247
44.000 0.355844
44.500 0.358442
44.800 0.361039
45.700 0.363636
45.900 0.366234
46.200 0.368831
46.400 0.374026
46.400 0.374026
46.600 0.376623
46.900 0.379221
47.000 0.384416
47.000 0.384416
47.100 0.38961
47.100 0.38961
47.300 0.392208
48.100 0.397403
48.100 0.397403
48.300 0.4
48.400 0.405195
48.400 0.405195
48.500 0.407792
48.600 0.41039
48.700 0.412987
48.800 0.415584
49.000 0.420779
49.000 0.420779
49.300 0.423377
50.000 0.428571
50.000 0.428571
50.100 0.431169
50.600 0.433766
50.800 0.436364
51.000 0.441558
51.000 0.441558
51.300 0.446753
51.300 0.446753
51.800 0.451948
51.800 0.451948
52.000 0.454545
52.100 0.457143
52.200 0.45974
52.300 0.462338
52.500 0.464935
53.000 0.467532
53.200 0.47013
53.300 0.472727
53.500 0.477922
53.500 0.477922
53.900 0.480519
54.700 0.483117
54.900 0.485714
55.100 0.488312
55.500 0.490909
55.700 0.493506
55.800 0.498701
55.800 0.498701
56.100 0.501299
56.200 0.503896
56.400 0.506494
56.500 0.511688
56.500 0.511688
56.600 0.514286
56.700 0.519481
56.700 0.519481
57.200 0.522078
57.500 0.527273
57.500 0.527273
57.700 0.52987
58.000 0.532468
58.100 0.535065
58.300 0.537662
58.500 0.54026
59.100 0.542857
60.000 0.545455
60.100 0.553247
60.100 0.553247
60.100 0.553247
60.300 0.555844
60.400 0.558442
60.600 0.563636
60.600 0.563636
60.700 0.568831
60.700 0.568831
60.800 0.571429
60.900 0.574026
61.200 0.576623
61.400 0.579221
61.500 0.584416
61.500 0.584416
62.000 0.587013
62.100 0.58961
62.200 0.592208
62.300 0.597403
62.300 0.597403
62.400 0.6
63.500 0.602597
63.600 0.605195
63.800 0.607792
64.500 0.61039
65.000 0.612987
65.100 0.618182
65.100 0.618182
65.200 0.623377
65.200 0.623377
65.300 0.625974
65.500 0.628571
65.700 0.633766
65.700 0.633766
65.800 0.636364
65.900 0.638961
66.000 0.646753
66.000 0.646753
66.000 0.646753
66.100 0.649351
66.200 0.654545
66.200 0.654545
66.300 0.65974
66.300 0.65974
66.400 0.672727
66.400 0.672727
66.400 0.672727
66.400 0.672727
66.400 0.672727
66.500 0.693506
66.500 0.693506
66.500 0.693506
66.500 0.693506
66.500 0.693506
66.500 0.693506
66.500 0.693506
66.500 0.693506
66.600 0.719481
66.600 0.719481
66.600 0.719481
66.600 0.719481
66.600 0.719481
66.600 0.719481
66.600 0.719481
66.600 0.719481
66.600 0.719481
66.600 0.719481
66.700 0.72987
66.700 0.72987
66.700 0.72987
66.700 0.72987
66.800 0.763636
66.800 0.763636
66.800 0.763636
66.800 0.763636
66.800 0.763636
66.800 0.763636
66.800 0.763636
66.800 0.763636
66.800 0.763636
66.800 0.763636
66.800 0.763636
66.800 0.763636
66.800 0.763636
66.900 0.784416
66.900 0.784416
66.900 0.784416
66.900 0.784416
66.900 0.784416
66.900 0.784416
66.900 0.784416
66.900 0.784416
67.000 0.805195
67.000 0.805195
67.000 0.805195
67.000 0.805195
67.000 0.805195
67.000 0.805195
67.000 0.805195
67.000 0.805195
67.100 0.818182
67.100 0.818182
67.100 0.818182
67.100 0.818182
67.100 0.818182
67.200 0.831169
67.200 0.831169
67.200 0.831169
67.200 0.831169
67.200 0.831169
67.300 0.846753
67.300 0.846753
67.300 0.846753
67.300 0.846753
67.300 0.846753
67.300 0.846753
67.400 0.862338
67.400 0.862338
67.400 0.862338
67.400 0.862338
67.400 0.862338
67.400 0.862338
67.500 0.877922
67.500 0.877922
67.500 0.877922
67.500 0.877922
67.500 0.877922
67.500 0.877922
67.600 0.880519
67.700 0.885714
67.700 0.885714
67.800 0.893506
67.800 0.893506
67.800 0.893506
67.900 0.903896
67.900 0.903896
67.900 0.903896
67.900 0.903896
68.000 0.909091
68.000 0.909091
68.100 0.911688
68.200 0.914286
68.300 0.919481
68.300 0.919481
68.400 0.922078
68.500 0.927273
68.500 0.927273
69.000 0.932468
69.000 0.932468
69.200 0.937662
69.200 0.937662
69.300 0.94026
69.600 0.942857
69.700 0.945455
69.800 0.953247
69.800 0.953247
69.800 0.953247
69.900 0.955844
70.000 0.963636
70.000 0.963636
70.000 0.963636
70.100 0.976623
70.100 0.976623
70.100 0.976623
70.100 0.976623
70.100 0.976623
70.200 0.979221
70.300 0.981818
70.500 0.984416
70.700 0.987013
70.900 0.994805
70.900 0.994805
70.900 0.994805
71.400 0.997403
71.500 1
