0 0.0025974
.100 0.0103896
.100 0.0103896
.100 0.0103896
.300 0.0155844
.300 0.0155844
.600 0.0181818
.700 0.0233766
.700 0.0233766
1.000 0.0285714
1.000 0.0285714
1.100 0.0311688
1.200 0.0337662
1.300 0.0363636
1.900 0.038961
2.000 0.0441558
2.000 0.0441558
2.300 0.0467532
2.500 0.0493506
2.600 0.0519481
3.000 0.0597403
3.000 0.0597403
3.000 0.0597403
3.200 0.0623377
3.400 0.0649351
3.500 0.0675325
3.800 0.0727273
3.800 0.0727273
3.900 0.0753247
4.000 0.0779221
4.200 0.0805195
4.300 0.0857143
4.300 0.0857143
4.700 0.0883117
4.900 0.0961039
4.900 0.0961039
4.900 0.0961039
5.000 0.0987013
5.100 0.101299
5.200 0.103896
5.300 0.106494
5.500 0.109091
5.700 0.111688
5.800 0.114286
5.900 0.119481
5.900 0.119481
6.100 0.122078
6.200 0.124675
6.300 0.127273
6.400 0.12987
6.500 0.132468
6.700 0.135065
6.800 0.14026
6.800 0.14026
7.000 0.142857
7.100 0.145455
7.200 0.148052
7.400 0.150649
8.000 0.153247
8.100 0.158442
8.100 0.158442
8.500 0.161039
8.600 0.163636
8.800 0.166234
9.000 0.171429
9.000 0.171429
9.100 0.174026
9.300 0.181818
9.300 0.181818
9.300 0.181818
9.600 0.184416
9.700 0.187013
10.000 0.18961
10.100 0.192208
10.200 0.194805
10.400 0.197403
11.200 0.2
11.300 0.205195
11.300 0.205195
11.400 0.207792
11.800 0.21039
12.100 0.212987
12.200 0.215584
12.300 0.220779
12.300 0.220779
12.400 0.223377
12.600 0.225974
12.700 0.231169
12.700 0.231169
12.800 0.233766
12.900 0.238961
12.900 0.238961
13.400 0.241558
13.800 0.246753
13.800 0.246753
14.300 0.249351
14.500 0.251948
14.700 0.257143
14.700 0.257143
15.700 0.25974
16.000 0.262338
16.100 0.264935
16.300 0.27013
16.300 0.27013
16.500 0.275325
16.500 0.275325
16.700 0.277922
17.000 0.280519
18.200 0.283117
18.700 0.285714
18.900 0.288312
19.000 0.290909
19.200 0.293506
19.300 0.296104
19.400 0.298701
19.600 0.306494
19.600 0.306494
19.600 0.306494
20.000 0.311688
20.000 0.311688
20.300 0.314286
20.600 0.319481
20.600 0.319481
20.800 0.327273
20.800 0.327273
20.800 0.327273
21.000 0.332468
21.000 0.332468
22.000 0.34026
22.000 0.34026
22.000 0.34026
22.200 0.342857
22.300 0.348052
22.300 0.348052
22.500 0.353247
22.500 0.353247
22.900 0.355844
23.100 0.358442
23.300 0.361039
23.400 0.363636
23.600 0.368831
23.600 0.368831
23.700 0.374026
23.700 0.374026
23.900 0.376623
24.000 0.379221
24.300 0.381818
24.500 0.384416
24.800 0.38961
24.800 0.38961
25.100 0.397403
25.100 0.397403
25.100 0.397403
25.200 0.4
25.400 0.405195
25.400 0.405195
25.600 0.407792
25.800 0.41039
26.100 0.415584
26.100 0.415584
26.700 0.418182
26.900 0.420779
28.000 0.425974
28.000 0.425974
28.100 0.428571
28.500 0.431169
28.600 0.433766
28.800 0.436364
29.100 0.438961
29.400 0.444156
29.400 0.444156
29.500 0.449351
29.500 0.449351
29.700 0.454545
29.700 0.454545
30.200 0.457143
30.300 0.45974
30.400 0.462338
30.600 0.464935
31.200 0.467532
31.400 0.47013
32.200 0.472727
32.500 0.475325
33.000 0.477922
33.100 0.480519
33.200 0.483117
33.700 0.485714
34.000 0.488312
34.100 0.490909
34.300 0.496104
34.300 0.496104
34.400 0.498701
34.500 0.501299
34.600 0.503896
34.700 0.506494
34.800 0.509091
35.400 0.514286
35.400 0.514286
35.500 0.516883
35.800 0.519481
36.200 0.522078
36.800 0.524675
36.900 0.527273
37.100 0.52987
37.200 0.532468
38.600 0.537662
38.600 0.537662
39.100 0.54026
39.200 0.545455
39.200 0.545455
39.800 0.548052
39.900 0.550649
40.300 0.553247
40.600 0.555844
40.700 0.558442
41.200 0.561039
41.400 0.563636
41.500 0.566234
41.700 0.571429
41.700 0.571429
41.900 0.574026
42.000 0.579221
42.000 0.579221
42.100 0.584416
42.100 0.584416
42.300 0.587013
42.700 0.58961
43.100 0.592208
43.500 0.594805
43.600 0.597403
44.300 0.602597
44.300 0.602597
44.400 0.605195
44.500 0.607792
44.700 0.61039
44.800 0.612987
45.100 0.618182
45.100 0.618182
45.400 0.620779
45.700 0.623377
46.000 0.625974
46.100 0.631169
46.100 0.631169
46.200 0.633766
46.500 0.638961
46.500 0.638961
46.800 0.641558
47.200 0.644156
47.300 0.646753
47.500 0.649351
47.600 0.651948
47.900 0.654545
48.300 0.657143
48.700 0.662338
48.700 0.662338
48.900 0.664935
49.300 0.67013
49.300 0.67013
49.400 0.672727
50.200 0.675325
50.900 0.677922
52.600 0.683117
52.600 0.683117
52.800 0.685714
52.900 0.688312
53.200 0.690909
53.400 0.693506
53.700 0.696104
54.000 0.698701
54.300 0.701299
54.400 0.703896
55.600 0.706494
55.900 0.709091
56.100 0.711688
56.400 0.714286
57.200 0.716883
60.200 0.719481
72.200 0.722078
75.100 0.724675
77.900 0.727273
80.300 0.72987
83.000 0.732468
91.900 0.735065
95.000 0.737662
98.300 0.74026
102.300 0.742857
105.400 0.745455
107.300 0.748052
119.800 0.750649
127.800 0.753247
137.500 0.755844
163.900 0.758442
170.800 0.761039
175.300 0.763636
187.400 0.766234
240.700 0.768831
286.400 0.771429
300.800 0.774026
354.700 0.776623
370.100 0.779221
379.200 0.781818
390.800 0.784416
417.500 0.787013
422.000 0.78961
428.700 0.792208
508.700 0.794805
698.600 0.797403
701.400 0.8
780.300 0.802597
1071.800 0.805195
1083.200 0.807792
1323.500 0.81039
1415.800 0.812987
1588.500 0.815584
1619.300 0.818182
1708.600 0.820779
1935.300 0.823377
2098.800 0.825974
2153.500 0.828571
2451.400 0.831169
3298.400 0.833766
3581.100 0.836364
3741.800 0.838961
4010.600 0.841558
5139.400 0.844156
5436.100 0.846753
6425.400 0.849351
6656.100 0.851948
6949.700 0.854545
7019.500 0.857143
8448.800 0.85974
8749.000 0.862338
11526.700 0.864935
12366.600 0.867532
13729.400 0.87013
16506.100 0.872727
23034.800 0.875325
28852.000 0.877922
31722.000 0.880519
33556.500 0.883117
36339.100 0.885714
41790.800 0.888312
61991.900 0.890909
94557.300 0.893506
94817.900 0.896104
97727.500 0.898701
106312.400 0.901299
116787.700 0.903896
148770.700 0.906494
177013.100 0.909091
201671.400 0.911688
317398.500 0.914286
433845.800 0.916883
437378.400 0.919481
553755.600 0.922078
580806.800 0.924675
601496.200 0.927273
844613.900 0.92987
883490.000 0.932468
1099999.300 0.935065
1406213.600 0.937662
1522658.200 0.94026
1817242.800 0.942857
4774566.700 0.945455
6328259.700 0.948052
6768016.600 0.950649
9203983.600 0.953247
11844988.900 0.955844
22091571.100 0.958442
23976467.700 0.961039
29429207.300 0.963636
31904304.200 0.966234
40492882.800 0.968831
148252163.700 0.971429
229180849.000 0.974026
241314816.800 0.976623
375577037.700 0.979221
375751608.700 0.981818
631105045.700 0.984416
938532807.000 0.987013
5269555089.500 0.98961
8735417509.700 0.992208
22954285040.500 0.994805
55951570680.900 0.997403
218509125108.900 1
