 0.00337838
0 0.00675676
.200 0.0101351
.300 0.0168919
.300 0.0168919
.500 0.0202703
.700 0.0236486
.800 0.027027
1.600 0.0304054
1.900 0.0371622
1.900 0.0371622
2.000 0.0439189
2.000 0.0439189
2.100 0.0472973
2.200 0.0540541
2.200 0.0540541
2.300 0.0574324
2.500 0.0709459
2.500 0.0709459
2.500 0.0709459
2.500 0.0709459
2.700 0.0777027
2.700 0.0777027
3.000 0.0810811
3.200 0.0878378
3.200 0.0878378
3.700 0.0912162
3.900 0.0945946
4.100 0.10473
4.100 0.10473
4.100 0.10473
4.300 0.108108
4.400 0.111486
4.700 0.128378
4.700 0.128378
4.700 0.128378
4.700 0.128378
4.700 0.128378
4.800 0.135135
4.800 0.135135
5.000 0.141892
5.000 0.141892
5.300 0.14527
5.400 0.148649
5.800 0.155405
5.800 0.155405
6.000 0.158784
6.200 0.165541
6.200 0.165541
6.500 0.172297
6.500 0.172297
6.600 0.175676
6.700 0.179054
7.600 0.185811
7.600 0.185811
7.800 0.195946
7.800 0.195946
7.800 0.195946
8.100 0.199324
8.200 0.202703
8.300 0.209459
8.300 0.209459
8.500 0.212838
8.900 0.216216
9.100 0.222973
9.100 0.222973
9.200 0.226351
9.400 0.233108
9.400 0.233108
9.800 0.236486
10.000 0.243243
10.000 0.243243
10.100 0.246622
10.300 0.25
10.800 0.256757
10.800 0.256757
11.000 0.263514
11.000 0.263514
11.200 0.266892
11.400 0.27027
11.700 0.273649
11.900 0.277027
12.000 0.280405
12.100 0.283784
12.200 0.287162
12.500 0.290541
12.700 0.293919
13.200 0.300676
13.200 0.300676
13.500 0.304054
13.900 0.307432
14.100 0.310811
14.400 0.314189
14.700 0.317568
14.800 0.320946
14.900 0.324324
15.500 0.327703
15.600 0.331081
15.900 0.334459
16.100 0.337838
16.400 0.341216
16.500 0.344595
16.800 0.347973
17.100 0.351351
17.900 0.35473
18.000 0.358108
18.100 0.368243
18.100 0.368243
18.100 0.368243
18.200 0.375
18.200 0.375
18.800 0.381757
18.800 0.381757
18.900 0.388514
18.900 0.388514
19.100 0.391892
19.300 0.39527
19.600 0.398649
19.700 0.402027
19.800 0.405405
20.200 0.408784
20.400 0.412162
20.600 0.418919
20.600 0.418919
20.700 0.422297
20.900 0.425676
21.400 0.429054
21.600 0.432432
21.900 0.439189
21.900 0.439189
22.000 0.449324
22.000 0.449324
22.000 0.449324
22.200 0.452703
22.600 0.459459
22.600 0.459459
23.200 0.462838
23.300 0.466216
23.400 0.469595
23.600 0.476351
23.600 0.476351
23.700 0.47973
23.800 0.483108
23.900 0.486486
24.000 0.489865
24.400 0.493243
24.600 0.496622
24.700 0.5
24.900 0.510135
24.900 0.510135
24.900 0.510135
25.100 0.513514
25.200 0.52027
25.200 0.52027
25.400 0.523649
26.200 0.533784
26.200 0.533784
26.200 0.533784
26.400 0.537162
26.500 0.540541
27.600 0.543919
27.900 0.547297
28.000 0.550676
28.100 0.554054
28.400 0.557432
28.500 0.564189
28.500 0.564189
28.700 0.570946
28.700 0.570946
29.000 0.574324
29.200 0.577703
29.300 0.584459
29.300 0.584459
29.500 0.587838
29.800 0.591216
30.200 0.594595
30.400 0.597973
30.900 0.601351
31.100 0.60473
31.300 0.608108
31.600 0.611486
31.900 0.614865
32.100 0.618243
32.300 0.621622
32.500 0.625
32.600 0.628378
32.700 0.631757
33.200 0.638514
33.200 0.638514
33.600 0.641892
34.300 0.64527
34.400 0.652027
34.400 0.652027
34.700 0.658784
34.700 0.658784
35.000 0.662162
35.100 0.665541
35.700 0.668919
35.900 0.672297
36.000 0.675676
36.300 0.682432
36.300 0.682432
36.400 0.685811
36.800 0.689189
38.200 0.692568
38.500 0.699324
38.500 0.699324
38.600 0.702703
39.000 0.706081
39.100 0.709459
39.400 0.712838
40.000 0.716216
40.400 0.719595
40.500 0.722973
40.700 0.72973
40.700 0.72973
40.800 0.736486
40.800 0.736486
41.000 0.739865
41.100 0.743243
41.200 0.746622
41.500 0.75
41.600 0.756757
41.600 0.756757
42.200 0.760135
42.700 0.763514
43.000 0.766892
43.300 0.77027
43.400 0.773649
43.700 0.777027
44.000 0.780405
44.200 0.787162
44.200 0.787162
44.300 0.790541
44.600 0.793919
44.700 0.797297
44.900 0.800676
45.100 0.807432
45.100 0.807432
45.200 0.810811
45.600 0.814189
45.700 0.817568
46.000 0.820946
46.100 0.824324
46.200 0.827703
46.300 0.831081
46.500 0.834459
46.900 0.837838
47.000 0.841216
47.400 0.844595
47.700 0.847973
48.600 0.851351
49.000 0.85473
49.300 0.858108
50.000 0.861486
50.200 0.864865
51.100 0.868243
51.200 0.871622
51.900 0.875
52.100 0.878378
52.300 0.881757
52.600 0.888514
52.600 0.888514
53.100 0.891892
54.200 0.89527
55.100 0.902027
55.100 0.902027
55.200 0.905405
55.900 0.908784
57.000 0.912162
57.500 0.915541
58.200 0.918919
60.000 0.922297
63.900 0.925676
73.700 0.929054
76.500 0.932432
79.000 0.935811
87.600 0.939189
106.600 0.942568
107.000 0.945946
107.600 0.949324
111.800 0.952703
147.600 0.956081
156.500 0.959459
206.400 0.962838
237.900 0.966216
295.800 0.969595
296.800 0.972973
327.400 0.976351
431.800 0.97973
444.900 0.983108
533.800 0.986486
594.100 0.989865
728.200 0.993243
983.700 0.996622
1115.300 1
