 0.0025974
0 0.00519481
.300 0.012987
.300 0.012987
.300 0.012987
.400 0.0155844
.700 0.0181818
.800 0.0207792
1.700 0.0233766
1.800 0.025974
1.900 0.0285714
2.100 0.0311688
2.200 0.038961
2.200 0.038961
2.200 0.038961
2.300 0.0441558
2.300 0.0441558
2.500 0.0467532
2.600 0.0571429
2.600 0.0571429
2.600 0.0571429
2.600 0.0571429
2.800 0.0597403
3.100 0.0623377
3.300 0.0649351
3.400 0.0675325
3.700 0.0701299
4.100 0.0753247
4.100 0.0753247
4.200 0.0831169
4.200 0.0831169
4.200 0.0831169
4.500 0.0883117
4.500 0.0883117
4.600 0.0909091
4.800 0.0987013
4.800 0.0987013
4.800 0.0987013
4.900 0.101299
5.000 0.106494
5.000 0.106494
5.100 0.109091
5.400 0.114286
5.400 0.114286
5.900 0.119481
5.900 0.119481
6.100 0.122078
6.300 0.127273
6.300 0.127273
6.500 0.12987
6.600 0.132468
6.700 0.135065
6.800 0.137662
7.700 0.142857
7.700 0.142857
7.900 0.148052
7.900 0.148052
8.100 0.153247
8.100 0.153247
8.200 0.155844
8.300 0.161039
8.300 0.161039
8.500 0.163636
9.000 0.166234
9.300 0.171429
9.300 0.171429
9.400 0.176623
9.400 0.176623
9.500 0.179221
9.900 0.181818
10.100 0.187013
10.100 0.187013
10.200 0.192208
10.200 0.192208
10.700 0.194805
11.000 0.197403
11.100 0.2
11.200 0.202597
11.300 0.205195
11.500 0.207792
11.700 0.21039
11.800 0.215584
11.800 0.215584
12.000 0.220779
12.000 0.220779
12.100 0.223377
12.200 0.225974
12.300 0.228571
12.500 0.231169
12.700 0.233766
13.300 0.236364
13.400 0.238961
13.600 0.241558
14.000 0.244156
14.200 0.246753
14.400 0.249351
14.700 0.251948
14.900 0.254545
15.000 0.257143
15.600 0.262338
15.600 0.262338
16.000 0.267532
16.000 0.267532
16.500 0.27013
16.600 0.272727
16.900 0.275325
17.300 0.277922
18.000 0.283117
18.000 0.283117
18.200 0.290909
18.200 0.290909
18.200 0.290909
18.300 0.296104
18.300 0.296104
18.700 0.298701
18.900 0.301299
19.000 0.309091
19.000 0.309091
19.000 0.309091
19.400 0.311688
19.700 0.314286
19.800 0.316883
19.900 0.319481
20.200 0.322078
20.300 0.324675
20.700 0.327273
20.800 0.332468
20.800 0.332468
20.900 0.335065
21.000 0.337662
21.400 0.34026
21.700 0.342857
22.000 0.353247
22.000 0.353247
22.000 0.353247
22.000 0.353247
22.100 0.355844
22.300 0.358442
22.700 0.363636
22.700 0.363636
23.300 0.366234
23.400 0.368831
23.600 0.371429
23.700 0.374026
23.800 0.376623
23.900 0.381818
23.900 0.381818
24.000 0.384416
24.400 0.387013
24.700 0.394805
24.700 0.394805
24.700 0.394805
24.800 0.397403
25.000 0.405195
25.000 0.405195
25.000 0.405195
25.200 0.407792
25.400 0.41039
26.200 0.415584
26.200 0.415584
26.300 0.418182
26.400 0.423377
26.400 0.423377
27.600 0.425974
27.900 0.428571
28.100 0.431169
28.200 0.433766
28.300 0.436364
28.400 0.438961
28.600 0.441558
28.700 0.444156
28.800 0.446753
29.000 0.449351
29.300 0.454545
29.300 0.454545
29.400 0.457143
29.500 0.45974
29.900 0.462338
30.300 0.464935
30.700 0.467532
31.100 0.472727
31.100 0.472727
31.300 0.475325
31.700 0.477922
32.200 0.480519
32.400 0.483117
32.600 0.485714
32.700 0.488312
32.800 0.490909
33.300 0.496104
33.300 0.496104
33.700 0.498701
34.200 0.501299
34.400 0.506494
34.400 0.506494
34.500 0.509091
34.900 0.511688
35.100 0.516883
35.100 0.516883
35.800 0.519481
35.900 0.522078
36.300 0.524675
36.500 0.527273
36.800 0.52987
37.600 0.532468
38.100 0.535065
38.600 0.542857
38.600 0.542857
38.600 0.542857
39.000 0.545455
39.200 0.548052
39.500 0.550649
39.800 0.553247
39.900 0.555844
40.100 0.558442
40.500 0.561039
40.600 0.563636
40.800 0.568831
40.800 0.568831
40.900 0.571429
41.000 0.574026
41.100 0.579221
41.100 0.579221
41.200 0.581818
41.500 0.584416
41.600 0.58961
41.600 0.58961
42.300 0.592208
42.800 0.594805
42.900 0.597403
43.000 0.6
43.400 0.602597
43.500 0.605195
43.800 0.607792
44.000 0.61039
44.200 0.612987
44.300 0.615584
44.400 0.618182
44.700 0.620779
45.000 0.623377
45.100 0.625974
45.200 0.628571
45.800 0.631169
46.200 0.636364
46.200 0.636364
46.300 0.638961
46.400 0.641558
46.500 0.644156
46.700 0.646753
47.000 0.651948
47.000 0.651948
47.400 0.654545
47.500 0.657143
47.800 0.65974
48.700 0.662338
49.100 0.664935
49.200 0.667532
49.300 0.67013
49.700 0.672727
50.300 0.675325
51.100 0.677922
51.200 0.680519
51.600 0.683117
52.100 0.685714
52.300 0.688312
52.600 0.693506
52.600 0.693506
53.500 0.696104
54.200 0.698701
55.100 0.701299
55.300 0.703896
57.600 0.706494
58.200 0.709091
59.600 0.711688
63.800 0.714286
64.200 0.716883
73.500 0.719481
78.700 0.722078
81.100 0.724675
87.300 0.727273
96.700 0.72987
105.900 0.732468
106.400 0.735065
111.400 0.737662
120.700 0.74026
126.800 0.742857
135.300 0.745455
143.100 0.748052
158.300 0.750649
170.800 0.753247
173.800 0.755844
177.000 0.758442
178.300 0.761039
198.600 0.763636
205.500 0.766234
234.000 0.768831
268.500 0.771429
345.900 0.774026
352.300 0.776623
376.600 0.779221
407.000 0.781818
492.200 0.784416
502.400 0.787013
541.600 0.78961
556.100 0.792208
767.000 0.794805
813.000 0.797403
881.100 0.8
1398.900 0.802597
1402.400 0.805195
1461.900 0.807792
1495.500 0.81039
1553.400 0.812987
1901.600 0.815584
2020.300 0.818182
2026.300 0.820779
2227.900 0.823377
2309.300 0.825974
2563.700 0.828571
3132.900 0.831169
3503.600 0.833766
3821.400 0.836364
4215.600 0.838961
5679.600 0.841558
6365.700 0.844156
6682.900 0.846753
7094.400 0.849351
7280.300 0.851948
8359.100 0.854545
8855.900 0.857143
8980.600 0.85974
9162.600 0.862338
12934.700 0.864935
13057.100 0.867532
13587.100 0.87013
13742.600 0.872727
22898.900 0.875325
23719.400 0.877922
30156.100 0.880519
33454.200 0.883117
35122.700 0.885714
56760.900 0.888312
63752.300 0.890909
90068.700 0.893506
104943.900 0.896104
118140.200 0.898701
122314.600 0.901299
187596.200 0.903896
206318.000 0.906494
207347.000 0.909091
251523.400 0.911688
411956.300 0.914286
551463.100 0.916883
618514.300 0.919481
630276.700 0.922078
785840.800 0.924675
869490.400 0.927273
1118023.100 0.92987
1123713.800 0.932468
1127965.300 0.935065
1169183.400 0.937662
1502253.500 0.94026
1730914.800 0.942857
3754626.400 0.945455
6420865.700 0.948052
6633545.700 0.950649
9715891.800 0.953247
10570588.500 0.955844
12131595.600 0.958442
12150507.500 0.961039
27521851.200 0.963636
41382691.600 0.966234
125530791.400 0.968831
137440497.000 0.971429
189012305.900 0.974026
357956937.900 0.976623
394135586.800 0.979221
622378581.000 0.981818
824177865.700 0.984416
1126009847.200 0.987013
5206348911.000 0.98961
5545545792.600 0.992208
27639751287.300 0.994805
170323894997.400 0.997403
444351046068.300 1
