.0183 0.0025974
.0223 0.00519481
.066 0.00779221
.069 0.0103896
.092 0.012987
.1513 0.0155844
.1667 0.0181818
.1833 0.0207792
.1957 0.0233766
.196 0.025974
.236 0.0285714
.2363 0.0311688
.292 0.0337662
.3453 0.0363636
.3873 0.038961
.4727 0.0415584
.516 0.0441558
.526 0.0467532
.5503 0.0493506
.602 0.0519481
.631 0.0545455
.6367 0.0571429
.645 0.0597403
.650 0.0623377
.6537 0.0649351
.707 0.0675325
.7253 0.0701299
.77833 0.0727273
.7793 0.0753247
.781 0.0779221
.7843 0.0805195
.79433 0.0831169
.810 0.0857143
.8117 0.0883117
.8857 0.0909091
.922 0.0935065
.9227 0.0961039
.946 0.0987013
.969 0.101299
.9693 0.103896
.9727 0.106494
.9887 0.109091
1.099 0.111688
1.1007 0.114286
1.1393 0.116883
1.339 0.119481
1.3607 0.122078
1.3787 0.124675
1.4333 0.127273
1.504 0.12987
1.675 0.132468
1.710 0.135065
1.719 0.137662
1.7327 0.14026
1.8577 0.142857
1.8727 0.145455
1.9003 0.148052
2.0577 0.150649
2.0637 0.153247
2.0783 0.155844
2.10867 0.158442
2.1123 0.161039
2.153 0.163636
2.2327 0.166234
2.2337 0.168831
2.264 0.171429
2.274 0.174026
2.311 0.176623
2.4993 0.179221
2.5213 0.181818
2.5827 0.184416
2.8503 0.187013
2.865 0.18961
2.9957 0.192208
3.1463 0.194805
3.150 0.197403
3.155 0.2
3.181 0.202597
3.205 0.205195
3.2097 0.207792
3.3083 0.21039
3.3393 0.212987
3.5013 0.215584
3.5273 0.218182
3.555 0.220779
3.6203 0.223377
3.621 0.225974
3.6367 0.228571
3.7333 0.231169
3.7953 0.233766
3.7957 0.236364
3.979 0.238961
4.0737 0.241558
4.090 0.244156
4.111 0.246753
4.1953 0.249351
4.2767 0.251948
4.475 0.254545
4.5133 0.257143
4.7257 0.25974
4.7543 0.262338
4.887 0.264935
4.9867 0.267532
5.003 0.27013
5.1543 0.272727
5.1917 0.275325
5.3873 0.277922
5.4263 0.280519
5.431 0.283117
5.473 0.285714
5.613 0.288312
5.7273 0.290909
5.8427 0.293506
5.8807 0.296104
5.9173 0.298701
6.032 0.301299
6.1217 0.303896
6.184 0.306494
6.2103 0.309091
6.4297 0.311688
6.5607 0.314286
6.7153 0.316883
6.7453 0.319481
6.777 0.322078
6.8213 0.324675
7.135 0.327273
7.1463 0.32987
7.2013 0.332468
7.2367 0.335065
7.2957 0.337662
7.442 0.34026
7.8907 0.342857
7.9347 0.345455
7.9937 0.348052
8.102 0.350649
8.153 0.353247
8.4567 0.355844
8.7947 0.358442
8.9667 0.361039
9.186 0.363636
9.6203 0.366234
9.771 0.368831
9.7847 0.371429
9.8447 0.374026
9.8623 0.376623
9.9523 0.379221
9.985 0.381818
10.0907 0.384416
10.4013 0.387013
10.4027 0.38961
10.919 0.392208
11.0597 0.394805
11.1867 0.397403
11.2207 0.4
11.254 0.402597
11.2863 0.405195
11.3427 0.407792
11.6767 0.41039
11.901 0.412987
11.9743 0.415584
12.0813 0.418182
12.1387 0.420779
12.282 0.423377
12.6707 0.425974
12.988 0.428571
13.0973 0.431169
13.331 0.433766
13.350 0.436364
13.369 0.438961
13.4483 0.441558
13.4847 0.444156
13.516 0.446753
13.946 0.449351
13.9947 0.451948
14.0857 0.454545
14.1623 0.457143
14.1727 0.45974
14.2107 0.462338
14.476 0.464935
14.6147 0.467532
14.659 0.47013
15.0273 0.472727
15.0743 0.475325
15.2403 0.477922
15.3693 0.480519
15.703 0.483117
15.7167 0.485714
15.8493 0.488312
16.069 0.490909
16.106 0.493506
16.2903 0.496104
16.3553 0.498701
16.5007 0.501299
16.7193 0.503896
16.722 0.506494
16.8647 0.509091
16.917 0.511688
16.9227 0.514286
16.9653 0.516883
17.0743 0.519481
17.3053 0.522078
17.5323 0.524675
17.7937 0.527273
17.7967 0.52987
17.8977 0.532468
18.3557 0.535065
18.390 0.537662
18.4877 0.54026
18.836 0.542857
19.092 0.545455
19.5247 0.548052
19.5373 0.550649
19.6287 0.553247
19.720 0.555844
20.2013 0.558442
20.343 0.561039
20.8837 0.563636
21.2253 0.566234
21.2457 0.568831
21.5593 0.571429
22.014 0.574026
22.097 0.576623
22.2457 0.579221
22.3343 0.581818
22.4737 0.584416
22.6717 0.587013
22.9503 0.58961
23.3567 0.592208
23.7953 0.594805
23.8077 0.597403
24.468 0.6
24.876 0.602597
24.914 0.605195
25.0213 0.607792
25.156 0.61039
25.516 0.612987
26.237 0.615584
26.238 0.618182
26.3277 0.620779
26.500 0.623377
27.6427 0.625974
28.146 0.628571
28.180 0.631169
28.264 0.633766
29.2717 0.636364
29.981 0.638961
30.5897 0.641558
30.593 0.644156
30.800 0.646753
31.2097 0.649351
32.215 0.651948
32.5597 0.654545
33.072 0.657143
33.231 0.65974
33.5017 0.662338
33.5353 0.664935
34.665 0.667532
35.584 0.67013
39.5087 0.672727
40.033 0.675325
40.915 0.677922
41.1387 0.680519
41.159 0.683117
43.2293 0.685714
45.893 0.688312
46.2003 0.690909
46.2017 0.693506
47.044 0.696104
47.606 0.698701
47.873 0.701299
48.540 0.703896
59.1293 0.706494
59.7557 0.709091
61.893 0.711688
63.846 0.714286
65.247 0.716883
65.267 0.719481
69.216 0.722078
70.9397 0.724675
77.237 0.727273
81.345 0.72987
85.2837 0.732468
93.447 0.735065
120.476 0.737662
121.284 0.74026
121.723 0.742857
125.210 0.745455
146.925 0.748052
153.4217 0.750649
155.800 0.753247
157.5373 0.755844
170.582 0.758442
178.954 0.761039
179.903 0.763636
181.011 0.766234
186.559 0.768831
233.815 0.771429
244.511 0.774026
278.293 0.776623
311.119 0.779221
313.455 0.781818
354.4857 0.784416
391.6527 0.787013
496.983 0.78961
517.237 0.792208
661.845 0.794805
712.7453 0.797403
715.781 0.8
868.495 0.802597
883.2443 0.805195
906.052 0.807792
951.638 0.81039
958.1407 0.812987
1545.7567 0.815584
1563.671 0.818182
2127.158 0.820779
2132.2233 0.823377
2337.4797 0.825974
2596.864 0.828571
2777.639 0.831169
3166.4857 0.833766
3318.588 0.836364
3497.733 0.838961
3655.950 0.841558
3885.172 0.844156
4388.9933 0.846753
4563.749 0.849351
5395.7763 0.851948
5656.5437 0.854545
7467.991 0.857143
8147.097 0.85974
8279.2647 0.862338
8730.854 0.864935
9840.824 0.867532
12727.503 0.87013
14313.5387 0.872727
18385.0587 0.875325
21436.5013 0.877922
21599.524 0.880519
25828.940 0.883117
28795.007 0.885714
45805.470 0.888312
50608.439 0.890909
79951.713 0.893506
86355.406 0.896104
91072.8757 0.898701
101733.156 0.901299
121430.1317 0.903896
121606.310 0.906494
150363.851 0.909091
205086.1253 0.911688
237227.251 0.914286
549997.9797 0.916883
558264.496 0.919481
622885.552 0.922078
811078.948 0.924675
936410.7857 0.927273
1079571.773 0.92987
1382583.846 0.932468
1444129.654 0.935065
1918442.823 0.937662
2028350.638 0.94026
4124380.5807 0.942857
4711747.171 0.945455
8683827.889 0.948052
11453529.329 0.950649
14905971.043 0.953247
18976165.019 0.955844
30081356.020 0.958442
42312207.071 0.961039
66692175.516 0.963636
107932159.530 0.966234
118626903.012 0.968831
309001209.766 0.971429
320240981.454 0.974026
565927729.615 0.976623
932745573.366 0.979221
1033020080.376 0.981818
1596310791.566 0.984416
1646468103.415 0.987013
13306417034.325 0.98961
21581373083.007 0.992208
85756979368.506 0.994805
158673059294.102 0.997403
559121149328.872 1
