1 
2 0
3 .200
4 .300
5 .300
6 .500
7 .700
8 .800
9 1.600
10 1.900
11 1.900
12 2.000
13 2.000
14 2.100
15 2.200
16 2.200
17 2.300
18 2.500
19 2.500
20 2.500
21 2.500
22 2.700
23 2.700
24 3.000
25 3.200
26 3.200
27 3.700
28 3.900
29 4.100
30 4.100
31 4.100
32 4.300
33 4.400
34 4.700
35 4.700
36 4.700
37 4.700
38 4.700
39 4.800
40 4.800
41 5.000
42 5.000
43 5.300
44 5.400
45 5.800
46 5.800
47 6.000
48 6.200
49 6.200
50 6.500
51 6.500
52 6.600
53 6.700
54 7.600
55 7.600
56 7.800
57 7.800
58 7.800
59 8.100
60 8.200
61 8.300
62 8.300
63 8.500
64 8.900
65 9.100
66 9.100
67 9.200
68 9.400
69 9.400
70 9.800
71 10.000
72 10.000
73 10.100
74 10.300
75 10.800
76 10.800
77 11.000
78 11.000
79 11.200
80 11.400
81 11.700
82 11.900
83 12.000
84 12.100
85 12.200
86 12.500
87 12.700
88 13.200
89 13.200
90 13.500
91 13.900
92 14.100
93 14.400
94 14.700
95 14.800
96 14.900
97 15.500
98 15.600
99 15.900
100 16.100
101 16.400
102 16.500
103 16.800
104 17.100
105 17.900
106 18.000
107 18.100
108 18.100
109 18.100
110 18.200
111 18.200
112 18.800
113 18.800
114 18.900
115 18.900
116 19.100
117 19.300
118 19.600
119 19.700
120 19.800
121 20.200
122 20.400
123 20.600
124 20.600
125 20.700
126 20.900
127 21.400
128 21.600
129 21.900
130 21.900
131 22.000
132 22.000
133 22.000
134 22.200
135 22.600
136 22.600
137 23.200
138 23.300
139 23.400
140 23.600
141 23.600
142 23.700
143 23.800
144 23.900
145 24.000
146 24.400
147 24.600
148 24.700
149 24.900
150 24.900
151 24.900
152 25.100
153 25.200
154 25.200
155 25.400
156 26.200
157 26.200
158 26.200
159 26.400
160 26.500
161 27.600
162 27.900
163 28.000
164 28.100
165 28.400
166 28.500
167 28.500
168 28.700
169 28.700
170 29.000
171 29.200
172 29.300
173 29.300
174 29.500
175 29.800
176 30.200
177 30.400
178 30.900
179 31.100
180 31.300
181 31.600
182 31.900
183 32.100
184 32.300
185 32.500
186 32.600
187 32.700
188 33.200
189 33.200
190 33.600
191 34.300
192 34.400
193 34.400
194 34.700
195 34.700
196 35.000
197 35.100
198 35.700
199 35.900
200 36.000
201 36.300
202 36.300
203 36.400
204 36.800
205 38.200
206 38.500
207 38.500
208 38.600
209 39.000
210 39.100
211 39.400
212 40.000
213 40.400
214 40.500
215 40.700
216 40.700
217 40.800
218 40.800
219 41.000
220 41.100
221 41.200
222 41.500
223 41.600
224 41.600
225 42.200
226 42.700
227 43.000
228 43.300
229 43.400
230 43.700
231 44.000
232 44.200
233 44.200
234 44.300
235 44.600
236 44.700
237 44.900
238 45.100
239 45.100
240 45.200
241 45.600
242 45.700
243 46.000
244 46.100
245 46.200
246 46.300
247 46.500
248 46.900
249 47.000
250 47.400
251 47.700
252 48.600
253 49.000
254 49.300
255 50.000
256 50.200
257 51.100
258 51.200
259 51.900
260 52.100
261 52.300
262 52.600
263 52.600
264 53.100
265 54.200
266 55.100
267 55.100
268 55.200
269 55.900
270 57.000
271 57.500
272 58.200
273 60.000
274 63.900
275 73.700
276 76.500
277 79.000
278 87.600
279 106.600
280 107.000
281 107.600
282 111.800
283 147.600
284 156.500
285 206.400
286 237.900
287 295.800
288 296.800
289 327.400
290 431.800
291 444.900
292 533.800
293 594.100
294 728.200
295 983.700
296 1115.300
