1 .0183
2 .0223
3 .066
4 .069
5 .092
6 .1513
7 .1667
8 .1833
9 .1957
10 .196
11 .236
12 .2363
13 .292
14 .3453
15 .3873
16 .4727
17 .516
18 .526
19 .5503
20 .602
21 .631
22 .6367
23 .645
24 .650
25 .6537
26 .707
27 .7253
28 .77833
29 .7793
30 .781
31 .7843
32 .79433
33 .810
34 .8117
35 .8857
36 .922
37 .9227
38 .946
39 .969
40 .9693
41 .9727
42 .9887
43 1.099
44 1.1007
45 1.1393
46 1.339
47 1.3607
48 1.3787
49 1.4333
50 1.504
51 1.675
52 1.710
53 1.719
54 1.7327
55 1.8577
56 1.8727
57 1.9003
58 2.0577
59 2.0637
60 2.0783
61 2.10867
62 2.1123
63 2.153
64 2.2327
65 2.2337
66 2.264
67 2.274
68 2.311
69 2.4993
70 2.5213
71 2.5827
72 2.8503
73 2.865
74 2.9957
75 3.1463
76 3.150
77 3.155
78 3.181
79 3.205
80 3.2097
81 3.3083
82 3.3393
83 3.5013
84 3.5273
85 3.555
86 3.6203
87 3.621
88 3.6367
89 3.7333
90 3.7953
91 3.7957
92 3.979
93 4.0737
94 4.090
95 4.111
96 4.1953
97 4.2767
98 4.475
99 4.5133
100 4.7257
101 4.7543
102 4.887
103 4.9867
104 5.003
105 5.1543
106 5.1917
107 5.3873
108 5.4263
109 5.431
110 5.473
111 5.613
112 5.7273
113 5.8427
114 5.8807
115 5.9173
116 6.032
117 6.1217
118 6.184
119 6.2103
120 6.4297
121 6.5607
122 6.7153
123 6.7453
124 6.777
125 6.8213
126 7.135
127 7.1463
128 7.2013
129 7.2367
130 7.2957
131 7.442
132 7.8907
133 7.9347
134 7.9937
135 8.102
136 8.153
137 8.4567
138 8.7947
139 8.9667
140 9.186
141 9.6203
142 9.771
143 9.7847
144 9.8447
145 9.8623
146 9.9523
147 9.985
148 10.0907
149 10.4013
150 10.4027
151 10.919
152 11.0597
153 11.1867
154 11.2207
155 11.254
156 11.2863
157 11.3427
158 11.6767
159 11.901
160 11.9743
161 12.0813
162 12.1387
163 12.282
164 12.6707
165 12.988
166 13.0973
167 13.331
168 13.350
169 13.369
170 13.4483
171 13.4847
172 13.516
173 13.946
174 13.9947
175 14.0857
176 14.1623
177 14.1727
178 14.2107
179 14.476
180 14.6147
181 14.659
182 15.0273
183 15.0743
184 15.2403
185 15.3693
186 15.703
187 15.7167
188 15.8493
189 16.069
190 16.106
191 16.2903
192 16.3553
193 16.5007
194 16.7193
195 16.722
196 16.8647
197 16.917
198 16.9227
199 16.9653
200 17.0743
201 17.3053
202 17.5323
203 17.7937
204 17.7967
205 17.8977
206 18.3557
207 18.390
208 18.4877
209 18.836
210 19.092
211 19.5247
212 19.5373
213 19.6287
214 19.720
215 20.2013
216 20.343
217 20.8837
218 21.2253
219 21.2457
220 21.5593
221 22.014
222 22.097
223 22.2457
224 22.3343
225 22.4737
226 22.6717
227 22.9503
228 23.3567
229 23.7953
230 23.8077
231 24.468
232 24.876
233 24.914
234 25.0213
235 25.156
236 25.516
237 26.237
238 26.238
239 26.3277
240 26.500
241 27.6427
242 28.146
243 28.180
244 28.264
245 29.2717
246 29.981
247 30.5897
248 30.593
249 30.800
250 31.2097
251 32.215
252 32.5597
253 33.072
254 33.231
255 33.5017
256 33.5353
257 34.665
258 35.584
259 39.5087
260 40.033
261 40.915
262 41.1387
263 41.159
264 43.2293
265 45.893
266 46.2003
267 46.2017
268 47.044
269 47.606
270 47.873
271 48.540
272 59.1293
273 59.7557
274 61.893
275 63.846
276 65.247
277 65.267
278 69.216
279 70.9397
280 77.237
281 81.345
282 85.2837
283 93.447
284 120.476
285 121.284
286 121.723
287 125.210
288 146.925
289 153.4217
290 155.800
291 157.5373
292 170.582
293 178.954
294 179.903
295 181.011
296 186.559
297 233.815
298 244.511
299 278.293
300 311.119
301 313.455
302 354.4857
303 391.6527
304 496.983
305 517.237
306 661.845
307 712.7453
308 715.781
309 868.495
310 883.2443
311 906.052
312 951.638
313 958.1407
314 1545.7567
315 1563.671
316 2127.158
317 2132.2233
318 2337.4797
319 2596.864
320 2777.639
321 3166.4857
322 3318.588
323 3497.733
324 3655.950
325 3885.172
326 4388.9933
327 4563.749
328 5395.7763
329 5656.5437
330 7467.991
331 8147.097
332 8279.2647
333 8730.854
334 9840.824
335 12727.503
336 14313.5387
337 18385.0587
338 21436.5013
339 21599.524
340 25828.940
341 28795.007
342 45805.470
343 50608.439
344 79951.713
345 86355.406
346 91072.8757
347 101733.156
348 121430.1317
349 121606.310
350 150363.851
351 205086.1253
352 237227.251
353 549997.9797
354 558264.496
355 622885.552
356 811078.948
357 936410.7857
358 1079571.773
359 1382583.846
360 1444129.654
361 1918442.823
362 2028350.638
363 4124380.5807
364 4711747.171
365 8683827.889
366 11453529.329
367 14905971.043
368 18976165.019
369 30081356.020
370 42312207.071
371 66692175.516
372 107932159.530
373 118626903.012
374 309001209.766
375 320240981.454
376 565927729.615
377 932745573.366
378 1033020080.376
379 1596310791.566
380 1646468103.415
381 13306417034.325
382 21581373083.007
383 85756979368.506
384 158673059294.102
385 559121149328.872
