1 
2 
3 .100
4 .100
5 .200
6 .200
7 .200
8 .300
9 .600
10 .600
11 .800
12 1.000
13 1.000
14 1.100
15 1.200
16 1.200
17 1.700
18 1.800
19 2.100
20 2.300
21 2.300
22 2.700
23 2.900
24 3.100
25 3.200
26 3.300
27 3.300
28 3.300
29 3.600
30 3.700
31 3.900
32 4.000
33 4.100
34 4.200
35 4.300
36 4.600
37 4.700
38 4.800
39 4.900
40 4.900
41 5.000
42 5.100
43 5.200
44 5.200
45 5.800
46 5.900
47 5.900
48 5.900
49 6.100
50 6.200
51 6.300
52 6.300
53 6.600
54 6.700
55 6.700
56 6.700
57 7.000
58 7.000
59 7.100
60 7.200
61 7.200
62 8.000
63 8.000
64 8.100
65 8.400
66 8.500
67 8.800
68 8.900
69 9.100
70 9.100
71 9.200
72 9.200
73 9.500
74 9.500
75 9.600
76 9.900
77 10.000
78 10.100
79 10.300
80 11.200
81 11.200
82 11.300
83 11.300
84 11.700
85 12.200
86 12.200
87 12.300
88 12.300
89 12.500
90 12.500
91 12.600
92 12.700
93 12.800
94 12.900
95 13.300
96 13.700
97 13.700
98 13.700
99 13.800
100 14.200
101 14.400
102 14.600
103 14.600
104 15.600
105 15.900
106 16.000
107 16.200
108 16.200
109 16.300
110 16.400
111 16.700
112 16.900
113 18.100
114 18.600
115 18.800
116 18.900
117 19.100
118 19.400
119 19.400
120 19.500
121 19.500
122 19.600
123 19.900
124 19.900
125 20.300
126 20.400
127 20.600
128 20.700
129 20.700
130 20.800
131 20.800
132 21.900
133 22.000
134 22.200
135 22.200
136 22.200
137 22.400
138 22.400
139 22.500
140 22.800
141 23.200
142 23.300
143 23.400
144 23.600
145 23.600
146 23.600
147 23.800
148 23.800
149 24.200
150 24.400
151 24.600
152 24.800
153 25.000
154 25.000
155 25.200
156 25.400
157 25.400
158 25.600
159 25.700
160 25.700
161 26.000
162 26.000
163 26.900
164 27.400
165 27.900
166 27.900
167 28.100
168 28.400
169 28.500
170 28.700
171 29.000
172 29.200
173 29.300
174 29.400
175 29.500
176 29.600
177 30.100
178 30.200
179 30.300
180 30.400
181 30.600
182 31.000
183 31.300
184 31.600
185 32.200
186 32.400
187 32.900
188 33.000
189 33.200
190 33.600
191 34.000
192 34.000
193 34.200
194 34.300
195 34.400
196 34.500
197 34.500
198 35.100
199 35.300
200 35.400
201 35.400
202 35.800
203 36.200
204 36.800
205 37.000
206 37.100
207 38.600
208 38.600
209 39.100
210 39.100
211 39.100
212 39.800
213 40.200
214 40.300
215 40.500
216 40.600
217 41.200
218 41.300
219 41.400
220 41.700
221 41.700
222 41.800
223 41.900
224 41.900
225 42.000
226 42.000
227 42.200
228 42.600
229 43.000
230 43.400
231 43.600
232 44.000
233 44.200
234 44.200
235 44.300
236 44.400
237 44.600
238 44.800
239 45.100
240 45.100
241 45.300
242 45.900
243 46.000
244 46.000
245 46.400
246 46.400
247 46.600
248 46.800
249 47.100
250 47.200
251 47.400
252 47.500
253 47.800
254 48.500
255 48.700
256 48.700
257 48.900
258 49.200
259 49.200
260 49.500
261 50.200
262 52.100
263 52.400
264 52.600
265 52.800
266 52.900
267 53.000
268 53.400
269 53.700
270 54.600
271 54.600
272 55.500
273 55.800
274 56.100
275 56.300
276 57.100
277 60.500
278 75.300
279 77.700
280 78.900
281 81.200
282 92.500
283 105.900
284 108.100
285 112.900
286 133.800
287 134.900
288 156.100
289 182.700
290 200.400
291 243.100
292 244.300
293 261.400
294 276.900
295 332.400
296 362.800
297 365.800
298 618.800
299 637.700
