1 
2 0
3 .300
4 .300
5 .300
6 .400
7 .700
8 .800
9 1.700
10 1.800
11 1.900
12 2.100
13 2.200
14 2.200
15 2.200
16 2.300
17 2.300
18 2.500
19 2.600
20 2.600
21 2.600
22 2.600
23 2.800
24 3.100
25 3.300
26 3.400
27 3.700
28 4.100
29 4.100
30 4.200
31 4.200
32 4.200
33 4.500
34 4.500
35 4.600
36 4.800
37 4.800
38 4.800
39 4.900
40 5.000
41 5.000
42 5.100
43 5.400
44 5.400
45 5.900
46 5.900
47 6.100
48 6.300
49 6.300
50 6.500
51 6.600
52 6.700
53 6.800
54 7.700
55 7.700
56 7.900
57 7.900
58 8.100
59 8.100
60 8.200
61 8.300
62 8.300
63 8.500
64 9.000
65 9.300
66 9.300
67 9.400
68 9.400
69 9.500
70 9.900
71 10.100
72 10.100
73 10.200
74 10.200
75 10.700
76 11.000
77 11.100
78 11.200
79 11.300
80 11.500
81 11.700
82 11.800
83 11.800
84 12.000
85 12.000
86 12.100
87 12.200
88 12.300
89 12.500
90 12.700
91 13.300
92 13.400
93 13.600
94 14.000
95 14.200
96 14.400
97 14.700
98 14.900
99 15.000
100 15.600
101 15.600
102 16.000
103 16.000
104 16.500
105 16.600
106 16.900
107 17.300
108 18.000
109 18.000
110 18.200
111 18.200
112 18.200
113 18.300
114 18.300
115 18.700
116 18.900
117 19.000
118 19.000
119 19.000
120 19.400
121 19.700
122 19.800
123 19.900
124 20.200
125 20.300
126 20.700
127 20.800
128 20.800
129 20.900
130 21.000
131 21.400
132 21.700
133 22.000
134 22.000
135 22.000
136 22.000
137 22.100
138 22.300
139 22.700
140 22.700
141 23.300
142 23.400
143 23.600
144 23.700
145 23.800
146 23.900
147 23.900
148 24.000
149 24.400
150 24.700
151 24.700
152 24.700
153 24.800
154 25.000
155 25.000
156 25.000
157 25.200
158 25.400
159 26.200
160 26.200
161 26.300
162 26.400
163 26.400
164 27.600
165 27.900
166 28.100
167 28.200
168 28.300
169 28.400
170 28.600
171 28.700
172 28.800
173 29.000
174 29.300
175 29.300
176 29.400
177 29.500
178 29.900
179 30.300
180 30.700
181 31.100
182 31.100
183 31.300
184 31.700
185 32.200
186 32.400
187 32.600
188 32.700
189 32.800
190 33.300
191 33.300
192 33.700
193 34.200
194 34.400
195 34.400
196 34.500
197 34.900
198 35.100
199 35.100
200 35.800
201 35.900
202 36.300
203 36.500
204 36.800
205 37.600
206 38.100
207 38.600
208 38.600
209 38.600
210 39.000
211 39.200
212 39.500
213 39.800
214 39.900
215 40.100
216 40.500
217 40.600
218 40.800
219 40.800
220 40.900
221 41.000
222 41.100
223 41.100
224 41.200
225 41.500
226 41.600
227 41.600
228 42.300
229 42.800
230 42.900
231 43.000
232 43.400
233 43.500
234 43.800
235 44.000
236 44.200
237 44.300
238 44.400
239 44.700
240 45.000
241 45.100
242 45.200
243 45.800
244 46.200
245 46.200
246 46.300
247 46.400
248 46.500
249 46.700
250 47.000
251 47.000
252 47.400
253 47.500
254 47.800
255 48.700
256 49.100
257 49.200
258 49.300
259 49.700
260 50.300
261 51.100
262 51.200
263 51.600
264 52.100
265 52.300
266 52.600
267 52.600
268 53.500
269 54.200
270 55.100
271 55.300
272 57.600
273 58.200
274 59.600
275 63.800
276 64.200
277 73.500
278 78.700
279 81.100
280 87.300
281 96.700
282 105.900
283 106.400
284 111.400
285 120.700
286 126.800
287 135.300
288 143.100
289 158.300
290 170.800
291 173.800
292 177.000
293 178.300
294 198.600
295 205.500
296 234.000
297 268.500
298 345.900
299 352.300
300 376.600
301 407.000
302 492.200
303 502.400
304 541.600
305 556.100
306 767.000
307 813.000
308 881.100
309 1398.900
310 1402.400
311 1461.900
312 1495.500
313 1553.400
314 1901.600
315 2020.300
316 2026.300
317 2227.900
318 2309.300
319 2563.700
320 3132.900
321 3503.600
322 3821.400
323 4215.600
324 5679.600
325 6365.700
326 6682.900
327 7094.400
328 7280.300
329 8359.100
330 8855.900
331 8980.600
332 9162.600
333 12934.700
334 13057.100
335 13587.100
336 13742.600
337 22898.900
338 23719.400
339 30156.100
340 33454.200
341 35122.700
342 56760.900
343 63752.300
344 90068.700
345 104943.900
346 118140.200
347 122314.600
348 187596.200
349 206318.000
350 207347.000
351 251523.400
352 411956.300
353 551463.100
354 618514.300
355 630276.700
356 785840.800
357 869490.400
358 1118023.100
359 1123713.800
360 1127965.300
361 1169183.400
362 1502253.500
363 1730914.800
364 3754626.400
365 6420865.700
366 6633545.700
367 9715891.800
368 10570588.500
369 12131595.600
370 12150507.500
371 27521851.200
372 41382691.600
373 125530791.400
374 137440497.000
375 189012305.900
376 357956937.900
377 394135586.800
378 622378581.000
379 824177865.700
380 1126009847.200
381 5206348911.000
382 5545545792.600
383 27639751287.300
384 170323894997.400
385 444351046068.300
