1 0
2 .100
3 .100
4 .100
5 .300
6 .300
7 .600
8 .700
9 .700
10 1.000
11 1.000
12 1.100
13 1.200
14 1.300
15 1.900
16 2.000
17 2.000
18 2.300
19 2.500
20 2.600
21 3.000
22 3.000
23 3.000
24 3.200
25 3.400
26 3.500
27 3.800
28 3.800
29 3.900
30 4.000
31 4.200
32 4.300
33 4.300
34 4.700
35 4.900
36 4.900
37 4.900
38 5.000
39 5.100
40 5.200
41 5.300
42 5.500
43 5.700
44 5.800
45 5.900
46 5.900
47 6.100
48 6.200
49 6.300
50 6.400
51 6.500
52 6.700
53 6.800
54 6.800
55 7.000
56 7.100
57 7.200
58 7.400
59 8.000
60 8.100
61 8.100
62 8.500
63 8.600
64 8.800
65 9.000
66 9.000
67 9.100
68 9.300
69 9.300
70 9.300
71 9.600
72 9.700
73 10.000
74 10.100
75 10.200
76 10.400
77 11.200
78 11.300
79 11.300
80 11.400
81 11.800
82 12.100
83 12.200
84 12.300
85 12.300
86 12.400
87 12.600
88 12.700
89 12.700
90 12.800
91 12.900
92 12.900
93 13.400
94 13.800
95 13.800
96 14.300
97 14.500
98 14.700
99 14.700
100 15.700
101 16.000
102 16.100
103 16.300
104 16.300
105 16.500
106 16.500
107 16.700
108 17.000
109 18.200
110 18.700
111 18.900
112 19.000
113 19.200
114 19.300
115 19.400
116 19.600
117 19.600
118 19.600
119 20.000
120 20.000
121 20.300
122 20.600
123 20.600
124 20.800
125 20.800
126 20.800
127 21.000
128 21.000
129 22.000
130 22.000
131 22.000
132 22.200
133 22.300
134 22.300
135 22.500
136 22.500
137 22.900
138 23.100
139 23.300
140 23.400
141 23.600
142 23.600
143 23.700
144 23.700
145 23.900
146 24.000
147 24.300
148 24.500
149 24.800
150 24.800
151 25.100
152 25.100
153 25.100
154 25.200
155 25.400
156 25.400
157 25.600
158 25.800
159 26.100
160 26.100
161 26.700
162 26.900
163 28.000
164 28.000
165 28.100
166 28.500
167 28.600
168 28.800
169 29.100
170 29.400
171 29.400
172 29.500
173 29.500
174 29.700
175 29.700
176 30.200
177 30.300
178 30.400
179 30.600
180 31.200
181 31.400
182 32.200
183 32.500
184 33.000
185 33.100
186 33.200
187 33.700
188 34.000
189 34.100
190 34.300
191 34.300
192 34.400
193 34.500
194 34.600
195 34.700
196 34.800
197 35.400
198 35.400
199 35.500
200 35.800
201 36.200
202 36.800
203 36.900
204 37.100
205 37.200
206 38.600
207 38.600
208 39.100
209 39.200
210 39.200
211 39.800
212 39.900
213 40.300
214 40.600
215 40.700
216 41.200
217 41.400
218 41.500
219 41.700
220 41.700
221 41.900
222 42.000
223 42.000
224 42.100
225 42.100
226 42.300
227 42.700
228 43.100
229 43.500
230 43.600
231 44.300
232 44.300
233 44.400
234 44.500
235 44.700
236 44.800
237 45.100
238 45.100
239 45.400
240 45.700
241 46.000
242 46.100
243 46.100
244 46.200
245 46.500
246 46.500
247 46.800
248 47.200
249 47.300
250 47.500
251 47.600
252 47.900
253 48.300
254 48.700
255 48.700
256 48.900
257 49.300
258 49.300
259 49.400
260 50.200
261 50.900
262 52.600
263 52.600
264 52.800
265 52.900
266 53.200
267 53.400
268 53.700
269 54.000
270 54.300
271 54.400
272 55.600
273 55.900
274 56.100
275 56.400
276 57.200
277 60.200
278 72.200
279 75.100
280 77.900
281 80.300
282 83.000
283 91.900
284 95.000
285 98.300
286 102.300
287 105.400
288 107.300
289 119.800
290 127.800
291 137.500
292 163.900
293 170.800
294 175.300
295 187.400
296 240.700
297 286.400
298 300.800
299 354.700
300 370.100
301 379.200
302 390.800
303 417.500
304 422.000
305 428.700
306 508.700
307 698.600
308 701.400
309 780.300
310 1071.800
311 1083.200
312 1323.500
313 1415.800
314 1588.500
315 1619.300
316 1708.600
317 1935.300
318 2098.800
319 2153.500
320 2451.400
321 3298.400
322 3581.100
323 3741.800
324 4010.600
325 5139.400
326 5436.100
327 6425.400
328 6656.100
329 6949.700
330 7019.500
331 8448.800
332 8749.000
333 11526.700
334 12366.600
335 13729.400
336 16506.100
337 23034.800
338 28852.000
339 31722.000
340 33556.500
341 36339.100
342 41790.800
343 61991.900
344 94557.300
345 94817.900
346 97727.500
347 106312.400
348 116787.700
349 148770.700
350 177013.100
351 201671.400
352 317398.500
353 433845.800
354 437378.400
355 553755.600
356 580806.800
357 601496.200
358 844613.900
359 883490.000
360 1099999.300
361 1406213.600
362 1522658.200
363 1817242.800
364 4774566.700
365 6328259.700
366 6768016.600
367 9203983.600
368 11844988.900
369 22091571.100
370 23976467.700
371 29429207.300
372 31904304.200
373 40492882.800
374 148252163.700
375 229180849.000
376 241314816.800
377 375577037.700
378 375751608.700
379 631105045.700
380 938532807.000
381 5269555089.500
382 8735417509.700
383 22954285040.500
384 55951570680.900
385 218509125108.900
