1 
2 .0573
3 .063
4 .0743
5 .0757
6 .0783
7 .1353
8 .173
9 .261
10 .2943
11 .326
12 .3843
13 .4357
14 .504
15 .5113
16 .5313
17 .551
18 .5603
19 .6127
20 .615
21 .626
22 .647
23 .651
24 .6863
25 .703
26 .747
27 .76033
28 .76333
29 .765
30 .847
31 .8567
32 .8697
33 .893
34 .8937
35 .8987
36 .901
37 .9313
38 .9533
39 .9703
40 .9817
41 .9857
42 .991
43 .9967
44 1.0517
45 1.052
46 1.1033
47 1.132
48 1.134
49 1.1947
50 1.271
51 1.3553
52 1.3947
53 1.4333
54 1.434
55 1.4707
56 1.481
57 1.651
58 1.9447
59 2.1207
60 2.12367
61 2.132
62 2.1633
63 2.180
64 2.2187
65 2.2367
66 2.2597
67 2.288
68 2.3167
69 2.3453
70 2.4883
71 2.727
72 2.796
73 3.0243
74 3.0333
75 3.0353
76 3.125
77 3.256
78 3.2647
79 3.3363
80 3.3437
81 3.4697
82 3.5383
83 3.587
84 3.6833
85 3.6963
86 3.8233
87 3.834
88 3.844
89 4.1313
90 4.3417
91 4.4023
92 4.429
93 4.497
94 4.625
95 4.666
96 4.7203
97 4.7293
98 4.9307
99 5.136
100 5.1463
101 5.3677
102 5.4023
103 5.4043
104 5.635
105 5.682
106 5.709
107 5.7133
108 5.888
109 5.9077
110 6.0847
111 6.2017
112 6.2537
113 6.2767
114 6.4493
115 6.4903
116 6.4957
117 6.6047
118 6.6813
119 6.8523
120 6.855
121 6.8727
122 6.9193
123 7.125
124 7.224
125 7.266
126 7.3537
127 7.3787
128 7.5117
129 7.560
130 7.5817
131 7.6473
132 7.7273
133 7.8127
134 7.8417
135 8.0587
136 8.142
137 8.1587
138 8.315
139 8.326
140 8.4527
141 8.887
142 9.2387
143 9.3507
144 9.4863
145 9.586
146 9.706
147 9.7653
148 9.8533
149 9.9967
150 10.2493
151 10.3727
152 10.3837
153 10.6247
154 10.9787
155 10.9997
156 11.000
157 11.2703
158 11.6687
159 11.7643
160 11.7767
161 11.9343
162 12.235
163 12.4393
164 12.5387
165 12.814
166 12.956
167 13.0423
168 13.0703
169 13.318
170 13.342
171 13.7627
172 13.8117
173 13.8803
174 14.007
175 14.075
176 14.1287
177 14.2317
178 14.256
179 14.660
180 14.7753
181 14.8403
182 14.8983
183 15.2163
184 15.5437
185 15.5487
186 15.688
187 15.7303
188 15.9053
189 15.970
190 16.073
191 16.2257
192 16.3697
193 16.4583
194 16.7363
195 16.7987
196 16.886
197 16.929
198 17.2467
199 17.5943
200 17.681
201 17.7877
202 17.795
203 17.8433
204 17.8867
205 17.948
206 18.0937
207 18.1177
208 18.6907
209 18.871
210 19.0503
211 19.2223
212 19.3823
213 19.440
214 19.4407
215 19.4547
216 19.929
217 20.0013
218 20.1723
219 20.2133
220 20.4847
221 20.613
222 20.9263
223 21.1733
224 21.3503
225 21.849
226 22.1317
227 22.3057
228 22.4947
229 22.6657
230 22.992
231 23.0813
232 23.3247
233 24.026
234 24.108
235 24.130
236 24.1573
237 24.533
238 24.6027
239 25.2177
240 25.992
241 26.161
242 26.417
243 27.566
244 27.716
245 28.507
246 28.9337
247 29.3423
248 29.4587
249 30.086
250 31.408
251 31.658
252 32.241
253 32.308
254 32.645
255 32.6803
256 34.1757
257 35.578
258 35.7227
259 37.7747
260 37.860
261 40.562
262 40.9337
263 45.451
264 49.077
265 49.977
266 50.454
267 53.056
268 61.190
269 63.534
270 66.547
271 69.919
272 73.3027
273 73.508
274 74.5757
275 79.804
276 81.410
277 85.406
278 88.1073
279 93.430
280 113.516
281 115.419
282 123.2817
283 127.741
284 137.407
285 178.463
286 191.565
287 256.060
288 341.973
289 353.070
290 361.630
291 411.6527
292 681.468
293 735.913
294 748.009
295 766.098
296 1362.117
