1 
2 
3 .0323
4 .0343
5 .046
6 .085
7 .098
8 .1293
9 .1493
10 .1577
11 .1937
12 .2153
13 .222
14 .257
15 .272
16 .3263
17 .477
18 .5193
19 .5237
20 .5383
21 .552
22 .586
23 .609
24 .6257
25 .634
26 .635
27 .6437
28 .687
29 .6933
30 .77033
31 .774
32 .77733
33 .7847
34 .786
35 .7953
36 .8213
37 .8767
38 .896
39 .9147
40 .940
41 .9417
42 .9473
43 .955
44 .9667
45 1.081
46 1.0937
47 1.0993
48 1.301
49 1.3167
50 1.3567
51 1.4223
52 1.492
53 1.527
54 1.698
55 1.702
56 1.7067
57 1.8827
58 1.9483
59 1.9497
60 2.0447
61 2.0553
62 2.0737
63 2.10067
64 2.137
65 2.1713
66 2.2167
67 2.2267
68 2.248
69 2.266
70 2.300
71 2.5143
72 2.5383
73 2.5617
74 2.827
75 2.8733
76 2.9697
77 3.1143
78 3.140
79 3.142
80 3.186
81 3.1987
82 3.221
83 3.2943
84 3.3173
85 3.4893
86 3.5143
87 3.5953
88 3.609
89 3.6097
90 3.645
91 3.7223
92 3.7773
93 3.7927
94 4.082
95 4.087
96 4.102
97 4.1623
98 4.2617
99 4.4113
100 4.489
101 4.7067
102 4.7463
103 4.9667
104 4.982
105 4.9827
106 5.1433
107 5.1647
108 5.3803
109 5.386
110 5.405
111 5.4203
112 5.440
113 5.540
114 5.8167
115 5.8653
116 5.8717
117 5.8903
118 5.985
119 6.1027
120 6.159
121 6.1783
122 6.3647
123 6.5497
124 6.6763
125 6.6883
126 6.755
127 6.7953
128 7.1023
129 7.129
130 7.1863
131 7.2267
132 7.2867
133 7.418
134 7.8777
135 7.8877
136 7.9577
137 8.091
138 8.135
139 8.4497
140 8.7757
141 8.9407
142 9.172
143 9.6003
144 9.735
145 9.7357
146 9.8493
147 9.9313
148 9.9437
149 9.956
150 10.0547
151 10.3823
152 10.3877
153 10.903
154 11.0447
155 11.1617
156 11.1787
157 11.232
158 11.2643
159 11.3137
160 11.6557
161 11.9363
162 11.978
163 12.0683
164 12.0687
165 12.256
166 12.6507
167 12.943
168 12.9783
169 13.290
170 13.306
171 13.309
172 13.4303
173 13.488
174 13.6327
175 13.841
176 13.9687
177 14.0527
178 14.1313
179 14.1607
180 14.1697
181 14.457
182 14.6057
183 14.649
184 15.0033
185 15.0373
186 15.1963
187 15.3473
188 15.661
189 15.6957
190 15.8203
191 16.055
192 16.100
193 16.2373
194 16.3143
195 16.4637
196 16.7103
197 16.8557
198 16.859
199 16.8937
200 17.0053
201 17.0603
202 17.1663
203 17.5003
204 17.7587
205 17.7817
206 17.8767
207 18.3507
208 18.382
209 18.4497
210 18.500
211 18.814
212 18.820
213 19.096
214 19.4947
215 19.5083
216 19.570
217 19.5797
218 19.955
219 20.1973
220 20.334
221 20.8617
222 21.1703
223 21.1877
224 21.5433
225 22.083
226 22.2447
227 22.303
228 22.3143
229 22.3887
230 22.6377
231 23.1083
232 23.3307
233 23.7323
234 23.7877
235 24.439
236 24.823
237 24.9943
238 25.090
239 25.322
240 25.460
241 26.184
242 26.3017
243 26.393
244 27.6187
245 28.122
246 28.134
247 28.228
248 29.2417
249 30.427
250 30.486
251 30.5317
252 30.691
253 31.3047
254 32.155
255 32.8437
256 33.119
257 33.1833
258 33.762
259 33.8107
260 33.923
261 34.582
262 35.512
263 38.245
264 38.645
265 39.9587
266 40.824
267 44.9503
268 46.5217
269 47.035
270 48.2723
271 48.426
272 48.440
273 56.4737
274 60.733
275 63.6583
276 63.792
277 65.594
278 69.581
279 81.617
280 85.8457
281 87.288
282 95.404
283 115.0407
284 118.431
285 121.016
286 138.207
287 164.0707
288 180.217
289 180.964
290 188.914
291 193.673
292 294.917
293 302.153
294 324.242
295 377.879
296 512.536
297 694.804
298 766.566
299 1193.003
