1 
2 .032
3 .0527
4 .0673
5 .0713
6 .1013
7 .1063
8 .189
9 .283
10 .3023
11 .333
12 .3773
13 .4547
14 .522
15 .5233
16 .5343
17 .5453
18 .554
19 .6247
20 .625
21 .632
22 .662
23 .6623
24 .677
25 .720
26 .764
27 .77133
28 .78633
29 .791
30 .8737
31 .8877
32 .8913
33 .901
34 .9067
35 .914
36 .914
37 .9317
38 .9753
39 .9863
40 1.001
41 1.0057
42 1.0137
43 1.0407
44 1.0503
45 1.0657
46 1.089
47 1.1687
48 1.170
49 1.176
50 1.297
51 1.3643
52 1.4197
53 1.449
54 1.4503
55 1.4967
56 1.506
57 1.664
58 1.9657
59 2.062
60 2.13567
61 2.1397
62 2.1403
63 2.1947
64 2.208
65 2.2657
66 2.2677
67 2.311
68 2.3267
69 2.3723
70 2.4943
71 2.761
72 2.835
73 3.0303
74 3.0483
75 3.0913
76 3.138
77 3.2807
78 3.286
79 3.3523
80 3.3597
81 3.4927
82 3.5403
83 3.608
84 3.6953
85 3.7033
86 3.782
87 3.8333
88 3.869
89 4.1463
90 4.3553
91 4.3607
92 4.464
93 4.521
94 4.538
95 4.687
96 4.7303
97 4.7533
98 4.9457
99 5.144
100 5.1543
101 5.3257
102 5.4123
103 5.4223
104 5.535
105 5.704
106 5.705
107 5.7423
108 5.9217
109 5.923
110 6.0947
111 6.2107
112 6.2847
113 6.2917
114 6.3313
115 6.422
116 6.5403
117 6.5497
118 6.6097
119 6.7153
120 6.880
121 6.9003
122 6.9553
123 6.9587
124 7.0457
125 7.240
126 7.310
127 7.3967
128 7.4037
129 7.5503
130 7.565
131 7.6357
132 7.6813
133 7.7057
134 7.7407
135 7.8187
136 8.1397
137 8.153
138 8.2037
139 8.343
140 8.347
141 8.4687
142 8.891
143 9.2867
144 9.4913
145 9.611
146 9.738
147 9.7773
148 9.8623
149 10.0297
150 10.2733
151 10.2957
152 10.3797
153 10.6307
154 11.0027
155 11.0227
156 11.029
157 11.2863
158 11.7387
159 11.7803
160 11.8107
161 11.9523
162 12.255
163 12.4653
164 12.5537
165 12.918
166 12.987
167 13.0913
168 13.0973
169 13.350
170 13.372
171 13.7787
172 13.8317
173 13.9003
174 14.083
175 14.111
176 14.1397
177 14.2787
178 14.284
179 14.671
180 14.7873
181 14.8643
182 15.0393
183 15.2403
184 15.2667
185 15.5527
186 15.588
187 15.7723
188 15.9233
189 15.974
190 16.096
191 16.174
192 16.2547
193 16.3787
194 16.5003
195 16.7583
196 16.8447
197 16.917
198 17.044
199 17.2777
200 17.459
201 17.535
202 17.541
203 17.582
204 17.6413
205 17.8267
206 17.8583
207 17.8977
208 17.980
209 18.1267
210 18.1597
211 18.7257
212 18.877
213 19.0183
214 19.0953
215 19.3103
216 19.4083
217 19.4937
218 19.5197
219 19.967
220 20.0783
221 20.2293
222 20.5497
223 20.636
224 20.9903
225 21.0073
226 21.3683
227 21.868
228 22.1557
229 22.3277
230 22.5087
231 22.7207
232 23.0993
233 23.121
234 23.3367
235 24.139
236 24.157
237 24.173
238 24.2057
239 24.2223
240 24.560
241 25.2337
242 25.252
243 26.089
244 26.263
245 26.516
246 27.644
247 28.868
248 28.9657
249 29.5247
250 30.2593
251 31.576
252 31.586
253 32.400
254 32.430
255 32.715
256 32.729
257 33.856
258 34.2077
259 35.607
260 35.6317
261 37.2713
262 37.3897
263 38.274
264 40.597
265 40.7127
266 45.530
267 49.198
268 49.333
269 49.892
270 49.962
271 53.147
272 64.152
273 66.630
274 69.671
275 73.0367
276 74.0937
277 74.3007
278 79.2263
279 79.625
280 81.176
281 86.230
282 91.727
283 97.9507
284 114.727
285 117.188
286 127.358
287 156.4313
288 165.596
289 169.643
290 177.479
291 183.1887
292 211.951
293 248.607
294 273.819
295 281.183
296 310.406
297 325.944
298 330.929
299 342.453
300 408.0697
301 436.2447
302 456.446
303 489.406
304 504.171
305 625.016
306 689.659
307 704.1933
308 727.9353
309 794.565
310 964.9047
311 1040.193
312 1238.173
313 1265.8437
314 1472.8187
315 1712.051
316 1803.387
317 2006.606
318 2227.7233
319 2875.046
320 2964.562
321 3014.6097
322 3430.106
323 4597.8073
324 4631.941
325 5338.4323
326 5888.076
327 5916.3737
328 7102.284
329 7945.4797
330 8206.663
331 8525.3337
332 9873.967
333 10412.595
334 11885.321
335 15764.278
336 17160.2773
337 18462.171
338 19243.1547
339 20533.356
340 26562.420
341 28864.086
342 34330.588
343 46329.6207
344 82030.136
345 83735.393
346 89900.5477
347 104596.227
348 159353.642
349 162521.1073
350 207226.290
351 517614.753
352 574707.110
353 576314.3287
354 591458.131
355 960217.7677
356 1022638.863
357 1398282.078
358 1428671.969
359 1537886.438
360 1892734.279
361 1962040.297
362 2496706.270
363 2898810.385
364 3243332.6667
365 9102750.549
366 12090553.011
367 13262071.806
368 15290441.756
369 18002823.527
370 23235766.433
371 62369744.130
372 110303909.172
373 242028367.618
374 339388691.305
375 466749844.207
376 888986055.424
377 1083561496.742
378 1574238159.205
379 1780314849.619
380 1975359075.083
381 12862597365.692
382 14003334958.247
383 103261834412.070
384 435824782519.456
385 1260135131545.207
