0.173462 0.00277008
0.289725 0.00554017
0.478604 0.00831025
0.525548 0.0110803
0.681721 0.0138504
0.683798 0.0166205
0.693379 0.0193906
0.714118 0.0221607
0.895441 0.0249307
0.947123 0.0277008
1.04301 0.0304709
1.0576 0.033241
1.12225 0.0360111
1.18685 0.0387812
1.40023 0.0415512
1.44435 0.0443213
1.46248 0.0470914
1.50913 0.0498615
1.51724 0.0526316
1.55187 0.0554017
1.55727 0.0581717
1.61691 0.0609418
1.65377 0.0637119
1.67963 0.066482
1.80322 0.0692521
1.82595 0.0720222
1.96758 0.0747922
2.00643 0.0775623
2.0172 0.0803324
2.04868 0.0831025
2.06277 0.0858726
2.08088 0.0886427
2.08358 0.0914127
2.15453 0.0941828
2.16468 0.0969529
2.16902 0.099723
2.21285 0.102493
2.24 0.105263
2.26103 0.108033
2.30901 0.110803
2.30962 0.113573
2.31822 0.116343
2.33917 0.119114
2.4313 0.121884
2.45595 0.124654
2.51321 0.127424
2.70565 0.130194
2.74425 0.132964
2.75936 0.135734
2.76805 0.138504
2.7964 0.141274
2.81897 0.144044
2.89274 0.146814
2.89914 0.149584
2.93339 0.152355
2.94535 0.155125
3.00778 0.157895
3.03434 0.160665
3.07627 0.163435
3.08791 0.166205
3.08963 0.168975
3.0975 0.171745
3.15636 0.174515
3.21445 0.177285
3.22892 0.180055
3.25055 0.182825
3.26282 0.185596
3.33544 0.188366
3.38561 0.191136
3.47162 0.193906
3.49768 0.196676
3.56336 0.199446
3.58704 0.202216
3.75508 0.204986
3.79485 0.207756
3.83734 0.210526
3.85683 0.213296
3.86168 0.216066
3.9359 0.218837
3.99677 0.221607
4.08717 0.224377
4.09382 0.227147
4.1915 0.229917
4.23398 0.232687
4.23495 0.235457
4.27865 0.238227
4.36773 0.240997
4.39184 0.243767
4.50998 0.246537
4.68676 0.249307
4.7523 0.252078
4.77351 0.254848
4.80952 0.257618
4.87892 0.260388
4.89467 0.263158
4.90808 0.265928
4.93135 0.268698
4.93397 0.271468
4.98757 0.274238
5.02798 0.277008
5.11823 0.279778
5.3049 0.282548
5.30973 0.285319
5.42683 0.288089
5.612 0.290859
5.61294 0.293629
5.70484 0.296399
5.72524 0.299169
5.81129 0.301939
6.03758 0.304709
6.07998 0.307479
6.12276 0.310249
6.14348 0.313019
6.30141 0.315789
6.6475 0.31856
6.68385 0.32133
6.88065 0.3241
6.9094 0.32687
6.96657 0.32964
7.2344 0.33241
7.26338 0.33518
7.26987 0.33795
7.29557 0.34072
7.58286 0.34349
7.61601 0.34626
7.63082 0.34903
7.66289 0.351801
8.10369 0.354571
8.19376 0.357341
8.31287 0.360111
8.40068 0.362881
8.49242 0.365651
8.49536 0.368421
8.59085 0.371191
8.67219 0.373961
8.74926 0.376731
8.87355 0.379501
8.98814 0.382271
9.0843 0.385042
9.11474 0.387812
9.18553 0.390582
9.20909 0.393352
9.23402 0.396122
9.27429 0.398892
9.30029 0.401662
9.31107 0.404432
9.39508 0.407202
9.43228 0.409972
9.6414 0.412742
9.68523 0.415512
9.78072 0.418283
9.87639 0.421053
10.0196 0.423823
10.1252 0.426593
10.2445 0.429363
10.279 0.432133
10.2913 0.434903
10.3239 0.437673
10.5497 0.440443
10.5736 0.443213
10.6248 0.445983
10.7823 0.448753
10.8249 0.451524
10.8535 0.454294
11.0641 0.457064
11.1148 0.459834
11.1286 0.462604
11.1495 0.465374
11.1592 0.468144
11.3633 0.470914
11.4363 0.473684
11.6617 0.476454
11.9804 0.479224
12.0987 0.481994
12.1005 0.484765
12.7087 0.487535
12.8445 0.490305
12.8511 0.493075
12.8575 0.495845
13.0586 0.498615
13.1295 0.501385
13.2156 0.504155
13.423 0.506925
13.4451 0.509695
13.54 0.512465
13.6039 0.515235
13.7169 0.518006
13.7495 0.520776
13.936 0.523546
14.0636 0.526316
14.1863 0.529086
14.2866 0.531856
14.6119 0.534626
14.7265 0.537396
14.9564 0.540166
15.0979 0.542936
15.1771 0.545706
15.2132 0.548476
15.2759 0.551247
15.662 0.554017
15.671 0.556787
15.6986 0.559557
15.7695 0.562327
16.0232 0.565097
16.108 0.567867
16.1943 0.570637
16.2084 0.573407
16.2423 0.576177
16.5328 0.578947
17.0413 0.581717
17.053 0.584488
17.1747 0.587258
17.3214 0.590028
17.4194 0.592798
17.505 0.595568
17.7109 0.598338
17.8437 0.601108
18.2175 0.603878
18.249 0.606648
18.2761 0.609418
18.6768 0.612188
18.934 0.614958
19.198 0.617729
19.6291 0.620499
19.6573 0.623269
19.7574 0.626039
19.79 0.628809
19.8038 0.631579
19.8188 0.634349
19.9208 0.637119
20.1859 0.639889
20.244 0.642659
20.3851 0.645429
20.3968 0.648199
20.4853 0.65097
21.0748 0.65374
21.2376 0.65651
21.4243 0.65928
21.474 0.66205
21.5703 0.66482
22.0178 0.66759
22.0473 0.67036
22.1084 0.67313
22.1542 0.6759
22.3188 0.67867
22.352 0.68144
22.3803 0.684211
22.466 0.686981
22.5906 0.689751
22.5959 0.692521
22.7779 0.695291
23.0187 0.698061
23.0621 0.700831
23.256 0.703601
23.259 0.706371
23.5759 0.709141
23.7756 0.711911
24.3507 0.714681
24.7887 0.717452
24.9756 0.720222
25.1847 0.722992
25.3911 0.725762
25.7632 0.728532
25.7662 0.731302
25.8936 0.734072
25.9343 0.736842
26.039 0.739612
26.1228 0.742382
26.2132 0.745152
26.5113 0.747922
26.6045 0.750693
26.7485 0.753463
27.2167 0.756233
27.3148 0.759003
27.491 0.761773
27.5117 0.764543
27.8786 0.767313
27.9404 0.770083
28.054 0.772853
28.3483 0.775623
28.4742 0.778393
28.8912 0.781163
28.9582 0.783934
28.9697 0.786704
29.166 0.789474
29.2344 0.792244
29.2597 0.795014
29.2934 0.797784
29.4506 0.800554
29.8973 0.803324
29.9411 0.806094
30.031 0.808864
30.1464 0.811634
31.1719 0.814404
31.2146 0.817175
31.4017 0.819945
31.5336 0.822715
31.7084 0.825485
32.0199 0.828255
32.2154 0.831025
32.6027 0.833795
32.7063 0.836565
32.974 0.839335
33.0478 0.842105
33.0651 0.844875
33.1146 0.847645
33.1711 0.850416
33.3326 0.853186
33.5454 0.855956
33.7315 0.858726
33.9475 0.861496
34.5678 0.864266
34.9287 0.867036
34.9307 0.869806
35.4392 0.872576
35.488 0.875346
35.6894 0.878116
36.3308 0.880886
36.4109 0.883657
36.7049 0.886427
37.6071 0.889197
39.014 0.891967
39.0736 0.894737
39.2177 0.897507
39.5685 0.900277
40.2503 0.903047
40.6788 0.905817
40.691 0.908587
40.7632 0.911357
40.82 0.914127
40.8514 0.916898
40.9093 0.919668
41.0164 0.922438
41.1976 0.925208
41.589 0.927978
41.6006 0.930748
41.6602 0.933518
41.8801 0.936288
41.9401 0.939058
42.3652 0.941828
43.5526 0.944598
43.9763 0.947368
44.6544 0.950139
45.0044 0.952909
47.8187 0.955679
47.8359 0.958449
48.4292 0.961219
48.6032 0.963989
49.4627 0.966759
50.5808 0.969529
52.5538 0.972299
52.6398 0.975069
54.2291 0.977839
54.2369 0.980609
63.6994 0.98338
64.0478 0.98615
73.0445 0.98892
78.6627 0.99169
81.8445 0.99446
91.5244 0.99723
113.375 1
