0 0.0138504
0 0.0138504
0 0.0138504
0 0.0138504
0 0.0138504
.100 0.0193906
.100 0.0193906
.200 0.0221607
.300 0.0304709
.300 0.0304709
.300 0.0304709
.400 0.0470914
.400 0.0470914
.400 0.0470914
.400 0.0470914
.400 0.0470914
.400 0.0470914
.500 0.0609418
.500 0.0609418
.500 0.0609418
.500 0.0609418
.500 0.0609418
.600 0.0720222
.600 0.0720222
.600 0.0720222
.600 0.0720222
.700 0.0831025
.700 0.0831025
.700 0.0831025
.700 0.0831025
.800 0.0914127
.800 0.0914127
.800 0.0914127
.900 0.0941828
1.000 0.099723
1.000 0.099723
1.100 0.102493
1.200 0.113573
1.200 0.113573
1.200 0.113573
1.200 0.113573
1.300 0.124654
1.300 0.124654
1.300 0.124654
1.300 0.124654
1.400 0.135734
1.400 0.135734
1.400 0.135734
1.400 0.135734
1.500 0.141274
1.500 0.141274
1.600 0.152355
1.600 0.152355
1.600 0.152355
1.600 0.152355
1.700 0.163435
1.700 0.163435
1.700 0.163435
1.700 0.163435
1.800 0.166205
1.900 0.174515
1.900 0.174515
1.900 0.174515
2.000 0.188366
2.000 0.188366
2.000 0.188366
2.000 0.188366
2.000 0.188366
2.200 0.193906
2.200 0.193906
2.300 0.207756
2.300 0.207756
2.300 0.207756
2.300 0.207756
2.300 0.207756
2.400 0.213296
2.400 0.213296
2.500 0.221607
2.500 0.221607
2.500 0.221607
2.600 0.232687
2.600 0.232687
2.600 0.232687
2.600 0.232687
2.700 0.240997
2.700 0.240997
2.700 0.240997
2.800 0.246537
2.800 0.246537
3.000 0.249307
3.100 0.254848
3.100 0.254848
3.200 0.260388
3.200 0.260388
3.300 0.263158
3.400 0.268698
3.400 0.268698
3.500 0.271468
3.600 0.279778
3.600 0.279778
3.600 0.279778
3.700 0.290859
3.700 0.290859
3.700 0.290859
3.700 0.290859
3.900 0.299169
3.900 0.299169
3.900 0.299169
4.000 0.304709
4.000 0.304709
4.100 0.313019
4.100 0.313019
4.100 0.313019
4.200 0.31856
4.200 0.31856
4.300 0.3241
4.300 0.3241
4.400 0.33241
4.400 0.33241
4.400 0.33241
4.600 0.33518
4.700 0.33795
4.900 0.34072
5.000 0.34626
5.000 0.34626
5.100 0.354571
5.100 0.354571
5.100 0.354571
5.200 0.357341
5.300 0.360111
5.400 0.362881
5.500 0.373961
5.500 0.373961
5.500 0.373961
5.500 0.373961
5.600 0.376731
5.900 0.379501
6.000 0.385042
6.000 0.385042
6.100 0.390582
6.100 0.390582
6.300 0.393352
6.600 0.396122
6.700 0.407202
6.700 0.407202
6.700 0.407202
6.700 0.407202
6.800 0.409972
6.900 0.412742
7.000 0.418283
7.000 0.418283
7.100 0.421053
7.200 0.423823
7.400 0.426593
7.700 0.429363
7.800 0.432133
7.900 0.437673
7.900 0.437673
8.200 0.440443
8.400 0.448753
8.400 0.448753
8.400 0.448753
8.500 0.454294
8.500 0.454294
8.600 0.457064
8.800 0.459834
8.900 0.468144
8.900 0.468144
8.900 0.468144
9.000 0.473684
9.000 0.473684
9.200 0.479224
9.200 0.479224
9.400 0.481994
9.500 0.487535
9.500 0.487535
9.600 0.493075
9.600 0.493075
9.700 0.495845
9.900 0.498615
10.000 0.501385
10.200 0.512465
10.200 0.512465
10.200 0.512465
10.200 0.512465
10.400 0.529086
10.400 0.529086
10.400 0.529086
10.400 0.529086
10.400 0.529086
10.400 0.529086
10.600 0.531856
11.000 0.537396
11.000 0.537396
11.200 0.542936
11.200 0.542936
11.600 0.548476
11.600 0.548476
12.000 0.551247
12.100 0.554017
12.200 0.556787
12.300 0.562327
12.300 0.562327
12.400 0.565097
12.500 0.567867
12.700 0.573407
12.700 0.573407
12.800 0.576177
12.900 0.578947
13.000 0.581717
13.300 0.590028
13.300 0.590028
13.300 0.590028
13.400 0.592798
13.500 0.603878
13.500 0.603878
13.500 0.603878
13.500 0.603878
13.900 0.606648
14.000 0.612188
14.000 0.612188
14.200 0.617729
14.200 0.617729
14.400 0.620499
14.700 0.623269
15.000 0.628809
15.000 0.628809
15.100 0.631579
15.200 0.637119
15.200 0.637119
15.300 0.639889
15.400 0.642659
15.500 0.645429
15.700 0.648199
16.100 0.65374
16.100 0.65374
16.900 0.65651
17.000 0.65928
17.100 0.66205
17.600 0.66482
17.700 0.66759
17.800 0.67036
17.900 0.67313
18.000 0.67867
18.000 0.67867
18.600 0.68144
19.200 0.684211
19.400 0.689751
19.400 0.689751
19.700 0.692521
20.200 0.695291
20.400 0.698061
20.500 0.700831
20.700 0.703601
20.800 0.706371
20.900 0.709141
21.100 0.714681
21.100 0.714681
21.200 0.717452
21.600 0.720222
22.300 0.725762
22.300 0.725762
22.400 0.728532
22.700 0.731302
22.800 0.734072
23.200 0.736842
23.300 0.742382
23.300 0.742382
24.000 0.745152
24.500 0.750693
24.500 0.750693
24.800 0.753463
24.900 0.756233
25.000 0.759003
25.500 0.761773
26.200 0.764543
26.500 0.767313
26.800 0.770083
26.900 0.772853
27.400 0.775623
27.700 0.778393
27.900 0.783934
27.900 0.783934
28.100 0.786704
28.300 0.789474
28.600 0.792244
28.900 0.795014
29.200 0.797784
29.800 0.803324
29.800 0.803324
29.900 0.808864
29.900 0.808864
30.000 0.814404
30.000 0.814404
30.100 0.817175
30.300 0.822715
30.300 0.822715
30.500 0.825485
30.900 0.828255
31.000 0.831025
31.300 0.833795
31.600 0.839335
31.600 0.839335
31.800 0.842105
31.900 0.847645
31.900 0.847645
32.000 0.850416
32.400 0.855956
32.400 0.855956
33.100 0.858726
33.400 0.861496
33.600 0.864266
33.700 0.867036
33.900 0.869806
34.500 0.872576
34.700 0.875346
34.800 0.878116
35.200 0.883657
35.200 0.883657
35.600 0.886427
35.800 0.889197
36.300 0.891967
38.000 0.894737
38.100 0.897507
39.200 0.900277
39.300 0.905817
39.300 0.905817
39.400 0.908587
39.700 0.911357
39.800 0.914127
40.100 0.916898
40.200 0.919668
40.600 0.922438
40.900 0.925208
41.100 0.927978
41.200 0.930748
41.500 0.933518
42.400 0.936288
43.500 0.939058
44.400 0.941828
44.500 0.944598
44.600 0.947368
45.100 0.950139
45.200 0.952909
46.800 0.955679
47.400 0.958449
47.800 0.961219
49.700 0.963989
50.300 0.966759
52.700 0.972299
52.700 0.972299
53.200 0.977839
53.200 0.977839
55.000 0.980609
65.300 0.98338
66.200 0.98615
75.400 0.98892
80.100 0.99169
83.800 0.99446
93.100 0.99723
115.100 1
