.863 0.00277008
1.4738 0.00554017
1.8650 0.00831025
2.125 0.0110803
2.6888 0.0138504
3.025 0.0166205
4.6350 0.0193906
5.1263 0.0221607
6.100 0.0249307
7.125 0.0277008
7.237 0.0304709
10.000 0.033241
10.450 0.0360111
10.8150 0.0387812
11.0888 0.0415512
11.4575 0.0443213
12.750 0.0470914
13.200 0.0498615
13.4350 0.0526316
13.500 0.0554017
14.0737 0.0581717
14.5012 0.0609418
14.687 0.0637119
15.000 0.066482
15.600 0.0692521
15.950 0.0720222
16.200 0.0747922
16.750 0.0775623
17.050 0.0803324
17.550 0.0831025
17.6025 0.0858726
18.8942 0.0886427
19.0650 0.0914127
20.075 0.0941828
20.5350 0.0969529
20.775 0.099723
22.2062 0.102493
22.6433 0.105263
22.662 0.108033
22.900 0.110803
23.150 0.113573
23.3650 0.116343
24.1238 0.119114
24.700 0.121884
24.9225 0.124654
24.975 0.127424
25.5150 0.130194
27.075 0.132964
28.025 0.135734
29.075 0.138504
29.475 0.141274
29.987 0.144044
30.2825 0.146814
30.6975 0.149584
31.7312 0.152355
31.9567 0.155125
32.0350 0.157895
32.375 0.160665
35.2367 0.163435
35.5850 0.166205
38.300 0.168975
38.850 0.171745
39.025 0.174515
39.2150 0.177285
39.462 0.180055
39.762 0.182825
40.375 0.185596
41.063 0.188366
42.7387 0.191136
43.3275 0.193906
45.3312 0.196676
45.813 0.199446
47.325 0.202216
48.925 0.204986
50.175 0.207756
51.4150 0.210526
52.1150 0.213296
52.5350 0.216066
52.6238 0.218837
52.950 0.221607
53.600 0.224377
55.9275 0.227147
55.97475 0.229917
56.2617 0.232687
56.5237 0.235457
57.350 0.238227
57.9817 0.240997
61.2242 0.243767
61.9650 0.246537
61.987 0.249307
62.8275 0.252078
63.6688 0.254848
64.025 0.257618
64.1825 0.260388
64.3737 0.263158
64.51637 0.265928
64.550 0.268698
64.8937 0.271468
65.1612 0.274238
65.650 0.277008
67.050 0.279778
67.0512 0.282548
67.4650 0.285319
67.800 0.288089
68.962 0.290859
69.1075 0.293629
69.200 0.296399
70.4812 0.299169
71.7237 0.301939
72.475 0.304709
73.1762 0.307479
73.8237 0.310249
74.050 0.313019
74.1687 0.315789
75.4562 0.31856
77.825 0.32133
79.250 0.3241
79.375 0.32687
80.812 0.32964
81.1350 0.33241
82.263 0.33518
84.075 0.33795
84.100 0.34072
84.437 0.34349
85.6850 0.34626
86.187 0.34903
86.5117 0.351801
89.737 0.354571
92.72112 0.357341
94.2067 0.360111
94.5850 0.362881
98.8675 0.365651
99.2062 0.368421
107.0187 0.371191
109.375 0.373961
111.3175 0.376731
113.512 0.379501
113.625 0.382271
115.200 0.385042
117.5737 0.387812
119.250 0.390582
119.287 0.393352
120.3862 0.396122
121.1850 0.398892
122.0475 0.401662
122.2383 0.404432
122.763 0.407202
123.975 0.409972
126.500 0.412742
129.225 0.415512
132.200 0.418283
133.9187 0.421053
135.7350 0.423823
138.1725 0.426593
140.5237 0.429363
142.4025 0.432133
144.9150 0.434903
152.2350 0.437673
158.7350 0.440443
159.1767 0.443213
160.0725 0.445983
160.9233 0.448753
161.525 0.451524
166.7062 0.454294
167.4112 0.457064
168.5437 0.459834
169.000 0.462604
170.900 0.465374
173.250 0.468144
179.9362 0.470914
180.4512 0.473684
182.325 0.476454
188.912 0.479224
193.4012 0.481994
196.4887 0.484765
203.4862 0.487535
204.7725 0.490305
210.063 0.493075
218.813 0.495845
226.1437 0.498615
231.487 0.501385
232.850 0.504155
239.0767 0.506925
239.263 0.509695
242.188 0.512465
247.750 0.515235
257.0512 0.518006
259.825 0.520776
266.3942 0.523546
266.6387 0.526316
267.000 0.529086
267.6362 0.531856
273.2475 0.534626
273.825 0.537396
291.8567 0.540166
300.5887 0.542936
303.2142 0.545706
304.150 0.548476
311.2725 0.551247
317.8312 0.554017
325.000 0.556787
327.6112 0.559557
327.625 0.562327
331.2650 0.565097
332.500 0.567867
341.3675 0.570637
342.7988 0.573407
343.387 0.576177
347.2067 0.578947
350.950 0.581717
352.2687 0.584488
356.600 0.587258
357.0112 0.590028
358.575 0.592798
358.5975 0.595568
360.2112 0.598338
364.512 0.601108
365.550 0.603878
372.225 0.606648
373.800 0.609418
380.5442 0.612188
382.825 0.614958
384.750 0.617729
387.625 0.620499
388.4475 0.623269
392.925 0.626039
402.600 0.628809
403.125 0.631579
405.450 0.634349
405.5442 0.637119
406.5975 0.639889
406.800 0.642659
408.862 0.645429
409.2925 0.648199
417.600 0.65097
419.250 0.65374
421.0825 0.65651
427.200 0.65928
431.4525 0.66205
432.750 0.66482
439.6687 0.66759
441.1062 0.67036
441.7275 0.67313
441.8733 0.6759
442.5225 0.67867
443.888 0.68144
446.750 0.684211
450.737 0.686981
451.2112 0.689751
454.362 0.692521
465.175 0.695291
465.5617 0.698061
466.6350 0.700831
468.3317 0.703601
481.700 0.706371
485.013 0.709141
485.1692 0.711911
488.1525 0.714681
491.100 0.717452
501.375 0.720222
503.7642 0.722992
514.2692 0.725762
517.325 0.728532
525.3767 0.731302
530.575 0.734072
533.363 0.736842
542.1850 0.739612
542.6062 0.742382
547.2312 0.745152
554.800 0.747922
554.9325 0.750693
556.3963 0.753463
556.650 0.756233
576.0812 0.759003
577.7513 0.761773
586.7492 0.764543
587.125 0.767313
592.800 0.770083
599.750 0.772853
612.6150 0.775623
615.0437 0.778393
618.675 0.781163
628.7150 0.783934
636.6225 0.786704
648.1350 0.789474
668.587 0.792244
677.863 0.795014
681.100 0.797784
681.225 0.800554
711.138 0.803324
715.313 0.806094
717.2637 0.808864
719.550 0.811634
733.875 0.814404
739.0867 0.817175
746.400 0.819945
747.337 0.822715
751.8150 0.825485
752.7675 0.828255
757.0767 0.831025
781.463 0.833795
800.4638 0.836565
801.3525 0.839335
806.525 0.842105
839.8512 0.844875
845.9738 0.847645
879.413 0.850416
894.950 0.853186
896.0025 0.855956
909.1862 0.858726
915.8775 0.861496
916.7133 0.864266
925.9567 0.867036
930.3525 0.869806
942.150 0.872576
944.825 0.875346
945.0225 0.878116
946.225 0.880886
948.3225 0.883657
956.0475 0.886427
970.9275 0.889197
971.9025 0.891967
988.675 0.894737
992.787 0.897507
996.000 0.900277
1032.0258 0.903047
1039.088 0.905817
1044.437 0.908587
1062.9237 0.911357
1063.0637 0.914127
1063.125 0.916898
1066.6862 0.919668
1073.2942 0.922438
1090.8175 0.925208
1098.438 0.927978
1107.6012 0.930748
1133.4487 0.933518
1172.063 0.936288
1172.8237 0.939058
1209.163 0.941828
1209.3637 0.944598
1211.850 0.947368
1223.938 0.950139
1239.4642 0.952909
1250.1737 0.955679
1273.5525 0.958449
1299.425 0.961219
1320.650 0.963989
1367.0175 0.966759
1372.675 0.969529
1401.1575 0.972299
1417.7138 0.975069
1438.312 0.977839
1455.3850 0.980609
1481.650 0.98338
1495.350 0.98615
1531.375 0.98892
1562.2275 0.99169
1639.3567 0.99446
1644.200 0.99723
1821.225 1
