.023 0.00277008
.0373 0.00554017
.0393 0.00831025
.0717 0.0110803
.0927 0.0138504
.122 0.0166205
.1367 0.0193906
.170 0.0221607
.193 0.0249307
.200 0.0277008
.209 0.0304709
.2163 0.033241
.234 0.0360111
.2347 0.0387812
.240 0.0415512
.242 0.0443213
.255 0.0470914
.259 0.0498615
.2687 0.0526316
.277 0.0554017
.2957 0.0581717
.3023 0.0609418
.3323 0.0637119
.333 0.066482
.335 0.0692521
.341 0.0720222
.3553 0.0747922
.360 0.0775623
.3623 0.0803324
.3753 0.0831025
.3813 0.0858726
.3867 0.0886427
.393 0.0914127
.4027 0.0941828
.4093 0.0969529
.4107 0.099723
.416 0.102493
.451 0.105263
.458 0.108033
.4583 0.110803
.4673 0.113573
.5077 0.116343
.5103 0.119114
.5113 0.121884
.528 0.124654
.570 0.127424
.5777 0.130194
.631 0.132964
.638 0.135734
.6407 0.138504
.6433 0.141274
.657 0.144044
.669 0.146814
.6997 0.149584
.706 0.152355
.7117 0.155125
.7253 0.157895
.733 0.160665
.7357 0.163435
.73733 0.166205
.7447 0.168975
.7457 0.171745
.74633 0.174515
.7663 0.177285
.7843 0.180055
.8197 0.182825
.8363 0.185596
.8377 0.188366
.8437 0.191136
.904 0.193906
.926 0.196676
.9277 0.199446
.985 0.202216
.988 0.204986
.9887 0.207756
1.0187 0.210526
1.0283 0.213296
1.0383 0.216066
1.0423 0.218837
1.0507 0.221607
1.05967 0.224377
1.072 0.227147
1.083 0.229917
1.121 0.235457
1.121 0.235457
1.1277 0.238227
1.1397 0.240997
1.163 0.243767
1.175 0.246537
1.1867 0.249307
1.2073 0.252078
1.2113 0.254848
1.2393 0.257618
1.270 0.260388
1.293 0.263158
1.296 0.265928
1.341 0.268698
1.3437 0.271468
1.3493 0.274238
1.384 0.277008
1.403 0.279778
1.4033 0.282548
1.5003 0.285319
1.5073 0.290859
1.5073 0.290859
1.532 0.293629
1.536 0.296399
1.554 0.299169
1.561 0.301939
1.5873 0.304709
1.606 0.307479
1.615 0.310249
1.6227 0.313019
1.6273 0.315789
1.682 0.31856
1.7123 0.32133
1.7137 0.3241
1.750 0.32687
1.839 0.32964
1.8423 0.33241
1.8917 0.33518
1.8987 0.33795
2.0623 0.34072
2.1343 0.34349
2.1427 0.34626
2.159 0.34903
2.2103 0.351801
2.294 0.354571
2.399 0.357341
2.4237 0.360111
2.5673 0.362881
2.582 0.365651
2.590 0.368421
2.626 0.371191
2.6673 0.373961
2.6967 0.376731
2.7147 0.379501
2.7303 0.382271
2.7323 0.385042
2.7643 0.387812
2.8983 0.390582
2.899 0.393352
2.962 0.396122
3.027 0.398892
3.030 0.401662
3.0447 0.404432
3.0473 0.407202
3.0587 0.409972
3.113 0.412742
3.170 0.415512
3.1747 0.418283
3.181 0.423823
3.181 0.423823
3.2103 0.426593
3.2597 0.429363
3.361 0.432133
3.418 0.434903
3.4353 0.437673
3.4653 0.440443
3.476 0.443213
3.501 0.445983
3.6183 0.448753
3.6433 0.451524
3.7473 0.454294
3.875 0.457064
3.914 0.459834
3.9547 0.462604
4.1167 0.465374
4.1503 0.468144
4.2447 0.470914
4.2623 0.473684
4.2913 0.476454
4.4527 0.479224
4.4643 0.481994
4.657 0.484765
4.6697 0.487535
4.7813 0.490305
4.7983 0.493075
4.862 0.495845
4.955 0.498615
4.959 0.504155
4.959 0.504155
4.984 0.506925
5.073 0.509695
5.0853 0.512465
5.122 0.515235
5.130 0.518006
5.1567 0.520776
5.169 0.523546
5.1793 0.526316
5.2397 0.529086
5.242 0.531856
5.3207 0.534626
5.340 0.537396
5.4213 0.540166
5.4263 0.542936
5.543 0.545706
5.5553 0.548476
5.568 0.551247
5.6363 0.554017
5.7527 0.556787
5.7573 0.559557
5.8897 0.562327
5.9003 0.565097
6.0043 0.567867
6.0887 0.570637
6.461 0.573407
6.4887 0.576177
6.5087 0.578947
6.581 0.581717
6.6253 0.584488
6.650 0.587258
6.685 0.590028
6.7057 0.592798
6.708 0.595568
6.755 0.598338
6.8547 0.601108
6.930 0.603878
7.019 0.606648
7.0347 0.609418
7.0577 0.612188
7.179 0.614958
7.302 0.617729
7.4933 0.620499
7.641 0.623269
7.7627 0.626039
8.052 0.628809
8.1973 0.631579
8.2283 0.634349
8.249 0.637119
8.4467 0.639889
8.4883 0.642659
8.6523 0.645429
8.6817 0.648199
8.7363 0.65097
8.7557 0.65374
8.931 0.65651
8.935 0.65928
9.083 0.66205
9.1413 0.66482
9.157 0.66759
9.2173 0.67036
9.3327 0.67313
9.394 0.6759
9.5203 0.67867
9.540 0.68144
9.594 0.684211
9.596 0.686981
9.5983 0.689751
9.822 0.692521
9.8407 0.695291
9.926 0.698061
9.952 0.700831
10.120 0.703601
10.228 0.706371
10.3907 0.709141
10.576 0.711911
10.6847 0.714681
10.750 0.717452
10.798 0.720222
10.812 0.722992
10.8437 0.725762
10.848 0.728532
11.392 0.731302
11.7833 0.734072
11.9467 0.736842
12.1477 0.739612
12.1493 0.742382
12.1907 0.745152
12.2117 0.747922
12.2523 0.750693
12.4047 0.753463
12.5743 0.756233
12.6003 0.759003
12.6443 0.761773
12.6583 0.764543
12.7473 0.767313
12.9457 0.770083
12.9537 0.772853
12.9587 0.775623
12.9627 0.778393
13.000 0.781163
13.280 0.783934
13.395 0.786704
13.4037 0.789474
13.520 0.792244
13.622 0.795014
13.6547 0.797784
13.819 0.800554
13.8213 0.803324
14.1653 0.806094
14.223 0.808864
14.264 0.811634
14.2877 0.814404
14.343 0.817175
14.622 0.819945
14.8153 0.822715
15.0363 0.825485
15.313 0.828255
15.4067 0.831025
16.158 0.833795
16.3717 0.836565
16.711 0.839335
16.8433 0.842105
16.9807 0.844875
17.1727 0.847645
17.575 0.850416
18.519 0.853186
18.607 0.855956
19.075 0.858726
19.141 0.861496
19.268 0.864266
19.929 0.867036
20.693 0.869806
20.786 0.872576
20.8297 0.875346
21.3457 0.878116
22.192 0.880886
22.1973 0.883657
22.266 0.886427
22.5593 0.889197
23.712 0.891967
24.4457 0.894737
26.2297 0.897507
27.5207 0.900277
27.709 0.903047
29.1077 0.905817
29.161 0.908587
30.1107 0.911357
31.010 0.914127
31.434 0.916898
32.261 0.919668
32.709 0.922438
34.620 0.925208
36.059 0.927978
36.349 0.930748
37.686 0.933518
37.8057 0.936288
37.849 0.939058
38.355 0.941828
39.876 0.944598
42.446 0.947368
43.6327 0.950139
44.5117 0.952909
51.977 0.955679
54.229 0.958449
54.6807 0.961219
54.907 0.963989
56.0463 0.966759
56.891 0.969529
58.710 0.972299
70.353 0.975069
72.849 0.977839
79.094 0.980609
79.423 0.98338
85.050 0.98615
97.915 0.98892
105.652 0.99169
118.532 0.99446
122.510 0.99723
131.536 1
