0.167986 0.00277008
0.246267 0.00554017
0.267281 0.00831025
0.587852 0.0110803
0.621007 0.0138504
0.623699 0.0166205
0.669104 0.0193906
0.722026 0.0221607
1.08326 0.0249307
1.08678 0.0277008
1.112 0.0304709
1.161 0.033241
1.1773 0.0360111
1.20941 0.0387812
1.24569 0.0415512
1.27912 0.0443213
1.39533 0.0470914
1.42493 0.0498615
1.54753 0.0526316
1.62003 0.0554017
1.64966 0.0581717
1.67249 0.0609418
1.68899 0.0637119
1.69097 0.066482
1.79888 0.0692521
1.85402 0.0720222
1.89877 0.0747922
2.05088 0.0775623
2.1024 0.0803324
2.11443 0.0831025
2.14067 0.0858726
2.18517 0.0886427
2.2137 0.0914127
2.28687 0.0941828
2.30191 0.0969529
2.32131 0.099723
2.3253 0.102493
2.3403 0.105263
2.3467 0.108033
2.41617 0.110803
2.44137 0.113573
2.56716 0.116343
2.6417 0.119114
2.68313 0.121884
2.69081 0.124654
2.69511 0.127424
2.8938 0.130194
2.99864 0.132964
3.02836 0.135734
3.05238 0.138504
3.11833 0.141274
3.15576 0.144044
3.20543 0.146814
3.35809 0.149584
3.37867 0.152355
3.40239 0.155125
3.41021 0.157895
3.41891 0.160665
3.57766 0.163435
3.637 0.166205
3.75148 0.168975
3.77919 0.171745
3.83807 0.174515
3.91428 0.177285
3.92052 0.180055
3.96903 0.182825
3.97003 0.185596
4.11471 0.188366
4.15634 0.191136
4.16052 0.193906
4.28573 0.196676
4.33204 0.199446
4.34261 0.202216
4.34986 0.204986
4.52206 0.207756
4.57523 0.210526
4.67775 0.213296
4.85099 0.216066
4.85773 0.218837
4.87745 0.221607
4.92638 0.224377
5.0179 0.227147
5.02108 0.229917
5.11887 0.232687
5.23354 0.235457
5.27521 0.238227
5.36744 0.240997
5.37805 0.243767
5.54642 0.246537
5.74344 0.249307
5.81255 0.252078
5.83468 0.254848
5.83708 0.257618
5.84803 0.260388
5.93413 0.263158
6.34604 0.265928
6.44699 0.268698
6.52969 0.271468
6.67912 0.274238
6.77231 0.277008
6.79155 0.279778
6.94665 0.282548
6.9758 0.285319
6.99007 0.288089
6.9928 0.290859
7.00725 0.293629
7.12365 0.296399
7.16117 0.299169
7.22938 0.301939
7.35637 0.304709
7.43186 0.307479
7.46941 0.310249
7.69698 0.313019
7.79199 0.315789
7.88833 0.31856
8.16574 0.32133
8.27301 0.3241
8.33087 0.32687
8.51427 0.32964
8.6694 0.33241
8.88226 0.33518
9.00391 0.33795
9.04215 0.34072
9.13832 0.34349
9.19005 0.34626
9.20422 0.34903
9.29879 0.351801
9.33264 0.354571
9.34531 0.357341
9.37578 0.360111
9.42088 0.362881
9.43553 0.365651
9.54171 0.368421
9.78859 0.371191
10.0078 0.373961
10.1394 0.376731
10.2537 0.379501
10.2871 0.382271
10.3714 0.385042
10.621 0.387812
10.6626 0.390582
10.7776 0.393352
10.8571 0.396122
11.2128 0.398892
11.2838 0.401662
11.5101 0.404432
11.5846 0.407202
11.7409 0.409972
11.923 0.412742
12.0425 0.415512
12.4507 0.418283
12.796 0.421053
12.9422 0.423823
13.0088 0.426593
13.0491 0.429363
13.1973 0.432133
13.2534 0.434903
13.2819 0.437673
13.3231 0.440443
13.4963 0.443213
13.5764 0.445983
13.6192 0.448753
13.6381 0.451524
13.698 0.454294
13.8507 0.457064
13.9428 0.459834
14.0307 0.462604
14.1147 0.465374
14.2464 0.468144
14.2846 0.470914
14.6173 0.473684
14.9199 0.476454
15.0441 0.479224
15.1089 0.481994
15.174 0.484765
15.2378 0.487535
15.3074 0.490305
15.7225 0.493075
15.8556 0.495845
15.9135 0.498615
16.1979 0.501385
16.295 0.504155
16.3867 0.506925
16.6851 0.509695
17.0989 0.512465
17.1112 0.515235
17.1994 0.518006
17.2017 0.520776
17.3572 0.523546
17.3593 0.526316
17.4235 0.529086
17.5521 0.531856
17.7504 0.534626
17.8792 0.537396
18.2652 0.540166
18.2859 0.542936
18.4424 0.545706
18.4544 0.548476
18.5811 0.551247
18.8133 0.554017
18.8793 0.556787
18.9002 0.559557
19.3849 0.562327
19.6203 0.565097
19.674 0.567867
19.8141 0.570637
19.8331 0.573407
19.9739 0.576177
20.2924 0.578947
20.351 0.581717
20.3594 0.584488
20.4581 0.587258
20.527 0.590028
20.5574 0.592798
20.9186 0.595568
21.2756 0.598338
21.4175 0.601108
21.4622 0.603878
21.5825 0.606648
21.6677 0.609418
21.8723 0.612188
22.1267 0.614958
22.1702 0.617729
22.2717 0.620499
22.3911 0.623269
22.4217 0.626039
22.5284 0.628809
22.7697 0.631579
22.8052 0.634349
23.1471 0.637119
23.1787 0.639889
23.7873 0.642659
24.4062 0.645429
24.9029 0.648199
25.0481 0.65097
25.2267 0.65374
25.6997 0.65651
25.8318 0.65928
25.8923 0.66205
25.9441 0.66482
26.1344 0.66759
26.2606 0.67036
26.5902 0.67313
26.6177 0.6759
26.6958 0.67867
26.7547 0.68144
26.8071 0.684211
26.8281 0.686981
27.3036 0.689751
27.32 0.692521
27.4298 0.695291
27.5097 0.698061
27.5656 0.700831
28.0734 0.703601
28.2735 0.706371
28.3545 0.709141
28.5506 0.711911
28.5972 0.714681
28.9993 0.717452
29.0281 0.720222
29.0474 0.722992
29.0715 0.725762
29.0816 0.728532
29.1249 0.731302
29.143 0.734072
29.2138 0.736842
29.2316 0.739612
29.2361 0.742382
29.2875 0.745152
29.3045 0.747922
29.316 0.750693
29.323 0.753463
29.5747 0.756233
29.7258 0.759003
30.0587 0.761773
30.1366 0.764543
30.2631 0.767313
30.5552 0.770083
30.583 0.772853
30.6581 0.775623
31.2194 0.778393
31.2634 0.781163
31.4514 0.783934
31.6592 0.786704
31.7693 0.789474
32.0673 0.792244
32.2729 0.795014
32.3812 0.797784
32.628 0.800554
32.6952 0.803324
32.8148 0.806094
32.9889 0.808864
33.056 0.811634
33.071 0.814404
33.2019 0.817175
33.2372 0.819945
33.5997 0.822715
33.6087 0.825485
33.9832 0.828255
34.6035 0.831025
34.7435 0.833795
34.9851 0.836565
34.9906 0.839335
35.4464 0.842105
35.5939 0.844875
35.7614 0.847645
35.7679 0.850416
36.4522 0.853186
36.5241 0.855956
36.8165 0.858726
37.6169 0.861496
39.216 0.864266
39.3407 0.867036
39.6311 0.869806
39.9975 0.872576
40.739 0.875346
40.7418 0.878116
40.8377 0.880886
40.8566 0.883657
40.9105 0.886427
40.9463 0.889197
41.1065 0.891967
41.2402 0.894737
41.5246 0.897507
41.6644 0.900277
41.69 0.903047
41.7342 0.905817
41.9721 0.908587
42.4377 0.911357
43.6478 0.914127
43.7312 0.916898
44.731 0.919668
47.6359 0.922438
48.0259 0.925208
48.153 0.927978
48.6732 0.930748
49.5326 0.933518
50.4403 0.936288
52.4922 0.939058
54.2678 0.941828
54.295 0.944598
54.6976 0.947368
64.2908 0.950139
67.1881 0.952909
68.0521 0.955679
69.305 0.958449
69.988 0.961219
71.8549 0.963989
73.2548 0.966759
74.0251 0.969529
77.4201 0.972299
78.674 0.975069
81.7744 0.977839
81.854 0.980609
83.8978 0.98338
85.352 0.98615
93.3392 0.98892
97.1145 0.99169
98.5321 0.99446
113.385 0.99723
118.73 1
