.0011212107 0.00277008
.0030838180 0.00554017
.0040543989 0.00831025
.0043159608 0.0110803
.0055855285 0.0138504
.0058296672 0.0166205
.0065640092 0.0193906
.0082740520 0.0221607
.0084843657 0.0249307
.0089356368 0.0277008
.0095917799 0.0304709
.0102096495 0.033241
.0105885509 0.0360111
.0105889202 0.0387812
.0113036848 0.0415512
.0116669661 0.0443213
.0128895789 0.0470914
.0132973440 0.0498615
.0138659072 0.0526316
.0144990561 0.0554017
.0151442426 0.0581717
.0152036232 0.0609418
.0176561176 0.0637119
.0183961917 0.066482
.0189941587 0.0692521
.0200077384 0.0720222
.0204010762 0.0747922
.0206321577 0.0775623
.0213177422 0.0803324
.0214553270 0.0831025
.0216425476 0.0858726
.0231142400 0.0886427
.0235383828 0.0914127
.0239162345 0.0941828
.0244905819 0.0969529
.0258817862 0.099723
.0260999573 0.102493
.0264162723 0.105263
.0269644552 0.108033
.0279071179 0.110803
.0287199805 0.113573
.0288816474 0.116343
.0293157847 0.119114
.0295390599 0.121884
.0295984586 0.124654
.0303463040 0.127424
.0312112067 0.130194
.0313255920 0.132964
.0317615642 0.135734
.0318293983 0.138504
.0325550561 0.141274
.0343606221 0.144044
.0344006337 0.146814
.0357165842 0.149584
.0376677205 0.152355
.0378368291 0.155125
.0386506754 0.157895
.0398857587 0.160665
.0402563239 0.163435
.0407334727 0.166205
.0415372715 0.168975
.0419408972 0.171745
.0421137589 0.174515
.0457092907 0.177285
.0483270806 0.180055
.0492074918 0.182825
.0510355481 0.185596
.0534384854 0.188366
.0557589861 0.191136
.0598700176 0.193906
.0665163864 0.196676
.0678797440 0.199446
.0764729671 0.202216
.0767100014 0.204986
.0782312174 0.207756
.0832158881 0.210526
.0854163841 0.213296
.0911358494 0.216066
.0922323389 0.218837
.0929766350 0.221607
.0935836582 0.224377
.0944858643 0.227147
.0988081893 0.229917
.1106868880 0.232687
.1125969336 0.235457
.1134132176 0.238227
.1140942473 0.240997
.1148471671 0.243767
.1255161205 0.246537
.1322416284 0.249307
.1380369823 0.252078
.1388287753 0.254848
.1463313480 0.257618
.1481818058 0.260388
.1485823805 0.263158
.1485933680 0.265928
.1496827841 0.268698
.1571802287 0.271468
.1667827915 0.274238
.1675482066 0.277008
.1808703077 0.279778
.2127411359 0.282548
.2171795186 0.285319
.2186584234 0.288089
.2277022055 0.290859
.2286556982 0.293629
.2380886339 0.296399
.2388168870 0.299169
.2458424383 0.301939
.2644396831 0.304709
.2702853471 0.307479
.2838255236 0.310249
.2845719773 0.313019
.2956806759 0.315789
.2963779020 0.31856
.3004357929 0.32133
.3025336121 0.3241
.3055902041 0.32687
.3147964145 0.32964
.3159887674 0.33241
.3372854729 0.33518
.3447524693 0.33795
.3535620464 0.34072
.3600845817 0.34349
.3609593593 0.34626
.3660819936 0.34903
.3677629899 0.351801
.3818891043 0.354571
.3909512616 0.357341
.3939598399 0.360111
.4028430064 0.362881
.4058116912 0.365651
.4124122673 0.368421
.4218797020 0.371191
.4247232256 0.373961
.4276608930 0.376731
.4289098294 0.379501
.4343976197 0.382271
.4464342037 0.385042
.4540788624 0.387812
.4597265524 0.390582
.4672236194 0.393352
.4775552120 0.396122
.4784841142 0.398892
.4804664249 0.401662
.4806511010 0.404432
.4889780652 0.407202
.5046256578 0.409972
.5206612962 0.412742
.5284609051 0.415512
.5321158252 0.418283
.5385394212 0.421053
.5457942144 0.423823
.5482362509 0.426593
.5706016415 0.429363
.5980993098 0.432133
.6051182060 0.434903
.6104087004 0.437673
.6198072467 0.440443
.6198827070 0.443213
.6258588958 0.445983
.6266457177 0.448753
.6327561600 0.451524
.6383759597 0.454294
.6409156008 0.457064
.6593746848 0.459834
.6594331859 0.462604
.6628522464 0.465374
.6631995271 0.468144
.6694619472 0.470914
.6793531711 0.473684
.6796969056 0.476454
.6874043553 0.479224
.6901838590 0.481994
.7194485526 0.484765
.7340729142 0.487535
.7662957754 0.490305
.7693116495 0.493075
.7733802834 0.495845
.7884532802 0.498615
.7889048866 0.501385
.8050497711 0.504155
.8084773515 0.506925
.8188550229 0.509695
.8223092690 0.512465
.8227763860 0.515235
.8576562940 0.518006
.8587788680 0.520776
.8709151723 0.523546
.8738651141 0.526316
.8876827263 0.529086
.8938769280 0.531856
.9142370082 0.534626
.9287598825 0.537396
.9415580324 0.540166
.9476238825 0.542936
.9774436375 0.545706
.9777800635 0.548476
.9839857781 0.551247
.9854259982 0.554017
.9930295222 0.556787
.9986631700 0.559557
1.0007338624 0.562327
1.0056982061 0.565097
1.0185844916 0.567867
1.0204825935 0.570637
1.0291773144 0.573407
1.0416977050 0.576177
1.0991256977 0.578947
1.1201879921 0.581717
1.1216776217 0.584488
1.1540897560 0.587258
1.1658790993 0.590028
1.1947515939 0.592798
1.1959462993 0.595568
1.2012661282 0.598338
1.2104633302 0.601108
1.2419933421 0.603878
1.2722805972 0.606648
1.2751259279 0.609418
1.2913320228 0.612188
1.3101844041 0.614958
1.3199998064 0.617729
1.3427726903 0.620499
1.3537287373 0.623269
1.3609825356 0.626039
1.3649826264 0.628809
1.3673824078 0.631579
1.3915697188 0.634349
1.4033694971 0.637119
1.4415314832 0.639889
1.4697673289 0.642659
1.4850238536 0.645429
1.5124318536 0.648199
1.6115063600 0.65097
1.6232104832 0.65374
1.6791873929 0.65651
1.7109265623 0.65928
1.7203919913 0.66205
1.7917683312 0.66482
1.8174796553 0.66759
2.0130621011 0.67036
2.0338442005 0.67313
2.0467913974 0.6759
2.0507837804 0.67867
2.0659293364 0.68144
2.1791461515 0.684211
2.1917142096 0.686981
2.2084503325 0.689751
2.4797637905 0.692521
2.6143035329 0.695291
2.6163511902 0.698061
2.6549757650 0.700831
2.6581422030 0.703601
3.1215082619 0.706371
3.1851410942 0.709141
3.2283886623 0.711911
3.4045476898 0.714681
3.4564734974 0.717452
3.4936511261 0.720222
3.6269354924 0.722992
3.8740813405 0.725762
3.9251212162 0.728532
3.9868113132 0.731302
4.5585086746 0.734072
4.5585699312 0.736842
4.6699199587 0.739612
4.9645517072 0.742382
5.2394863631 0.745152
5.6888845364 0.747922
5.8464800000 0.750693
6.9287040000 0.753463
7.1284310033 0.756233
7.9022488739 0.759003
8.5116000000 0.761773
8.6275200000 0.764543
9.5469291557 0.767313
9.9944000000 0.770083
11.4828736465 0.772853
11.5030560000 0.775623
11.6349066667 0.778393
12.4934000000 0.781163
12.9729684040 0.783934
13.2645400000 0.786704
13.6063136406 0.789474
13.8595200000 0.792244
14.1537200000 0.795014
14.3197066667 0.797784
14.4102800000 0.800554
14.6820142844 0.803324
15.6773600000 0.806094
16.6563200000 0.808864
16.6689215135 0.811634
18.7638016963 0.814404
19.2411466667 0.817175
19.5548000000 0.819945
20.8272533334 0.822715
21.1482000000 0.825485
21.7033600000 0.828255
21.8263733334 0.831025
23.1092266667 0.833795
23.9458534266 0.836565
24.6249600000 0.839335
24.6666960000 0.842105
24.9479733334 0.844875
24.9851200000 0.847645
25.2687226667 0.850416
25.3164666667 0.853186
25.5089280000 0.855956
28.6350000000 0.858726
30.2865200000 0.861496
30.4866400000 0.864266
32.2910800000 0.867036
32.8075200000 0.869806
34.5662800000 0.872576
36.2112800000 0.875346
36.2508800000 0.878116
37.2759520000 0.880886
37.7821800000 0.883657
37.8172160000 0.886427
37.8668960000 0.889197
37.9145200000 0.891967
37.9298120000 0.894737
38.1808440000 0.897507
38.3959835608 0.900277
38.6296360000 0.903047
38.8096720000 0.905817
39.1633840000 0.908587
39.2332040000 0.911357
39.3231720000 0.914127
42.9456800000 0.916898
43.7358160000 0.919668
46.1492720000 0.922438
46.7374960000 0.925208
49.3288000000 0.927978
49.9449600000 0.930748
56.3700800000 0.933518
56.6846400000 0.936288
57.8152320000 0.939058
58.5824080000 0.941828
63.8667200000 0.944598
64.6738400000 0.947368
68.1701600000 0.950139
68.4148800000 0.952909
74.2268000000 0.955679
75.3665120000 0.958449
75.5948400000 0.961219
77.0033520000 0.963989
77.0160880000 0.966759
77.9109520000 0.969529
78.2975360000 0.972299
78.4638080000 0.975069
79.1015040000 0.977839
79.9550000000 0.980609
80.5390560000 0.98338
90.6508800000 0.98615
108.7064000000 0.98892
114.0461600000 0.99169
115.9974400000 0.99446
117.3201120000 0.99723
119.6523760000 1
