0 0.0110803
0 0.0110803
0 0.0110803
0 0.0110803
.100 0.0166205
.100 0.0166205
.200 0.0221607
.200 0.0221607
.300 0.0277008
.300 0.0277008
.400 0.0443213
.400 0.0443213
.400 0.0443213
.400 0.0443213
.400 0.0443213
.400 0.0443213
.500 0.0581717
.500 0.0581717
.500 0.0581717
.500 0.0581717
.500 0.0581717
.600 0.0720222
.600 0.0720222
.600 0.0720222
.600 0.0720222
.600 0.0720222
.700 0.0803324
.700 0.0803324
.700 0.0803324
.800 0.0886427
.800 0.0886427
.800 0.0886427
.900 0.0941828
.900 0.0941828
1.000 0.099723
1.000 0.099723
1.100 0.102493
1.200 0.113573
1.200 0.113573
1.200 0.113573
1.200 0.113573
1.300 0.124654
1.300 0.124654
1.300 0.124654
1.300 0.124654
1.400 0.130194
1.400 0.130194
1.500 0.138504
1.500 0.138504
1.500 0.138504
1.600 0.149584
1.600 0.149584
1.600 0.149584
1.600 0.149584
1.700 0.155125
1.700 0.155125
1.800 0.160665
1.800 0.160665
1.900 0.171745
1.900 0.171745
1.900 0.171745
1.900 0.171745
2.000 0.185596
2.000 0.185596
2.000 0.185596
2.000 0.185596
2.000 0.185596
2.200 0.193906
2.200 0.193906
2.200 0.193906
2.300 0.204986
2.300 0.204986
2.300 0.204986
2.300 0.204986
2.400 0.216066
2.400 0.216066
2.400 0.216066
2.400 0.216066
2.500 0.221607
2.500 0.221607
2.600 0.227147
2.600 0.227147
2.700 0.235457
2.700 0.235457
2.700 0.235457
2.800 0.243767
2.800 0.243767
2.800 0.243767
3.000 0.249307
3.000 0.249307
3.100 0.254848
3.100 0.254848
3.300 0.257618
3.500 0.271468
3.500 0.271468
3.500 0.271468
3.500 0.271468
3.500 0.271468
3.600 0.277008
3.600 0.277008
3.700 0.285319
3.700 0.285319
3.700 0.285319
3.800 0.290859
3.800 0.290859
3.900 0.296399
3.900 0.296399
4.000 0.301939
4.000 0.301939
4.100 0.307479
4.100 0.307479
4.200 0.32133
4.200 0.32133
4.200 0.32133
4.200 0.32133
4.200 0.32133
4.300 0.32687
4.300 0.32687
4.400 0.32964
4.600 0.33241
4.700 0.33518
4.800 0.33795
4.900 0.34072
5.100 0.34626
5.100 0.34626
5.200 0.354571
5.200 0.354571
5.200 0.354571
5.400 0.362881
5.400 0.362881
5.400 0.362881
5.500 0.368421
5.500 0.368421
5.600 0.376731
5.600 0.376731
5.600 0.376731
6.000 0.379501
6.100 0.385042
6.100 0.385042
6.200 0.390582
6.200 0.390582
6.300 0.393352
6.600 0.396122
6.800 0.404432
6.800 0.404432
6.800 0.404432
6.900 0.415512
6.900 0.415512
6.900 0.415512
6.900 0.415512
7.000 0.421053
7.000 0.421053
7.300 0.423823
7.600 0.426593
7.700 0.429363
7.800 0.432133
7.900 0.434903
8.100 0.437673
8.300 0.440443
8.400 0.445983
8.400 0.445983
8.500 0.451524
8.500 0.451524
8.600 0.454294
8.700 0.457064
8.800 0.459834
8.900 0.465374
8.900 0.465374
9.000 0.473684
9.000 0.473684
9.000 0.473684
9.200 0.479224
9.200 0.479224
9.500 0.484765
9.500 0.484765
9.600 0.490305
9.600 0.490305
9.700 0.495845
9.700 0.495845
9.900 0.498615
10.000 0.501385
10.200 0.506925
10.200 0.506925
10.300 0.509695
10.400 0.526316
10.400 0.526316
10.400 0.526316
10.400 0.526316
10.400 0.526316
10.400 0.526316
10.500 0.529086
10.600 0.531856
11.000 0.534626
11.200 0.537396
11.300 0.540166
11.400 0.542936
11.600 0.545706
11.800 0.548476
12.100 0.556787
12.100 0.556787
12.100 0.556787
12.300 0.562327
12.300 0.562327
12.500 0.567867
12.500 0.567867
12.700 0.570637
12.800 0.573407
12.900 0.576177
13.000 0.581717
13.000 0.581717
13.300 0.584488
13.400 0.590028
13.400 0.590028
13.500 0.598338
13.500 0.598338
13.500 0.598338
13.600 0.603878
13.600 0.603878
14.100 0.612188
14.100 0.612188
14.100 0.612188
14.300 0.617729
14.300 0.617729
14.400 0.620499
14.700 0.623269
15.100 0.631579
15.100 0.631579
15.100 0.631579
15.200 0.634349
15.300 0.637119
15.500 0.642659
15.500 0.642659
15.700 0.648199
15.700 0.648199
16.100 0.65374
16.100 0.65374
17.000 0.65928
17.000 0.65928
17.200 0.66205
17.700 0.66482
17.800 0.66759
17.900 0.67036
18.000 0.67313
18.100 0.6759
18.200 0.67867
18.700 0.68144
19.300 0.684211
19.400 0.686981
19.600 0.689751
19.800 0.692521
20.300 0.695291
20.500 0.700831
20.500 0.700831
20.800 0.703601
20.900 0.709141
20.900 0.709141
21.000 0.711911
21.300 0.717452
21.300 0.717452
21.700 0.720222
22.400 0.728532
22.400 0.728532
22.400 0.728532
22.800 0.731302
22.900 0.734072
23.200 0.736842
23.300 0.739612
23.400 0.742382
24.100 0.745152
24.600 0.750693
24.600 0.750693
24.800 0.753463
25.000 0.756233
25.100 0.759003
25.700 0.761773
26.200 0.764543
26.600 0.767313
26.800 0.772853
26.800 0.772853
27.400 0.775623
27.700 0.778393
27.800 0.781163
28.000 0.783934
28.200 0.786704
28.300 0.789474
28.800 0.792244
28.900 0.795014
29.200 0.797784
29.900 0.806094
29.900 0.806094
29.900 0.806094
30.100 0.819945
30.100 0.819945
30.100 0.819945
30.100 0.819945
30.100 0.819945
30.300 0.822715
30.600 0.825485
31.000 0.828255
31.100 0.831025
31.300 0.833795
31.600 0.839335
31.600 0.839335
31.900 0.842105
32.000 0.847645
32.000 0.847645
32.100 0.850416
32.400 0.853186
32.500 0.855956
33.100 0.858726
33.500 0.861496
33.700 0.867036
33.700 0.867036
33.800 0.869806
34.200 0.872576
34.800 0.878116
34.800 0.878116
35.200 0.880886
35.300 0.883657
35.600 0.886427
35.900 0.889197
36.300 0.891967
38.000 0.894737
38.100 0.897507
39.200 0.900277
39.400 0.908587
39.400 0.908587
39.400 0.908587
39.800 0.911357
39.900 0.914127
40.100 0.916898
40.300 0.919668
40.600 0.922438
40.900 0.925208
41.000 0.927978
41.200 0.930748
41.600 0.933518
42.400 0.936288
43.600 0.939058
44.400 0.941828
44.500 0.944598
44.700 0.947368
44.900 0.950139
45.200 0.952909
46.900 0.955679
47.400 0.958449
47.600 0.961219
49.700 0.963989
49.900 0.966759
52.500 0.969529
52.700 0.972299
53.000 0.975069
53.300 0.977839
55.000 0.980609
65.300 0.98338
66.200 0.98615
75.400 0.98892
80.100 0.99169
83.800 0.99446
93.100 0.99723
115.100 1
