17.500 0.00277008
20.500 0.00554017
23.600 0.00831025
24.900 0.0110803
26.600 0.0138504
27.200 0.0166205
31.300 0.0193906
36.600 0.0221607
40.800 0.0249307
42.900 0.0277008
43.600 0.0304709
44.300 0.033241
49.700 0.0360111
49.800 0.0387812
51.100 0.0415512
51.600 0.0443213
52.800 0.0470914
54.900 0.0498615
59.200 0.0526316
62.000 0.0554017
71.100 0.0581717
73.200 0.0609418
74.200 0.0637119
74.800 0.066482
77.300 0.0692521
79.700 0.0720222
81.700 0.0747922
82.100 0.0775623
82.900 0.0803324
83.900 0.0831025
84.100 0.0858726
85.200 0.0886427
85.300 0.0941828
85.300 0.0941828
86.300 0.0969529
86.600 0.099723
87.100 0.102493
88.300 0.105263
89.800 0.113573
89.800 0.113573
89.800 0.113573
90.100 0.116343
90.200 0.119114
90.400 0.121884
90.800 0.124654
90.900 0.127424
91.500 0.130194
91.600 0.132964
91.700 0.138504
91.700 0.138504
92.700 0.141274
92.900 0.144044
93.000 0.146814
93.300 0.152355
93.300 0.152355
93.500 0.155125
93.600 0.160665
93.600 0.160665
93.800 0.166205
93.800 0.166205
93.900 0.168975
94.000 0.171745
94.500 0.174515
94.900 0.180055
94.900 0.180055
95.000 0.182825
95.100 0.185596
95.300 0.188366
95.400 0.191136
95.600 0.196676
95.600 0.196676
96.200 0.199446
96.400 0.202216
96.600 0.204986
96.700 0.207756
96.800 0.210526
96.900 0.218837
96.900 0.218837
96.900 0.218837
97.100 0.221607
97.200 0.224377
97.400 0.227147
97.500 0.232687
97.500 0.232687
97.700 0.240997
97.700 0.240997
97.700 0.240997
97.800 0.246537
97.800 0.246537
97.900 0.260388
97.900 0.260388
97.900 0.260388
97.900 0.260388
97.900 0.260388
98.000 0.265928
98.000 0.265928
98.100 0.271468
98.100 0.271468
98.200 0.279778
98.200 0.279778
98.200 0.279778
98.300 0.282548
98.400 0.290859
98.400 0.290859
98.400 0.290859
98.500 0.293629
98.600 0.307479
98.600 0.307479
98.600 0.307479
98.600 0.307479
98.600 0.307479
98.700 0.313019
98.700 0.313019
98.800 0.33241
98.800 0.33241
98.800 0.33241
98.800 0.33241
98.800 0.33241
98.800 0.33241
98.800 0.33241
98.900 0.33518
99.000 0.357341
99.000 0.357341
99.000 0.357341
99.000 0.357341
99.000 0.357341
99.000 0.357341
99.000 0.357341
99.000 0.357341
99.100 0.371191
99.100 0.371191
99.100 0.371191
99.100 0.371191
99.100 0.371191
99.200 0.390582
99.200 0.390582
99.200 0.390582
99.200 0.390582
99.200 0.390582
99.200 0.390582
99.200 0.390582
99.300 0.407202
99.300 0.407202
99.300 0.407202
99.300 0.407202
99.300 0.407202
99.300 0.407202
99.400 0.437673
99.400 0.437673
99.400 0.437673
99.400 0.437673
99.400 0.437673
99.400 0.437673
99.400 0.437673
99.400 0.437673
99.400 0.437673
99.400 0.437673
99.400 0.437673
99.500 0.498615
99.500 0.498615
99.500 0.498615
99.500 0.498615
99.500 0.498615
99.500 0.498615
99.500 0.498615
99.500 0.498615
99.500 0.498615
99.500 0.498615
99.500 0.498615
99.500 0.498615
99.500 0.498615
99.500 0.498615
99.500 0.498615
99.500 0.498615
99.500 0.498615
99.500 0.498615
99.500 0.498615
99.500 0.498615
99.500 0.498615
99.500 0.498615
99.600 0.559557
99.600 0.559557
99.600 0.559557
99.600 0.559557
99.600 0.559557
99.600 0.559557
99.600 0.559557
99.600 0.559557
99.600 0.559557
99.600 0.559557
99.600 0.559557
99.600 0.559557
99.600 0.559557
99.600 0.559557
99.600 0.559557
99.600 0.559557
99.600 0.559557
99.600 0.559557
99.600 0.559557
99.600 0.559557
99.600 0.559557
99.600 0.559557
99.700 0.66482
99.700 0.66482
99.700 0.66482
99.700 0.66482
99.700 0.66482
99.700 0.66482
99.700 0.66482
99.700 0.66482
99.700 0.66482
99.700 0.66482
99.700 0.66482
99.700 0.66482
99.700 0.66482
99.700 0.66482
99.700 0.66482
99.700 0.66482
99.700 0.66482
99.700 0.66482
99.700 0.66482
99.700 0.66482
99.700 0.66482
99.700 0.66482
99.700 0.66482
99.700 0.66482
99.700 0.66482
99.700 0.66482
99.700 0.66482
99.700 0.66482
99.700 0.66482
99.700 0.66482
99.700 0.66482
99.700 0.66482
99.700 0.66482
99.700 0.66482
99.700 0.66482
99.700 0.66482
99.700 0.66482
99.700 0.66482
99.800 0.750693
99.800 0.750693
99.800 0.750693
99.800 0.750693
99.800 0.750693
99.800 0.750693
99.800 0.750693
99.800 0.750693
99.800 0.750693
99.800 0.750693
99.800 0.750693
99.800 0.750693
99.800 0.750693
99.800 0.750693
99.800 0.750693
99.800 0.750693
99.800 0.750693
99.800 0.750693
99.800 0.750693
99.800 0.750693
99.800 0.750693
99.800 0.750693
99.800 0.750693
99.800 0.750693
99.800 0.750693
99.800 0.750693
99.800 0.750693
99.800 0.750693
99.800 0.750693
99.800 0.750693
99.800 0.750693
99.900 0.795014
99.900 0.795014
99.900 0.795014
99.900 0.795014
99.900 0.795014
99.900 0.795014
99.900 0.795014
99.900 0.795014
99.900 0.795014
99.900 0.795014
99.900 0.795014
99.900 0.795014
99.900 0.795014
99.900 0.795014
99.900 0.795014
99.900 0.795014
106.700 0.797784
110.100 0.800554
110.200 0.803324
151.300 0.806094
156.100 0.808864
156.400 0.819945
156.400 0.819945
156.400 0.819945
156.400 0.819945
183.800 0.822715
220.600 0.825485
232.300 0.828255
235.600 0.831025
237.400 0.833795
238.500 0.836565
277.800 0.839335
281.200 0.842105
283.700 0.844875
321.400 0.847645
353.700 0.850416
372.400 0.853186
375.000 0.855956
387.300 0.858726
398.300 0.861496
402.400 0.864266
495.700 0.867036
506.500 0.869806
540.600 0.872576
550.600 0.875346
683.000 0.878116
725.000 0.880886
762.500 0.883657
766.900 0.886427
769.800 0.889197
934.500 0.891967
964.800 0.894737
1011.800 0.897507
1025.600 0.900277
1058.000 0.903047
1150.000 0.905817
1188.900 0.908587
1192.000 0.911357
1195.100 0.914127
1203.300 0.916898
1224.200 0.919668
1240.300 0.922438
1244.900 0.925208
1251.700 0.927978
1272.400 0.930748
1291.000 0.933518
1373.700 0.936288
1373.800 0.939058
1419.400 0.941828
1566.100 0.944598
1570.500 0.947368
1595.000 0.950139
1657.600 0.952909
1685.300 0.955679
1804.800 0.958449
1840.100 0.961219
1943.300 0.963989
2050.000 0.966759
2110.100 0.969529
2161.400 0.972299
2179.800 0.975069
2270.200 0.977839
2272.000 0.980609
2402.400 0.98338
2493.500 0.98615
2806.500 0.98892
3701.900 0.99169
3707.100 0.99446
4068.900 0.99723
5832.100 1
