.288 0.00277008
.863 0.00554017
1.4738 0.00831025
1.8650 0.0110803
2.6888 0.0138504
3.000 0.0166205
3.025 0.0193906
3.4350 0.0221607
5.6513 0.0249307
5.850 0.0277008
6.550 0.0304709
7.125 0.033241
7.237 0.0360111
11.0888 0.0387812
11.4575 0.0415512
12.450 0.0443213
13.0850 0.0470914
13.200 0.0498615
13.500 0.0526316
13.9150 0.0554017
14.0737 0.0581717
14.5012 0.0609418
14.625 0.0637119
14.687 0.066482
15.950 0.0692521
16.200 0.0720222
16.2062 0.0747922
16.650 0.0775623
16.750 0.0803324
16.7775 0.0831025
17.050 0.0858726
17.737 0.0886427
18.500 0.0914127
18.5650 0.0941828
20.025 0.0969529
20.050 0.099723
21.350 0.102493
21.8850 0.105263
22.2062 0.108033
22.400 0.110803
22.725 0.113573
23.2725 0.116343
23.3650 0.119114
23.7063 0.121884
24.700 0.124654
24.8358 0.127424
25.5150 0.130194
27.075 0.132964
28.025 0.135734
28.050 0.138504
29.075 0.141274
29.2725 0.144044
29.2942 0.146814
29.987 0.149584
30.4567 0.152355
30.7350 0.155125
31.5617 0.157895
31.6325 0.160665
32.375 0.163435
35.5850 0.166205
35.875 0.168975
38.300 0.171745
38.850 0.174515
39.025 0.177285
39.438 0.180055
39.762 0.182825
40.375 0.185596
40.5650 0.188366
41.5387 0.191136
43.3275 0.193906
43.6442 0.196676
44.000 0.199446
45.900 0.202216
46.4650 0.204986
48.675 0.207756
48.925 0.210526
51.4150 0.213296
52.5350 0.216066
52.850 0.218837
52.950 0.221607
53.8988 0.224377
54.24975 0.227147
54.9525 0.229917
55.1737 0.232687
55.2117 0.235457
56.7317 0.238227
57.350 0.240997
60.5242 0.243767
60.6117 0.246537
60.8025 0.249307
61.987 0.252078
62.6242 0.254848
63.1575 0.257618
64.025 0.260388
64.07937 0.263158
64.550 0.265928
64.8937 0.268698
65.650 0.271468
65.6688 0.274238
65.850 0.277008
66.7012 0.279778
67.162 0.282548
67.9812 0.285319
68.0650 0.288089
68.3150 0.290859
68.400 0.293629
69.7575 0.296399
70.000 0.299169
70.4987 0.301939
72.0737 0.304709
72.475 0.307479
73.1762 0.310249
74.050 0.313019
74.1687 0.315789
74.2692 0.31856
77.063 0.32133
77.825 0.3241
79.250 0.32687
79.5850 0.32964
80.812 0.33241
82.263 0.33518
83.700 0.33795
84.437 0.34072
84.7617 0.34349
84.962 0.34626
85.250 0.34903
85.6850 0.351801
89.737 0.354571
92.10912 0.357341
92.5187 0.360111
97.3850 0.362881
99.2062 0.365651
99.7925 0.368421
102.8317 0.371191
106.625 0.373961
108.8925 0.376731
113.512 0.379501
115.200 0.382271
115.6487 0.385042
116.300 0.387812
119.250 0.390582
120.000 0.393352
120.3862 0.396122
121.1475 0.398892
121.1850 0.401662
122.150 0.404432
122.9883 0.407202
123.975 0.409972
125.450 0.412742
126.500 0.415512
129.225 0.418283
133.9187 0.421053
134.4850 0.423823
137.0475 0.426593
140.5237 0.429363
141.2775 0.432133
148.0150 0.434903
149.7850 0.437673
157.5267 0.440443
158.7225 0.443213
158.7350 0.445983
159.225 0.448753
163.0233 0.451524
164.4562 0.454294
166.2937 0.457064
167.300 0.459834
167.4112 0.462604
169.000 0.465374
173.250 0.468144
178.6142 0.470914
179.9362 0.473684
182.325 0.476454
187.775 0.479224
192.0892 0.481994
194.6887 0.484765
202.5862 0.487535
203.7225 0.490305
207.500 0.493075
216.875 0.495845
223.6437 0.498615
231.487 0.501385
232.850 0.504155
237.5887 0.506925
239.263 0.509695
240.563 0.512465
247.150 0.515235
254.1262 0.518006
259.825 0.520776
264.7137 0.523546
265.3942 0.526316
266.8492 0.529086
267.000 0.531856
271.0725 0.534626
273.825 0.537396
290.0437 0.540166
300.5887 0.542936
301.8142 0.545706
303.275 0.548476
311.2725 0.551247
315.8942 0.554017
325.000 0.556787
326.5650 0.559557
327.6112 0.562327
327.625 0.565097
332.500 0.567867
342.4925 0.570637
342.7988 0.573407
342.8937 0.576177
343.387 0.578947
350.950 0.581717
352.2687 0.584488
356.600 0.587258
357.0112 0.590028
358.575 0.592798
358.5975 0.595568
360.2112 0.598338
364.512 0.601108
365.550 0.603878
372.300 0.606648
375.225 0.609418
377.4192 0.612188
381.000 0.614958
382.825 0.617729
387.625 0.620499
388.0725 0.623269
392.925 0.626039
400.4812 0.628809
401.250 0.631579
403.125 0.634349
403.950 0.637119
404.5725 0.639889
406.800 0.642659
408.7175 0.645429
410.587 0.648199
417.150 0.65097
418.313 0.65374
423.3075 0.65651
427.200 0.65928
429.8775 0.66205
432.750 0.66482
434.9187 0.66759
436.4192 0.67036
440.3025 0.67313
441.5475 0.6759
442.750 0.67867
444.0863 0.68144
446.750 0.684211
448.6742 0.686981
450.737 0.689751
454.362 0.692521
464.1617 0.695291
464.6850 0.698061
465.175 0.700831
467.0187 0.703601
483.7312 0.706371
483.963 0.709141
484.500 0.711911
485.500 0.714681
486.5775 0.717452
498.750 0.720222
500.3512 0.722992
508.3312 0.725762
517.325 0.728532
523.5387 0.731302
530.575 0.734072
533.363 0.736842
535.2312 0.739612
542.1850 0.742382
543.9812 0.745152
553.150 0.747922
554.9325 0.750693
558.350 0.753463
558.7083 0.756233
572.3312 0.759003
582.6633 0.761773
584.438 0.764543
585.4362 0.767313
591.625 0.770083
594.438 0.772853
611.0650 0.775623
613.575 0.778393
614.1687 0.781163
627.4150 0.783934
636.0225 0.786704
650.0350 0.789474
668.150 0.792244
677.863 0.795014
678.525 0.797784
679.850 0.800554
712.8887 0.803324
713.275 0.806094
715.313 0.808864
717.600 0.811634
733.875 0.814404
736.7237 0.817175
743.175 0.819945
746.137 0.822715
751.8150 0.825485
752.7675 0.828255
754.8887 0.831025
779.013 0.833795
799.8525 0.836565
800.4638 0.839335
806.525 0.842105
838.2762 0.844875
845.9738 0.847645
879.413 0.850416
891.0525 0.853186
892.937 0.855956
906.0362 0.858726
911.8275 0.861496
922.6437 0.864266
926.1263 0.867036
927.2775 0.869806
936.875 0.872576
941.4975 0.875346
944.200 0.878116
944.387 0.880886
947.3475 0.883657
953.8725 0.886427
969.7275 0.889197
969.8025 0.891967
988.675 0.894737
990.937 0.897507
993.750 0.900277
1034.9508 0.903047
1035.563 0.905817
1043.125 0.908587
1059.6517 0.911357
1062.6617 0.914127
1062.8362 0.916898
1063.125 0.919668
1070.8562 0.922438
1090.8175 0.925208
1096.500 0.927978
1105.7642 0.930748
1129.2487 0.933518
1169.175 0.936288
1170.4617 0.939058
1206.275 0.941828
1208.0517 0.944598
1209.075 0.947368
1223.938 0.950139
1237.0142 0.952909
1247.8117 0.955679
1271.1525 0.958449
1299.425 0.961219
1320.650 0.963989
1367.0175 0.966759
1372.675 0.969529
1401.1575 0.972299
1417.7138 0.975069
1435.762 0.977839
1452.9850 0.980609
1481.650 0.98338
1492.800 0.98615
1531.375 0.98892
1560.4275 0.99169
1638.0437 0.99446
1644.200 0.99723
1821.225 1
