0.10339 0.00277008
0.126111 0.00554017
0.141907 0.00831025
0.14626 0.0110803
0.237882 0.0138504
0.245289 0.0166205
0.269323 0.0193906
0.276114 0.0221607
0.278651 0.0249307
0.282916 0.0277008
0.286829 0.0304709
0.314668 0.033241
0.323755 0.0360111
0.329389 0.0387812
0.351617 0.0415512
0.354643 0.0443213
0.387864 0.0470914
0.392462 0.0498615
0.40448 0.0526316
0.40901 0.0554017
0.415031 0.0581717
0.432886 0.0609418
0.434462 0.0637119
0.463397 0.066482
0.466936 0.0692521
0.483555 0.0720222
0.508108 0.0747922
0.537285 0.0775623
0.551556 0.0803324
0.603646 0.0831025
0.608939 0.0858726
0.617517 0.0886427
0.646529 0.0914127
0.666592 0.0941828
0.687994 0.0969529
0.690966 0.099723
0.696459 0.102493
0.714844 0.105263
0.724584 0.108033
0.746297 0.110803
0.750199 0.113573
0.751196 0.116343
0.754756 0.119114
0.766731 0.121884
0.797626 0.124654
0.80457 0.127424
0.837932 0.130194
0.839708 0.132964
0.849367 0.135734
0.850816 0.138504
0.852022 0.141274
0.864112 0.144044
0.869463 0.146814
0.870116 0.149584
0.870518 0.152355
0.949709 0.155125
0.95642 0.157895
0.967537 0.160665
1.04513 0.163435
1.05614 0.166205
1.07042 0.168975
1.07192 0.171745
1.0904 0.174515
1.12408 0.177285
1.1379 0.180055
1.16102 0.182825
1.16843 0.185596
1.18464 0.188366
1.1852 0.191136
1.23541 0.193906
1.23861 0.196676
1.32215 0.199446
1.34419 0.202216
1.41414 0.204986
1.43254 0.207756
1.44772 0.210526
1.45779 0.213296
1.50318 0.216066
1.50435 0.218837
1.57337 0.221607
1.60179 0.224377
1.6617 0.227147
1.67103 0.229917
1.6867 0.232687
1.69618 0.235457
1.69766 0.238227
1.73596 0.240997
1.77932 0.243767
1.8616 0.246537
1.91018 0.249307
1.93014 0.252078
2.048 0.254848
2.07944 0.257618
2.09351 0.260388
2.13679 0.263158
2.23821 0.265928
2.25949 0.268698
2.29148 0.271468
2.30868 0.274238
2.37938 0.277008
2.41012 0.279778
2.47791 0.282548
2.50075 0.285319
2.50347 0.288089
2.54701 0.290859
2.70924 0.293629
2.71981 0.296399
2.72297 0.299169
2.73734 0.301939
2.75618 0.304709
2.87034 0.307479
2.87289 0.310249
2.94218 0.313019
3.08319 0.315789
3.09215 0.31856
3.192 0.32133
3.22817 0.3241
3.46942 0.32687
3.48183 0.32964
3.51806 0.33241
3.56971 0.33518
3.59754 0.33795
3.64557 0.34072
3.86108 0.34349
3.871 0.34626
3.93704 0.34903
4.07856 0.351801
4.12293 0.354571
4.13336 0.357341
4.15235 0.360111
4.24085 0.362881
4.2919 0.365651
4.35348 0.368421
4.3581 0.371191
4.37184 0.373961
4.41873 0.376731
4.63112 0.379501
4.75523 0.382271
5.00844 0.385042
5.01511 0.387812
5.30528 0.390582
5.30622 0.393352
5.30808 0.396122
5.35176 0.398892
5.3878 0.401662
5.42638 0.404432
5.43062 0.407202
5.4744 0.409972
5.56595 0.412742
5.59171 0.415512
5.63635 0.418283
5.66545 0.421053
5.81329 0.423823
5.86791 0.426593
5.93702 0.429363
5.95895 0.432133
6.00314 0.434903
6.0129 0.437673
6.10596 0.440443
6.11366 0.443213
6.17353 0.445983
6.25722 0.448753
6.32029 0.451524
6.49655 0.454294
6.5231 0.457064
6.53928 0.459834
6.67818 0.462604
6.68548 0.465374
6.89177 0.468144
6.89807 0.470914
7.04878 0.473684
7.13461 0.476454
7.13602 0.479224
7.16807 0.481994
7.18451 0.484765
7.21712 0.487535
7.38258 0.490305
7.45514 0.493075
7.7221 0.495845
7.83587 0.498615
7.89931 0.501385
7.99933 0.504155
8.06221 0.506925
8.1482 0.509695
8.1747 0.512465
8.25141 0.515235
8.25245 0.518006
8.60754 0.520776
8.67209 0.523546
8.67527 0.526316
8.68925 0.529086
8.89313 0.531856
8.92858 0.534626
9.01676 0.537396
9.02622 0.540166
9.05917 0.542936
9.07028 0.545706
9.07418 0.548476
9.24688 0.551247
9.44588 0.554017
9.45878 0.556787
9.60273 0.559557
9.63124 0.562327
9.67477 0.565097
9.77589 0.567867
9.95683 0.570637
10.0208 0.573407
10.0246 0.576177
10.1412 0.578947
10.1848 0.581717
10.2101 0.584488
10.216 0.587258
10.4537 0.590028
10.607 0.592798
10.6421 0.595568
10.6714 0.598338
10.8326 0.601108
10.9292 0.603878
10.9316 0.606648
11.1395 0.609418
11.3188 0.612188
11.3641 0.614958
11.3893 0.617729
11.4178 0.620499
11.841 0.623269
11.9389 0.626039
12.2521 0.628809
12.2675 0.631579
12.6886 0.634349
12.7517 0.637119
12.7886 0.639889
12.9186 0.642659
13.0548 0.645429
13.1813 0.648199
13.2322 0.65097
13.2929 0.65374
13.359 0.65651
13.3901 0.65928
13.4489 0.66205
13.5777 0.66482
13.6283 0.66759
13.6753 0.67036
13.6761 0.67313
13.9063 0.6759
13.9111 0.67867
13.9931 0.68144
14.1926 0.684211
14.218 0.686981
14.4089 0.689751
14.4808 0.692521
14.4819 0.695291
14.6952 0.698061
14.8209 0.700831
14.9668 0.703601
14.9777 0.706371
14.9876 0.709141
15.0039 0.711911
15.1586 0.714681
16.029 0.717452
16.0308 0.720222
16.2649 0.722992
16.3728 0.725762
16.3892 0.728532
16.4584 0.731302
17.0164 0.734072
17.3161 0.736842
17.3621 0.739612
17.5835 0.742382
17.8422 0.745152
17.9561 0.747922
18.0972 0.750693
18.9144 0.753463
19.98 0.756233
20.0822 0.759003
20.3527 0.761773
20.6716 0.764543
20.784 0.767313
21.4391 0.770083
21.6525 0.772853
21.8259 0.775623
22.3426 0.778393
22.8912 0.781163
23.7863 0.783934
24.5727 0.786704
24.706 0.789474
24.7412 0.792244
24.9298 0.795014
25.5806 0.797784
25.6287 0.800554
25.673 0.803324
26.6065 0.806094
27.1165 0.808864
27.6385 0.811634
27.8412 0.814404
28.5428 0.817175
29.1781 0.819945
30.364 0.822715
31.1736 0.825485
32.5956 0.828255
33.0053 0.831025
34.6359 0.833795
34.6573 0.836565
35.1703 0.839335
35.3478 0.842105
36.113 0.844875
36.3359 0.847645
36.8315 0.850416
36.8789 0.853186
37.5428 0.855956
37.8237 0.858726
38.3452 0.861496
38.9349 0.864266
39.8998 0.867036
40.0762 0.869806
40.9571 0.872576
42.0551 0.875346
42.8501 0.878116
43.4938 0.880886
43.7687 0.883657
44.5004 0.886427
45.4834 0.889197
47.3075 0.891967
53.2516 0.894737
53.4655 0.897507
54.1101 0.900277
54.5538 0.903047
55.3122 0.905817
55.5636 0.908587
56.4498 0.911357
56.6877 0.914127
56.8532 0.916898
57.9302 0.919668
59.2169 0.922438
61.6599 0.925208
64.7452 0.927978
66.9952 0.930748
67.5786 0.933518
69.2741 0.936288
70.3128 0.939058
71.4942 0.941828
72.3893 0.944598
72.7765 0.947368
74.2988 0.950139
77.1593 0.952909
84.492 0.955679
96.1444 0.958449
103.747 0.961219
105.131 0.963989
110.559 0.966759
110.865 0.969529
113.598 0.972299
117.819 0.975069
126.434 0.977839
130.594 0.980609
132.693 0.98338
137.008 0.98615
150.892 0.98892
158.196 0.99169
177.87 0.99446
202.37 0.99723
242.162 1
