0.10676 0.00277008
0.119576 0.00554017
0.138441 0.00831025
0.149674 0.0110803
0.172516 0.0138504
0.234969 0.0166205
0.266033 0.0193906
0.268337 0.0221607
0.273197 0.0249307
0.28148 0.0277008
0.28235 0.0304709
0.285236 0.033241
0.304883 0.0360111
0.325392 0.0387812
0.357048 0.0415512
0.379331 0.0443213
0.387364 0.0470914
0.394304 0.0498615
0.405162 0.0526316
0.411116 0.0554017
0.414075 0.0581717
0.444201 0.0609418
0.448724 0.0637119
0.458316 0.066482
0.470418 0.0692521
0.470558 0.0720222
0.490291 0.0747922
0.528022 0.0775623
0.608186 0.0803324
0.626979 0.0831025
0.641057 0.0858726
0.642319 0.0886427
0.668183 0.0914127
0.671863 0.0941828
0.692504 0.0969529
0.695896 0.099723
0.697336 0.102493
0.706459 0.105263
0.707159 0.108033
0.708845 0.110803
0.720039 0.113573
0.744819 0.116343
0.746709 0.119114
0.776939 0.121884
0.794428 0.124654
0.824091 0.127424
0.825509 0.130194
0.826429 0.132964
0.827078 0.135734
0.850467 0.138504
0.850701 0.141274
0.872518 0.144044
0.876228 0.146814
0.88382 0.149584
0.90042 0.152355
0.924024 0.155125
0.936961 0.157895
1.0496 0.160665
1.05226 0.163435
1.05689 0.166205
1.07711 0.168975
1.07748 0.171745
1.11987 0.174515
1.12938 0.177285
1.13203 0.180055
1.13267 0.182825
1.21352 0.185596
1.23656 0.188366
1.24821 0.191136
1.25326 0.193906
1.30522 0.196676
1.35289 0.199446
1.3939 0.202216
1.4264 0.204986
1.43669 0.207756
1.45219 0.210526
1.46729 0.213296
1.47783 0.216066
1.56765 0.218837
1.64367 0.221607
1.64415 0.224377
1.65188 0.227147
1.66165 0.229917
1.67728 0.232687
1.68647 0.235457
1.71171 0.238227
1.72537 0.240997
1.73723 0.243767
1.85374 0.246537
1.88287 0.249307
1.89623 0.252078
1.93806 0.254848
2.07463 0.257618
2.12243 0.260388
2.13802 0.263158
2.22518 0.265928
2.26583 0.268698
2.27427 0.271468
2.29716 0.274238
2.37623 0.277008
2.42846 0.279778
2.43661 0.282548
2.5173 0.285319
2.54959 0.288089
2.55744 0.290859
2.57195 0.293629
2.6 0.296399
2.61478 0.299169
2.67457 0.301939
2.68545 0.304709
2.69873 0.307479
2.73333 0.310249
2.74455 0.313019
2.76027 0.315789
2.80867 0.31856
2.83382 0.32133
2.8544 0.3241
2.95636 0.32687
3.07514 0.32964
3.11079 0.33241
3.19422 0.33518
3.20705 0.33795
3.30523 0.34072
3.41716 0.34349
3.4221 0.34626
3.47309 0.34903
3.52056 0.351801
3.58247 0.354571
3.60708 0.357341
3.83174 0.360111
3.84459 0.362881
3.97245 0.365651
4.0811 0.368421
4.08437 0.371191
4.12848 0.373961
4.13229 0.376731
4.15455 0.379501
4.24269 0.382271
4.27743 0.385042
4.32985 0.387812
4.34908 0.390582
4.38684 0.393352
4.50618 0.396122
4.56328 0.398892
4.65977 0.401662
4.71536 0.404432
4.81678 0.407202
4.84705 0.409972
4.99813 0.412742
5.26274 0.415512
5.27744 0.418283
5.28147 0.421053
5.33268 0.423823
5.37554 0.426593
5.37729 0.429363
5.41097 0.432133
5.53636 0.434903
5.58854 0.437673
5.61219 0.440443
5.63865 0.443213
5.65107 0.445983
5.70198 0.448753
5.80196 0.451524
5.82704 0.454294
5.87636 0.457064
5.954 0.459834
5.96507 0.462604
6.00078 0.465374
6.09391 0.468144
6.15565 0.470914
6.17394 0.473684
6.30017 0.476454
6.30135 0.479224
6.30272 0.481994
6.32412 0.484765
6.47577 0.487535
6.50548 0.490305
6.55574 0.493075
6.59046 0.495845
6.83138 0.498615
7.1209 0.501385
7.14883 0.504155
7.18402 0.506925
7.1914 0.509695
7.22377 0.512465
7.3039 0.515235
7.30409 0.518006
7.42979 0.520776
7.62116 0.523546
7.64764 0.526316
7.83301 0.529086
7.83341 0.531856
7.95472 0.534626
7.98716 0.537396
8.03714 0.540166
8.10009 0.542936
8.17976 0.545706
8.24737 0.548476
8.5809 0.551247
8.67135 0.554017
8.67733 0.556787
8.86706 0.559557
8.90868 0.562327
9.01055 0.565097
9.02325 0.567867
9.05034 0.570637
9.14349 0.573407
9.15354 0.576177
9.28156 0.578947
9.32855 0.581717
9.34994 0.584488
9.39605 0.587258
9.53448 0.590028
9.53673 0.592798
9.59751 0.595568
9.65767 0.598338
9.7344 0.601108
9.8409 0.603878
9.94393 0.606648
10.0197 0.609418
10.1039 0.612188
10.1145 0.614958
10.1222 0.617729
10.158 0.620499
10.3714 0.623269
10.596 0.626039
10.6303 0.628809
10.7055 0.631579
10.7947 0.634349
10.8954 0.637119
11.1127 0.639889
11.2701 0.642659
11.2752 0.645429
11.277 0.648199
11.3461 0.65097
11.4097 0.65374
11.4148 0.65651
11.4453 0.65928
11.6072 0.66205
11.7819 0.66482
11.8725 0.66759
11.8753 0.67036
11.9177 0.67313
11.9568 0.6759
12.0148 0.67867
12.0259 0.68144
12.2281 0.684211
12.2382 0.686981
12.2916 0.689751
12.3262 0.692521
12.669 0.695291
12.6881 0.698061
12.7866 0.700831
12.8808 0.703601
13.0317 0.706371
13.1797 0.709141
13.2639 0.711911
13.3215 0.714681
13.3398 0.717452
13.3504 0.720222
13.3993 0.722992
13.5328 0.725762
13.6177 0.728532
13.6489 0.731302
13.6721 0.734072
13.8435 0.736842
13.8689 0.739612
13.8801 0.742382
13.9621 0.745152
14.1667 0.747922
14.2033 0.750693
14.2244 0.753463
14.4501 0.756233
14.4579 0.759003
14.6574 0.761773
14.6819 0.764543
14.6973 0.767313
14.769 0.770083
14.92 0.772853
14.9248 0.775623
14.961 0.778393
15.0056 0.781163
15.1298 0.783934
15.1327 0.786704
15.287 0.789474
15.7372 0.792244
16.3532 0.795014
16.4231 0.797784
16.4738 0.800554
16.9702 0.803324
16.9856 0.806094
17.2979 0.808864
17.5534 0.811634
17.8062 0.814404
18.0932 0.817175
18.6184 0.819945
19.0204 0.822715
19.1326 0.825485
19.9505 0.828255
20.17 0.831025
20.2601 0.833795
20.3476 0.836565
21.2529 0.839335
21.4348 0.842105
21.6293 0.844875
21.9638 0.847645
22.4016 0.850416
23.7363 0.853186
24.0341 0.855956
24.697 0.858726
24.8281 0.861496
25.2323 0.864266
26.6806 0.867036
27.3662 0.869806
27.8213 0.872576
28.3141 0.875346
29.1593 0.878116
30.2736 0.880886
30.3179 0.883657
30.5342 0.886427
31.1288 0.889197
32.7234 0.891967
32.8118 0.894737
36.3083 0.897507
38.8018 0.900277
39.0699 0.903047
39.8234 0.905817
40.9629 0.908587
41.3645 0.911357
41.9898 0.914127
42.3314 0.916898
44.0963 0.919668
44.6712 0.922438
45.4192 0.925208
47.4993 0.927978
47.6455 0.930748
49.1194 0.933518
50.7728 0.936288
53.3772 0.939058
53.4587 0.941828
54.1024 0.944598
55.0875 0.947368
55.3058 0.950139
56.2448 0.952909
57.0131 0.955679
61.136 0.958449
63.6631 0.961219
68.9721 0.963989
71.7234 0.966759
75.814 0.969529
76.2755 0.972299
79.4901 0.975069
86.0534 0.977839
95.95 0.980609
102.592 0.98338
103.739 0.98615
104.811 0.98892
117.442 0.99169
117.68 0.99446
119.282 0.99723
130.582 1
