0.0795459 0.00277008
0.173102 0.00554017
0.321449 0.00831025
0.348586 0.0110803
0.431261 0.0138504
0.550021 0.0166205
0.678184 0.0193906
0.747936 0.0221607
0.766907 0.0249307
0.789989 0.0277008
0.83932 0.0304709
0.843185 0.033241
0.896886 0.0360111
0.912564 0.0387812
1.0674 0.0415512
1.08637 0.0443213
1.09296 0.0470914
1.24944 0.0498615
1.37214 0.0526316
1.43529 0.0554017
1.55644 0.0581717
1.62515 0.0609418
1.68647 0.0637119
1.76683 0.066482
1.80759 0.0692521
1.82569 0.0720222
1.83968 0.0747922
1.98759 0.0775623
1.99793 0.0803324
2.00037 0.0831025
2.05601 0.0858726
2.06846 0.0886427
2.18074 0.0914127
2.20427 0.0941828
2.23281 0.0969529
2.36997 0.099723
2.43281 0.102493
2.69001 0.105263
2.73812 0.108033
2.79563 0.110803
2.83408 0.113573
2.95697 0.116343
3.12432 0.119114
3.13055 0.121884
3.13779 0.124654
3.16789 0.127424
3.16927 0.130194
3.30436 0.132964
3.31338 0.135734
3.34852 0.138504
3.35236 0.141274
3.38284 0.144044
3.38759 0.146814
3.40646 0.149584
3.4582 0.152355
3.5734 0.155125
3.67954 0.157895
3.7159 0.160665
3.74454 0.163435
3.76009 0.166205
3.82388 0.168975
3.83657 0.171745
3.87298 0.174515
3.98804 0.177285
3.99388 0.180055
3.99472 0.182825
4.01361 0.185596
4.02806 0.188366
4.14597 0.191136
4.18412 0.193906
4.18532 0.196676
4.26318 0.199446
4.27409 0.202216
4.51315 0.204986
4.73059 0.207756
4.7539 0.210526
4.88752 0.213296
4.97087 0.216066
5.37102 0.218837
5.46722 0.221607
5.48898 0.224377
5.55233 0.227147
5.65592 0.229917
5.78087 0.232687
6.09883 0.235457
6.10019 0.238227
6.10797 0.240997
6.12213 0.243767
6.1447 0.246537
6.18698 0.249307
6.43504 0.252078
6.48754 0.254848
6.55007 0.257618
6.74822 0.260388
6.92328 0.263158
6.95481 0.265928
6.99949 0.268698
7.00531 0.271468
7.02433 0.274238
7.33106 0.277008
7.44411 0.279778
7.52437 0.282548
7.57646 0.285319
7.57845 0.288089
7.5952 0.290859
7.62693 0.293629
7.77945 0.296399
7.79799 0.299169
7.99868 0.301939
8.00078 0.304709
8.04076 0.307479
8.1199 0.310249
8.38765 0.313019
8.46422 0.315789
8.59784 0.31856
8.61567 0.32133
8.61766 0.3241
8.72689 0.32687
8.77679 0.32964
8.97731 0.33241
9.10925 0.33518
9.3293 0.33795
9.47206 0.34072
9.66205 0.34349
9.67188 0.34626
9.81504 0.34903
9.82802 0.351801
9.85112 0.354571
10.171 0.357341
10.2124 0.360111
10.5716 0.362881
10.8759 0.365651
10.9006 0.368421
10.975 0.371191
11.1118 0.373961
11.2258 0.376731
11.3633 0.379501
11.4065 0.382271
11.4083 0.385042
11.451 0.387812
11.5588 0.390582
11.5701 0.393352
11.7007 0.396122
11.7025 0.398892
11.8707 0.401662
11.9177 0.404432
12.1473 0.407202
12.1538 0.409972
12.2266 0.412742
12.518 0.415512
12.5369 0.418283
12.545 0.421053
12.6722 0.423823
12.9424 0.426593
13.1985 0.429363
13.3422 0.432133
13.5448 0.434903
13.8332 0.437673
13.8785 0.440443
14.0553 0.443213
14.1965 0.445983
14.2046 0.448753
14.2297 0.451524
14.3869 0.454294
14.4275 0.457064
14.6369 0.459834
15.337 0.462604
15.6358 0.465374
15.7381 0.468144
16.3555 0.470914
16.4053 0.473684
16.4272 0.476454
16.5238 0.479224
16.5362 0.481994
16.5606 0.484765
16.594 0.487535
16.6159 0.490305
16.8808 0.493075
17.2387 0.495845
17.2693 0.498615
18.0734 0.501385
18.3155 0.504155
18.3179 0.506925
18.3267 0.509695
19.4826 0.512465
19.4952 0.515235
19.6956 0.518006
19.8244 0.520776
19.8312 0.523546
19.8844 0.526316
20.1796 0.529086
20.2252 0.531856
20.2443 0.534626
20.4807 0.537396
20.4958 0.540166
20.6976 0.542936
20.7669 0.545706
20.784 0.548476
21.3037 0.551247
21.381 0.554017
21.4009 0.556787
21.4934 0.559557
21.6125 0.562327
21.7361 0.565097
21.907 0.567867
22.5783 0.570637
23.0108 0.573407
23.7287 0.576177
23.7947 0.578947
23.9283 0.581717
24.2507 0.584488
24.6728 0.587258
25.5039 0.590028
25.6411 0.592798
25.9334 0.595568
26.9961 0.598338
27.5048 0.601108
27.8688 0.603878
27.8713 0.606648
28.5511 0.609418
28.6914 0.612188
28.8755 0.614958
29.8129 0.617729
29.8217 0.620499
29.8584 0.623269
30.1203 0.626039
30.1356 0.628809
30.2651 0.631579
31.299 0.634349
31.8611 0.637119
32.933 0.639889
33.2483 0.642659
33.3562 0.645429
33.5495 0.648199
33.8025 0.65097
33.8311 0.65374
34.1721 0.65651
34.2711 0.65928
34.6913 0.66205
35.2979 0.66482
35.8792 0.66759
35.9272 0.67036
36.0966 0.67313
36.5833 0.6759
37.4057 0.67867
37.4824 0.68144
37.6184 0.684211
37.664 0.686981
38.3987 0.689751
38.4119 0.692521
39.2409 0.695291
39.5961 0.698061
39.5966 0.700831
39.5985 0.703601
40.9438 0.706371
41.7047 0.709141
41.7683 0.711911
41.8437 0.714681
43.0592 0.717452
43.3247 0.720222
44.019 0.722992
45.0358 0.725762
45.3131 0.728532
46.1002 0.731302
48.4044 0.734072
49.4336 0.736842
49.7322 0.739612
49.9906 0.742382
50.0381 0.745152
50.4228 0.747922
50.5298 0.750693
50.5306 0.753463
50.8685 0.756233
51.187 0.759003
53.7797 0.761773
56.9623 0.764543
58.0274 0.767313
59.1449 0.770083
59.401 0.772853
59.4756 0.775623
62.6675 0.778393
63.1606 0.781163
64.9055 0.783934
66.9722 0.786704
67.6036 0.789474
69.8269 0.792244
69.9393 0.795014
75.5985 0.797784
79.2675 0.800554
95.1447 0.803324
96.0209 0.806094
96.9319 0.808864
100.157 0.811634
101.529 0.814404
102.562 0.817175
103.489 0.819945
103.633 0.822715
103.984 0.825485
109.74 0.828255
114.492 0.831025
114.904 0.833795
116.249 0.836565
116.437 0.839335
116.862 0.842105
117.494 0.844875
121.354 0.847645
132.857 0.850416
139.938 0.853186
147.065 0.855956
148.337 0.858726
148.43 0.861496
149.833 0.864266
159.741 0.867036
159.84 0.869806
161.954 0.872576
172.71 0.875346
177.526 0.878116
181.514 0.880886
186.523 0.883657
193.754 0.886427
194.844 0.889197
198.31 0.891967
204.237 0.894737
207.793 0.897507
209.481 0.900277
209.657 0.903047
215.98 0.905817
218.834 0.908587
222.441 0.911357
223.121 0.914127
224.38 0.916898
225.794 0.919668
272.233 0.922438
278.444 0.925208
299.048 0.927978
299.424 0.930748
306.192 0.933518
310.727 0.936288
320.182 0.939058
328.363 0.941828
331.202 0.944598
452.259 0.947368
461.673 0.950139
486.133 0.952909
492.143 0.955679
499.025 0.958449
513.698 0.961219
514.587 0.963989
533.68 0.966759
574.41 0.969529
613.068 0.972299
629.545 0.975069
648.694 0.977839
656.919 0.980609
687.912 0.98338
689.868 0.98615
778.007 0.98892
1067.42 0.99169
1779.1 0.99446
2425.8 0.99723
2674.54 1
