0.002083 0.00277008
0.039003 0.00554017
0.043442 0.00831025
0.044323 0.0110803
0.079409 0.0138504
0.133915 0.0166205
0.142897 0.0193906
0.168068 0.0221607
0.170069 0.0249307
0.173302 0.0277008
0.178200 0.0304709
0.179306 0.033241
0.179594 0.0360111
0.182013 0.0387812
0.196325 0.0415512
0.207706 0.0443213
0.243883 0.0470914
0.249994 0.0498615
0.258553 0.0526316
0.270651 0.0554017
0.278840 0.0581717
0.310051 0.0609418
0.310255 0.0637119
0.341461 0.066482
0.343224 0.0692521
0.365732 0.0720222
0.366673 0.0747922
0.389433 0.0775623
0.402802 0.0803324
0.404721 0.0831025
0.410744 0.0858726
0.415205 0.0886427
0.428020 0.0914127
0.451618 0.0941828
0.452329 0.0969529
0.452995 0.099723
0.453328 0.102493
0.467640 0.105263
0.487421 0.108033
0.493287 0.110803
0.505346 0.113573
0.516645 0.116343
0.535425 0.119114
0.537395 0.121884
0.541814 0.124654
0.545866 0.127424
0.558390 0.130194
0.561855 0.132964
0.563644 0.135734
0.584460 0.138504
0.590554 0.141274
0.606347 0.144044
0.633403 0.146814
0.633827 0.149584
0.654894 0.152355
0.657892 0.155125
0.661212 0.157895
0.666931 0.160665
0.669257 0.163435
0.679782 0.166205
0.686674 0.168975
0.691675 0.171745
0.702212 0.174515
0.713255 0.177285
0.716855 0.180055
0.731609 0.182825
0.738098 0.185596
0.742283 0.188366
0.748825 0.191136
0.798386 0.193906
0.805210 0.196676
0.807648 0.199446
0.845845 0.202216
0.855413 0.204986
0.882366 0.207756
0.903511 0.210526
0.903831 0.213296
0.948275 0.216066
0.952742 0.218837
0.956490 0.221607
0.970095 0.224377
0.971858 0.227147
0.978763 0.229917
0.986801 0.232687
0.988483 0.235457
0.999039 0.238227
1.028677 0.240997
1.035715 0.243767
1.091563 0.246537
1.117498 0.249307
1.125487 0.252078
1.128185 0.254848
1.130660 0.257618
1.177681 0.260388
1.188223 0.263158
1.200962 0.265928
1.222685 0.268698
1.241234 0.271468
1.282448 0.274238
1.295944 0.277008
1.324026 0.279778
1.338570 0.282548
1.445055 0.285319
1.499160 0.288089
1.519180 0.290859
1.536741 0.293629
1.541311 0.296399
1.592230 0.299169
1.598900 0.301939
1.679988 0.304709
1.690165 0.307479
1.741964 0.310249
1.744383 0.313019
1.779396 0.315789
1.825707 0.31856
1.841034 0.32133
1.847300 0.3241
1.879881 0.32687
2.007824 0.32964
2.083887 0.33241
2.115299 0.33518
2.131918 0.33795
2.141188 0.34072
2.227577 0.34349
2.254583 0.34626
2.266098 0.34903
2.327346 0.351801
2.360050 0.354571
2.384117 0.357341
2.409101 0.360111
2.483858 0.362881
2.484114 0.365651
2.602268 0.368421
2.634743 0.371191
2.760475 0.373961
2.803556 0.376731
2.886503 0.379501
2.898041 0.382271
2.931511 0.385042
2.973900 0.387812
2.978912 0.390582
2.980291 0.393352
2.983585 0.396122
3.082712 0.398892
3.156239 0.401662
3.168322 0.404432
3.173969 0.407202
3.418951 0.409972
3.574940 0.412742
3.582489 0.415512
3.698040 0.418283
3.741907 0.421053
3.820518 0.423823
3.859493 0.426593
3.913971 0.429363
3.974035 0.432133
4.024769 0.434903
4.038523 0.437673
4.108128 0.440443
4.140957 0.443213
4.172997 0.445983
4.335413 0.448753
4.358709 0.451524
4.367016 0.454294
4.433388 0.457064
4.563887 0.459834
4.602386 0.462604
4.732735 0.465374
4.736475 0.468144
4.762739 0.470914
4.807083 0.473684
4.809746 0.476454
4.987856 0.479224
5.045334 0.481994
5.138908 0.484765
5.146946 0.487535
5.162994 0.490305
5.299224 0.493075
5.339293 0.495845
5.463066 0.498615
5.488359 0.501385
5.646236 0.504155
5.758699 0.506925
5.957024 0.509695
5.962797 0.512465
5.999168 0.515235
6.011879 0.518006
6.157001 0.520776
6.408775 0.523546
6.528786 0.526316
6.863754 0.529086
6.875776 0.531856
7.014557 0.534626
7.015940 0.537396
7.069653 0.540166
7.162363 0.542936
7.251896 0.545706
7.329847 0.548476
7.420624 0.551247
7.541887 0.554017
7.543365 0.556787
7.587109 0.559557
7.686741 0.562327
7.689941 0.565097
8.073065 0.567867
8.176407 0.570637
8.244755 0.573407
8.404359 0.576177
8.499908 0.578947
8.596100 0.581717
8.788733 0.584488
8.832134 0.587258
8.892002 0.590028
8.926432 0.592798
8.932507 0.595568
8.962543 0.598338
9.731400 0.601108
9.784031 0.603878
10.112255 0.606648
10.131237 0.609418
10.197025 0.612188
10.438187 0.614958
10.646097 0.617729
10.720242 0.620499
10.823997 0.623269
10.832680 0.626039
10.946236 0.628809
10.949745 0.631579
11.135954 0.634349
11.255955 0.637119
11.494034 0.639889
11.693068 0.642659
11.999054 0.645429
12.017525 0.648199
12.240568 0.65097
12.572376 0.65374
12.611877 0.65651
13.064545 0.65928
13.197149 0.66205
13.328503 0.66482
13.633249 0.66759
13.690453 0.67036
13.698124 0.67313
13.837505 0.6759
13.843948 0.67867
14.180275 0.68144
14.368217 0.684211
14.433037 0.686981
14.577230 0.689751
15.720566 0.692521
16.087975 0.695291
16.205931 0.698061
16.814314 0.700831
17.162542 0.703601
17.941944 0.706371
17.953289 0.709141
18.527843 0.711911
18.604700 0.714681
19.010567 0.717452
19.091122 0.720222
19.128593 0.722992
19.244865 0.725762
20.518459 0.728532
20.636505 0.731302
20.706749 0.734072
21.270548 0.736842
21.558117 0.739612
21.562088 0.742382
21.703781 0.745152
22.198591 0.747922
22.387486 0.750693
22.604259 0.753463
24.973751 0.756233
24.978088 0.759003
25.061911 0.761773
26.514057 0.764543
27.004843 0.767313
27.780430 0.770083
28.073856 0.772853
28.152374 0.775623
28.311375 0.778393
29.672592 0.781163
29.688118 0.783934
29.944061 0.786704
31.862831 0.789474
33.402229 0.792244
34.616486 0.795014
34.731934 0.797784
35.411976 0.800554
37.864830 0.803324
38.907162 0.806094
39.190182 0.808864
40.175011 0.811634
41.698986 0.814404
41.934597 0.817175
42.303604 0.819945
43.943916 0.822715
43.950287 0.825485
44.025101 0.828255
44.286644 0.831025
48.861115 0.833795
52.728607 0.836565
53.337059 0.839335
57.287296 0.842105
57.678413 0.844875
57.696384 0.847645
58.059143 0.850416
58.085938 0.853186
58.096382 0.855956
58.584442 0.858726
59.632729 0.861496
62.279396 0.864266
62.734901 0.867036
62.942596 0.869806
63.226822 0.872576
66.482315 0.875346
67.959137 0.878116
68.068558 0.880886
70.376122 0.883657
71.039551 0.886427
75.782722 0.889197
76.020538 0.891967
76.484520 0.894737
77.622231 0.897507
79.469818 0.900277
79.602638 0.903047
82.478668 0.905817
92.570999 0.908587
93.224548 0.911357
93.694534 0.914127
94.066330 0.916898
96.821724 0.919668
105.414185 0.922438
107.149323 0.925208
107.844414 0.927978
113.704170 0.930748
119.833588 0.933518
122.489799 0.936288
145.911102 0.939058
150.785355 0.941828
157.860977 0.944598
158.746201 0.947368
165.692368 0.950139
166.976959 0.952909
180.287384 0.955679
195.726990 0.958449
196.985992 0.961219
201.788330 0.963989
202.018768 0.966759
207.699005 0.969529
236.709290 0.972299
254.124954 0.975069
273.054840 0.977839
278.114197 0.980609
283.426208 0.98338
295.486755 0.98615
374.652161 0.98892
382.465027 0.99169
410.925720 0.99446
418.573730 0.99723
489.841492 1
