0.0078364 0.00277008
0.0117379 0.00554017
0.0166504 0.00831025
0.0452632 0.0110803
0.0542519 0.0138504
0.056225 0.0166205
0.0956035 0.0193906
0.105386 0.0221607
0.120218 0.0249307
0.121613 0.0277008
0.122217 0.0304709
0.122758 0.033241
0.123648 0.0360111
0.126714 0.0387812
0.159591 0.0415512
0.182032 0.0443213
0.190615 0.0470914
0.205319 0.0498615
0.212234 0.0526316
0.236184 0.0554017
0.240429 0.0581717
0.248782 0.0609418
0.261767 0.0637119
0.358602 0.066482
0.376378 0.0692521
0.397983 0.0720222
0.42099 0.0747922
0.430576 0.0775623
0.444454 0.0803324
0.44938 0.0831025
0.455044 0.0858726
0.469989 0.0886427
0.48162 0.0914127
0.494152 0.0941828
0.502771 0.0969529
0.523252 0.099723
0.541137 0.102493
0.585038 0.105263
0.609612 0.108033
0.624149 0.110803
0.690857 0.113573
0.718277 0.116343
0.768898 0.119114
0.769204 0.121884
0.827807 0.124654
0.892017 0.127424
0.940419 0.130194
0.943123 0.132964
0.944717 0.135734
0.948097 0.138504
0.957591 0.141274
0.972616 0.144044
1.02261 0.146814
1.02835 0.149584
1.05682 0.152355
1.06389 0.155125
1.10977 0.157895
1.12845 0.160665
1.17069 0.163435
1.19446 0.166205
1.24805 0.168975
1.26503 0.171745
1.3 0.174515
1.32749 0.177285
1.33971 0.180055
1.37451 0.182825
1.4234 0.185596
1.50101 0.188366
1.54089 0.191136
1.55616 0.193906
1.5889 0.196676
1.60324 0.199446
1.62439 0.202216
1.68786 0.204986
1.75979 0.207756
1.77695 0.210526
1.88442 0.213296
1.98891 0.216066
1.99902 0.218837
2.01131 0.221607
2.01852 0.224377
2.0657 0.227147
2.13312 0.229917
2.1357 0.232687
2.16125 0.235457
2.21245 0.238227
2.23716 0.240997
2.31322 0.243767
2.39033 0.246537
2.39375 0.249307
2.54996 0.252078
2.61623 0.254848
2.79902 0.257618
2.88398 0.260388
2.96295 0.263158
3.05549 0.265928
3.11088 0.268698
3.11641 0.271468
3.33013 0.274238
3.34659 0.277008
3.56534 0.279778
3.61409 0.282548
3.62807 0.285319
3.73812 0.288089
3.76571 0.290859
3.81153 0.293629
3.84735 0.296399
3.87947 0.299169
3.88448 0.301939
3.98478 0.304709
3.99349 0.307479
4.05258 0.310249
4.10563 0.313019
4.20002 0.315789
4.26789 0.31856
4.26987 0.32133
4.29672 0.3241
4.30401 0.32687
4.31585 0.32964
4.45367 0.33241
4.46648 0.33518
4.58905 0.33795
4.63872 0.34072
4.66923 0.34349
4.98884 0.34626
4.99469 0.34903
5.01141 0.351801
5.11002 0.354571
5.34899 0.357341
5.39091 0.360111
5.54626 0.362881
5.56909 0.365651
5.59971 0.368421
5.65217 0.371191
5.88931 0.373961
5.97962 0.376731
5.9803 0.379501
6.07551 0.382271
6.13688 0.385042
6.15692 0.387812
6.17668 0.390582
6.21482 0.393352
6.23615 0.396122
6.32123 0.398892
6.64505 0.401662
6.69389 0.404432
6.94062 0.407202
6.98858 0.409972
7.00988 0.412742
7.03101 0.415512
7.23526 0.418283
7.24161 0.421053
7.38444 0.423823
7.71363 0.426593
7.73737 0.429363
7.78861 0.432133
8.02449 0.434903
8.12809 0.437673
8.14359 0.440443
8.19207 0.443213
8.31287 0.445983
8.36946 0.448753
8.53912 0.451524
8.6022 0.454294
8.73567 0.457064
8.82463 0.459834
8.85436 0.462604
8.88976 0.465374
8.89708 0.468144
8.93856 0.470914
9.3676 0.473684
9.41386 0.476454
9.47758 0.479224
9.54893 0.481994
9.59171 0.484765
9.5992 0.487535
9.6242 0.490305
9.65741 0.493075
9.7448 0.495845
10.0452 0.498615
10.1957 0.501385
10.2269 0.504155
10.228 0.506925
10.2449 0.509695
10.2481 0.512465
10.4073 0.515235
10.5361 0.518006
10.8368 0.520776
10.8968 0.523546
11.2541 0.526316
11.3095 0.529086
11.3446 0.531856
12.0822 0.534626
12.1066 0.537396
12.2426 0.540166
12.377 0.542936
12.667 0.545706
12.6688 0.548476
12.8677 0.551247
13.033 0.554017
13.4436 0.556787
14.0502 0.559557
14.8316 0.562327
15.0238 0.565097
15.579 0.567867
15.7729 0.570637
15.9599 0.573407
16.1845 0.576177
16.3573 0.578947
16.3756 0.581717
16.6578 0.584488
16.7777 0.587258
17.0344 0.590028
17.5354 0.592798
18.1945 0.595568
18.3754 0.598338
18.9193 0.601108
18.9807 0.603878
19.3147 0.606648
19.7806 0.609418
20.0207 0.612188
20.2128 0.614958
20.2378 0.617729
20.2619 0.620499
20.2714 0.623269
20.4271 0.626039
20.6798 0.628809
20.9957 0.631579
21.1021 0.634349
21.4 0.637119
21.5761 0.639889
21.9749 0.642659
22.0556 0.645429
22.5935 0.648199
22.7085 0.65097
23.8623 0.65374
23.8864 0.65651
24.0317 0.65928
24.4829 0.66205
24.6497 0.66482
25.0544 0.66759
25.4196 0.67036
25.4955 0.67313
25.7752 0.6759
25.8297 0.67867
26.457 0.68144
26.6296 0.684211
27.4645 0.686981
27.4654 0.689751
27.8639 0.692521
27.8891 0.695291
27.9768 0.698061
28.4996 0.700831
28.6128 0.703601
28.8001 0.706371
28.9897 0.709141
29.1177 0.711911
29.135 0.714681
29.7467 0.717452
29.9491 0.720222
30.3861 0.722992
30.5991 0.725762
31.1361 0.728532
31.4166 0.731302
31.5869 0.734072
31.704 0.736842
31.7918 0.739612
33.1434 0.742382
33.9157 0.745152
33.9231 0.747922
34.9903 0.750693
36.1496 0.753463
36.5345 0.756233
36.6251 0.759003
37.5972 0.761773
37.7064 0.764543
38.7329 0.767313
39.0509 0.770083
39.4234 0.772853
40.5414 0.775623
40.6761 0.778393
40.7495 0.781163
41.5261 0.783934
41.8999 0.786704
42.213 0.789474
42.7625 0.792244
42.8276 0.795014
42.9974 0.797784
43.8558 0.800554
44.4704 0.803324
45.0832 0.806094
45.8707 0.808864
46.4667 0.811634
47.9525 0.814404
48.2602 0.817175
48.5234 0.819945
49.4025 0.822715
50.153 0.825485
50.3684 0.828255
50.739 0.831025
51.1842 0.833795
51.7893 0.836565
52.4784 0.839335
53.6949 0.842105
54.6541 0.844875
55.5722 0.847645
55.9706 0.850416
56.0513 0.853186
57.5359 0.855956
59.4373 0.858726
64.3611 0.861496
64.5642 0.864266
64.8048 0.867036
65.5116 0.869806
65.7989 0.872576
66.336 0.875346
67.8386 0.878116
68.3322 0.880886
68.6653 0.883657
69.3479 0.886427
71.9758 0.889197
72.3001 0.891967
73.8018 0.894737
74.4346 0.897507
75.2435 0.900277
76.0341 0.903047
78.6805 0.905817
81.5386 0.908587
84.9335 0.911357
86.6425 0.914127
94.3986 0.916898
94.6069 0.919668
97.0996 0.922438
98.5942 0.925208
104.064 0.927978
104.623 0.930748
108.058 0.933518
108.15 0.936288
109.915 0.939058
110.114 0.941828
111.81 0.944598
113.716 0.947368
120.151 0.950139
120.784 0.952909
121.711 0.955679
133.865 0.958449
137.559 0.961219
143.068 0.963989
144.464 0.966759
145.172 0.969529
145.285 0.972299
147.888 0.975069
150.177 0.977839
150.384 0.980609
151.139 0.98338
151.365 0.98615
159.662 0.98892
197.983 0.99169
208.169 0.99446
222.04 0.99723
228.594 1
