0.008001 0.00277008
0.179803 0.00554017
0.245563 0.00831025
0.452128 0.0110803
0.600702 0.0138504
0.602214 0.0166205
0.724587 0.0193906
0.803440 0.0221607
0.860284 0.0249307
0.862077 0.0277008
0.899112 0.0304709
0.961102 0.033241
0.967682 0.0360111
0.975544 0.0387812
1.006998 0.0415512
1.037764 0.0443213
1.070430 0.0470914
1.087251 0.0498615
1.123612 0.0526316
1.127950 0.0554017
1.175223 0.0581717
1.230814 0.0609418
1.290743 0.0637119
1.427266 0.066482
1.500557 0.0692521
1.883531 0.0720222
1.941917 0.0747922
1.992711 0.0775623
2.006829 0.0803324
2.114269 0.0831025
2.147118 0.0858726
2.173835 0.0886427
2.216978 0.0914127
2.365504 0.0941828
2.368624 0.0969529
2.379211 0.099723
2.492669 0.102493
2.501210 0.105263
2.649456 0.108033
2.652318 0.110803
2.677583 0.113573
2.721577 0.116343
2.750720 0.119114
2.805629 0.121884
2.806854 0.124654
2.823799 0.127424
2.886264 0.130194
2.983724 0.132964
3.001787 0.135734
3.030781 0.138504
3.041058 0.141274
3.077087 0.144044
3.095490 0.146814
3.219441 0.149584
3.281716 0.152355
3.288728 0.155125
3.289490 0.157895
3.310980 0.160665
3.334290 0.163435
3.498396 0.166205
3.499588 0.168975
3.542787 0.171745
3.560779 0.174515
3.582151 0.177285
3.666319 0.180055
3.729659 0.182825
3.934090 0.185596
3.979848 0.188366
4.005111 0.191136
4.081460 0.193906
4.175210 0.196676
4.216225 0.199446
4.360757 0.202216
4.410018 0.204986
4.432502 0.207756
4.458419 0.210526
4.701889 0.213296
4.711066 0.216066
4.963549 0.218837
4.990285 0.221607
5.003234 0.224377
5.242250 0.227147
5.265051 0.229917
5.312699 0.232687
5.316486 0.235457
5.396215 0.238227
5.447651 0.240997
5.550751 0.243767
5.577206 0.246537
5.653005 0.249307
5.885656 0.252078
5.934070 0.254848
6.058632 0.257618
6.317793 0.260388
6.435811 0.263158
6.686112 0.265928
6.695885 0.268698
6.843226 0.271468
6.945577 0.274238
7.023941 0.277008
7.026245 0.279778
7.049865 0.282548
7.100104 0.285319
7.345448 0.288089
7.371311 0.290859
7.468892 0.293629
7.502646 0.296399
7.518332 0.299169
7.544177 0.301939
7.551168 0.304709
7.569237 0.307479
7.574908 0.310249
7.592246 0.313019
7.610568 0.315789
7.650268 0.31856
7.768247 0.32133
7.829093 0.3241
7.842841 0.32687
7.902651 0.32964
8.030108 0.33241
8.112249 0.33518
8.414898 0.33795
8.415991 0.34072
8.544198 0.34349
8.831777 0.34626
9.412517 0.34903
9.451213 0.351801
9.465577 0.354571
9.473817 0.357341
9.505801 0.360111
9.644946 0.362881
9.701763 0.365651
9.749481 0.368421
9.901147 0.371191
9.934783 0.373961
10.260092 0.376731
10.407228 0.379501
10.559642 0.382271
10.630172 0.385042
10.631149 0.387812
10.700460 0.390582
10.983913 0.393352
11.028133 0.396122
11.042047 0.398892
11.090380 0.401662
11.734463 0.404432
11.828751 0.407202
12.091620 0.409972
12.185350 0.412742
12.387514 0.415512
12.484267 0.418283
12.885338 0.421053
13.032171 0.423823
13.158831 0.426593
13.259842 0.429363
13.364328 0.432133
13.383359 0.434903
13.776253 0.437673
13.779701 0.440443
13.781430 0.443213
13.803673 0.445983
13.944124 0.448753
14.143799 0.451524
14.159513 0.454294
14.160793 0.457064
14.421237 0.459834
14.711493 0.462604
14.827666 0.465374
15.232138 0.468144
15.268263 0.470914
15.333377 0.473684
15.526326 0.476454
15.645599 0.479224
15.822291 0.481994
16.325368 0.484765
16.495246 0.487535
16.806985 0.490305
17.073938 0.493075
17.214118 0.495845
17.277057 0.498615
17.390640 0.501385
17.504683 0.504155
17.923275 0.506925
18.191156 0.509695
18.206924 0.512465
18.211317 0.515235
18.244912 0.518006
18.310814 0.520776
18.491773 0.523546
18.645978 0.526316
18.668766 0.529086
18.766239 0.531856
18.856940 0.534626
19.060826 0.537396
19.061926 0.540166
19.219124 0.542936
19.366370 0.545706
19.492966 0.548476
19.720274 0.551247
19.813152 0.554017
19.888817 0.556787
20.149958 0.559557
20.269963 0.562327
20.323864 0.565097
20.386964 0.567867
20.650670 0.570637
20.853886 0.573407
21.168357 0.576177
21.203834 0.578947
21.617159 0.581717
22.083697 0.584488
22.291216 0.587258
22.601223 0.590028
23.019199 0.592798
23.887430 0.595568
24.092378 0.598338
24.614519 0.601108
24.772455 0.603878
25.068650 0.606648
25.083727 0.609418
25.162277 0.612188
25.811481 0.614958
26.970994 0.617729
27.068830 0.620499
27.479237 0.623269
27.804911 0.626039
28.532457 0.628809
28.831905 0.631579
29.086748 0.634349
29.906544 0.637119
30.284473 0.639889
31.105328 0.642659
31.407923 0.645429
32.043791 0.648199
32.157525 0.65097
32.833570 0.65374
32.892546 0.65651
32.958528 0.65928
33.113959 0.66205
33.371955 0.66482
33.638257 0.66759
33.728606 0.67036
33.929333 0.67313
33.970925 0.6759
34.147328 0.67867
34.636724 0.68144
34.801143 0.684211
34.893271 0.686981
35.279480 0.689751
35.423115 0.692521
36.604574 0.695291
36.680776 0.698061
36.844036 0.700831
36.997226 0.703601
37.156782 0.706371
37.388766 0.709141
39.117458 0.711911
39.173034 0.714681
40.668002 0.717452
41.539267 0.720222
41.665536 0.722992
41.666096 0.725762
41.689339 0.728532
41.729346 0.731302
41.772717 0.734072
42.717344 0.736842
43.380126 0.739612
43.532962 0.742382
43.646127 0.745152
45.660532 0.747922
46.090645 0.750693
48.794565 0.753463
49.684754 0.756233
50.005263 0.759003
50.333303 0.761773
51.493841 0.764543
53.301400 0.767313
53.660345 0.770083
54.219002 0.772853
55.044132 0.775623
56.253207 0.778393
57.851487 0.781163
57.971179 0.783934
59.619355 0.786704
61.618209 0.789474
62.767357 0.792244
62.923110 0.795014
65.085304 0.797784
66.457796 0.800554
66.594976 0.803324
67.013377 0.806094
68.985844 0.808864
73.205554 0.811634
74.007636 0.814404
74.844289 0.817175
76.587462 0.819945
78.506964 0.822715
79.383612 0.825485
80.488682 0.828255
83.741325 0.831025
84.199125 0.833795
84.950978 0.836565
89.497650 0.839335
92.485237 0.842105
98.794693 0.844875
101.016605 0.847645
102.143002 0.850416
102.881360 0.853186
103.114641 0.855956
104.131377 0.858726
104.421341 0.861496
104.634607 0.864266
104.769492 0.867036
106.173253 0.869806
108.325768 0.872576
109.972894 0.875346
110.152161 0.878116
111.149192 0.880886
116.696954 0.883657
116.886878 0.886427
121.149719 0.889197
126.616633 0.891967
128.538513 0.894737
128.593028 0.897507
128.611350 0.900277
133.844399 0.903047
134.911680 0.905817
137.829280 0.908587
140.019894 0.911357
140.287054 0.914127
153.923619 0.916898
154.700756 0.919668
164.090729 0.922438
164.358044 0.925208
166.391206 0.927978
166.643655 0.930748
167.069113 0.933518
171.068382 0.936288
171.305037 0.939058
171.611333 0.941828
175.380325 0.944598
178.373349 0.947368
192.231405 0.950139
192.711496 0.952909
193.551767 0.955679
198.293674 0.958449
205.996203 0.961219
207.490063 0.963989
214.313364 0.966759
238.353896 0.969529
242.257857 0.972299
253.447580 0.975069
263.769722 0.977839
271.184206 0.980609
285.839581 0.98338
308.121204 0.98615
340.908790 0.98892
347.801566 0.99169
388.969922 0.99446
402.463627 0.99723
410.687542 1
