.0012228430 0.00277008
.0015516666 0.00554017
.0025392908 0.00831025
.0034939778 0.0110803
.0035234147 0.0138504
.0035597816 0.0166205
.0039189465 0.0193906
.0041918030 0.0221607
.0057020273 0.0249307
.0069095549 0.0277008
.0078208114 0.0304709
.0080371648 0.033241
.0082822588 0.0360111
.0087649135 0.0387812
.0093663307 0.0415512
.0098079329 0.0443213
.0105511088 0.0470914
.0109059741 0.0498615
.0112545754 0.0526316
.0113047616 0.0554017
.0126044898 0.0581717
.0128032065 0.0609418
.0129448485 0.0637119
.0130265316 0.066482
.0131488703 0.0692521
.0143619891 0.0720222
.0144789568 0.0747922
.0154429186 0.0775623
.0158722118 0.0803324
.0159260347 0.0831025
.0164600993 0.0858726
.0175924652 0.0886427
.0181862143 0.0914127
.0187701004 0.0941828
.0190477876 0.0969529
.0191973152 0.099723
.0194149556 0.102493
.0214310073 0.105263
.0222686350 0.108033
.0234419138 0.110803
.0235327440 0.113573
.0241412624 0.116343
.0247468070 0.119114
.0249834656 0.121884
.0251131043 0.124654
.0251792178 0.127424
.0256096752 0.130194
.0262682888 0.132964
.0264715220 0.135734
.0267735468 0.138504
.0268097608 0.141274
.0269001241 0.144044
.0271991844 0.146814
.0277358080 0.149584
.0282547897 0.152355
.0285680035 0.155125
.0291871208 0.157895
.0298653094 0.160665
.0299106296 0.163435
.0302065281 0.166205
.0303814516 0.168975
.0305226895 0.171745
.0314521463 0.174515
.0322013669 0.177285
.0325474515 0.180055
.0327801578 0.182825
.0331854536 0.185596
.0334140008 0.188366
.0336069753 0.191136
.0340594831 0.193906
.0343955312 0.196676
.0344420396 0.199446
.0348220060 0.202216
.0353607339 0.204986
.0362334361 0.207756
.0379496628 0.210526
.0406493340 0.213296
.0429757862 0.216066
.0439514367 0.218837
.0451119006 0.221607
.0478070980 0.224377
.0489111826 0.227147
.0512476400 0.229917
.0580330507 0.232687
.0589218077 0.235457
.0597293980 0.238227
.0601630338 0.240997
.0610500818 0.243767
.0620138243 0.246537
.0679689024 0.249307
.0681137130 0.252078
.0726039207 0.254848
.0728127162 0.257618
.0730259045 0.260388
.0768388459 0.263158
.0774916561 0.265928
.0828892649 0.268698
.0832851992 0.271468
.0857806881 0.274238
.0877547061 0.277008
.0916081494 0.279778
.0918921285 0.282548
.0922758587 0.285319
.0924707248 0.288089
.0966413848 0.290859
.0973057880 0.293629
.1070358535 0.296399
.1101624309 0.299169
.1116939834 0.301939
.1152166317 0.304709
.1285588186 0.307479
.1317783588 0.310249
.1367363077 0.313019
.1372533275 0.315789
.1419171915 0.31856
.1469330805 0.32133
.1544873177 0.3241
.1551689665 0.32687
.1698638965 0.32964
.1798489724 0.33241
.1860376415 0.33518
.1885244498 0.33795
.1920030682 0.34072
.1926864870 0.34349
.2048717232 0.34626
.2060682098 0.34903
.2071718795 0.351801
.2088212537 0.354571
.2162827704 0.357341
.2184106558 0.360111
.2214125803 0.362881
.2246113609 0.365651
.2390431095 0.368421
.2500829346 0.371191
.2693721163 0.373961
.2769083152 0.376731
.2788459317 0.379501
.2880545058 0.382271
.2911172576 0.385042
.2937892025 0.387812
.2967916624 0.390582
.2968282384 0.393352
.2970093682 0.396122
.2988350196 0.398892
.3032764823 0.401662
.3051043339 0.404432
.3072135705 0.407202
.3110871166 0.409972
.3210912015 0.412742
.3244995715 0.415512
.3270989596 0.418283
.3298692945 0.421053
.3339326644 0.423823
.3437985492 0.426593
.3483108586 0.429363
.3561893158 0.432133
.3568027216 0.434903
.3589807240 0.437673
.3633281016 0.440443
.3808776368 0.443213
.3811812197 0.445983
.3836265654 0.448753
.3888921083 0.451524
.3972104631 0.454294
.3980220780 0.457064
.4005042832 0.459834
.4013931664 0.462604
.4151699926 0.465374
.4161030993 0.468144
.4172375118 0.470914
.4190858474 0.473684
.4204367358 0.476454
.4449776277 0.479224
.4462644512 0.481994
.4612351278 0.484765
.4659622836 0.487535
.4727686909 0.490305
.4745764426 0.493075
.4901425885 0.495845
.5056987171 0.498615
.5152742119 0.501385
.5164514458 0.504155
.5165296303 0.506925
.5220385736 0.509695
.5238122637 0.512465
.5260457365 0.515235
.5329783716 0.518006
.5365312956 0.520776
.5413543522 0.523546
.5513249853 0.526316
.5766095169 0.529086
.5841227070 0.531856
.5943663317 0.534626
.5955195058 0.537396
.5997818536 0.540166
.6004584545 0.542936
.6019264286 0.545706
.6029366348 0.548476
.6116438339 0.551247
.6207832256 0.554017
.6230959148 0.556787
.6335757214 0.559557
.6365543764 0.562327
.6386567853 0.565097
.6816483743 0.567867
.6831964856 0.570637
.6834022197 0.573407
.6892547045 0.576177
.6899604719 0.578947
.6967107038 0.581717
.7072382440 0.584488
.7162885246 0.587258
.7204418112 0.590028
.7205482799 0.592798
.7216920434 0.595568
.7287965107 0.598338
.7476729659 0.601108
.7752742774 0.603878
.7782095038 0.606648
.8087291669 0.609418
.8250813216 0.612188
.8393081903 0.614958
.8395668222 0.617729
.8441421284 0.620499
.8737229342 0.623269
.8793492935 0.626039
.9071507295 0.628809
.9081800264 0.631579
.9500121662 0.634349
.9795122563 0.637119
1.0482655464 0.639889
1.0707794965 0.642659
1.0828776073 0.645429
1.0913656946 0.648199
1.1104935197 0.65097
1.1214478284 0.65374
1.1409146142 0.65651
1.2281378389 0.65928
1.2614615434 0.66205
1.3367706368 0.66482
1.5688233849 0.66759
1.7507915766 0.67036
1.8751245072 0.67313
2.1334986671 0.6759
2.5321682673 0.67867
2.9868452813 0.68144
3.9661688514 0.684211
5.6762677412 0.686981
7.7481485715 0.689751
8.3809866667 0.692521
8.4016145713 0.695291
8.4504228572 0.698061
9.3517484145 0.700831
9.7625866667 0.703601
9.9707085715 0.706371
10.0037028572 0.709141
10.0040800000 0.711911
10.1915085715 0.714681
10.6745993954 0.717452
10.7152534703 0.720222
11.0848133334 0.722992
11.6272133334 0.725762
11.8887840000 0.728532
11.8926133334 0.731302
12.5075400000 0.734072
13.8203637968 0.736842
13.8473920000 0.739612
13.8520800000 0.742382
14.2352960000 0.745152
14.6062400000 0.747922
15.1674200000 0.750693
15.2698240000 0.753463
15.4707600000 0.756233
16.3627542400 0.759003
16.6773333334 0.761773
16.9750400000 0.764543
17.0449600000 0.767313
17.7331400000 0.770083
17.8984800000 0.772853
18.0151388958 0.775623
18.6077500000 0.778393
19.3007780000 0.781163
19.3309160000 0.783934
19.3820840000 0.786704
19.4097866667 0.789474
19.4955080000 0.792244
20.4700893400 0.795014
22.0208533334 0.797784
22.1983466667 0.800554
22.6138400000 0.803324
23.0143600000 0.806094
23.2071320000 0.808864
23.6036533334 0.811634
24.9914800000 0.814404
25.3814053334 0.817175
25.5410026667 0.819945
25.6706986667 0.822715
25.7000640000 0.825485
25.8162640000 0.828255
25.9894693334 0.831025
26.0170346667 0.833795
26.2456080000 0.836565
26.4817253334 0.839335
27.2934119467 0.842105
29.1162000000 0.844875
31.1458000000 0.847645
31.5177600000 0.850416
33.1324800000 0.853186
33.6326000000 0.855956
35.1921200000 0.858726
35.2241200000 0.861496
37.5162000000 0.864266
37.9539200000 0.867036
38.1899240000 0.869806
38.2069880000 0.872576
38.2157520000 0.875346
38.3425640000 0.878116
38.8834640000 0.880886
38.9157120000 0.883657
39.2452640000 0.886427
39.4418960000 0.889197
39.4960600000 0.891967
39.5036080000 0.894737
39.7785400000 0.897507
39.8233160000 0.900277
40.1769480000 0.903047
40.9494685600 0.905817
44.1405600000 0.908587
44.5902400000 0.911357
46.3468400000 0.914127
47.2739616000 0.916898
50.0337600000 0.919668
56.4916000000 0.922438
57.7271200000 0.925208
58.0246400000 0.927978
58.2202400000 0.930748
59.3200920000 0.933518
59.3673720000 0.936288
63.6391200000 0.939058
66.1216000000 0.941828
66.3532000000 0.944598
70.0829600000 0.947368
75.4926000000 0.950139
76.1860880000 0.952909
76.2770320000 0.955679
76.4225920000 0.958449
77.6012880000 0.961219
78.2452560000 0.963989
78.2831440000 0.966759
78.7425680000 0.969529
79.0992080000 0.972299
79.4590320000 0.975069
79.5099040000 0.977839
80.2041360000 0.980609
80.8016480000 0.98338
111.4971200000 0.98615
117.3748080000 0.98892
118.7481120000 0.99169
119.8953440000 0.99446
121.0136720000 0.99723
122.8703115200 1
