.150 0.00277008
1.750 0.00554017
2.9187 0.00831025
4.750 0.0110803
5.0142 0.0138504
6.975 0.0166205
7.300 0.0193906
8.137 0.0221607
8.475 0.0249307
8.5138 0.0277008
9.538 0.0304709
10.37475 0.033241
10.7888 0.0360111
11.1388 0.0387812
12.750 0.0415512
13.250 0.0443213
13.7775 0.0470914
13.938 0.0498615
14.6775 0.0526316
17.5725 0.0554017
18.000 0.0581717
18.9263 0.0609418
19.4188 0.0637119
19.850 0.066482
21.4992 0.0692521
21.8350 0.0720222
22.3938 0.0747922
23.6350 0.0775623
24.5775 0.0803324
24.675 0.0831025
27.375 0.0858726
27.5742 0.0886427
28.375 0.0914127
30.625 0.0941828
31.050 0.0969529
31.675 0.099723
32.6633 0.102493
34.1363 0.105263
34.200 0.108033
35.650 0.110803
36.2738 0.113573
38.150 0.116343
39.40338 0.119114
39.6483 0.121884
43.5483 0.124654
43.6883 0.127424
47.400 0.130194
50.7975 0.132964
52.412 0.135734
53.025 0.138504
54.150 0.141274
58.5525 0.144044
58.6508 0.146814
61.338 0.149584
62.250 0.152355
63.1575 0.155125
63.6850 0.157895
64.625 0.160665
64.775 0.163435
65.5725 0.166205
65.575 0.168975
66.5358 0.171745
67.5650 0.174515
68.950 0.177285
70.350 0.180055
70.500 0.182825
72.3308 0.185596
74.050 0.188366
74.0508 0.191136
77.87475 0.193906
80.6688 0.196676
81.575 0.199446
82.7775 0.202216
84.6433 0.204986
90.150 0.207756
91.6675 0.210526
92.425 0.213296
93.075 0.216066
93.3075 0.218837
94.500 0.221607
94.9238 0.224377
96.7675 0.227147
98.6850 0.229917
99.7067 0.232687
101.375 0.235457
104.1692 0.238227
106.9850 0.240997
111.5513 0.243767
115.600 0.246537
117.7988 0.249307
125.913 0.252078
126.437 0.254848
127.125 0.257618
132.0183 0.260388
134.1112 0.263158
134.175 0.265928
138.513 0.268698
139.700 0.271468
144.8733 0.274238
146.063 0.277008
146.4188 0.279778
149.737 0.282548
150.6650 0.285319
157.013 0.288089
159.5350 0.290859
164.9788 0.293629
174.4425 0.296399
180.875 0.299169
181.500 0.301939
182.0350 0.304709
185.1325 0.307479
186.3313 0.310249
191.7650 0.313019
193.8388 0.315789
205.125 0.31856
208.6350 0.32133
215.6850 0.3241
220.575 0.32687
226.5988 0.32964
233.750 0.33241
234.800 0.33518
243.0675 0.33795
252.1392 0.34072
260.4187 0.34349
261.0150 0.34626
263.850 0.34903
275.238 0.351801
282.375 0.354571
284.40388 0.357341
285.0525 0.360111
295.7025 0.362881
307.800 0.365651
313.3758 0.368421
320.288 0.371191
323.6433 0.373961
328.875 0.376731
329.350 0.379501
329.3738 0.382271
335.813 0.385042
340.637 0.387812
345.1012 0.390582
351.3863 0.393352
353.5150 0.396122
357.500 0.398892
361.475 0.401662
362.7937 0.404432
367.0363 0.407202
372.2850 0.409972
372.6012 0.412742
375.825 0.415512
380.250 0.418283
386.1988 0.421053
387.825 0.423823
389.9608 0.426593
389.9775 0.429363
393.9812 0.432133
413.8150 0.434903
432.0488 0.437673
439.5188 0.440443
458.063 0.443213
458.1525 0.445983
463.6825 0.448753
474.850 0.451524
475.0437 0.454294
488.213 0.457064
491.300 0.459834
498.250 0.462604
510.037 0.465374
511.787 0.468144
514.200 0.470914
520.275 0.473684
521.3850 0.476454
528.0888 0.479224
536.4225 0.481994
536.450 0.484765
537.675 0.487535
548.6350 0.490305
556.2525 0.493075
558.1275 0.495845
561.3738 0.498615
563.9642 0.501385
577.7008 0.504155
579.825 0.506925
607.875 0.509695
611.8725 0.512465
617.5433 0.515235
623.850 0.518006
629.6025 0.520776
636.8325 0.523546
642.4192 0.526316
653.9488 0.529086
666.5438 0.531856
668.550 0.534626
681.188 0.537396
692.4175 0.540166
709.7163 0.542936
721.7325 0.545706
731.062 0.548476
733.4025 0.551247
779.025 0.554017
783.3308 0.556787
786.7725 0.559557
790.600 0.562327
808.2308 0.565097
813.9858 0.567867
817.2225 0.570637
830.650 0.573407
837.0188 0.576177
839.3138 0.578947
840.0675 0.581717
845.625 0.584488
883.250 0.587258
894.7487 0.590028
908.550 0.592798
913.500 0.595568
914.4563 0.598338
923.3175 0.601108
932.500 0.603878
933.938 0.606648
955.8563 0.609418
970.863 0.612188
971.6888 0.614958
975.0387 0.617729
975.2142 0.620499
978.675 0.623269
981.400 0.626039
998.1058 0.628809
1000.0638 0.631579
1024.388 0.634349
1024.4575 0.637119
1039.812 0.639889
1062.300 0.642659
1082.3338 0.645429
1082.3350 0.648199
1083.8350 0.65097
1087.3325 0.65374
1088.2683 0.65651
1090.400 0.65928
1099.8488 0.66205
1131.5825 0.66482
1159.4575 0.66759
1176.612 0.67036
1194.0075 0.67313
1214.5983 0.6759
1230.4925 0.67867
1282.463 0.68144
1293.8775 0.684211
1300.575 0.686981
1314.125 0.689751
1319.5825 0.692521
1320.6175 0.695291
1336.3938 0.698061
1337.600 0.700831
1338.0263 0.703601
1341.9488 0.706371
1348.8313 0.709141
1383.375 0.711911
1388.9350 0.714681
1411.9150 0.717452
1423.550 0.720222
1427.013 0.722992
1431.063 0.725762
1431.1763 0.728532
1431.2063 0.731302
1434.938 0.734072
1447.2650 0.736842
1468.5175 0.739612
1476.7275 0.742382
1483.9388 0.745152
1488.6688 0.747922
1490.300 0.750693
1492.2488 0.753463
1497.838 0.756233
1499.700 0.759003
1502.850 0.761773
1513.3613 0.764543
1522.3425 0.767313
1524.4925 0.770083
1531.6850 0.772853
1547.350 0.775623
1548.313 0.778393
1550.5813 0.781163
1550.8850 0.783934
1553.475 0.786704
1556.650 0.789474
1562.5725 0.792244
1566.3938 0.795014
1571.413 0.797784
1577.475 0.800554
1578.2650 0.803324
1580.5238 0.806094
1584.850 0.808864
1614.875 0.811634
1615.575 0.814404
1625.688 0.817175
1629.4013 0.819945
1630.7025 0.822715
1638.2688 0.825485
1638.4675 0.828255
1644.3113 0.831025
1652.0575 0.833795
1653.663 0.836565
1657.0138 0.839335
1661.8988 0.842105
1686.8175 0.844875
1688.725 0.847645
1694.150 0.850416
1695.5475 0.853186
1703.225 0.855956
1726.3650 0.858726
1728.7325 0.861496
1731.225 0.864266
1749.875 0.867036
1751.063 0.869806
1751.2388 0.872576
1752.425 0.875346
1780.100 0.878116
1781.6150 0.880886
1783.4575 0.883657
1790.025 0.886427
1802.325 0.889197
1820.100 0.891967
1821.275 0.894737
1821.2863 0.897507
1827.250 0.900277
1829.7113 0.903047
1831.750 0.905817
1831.988 0.908587
1835.9925 0.911357
1849.3275 0.914127
1855.7838 0.916898
1860.5788 0.919668
1868.438 0.922438
1875.950 0.925208
1885.9088 0.927978
1890.4463 0.930748
1896.9575 0.933518
1900.5913 0.936288
1902.588 0.939058
1908.3788 0.941828
1910.625 0.944598
1912.1150 0.947368
1919.0425 0.950139
1922.1838 0.952909
1929.075 0.955679
1947.113 0.958449
1967.275 0.961219
1996.125 0.963989
2445.6675 0.966759
2522.7150 0.969529
2525.288 0.972299
2543.600 0.975069
2566.0650 0.977839
2602.238 0.980609
2649.8738 0.98338
2654.6075 0.98615
2761.5263 0.98892
2804.6675 0.99169
2827.150 0.99446
2863.450 0.99723
2880.750 1
