6.448647 0.00277008
7.604194 0.00554017
8.491348 0.00831025
9.018908 0.0110803
13.061857 0.0138504
17.810480 0.0166205
20.211853 0.0193906
29.552591 0.0221607
31.034258 0.0249307
40.809542 0.0277008
52.438432 0.0304709
59.725606 0.033241
63.442570 0.0360111
67.255825 0.0387812
70.657325 0.0415512
72.181147 0.0443213
72.493535 0.0470914
77.118403 0.0498615
79.016703 0.0526316
79.933053 0.0554017
81.995636 0.0581717
82.005554 0.0609418
82.101911 0.0637119
82.147747 0.066482
82.200718 0.0692521
83.351934 0.0720222
83.788770 0.0747922
83.958954 0.0775623
85.919315 0.0803324
86.601949 0.0831025
86.751455 0.0858726
87.203765 0.0886427
87.414765 0.0914127
88.417202 0.0941828
88.602227 0.0969529
88.868874 0.099723
89.724016 0.102493
90.362620 0.105263
90.388060 0.108033
91.331756 0.110803
91.731364 0.113573
91.850299 0.116343
91.856247 0.119114
92.009729 0.121884
92.223573 0.124654
92.442793 0.127424
92.996252 0.130194
93.313658 0.132964
93.338579 0.135734
93.359017 0.138504
93.555498 0.141274
93.670648 0.144044
93.766958 0.146814
93.867350 0.149584
94.162297 0.152355
94.264853 0.155125
94.296515 0.157895
94.384325 0.160665
94.701290 0.163435
94.776744 0.166205
95.135427 0.168975
95.196003 0.171745
95.198417 0.174515
95.387727 0.177285
95.422083 0.180055
95.465451 0.182825
95.539516 0.185596
95.636821 0.188366
95.897758 0.191136
95.909059 0.193906
96.013522 0.196676
96.045262 0.199446
96.046340 0.202216
96.047014 0.204986
96.272671 0.207756
96.374512 0.210526
96.489215 0.213296
96.614933 0.216066
96.795619 0.218837
96.848994 0.221607
96.927124 0.224377
96.952939 0.227147
96.986341 0.229917
97.057581 0.232687
97.163671 0.235457
97.253895 0.238227
97.430032 0.240997
97.640085 0.243767
97.770578 0.246537
97.867513 0.249307
97.952306 0.252078
97.993743 0.254848
98.040599 0.257618
98.086923 0.260388
98.271239 0.263158
98.325801 0.265928
98.335189 0.268698
98.357677 0.271468
98.368561 0.274238
98.371816 0.277008
98.411983 0.279778
98.463416 0.282548
98.500353 0.285319
98.518789 0.288089
98.522955 0.290859
98.542601 0.293629
98.575038 0.296399
98.590863 0.299169
98.697829 0.301939
98.755705 0.304709
98.773396 0.307479
98.785764 0.310249
98.801333 0.313019
98.807842 0.315789
98.809141 0.31856
98.847300 0.32133
98.896813 0.3241
98.954976 0.32687
98.986411 0.32964
98.991096 0.33241
99.077684 0.33518
99.087989 0.33795
99.088180 0.34072
99.098873 0.34349
99.160379 0.34626
99.171072 0.34903
99.198610 0.351801
99.199039 0.354571
99.212861 0.357341
99.260068 0.360111
99.301708 0.362881
99.301893 0.365651
99.324024 0.368421
99.324924 0.371191
99.336475 0.373961
99.351823 0.376731
99.357039 0.379501
99.374986 0.382271
99.377090 0.385042
99.379921 0.387812
99.380428 0.390582
99.380898 0.393352
99.390954 0.396122
99.391246 0.398892
99.394268 0.401662
99.397010 0.404432
99.398404 0.407202
99.398440 0.409972
99.398905 0.412742
99.407184 0.415512
99.409610 0.418283
99.413669 0.421053
99.413711 0.423823
99.420691 0.426593
99.421066 0.429363
99.430424 0.432133
99.448305 0.434903
99.449521 0.437673
99.461335 0.440443
99.463081 0.443213
99.475849 0.445983
99.482673 0.448753
99.507225 0.451524
99.521947 0.454294
99.523020 0.457064
99.523705 0.459834
99.541336 0.462604
99.545336 0.465374
99.552029 0.468144
99.552184 0.470914
99.559432 0.473684
99.574059 0.476454
99.575227 0.479224
99.577653 0.481994
99.581873 0.484765
99.590790 0.487535
99.596059 0.490305
99.600846 0.493075
99.602592 0.495845
99.602795 0.498615
99.603188 0.501385
99.609506 0.504155
99.621260 0.506925
99.626195 0.509695
99.627256 0.512465
99.635363 0.515235
99.636161 0.518006
99.641222 0.520776
99.648780 0.523546
99.649525 0.526316
99.659359 0.529086
99.664402 0.531856
99.664944 0.534626
99.665558 0.537396
99.667221 0.540166
99.670392 0.542936
99.672961 0.545706
99.676347 0.548476
99.680406 0.551247
99.683046 0.554017
99.690074 0.556787
99.693567 0.559557
99.696052 0.562327
99.696100 0.565097
99.697715 0.567867
99.698788 0.570637
99.699247 0.573407
99.701005 0.576177
99.701768 0.578947
99.704504 0.581717
99.706578 0.584488
99.709392 0.587258
99.709815 0.590028
99.711871 0.592798
99.712014 0.595568
99.719274 0.598338
99.719983 0.603878
99.719983 0.603878
99.722344 0.606648
99.727833 0.609418
99.731201 0.612188
99.733949 0.614958
99.737108 0.617729
99.738997 0.620499
99.741751 0.623269
99.744725 0.626039
99.746221 0.628809
99.746633 0.631579
99.749976 0.634349
99.753582 0.637119
99.754226 0.639889
99.756128 0.642659
99.756277 0.645429
99.757743 0.648199
99.766499 0.65097
99.766624 0.65374
99.767834 0.65651
99.772179 0.65928
99.775362 0.66205
99.775428 0.66482
99.777377 0.66759
99.779022 0.67036
99.783140 0.67313
99.783903 0.6759
99.783933 0.67867
99.787533 0.68144
99.788076 0.684211
99.791771 0.686981
99.792314 0.689751
99.796319 0.692521
99.798143 0.695291
99.799925 0.698061
99.802071 0.700831
99.806392 0.703601
99.809378 0.706371
99.810684 0.709141
99.816394 0.711911
99.816418 0.714681
99.816579 0.717452
99.823880 0.720222
99.825138 0.722992
99.827570 0.725762
99.827617 0.728532
99.829686 0.731302
99.833864 0.734072
99.835449 0.736842
99.835843 0.739612
99.836057 0.742382
99.841326 0.745152
99.852872 0.747922
99.854296 0.750693
99.857914 0.753463
99.860907 0.756233
99.863809 0.759003
99.864560 0.761773
99.868983 0.764543
99.873418 0.767313
99.876046 0.770083
99.883831 0.772853
99.891853 0.775623
99.893540 0.778393
99.900496 0.781163
99.910963 0.783934
99.913448 0.786704
99.916089 0.789474
99.918866 0.792244
99.970907 0.795014
99.978155 0.797784
105.387032 0.800554
109.070003 0.803324
148.876262 0.806094
179.721773 0.808864
186.430967 0.811634
277.225399 0.814404
305.490637 0.817175
334.402204 0.819945
335.054207 0.822715
365.355778 0.825485
372.811294 0.828255
385.311151 0.831025
439.072990 0.833795
465.854549 0.836565
489.986515 0.839335
570.351887 0.842105
585.535336 0.844875
608.438969 0.847645
618.691778 0.850416
636.118650 0.853186
638.444996 0.855956
724.696732 0.858726
765.951872 0.861496
767.171717 0.864266
797.674608 0.867036
947.471523 0.869806
1106.273842 0.872576
1253.706837 0.875346
1269.264984 0.878116
1292.120457 0.880886
1363.402748 0.883657
1377.017975 0.886427
1378.217888 0.889197
1456.602478 0.891967
1526.544571 0.894737
1585.871601 0.897507
1631.841660 0.900277
1635.035133 0.903047
1701.562691 0.905817
1830.278778 0.908587
1943.360901 0.911357
1988.179779 0.914127
2368.898392 0.916898
2517.830467 0.919668
2543.942451 0.922438
2698.116684 0.925208
3092.502785 0.927978
3250.212479 0.930748
3621.106339 0.933518
3668.864822 0.936288
3797.902679 0.939058
4030.516052 0.941828
4369.320679 0.944598
4404.685211 0.947368
4934.256744 0.950139
5878.460312 0.952909
6423.426819 0.955679
6576.412201 0.958449
6665.330505 0.961219
7200.548553 0.963989
7558.514404 0.966759
7796.067047 0.969529
8274.678040 0.972299
8482.471466 0.975069
9282.663727 0.977839
10913.815308 0.980609
10941.041565 0.98338
12980.165100 0.98615
14220.118713 0.98892
19800.157166 0.99169
138610.607910 0.99446
929449.121094 0.99723
3773054.687500 1
