0 0.00277008
.0127 0.00554017
.020 0.00831025
.0443 0.0110803
.082 0.0138504
.103 0.0166205
.1133 0.0193906
.117 0.0221607
.126 0.0249307
.138 0.0277008
.1463 0.033241
.1463 0.033241
.14933 0.0360111
.190 0.0387812
.1947 0.0415512
.2097 0.0443213
.222 0.0470914
.223 0.0498615
.240 0.0526316
.2443 0.0554017
.2663 0.0581717
.3277 0.0609418
.3357 0.0637119
.362 0.066482
.378 0.0692521
.3873 0.0720222
.3913 0.0747922
.397 0.0775623
.452 0.0803324
.464 0.0831025
.47233 0.0858726
.481 0.0886427
.4817 0.0914127
.5063 0.0941828
.5127 0.0969529
.5143 0.099723
.5167 0.102493
.525 0.105263
.532 0.108033
.619 0.113573
.619 0.113573
.6843 0.116343
.6943 0.119114
.7013 0.121884
.710 0.124654
.716 0.127424
.740 0.130194
.7957 0.132964
.800 0.135734
.8603 0.138504
.8643 0.141274
.913 0.144044
.968 0.146814
.9883 0.149584
1.04633 0.152355
1.0573 0.155125
1.097 0.157895
1.1213 0.160665
1.1217 0.163435
1.154 0.166205
1.1783 0.168975
1.221 0.171745
1.242 0.174515
1.258 0.177285
1.2667 0.180055
1.270 0.182825
1.3137 0.185596
1.3673 0.188366
1.3803 0.191136
1.408 0.193906
1.451 0.196676
1.454 0.199446
1.5197 0.202216
1.563 0.204986
1.5893 0.207756
1.6327 0.210526
1.640 0.213296
1.719 0.216066
1.801 0.218837
1.8013 0.221607
2.0177 0.224377
2.1193 0.227147
2.1657 0.229917
2.2213 0.232687
2.3517 0.235457
2.362 0.238227
2.428 0.240997
2.5703 0.243767
2.5723 0.246537
2.6087 0.249307
2.630 0.252078
2.773 0.254848
2.900 0.257618
2.915 0.260388
2.9813 0.263158
2.9977 0.265928
3.0013 0.268698
3.1533 0.271468
3.2247 0.274238
3.26433 0.277008
3.5787 0.279778
3.6327 0.282548
3.7257 0.285319
3.744 0.288089
3.764 0.290859
3.793 0.293629
3.8213 0.296399
3.8267 0.299169
3.8963 0.301939
3.9203 0.304709
3.921 0.307479
3.9427 0.310249
4.1517 0.313019
4.1947 0.315789
4.1967 0.31856
4.2343 0.32133
4.3337 0.3241
4.4277 0.32687
4.4837 0.32964
4.733 0.33241
4.991 0.33518
5.170 0.33795
5.2113 0.34072
5.224 0.34349
5.2287 0.34626
5.246 0.34903
5.2653 0.351801
5.509 0.354571
5.7727 0.357341
5.796 0.360111
5.867 0.362881
5.896 0.365651
6.0353 0.368421
6.1417 0.371191
6.2627 0.373961
6.4233 0.376731
6.4547 0.379501
6.526 0.382271
6.6617 0.385042
6.6653 0.387812
7.0597 0.390582
7.0693 0.393352
7.0703 0.396122
7.1733 0.398892
7.329 0.401662
7.394 0.404432
7.4103 0.407202
7.4167 0.409972
7.4457 0.412742
7.4617 0.415512
7.5467 0.418283
7.5567 0.421053
7.743 0.423823
8.137 0.426593
8.1583 0.429363
8.222 0.432133
8.2673 0.434903
8.302 0.437673
8.3587 0.440443
8.393 0.443213
8.3997 0.445983
8.593 0.448753
8.770 0.451524
8.7993 0.454294
8.874 0.457064
8.902 0.459834
8.955 0.462604
9.1727 0.465374
9.248 0.468144
9.3497 0.470914
9.3973 0.473684
9.620 0.476454
9.7917 0.479224
9.8097 0.481994
9.9317 0.484765
10.049 0.487535
10.186 0.490305
10.2087 0.493075
10.2157 0.495845
10.327 0.498615
10.371 0.501385
10.4177 0.504155
10.5413 0.506925
10.554 0.509695
10.6647 0.512465
10.782 0.515235
10.8963 0.518006
10.9627 0.520776
11.1243 0.523546
11.1353 0.526316
11.216 0.529086
11.319 0.531856
11.4503 0.534626
11.5213 0.537396
12.090 0.540166
12.5553 0.542936
12.676 0.545706
12.9697 0.548476
13.019 0.551247
13.2803 0.554017
13.3923 0.556787
13.434 0.559557
13.874 0.562327
14.358 0.565097
14.605 0.567867
14.6313 0.570637
15.3247 0.573407
15.812 0.576177
16.0537 0.578947
16.691 0.581717
16.9593 0.584488
17.2517 0.587258
17.4553 0.590028
17.695 0.592798
18.445 0.595568
18.5963 0.598338
18.650 0.601108
18.899 0.603878
18.9373 0.606648
19.652 0.609418
19.6897 0.612188
20.038 0.614958
20.713 0.617729
20.8147 0.620499
20.8343 0.623269
21.099 0.626039
21.256 0.628809
21.3823 0.631579
21.541 0.634349
21.6467 0.637119
21.6767 0.639889
21.6873 0.642659
21.7427 0.645429
21.909 0.648199
22.019 0.65097
22.4397 0.65374
22.6073 0.65651
22.8993 0.65928
23.8187 0.66205
24.6577 0.66482
24.8093 0.66759
24.905 0.67036
25.0623 0.67313
25.5733 0.6759
25.838 0.67867
25.9117 0.68144
26.011 0.684211
26.2123 0.686981
27.7657 0.689751
27.7787 0.692521
27.998 0.695291
28.2823 0.698061
28.918 0.700831
28.9253 0.703601
28.9453 0.706371
29.3293 0.709141
29.806 0.711911
29.895 0.714681
29.994 0.717452
30.6337 0.720222
31.0177 0.722992
31.5653 0.725762
31.697 0.728532
32.5163 0.731302
33.298 0.734072
33.6027 0.736842
33.883 0.739612
34.5273 0.742382
35.330 0.745152
35.6323 0.747922
35.6807 0.750693
35.7853 0.753463
36.218 0.756233
36.635 0.759003
36.9327 0.761773
37.519 0.764543
38.1977 0.767313
38.2423 0.770083
39.7933 0.772853
40.3563 0.775623
40.9783 0.778393
42.066 0.781163
42.1473 0.783934
43.4507 0.786704
43.6093 0.789474
43.8483 0.792244
44.3173 0.795014
45.2633 0.797784
46.166 0.800554
46.3783 0.803324
46.695 0.806094
46.6997 0.808864
47.7603 0.811634
48.536 0.814404
48.7923 0.817175
48.853 0.819945
49.2197 0.822715
50.4543 0.825485
51.3213 0.828255
51.442 0.831025
51.923 0.833795
52.7833 0.836565
52.9997 0.839335
53.504 0.842105
54.678 0.844875
56.7773 0.847645
58.7407 0.850416
60.8937 0.853186
60.9797 0.855956
65.5387 0.858726
66.0823 0.861496
67.341 0.864266
67.4727 0.867036
67.549 0.869806
68.129 0.872576
69.1493 0.875346
70.097 0.878116
70.6633 0.880886
71.204 0.883657
71.3383 0.886427
73.4397 0.889197
73.6407 0.891967
75.8783 0.894737
76.425 0.897507
76.7617 0.900277
77.280 0.903047
78.294 0.905817
78.691 0.908587
81.951 0.911357
86.5867 0.914127
97.8267 0.916898
102.597 0.919668
104.632 0.922438
106.1843 0.925208
112.1867 0.927978
113.884 0.930748
114.161 0.933518
114.485 0.936288
114.538 0.939058
114.795 0.941828
119.827 0.944598
123.788 0.947368
124.532 0.950139
125.713 0.952909
143.202 0.955679
144.186 0.958449
145.702 0.961219
146.180 0.963989
148.4627 0.966759
148.8463 0.969529
150.8727 0.972299
151.2357 0.975069
152.0473 0.977839
152.207 0.980609
152.6703 0.98338
153.7747 0.98615
159.690 0.98892
203.488 0.99169
208.179 0.99446
226.172 0.99723
230.460 1
