.113 0.00277008
.1303 0.00554017
.1313 0.00831025
.1367 0.0110803
.2137 0.0138504
.230 0.0166205
.2467 0.0193906
.247 0.0221607
.2593 0.0249307
.261 0.0277008
.2643 0.0304709
.268 0.033241
.2707 0.0360111
.271 0.0387812
.2837 0.0415512
.3193 0.0443213
.340 0.0470914
.3427 0.0498615
.3457 0.0526316
.4237 0.0554017
.433 0.0581717
.4367 0.0609418
.4613 0.0637119
.5047 0.066482
.603 0.0692521
.7183 0.0720222
.7447 0.0747922
.7597 0.0775623
.7623 0.0803324
.9667 0.0831025
1.002 0.0858726
1.079 0.0886427
1.081 0.0914127
1.0817 0.0941828
1.099 0.0969529
1.103 0.099723
1.1377 0.102493
1.146 0.105263
1.1477 0.108033
1.1513 0.110803
1.1683 0.113573
1.1793 0.116343
1.2033 0.119114
1.210 0.121884
1.2123 0.124654
1.2293 0.127424
1.363 0.130194
1.365 0.132964
1.416 0.135734
1.4277 0.138504
1.5203 0.141274
1.5253 0.144044
1.576 0.146814
1.578 0.149584
1.7167 0.152355
1.743 0.155125
1.8007 0.157895
1.8623 0.160665
1.9017 0.163435
1.942 0.166205
2.0333 0.168975
2.0447 0.171745
2.0453 0.174515
2.1167 0.177285
2.118 0.180055
2.126 0.182825
2.193 0.185596
2.4423 0.188366
2.5017 0.191136
2.5227 0.193906
2.5893 0.196676
2.6147 0.199446
2.6483 0.202216
2.689 0.204986
2.7177 0.207756
2.738 0.210526
2.82233 0.213296
2.873 0.216066
2.902 0.218837
2.987 0.221607
2.994 0.224377
3.0563 0.227147
3.0613 0.229917
3.0983 0.232687
3.115 0.235457
3.170 0.238227
3.1903 0.240997
3.194 0.243767
3.229 0.246537
3.3257 0.252078
3.3257 0.252078
3.336 0.254848
3.356 0.257618
3.3743 0.260388
3.381 0.263158
3.4217 0.265928
3.441 0.268698
3.5377 0.271468
3.629 0.274238
3.654 0.277008
3.69133 0.279778
3.6937 0.282548
3.7567 0.285319
3.8053 0.288089
3.846 0.290859
3.959 0.293629
3.9653 0.296399
4.005 0.299169
4.0153 0.301939
4.0617 0.304709
4.150 0.307479
4.2423 0.310249
4.325 0.313019
4.342 0.315789
4.39533 0.31856
4.438 0.32133
4.465 0.3241
4.4667 0.32687
4.4677 0.32964
4.505 0.33241
4.600 0.33518
4.6387 0.33795
4.6987 0.34072
4.75133 0.34349
4.7687 0.34626
4.770 0.34903
4.8143 0.351801
4.9597 0.354571
5.1583 0.357341
5.171 0.360111
5.222 0.362881
5.3027 0.365651
5.3277 0.368421
5.3833 0.371191
5.477 0.373961
5.495 0.376731
5.552 0.379501
5.5633 0.382271
5.693 0.385042
5.709 0.387812
5.7547 0.390582
5.759 0.393352
5.765 0.396122
5.8197 0.398892
5.8863 0.401662
5.9707 0.404432
6.0023 0.407202
6.0417 0.409972
6.076 0.412742
6.1567 0.415512
6.352 0.418283
6.4327 0.421053
6.4447 0.423823
6.4717 0.426593
6.5557 0.429363
6.593 0.432133
6.6623 0.434903
6.757 0.437673
6.7577 0.440443
6.930 0.443213
7.0397 0.445983
7.077 0.448753
7.150 0.451524
7.1613 0.454294
7.179 0.457064
7.205 0.459834
7.268 0.462604
7.3453 0.465374
7.5007 0.468144
7.6103 0.470914
7.6163 0.473684
7.6637 0.476454
7.7057 0.479224
7.9123 0.481994
7.917 0.484765
7.9587 0.487535
8.1067 0.490305
8.446 0.493075
8.4803 0.495845
8.5463 0.498615
8.6353 0.501385
8.861 0.504155
8.902 0.506925
8.9493 0.509695
9.1087 0.512465
9.263 0.515235
9.3947 0.518006
9.6153 0.520776
9.8687 0.523546
9.9383 0.526316
9.9423 0.529086
10.0543 0.531856
10.0653 0.534626
10.166 0.537396
10.2947 0.540166
10.3263 0.542936
10.5817 0.545706
10.7637 0.548476
10.7763 0.551247
10.8037 0.554017
10.966 0.556787
11.0443 0.559557
11.154 0.562327
11.1613 0.565097
11.1697 0.567867
11.1787 0.570637
11.3843 0.573407
11.3857 0.576177
11.633 0.578947
11.7927 0.581717
11.823 0.584488
12.0147 0.587258
12.188 0.590028
12.4647 0.592798
12.546 0.595568
12.6043 0.598338
12.7707 0.601108
12.9673 0.603878
12.991 0.606648
13.1813 0.609418
13.791 0.612188
13.828 0.614958
14.2233 0.617729
14.2557 0.620499
14.371 0.623269
14.4473 0.626039
14.8187 0.628809
14.9937 0.631579
15.3773 0.634349
15.8377 0.637119
16.139 0.639889
16.214 0.642659
16.3813 0.645429
16.4097 0.648199
16.722 0.65097
16.881 0.65374
17.3687 0.65651
17.6147 0.65928
17.6397 0.66205
17.660 0.66482
17.6657 0.66759
17.862 0.67036
17.8707 0.67313
17.911 0.6759
18.1367 0.67867
18.138 0.68144
18.326 0.684211
18.8267 0.686981
18.839 0.689751
18.9313 0.692521
18.987 0.695291
19.1477 0.698061
19.1613 0.700831
19.1897 0.703601
19.2093 0.706371
19.3133 0.709141
19.3183 0.711911
19.3757 0.714681
19.5217 0.717452
19.640 0.720222
19.654 0.722992
19.836 0.725762
19.871 0.728532
19.8893 0.731302
20.0683 0.734072
20.076 0.736842
20.150 0.739612
20.189 0.742382
20.284 0.745152
20.3587 0.747922
20.4847 0.750693
20.579 0.753463
20.638 0.756233
20.6877 0.759003
20.7493 0.761773
20.9403 0.764543
21.0263 0.767313
21.043 0.770083
21.214 0.772853
21.2257 0.775623
21.6047 0.778393
21.9333 0.781163
22.0853 0.783934
22.1033 0.786704
22.3037 0.789474
22.310 0.792244
22.4187 0.795014
22.4947 0.797784
23.1793 0.800554
23.2607 0.803324
23.3633 0.806094
23.459 0.808864
23.766 0.811634
24.5067 0.814404
24.7867 0.817175
24.9107 0.819945
25.148 0.822715
25.439 0.825485
26.7277 0.828255
27.067 0.831025
27.6337 0.833795
28.233 0.836565
28.416 0.839335
28.7003 0.842105
28.822 0.844875
29.1367 0.847645
29.707 0.850416
29.7867 0.853186
30.5707 0.855956
31.1733 0.858726
32.545 0.861496
32.7003 0.864266
33.5143 0.867036
33.8897 0.869806
34.0603 0.872576
34.1597 0.875346
35.5417 0.878116
36.5087 0.880886
36.732 0.883657
37.1757 0.886427
38.127 0.889197
39.308 0.891967
40.052 0.894737
40.738 0.897507
41.357 0.900277
41.593 0.903047
42.543 0.905817
43.0907 0.908587
44.013 0.911357
44.5707 0.914127
44.9873 0.916898
45.5333 0.919668
45.657 0.922438
45.842 0.925208
46.590 0.927978
47.5337 0.930748
48.3173 0.933518
49.355 0.936288
49.679 0.939058
49.956 0.941828
56.260 0.944598
60.548 0.947368
61.243 0.950139
62.268 0.952909
72.156 0.955679
78.541 0.958449
81.730 0.961219
82.503 0.963989
83.162 0.966759
83.232 0.969529
92.474 0.972299
104.522 0.975069
134.922 0.977839
141.821 0.980609
169.010 0.98338
170.366 0.98615
171.234 0.98892
171.925 0.99169
173.088 0.99446
178.184 0.99723
281.474 1
