0 0.00277008
.7937 0.00554017
1.500 0.00831025
3.8762 0.0110803
4.750 0.0138504
5.150 0.0166205
7.175 0.0193906
8.775 0.0221607
9.9138 0.0249307
10.350 0.0277008
11.025 0.0304709
11.19975 0.033241
12.8008 0.0387812
12.8008 0.0387812
13.875 0.0415512
13.938 0.0443213
14.6025 0.0470914
15.000 0.0498615
15.7275 0.0526316
18.9862 0.0554017
19.687 0.0581717
19.850 0.0609418
19.9725 0.0637119
20.9808 0.066482
21.3763 0.0692521
24.0850 0.0720222
24.2058 0.0747922
24.5775 0.0775623
25.6350 0.0803324
26.0362 0.0831025
26.625 0.0858726
28.350 0.0886427
29.000 0.0914127
31.050 0.0941828
31.675 0.0969529
33.250 0.099723
34.2383 0.102493
36.075 0.105263
37.0613 0.108033
39.550 0.110803
39.6488 0.113573
40.000 0.116343
41.32838 0.119114
42.0483 0.121884
45.0013 0.124654
45.2113 0.127424
48.400 0.130194
52.5975 0.132964
54.162 0.135734
54.163 0.138504
55.500 0.141274
59.6775 0.144044
59.8758 0.146814
62.650 0.149584
62.900 0.152355
63.3350 0.155125
64.2575 0.157895
64.625 0.160665
64.8225 0.163435
65.575 0.166205
65.750 0.168975
67.5488 0.171745
68.475 0.174515
69.0150 0.177285
72.125 0.180055
72.500 0.182825
72.700 0.185596
73.6438 0.188366
75.2758 0.191136
78.47475 0.193906
81.575 0.196676
82.1058 0.199446
84.1275 0.202216
85.4563 0.204986
89.4675 0.207756
91.575 0.210526
92.425 0.213296
93.1425 0.216066
95.250 0.218837
95.5325 0.221607
95.987 0.224377
96.4608 0.227147
99.3317 0.229917
100.8850 0.232687
102.0442 0.235457
102.500 0.238227
108.2850 0.240997
112.4133 0.243767
115.600 0.246537
118.2488 0.249307
123.200 0.252078
126.963 0.254848
128.925 0.257618
132.4563 0.260388
132.9742 0.263158
135.075 0.265928
136.763 0.268698
138.650 0.271468
146.1113 0.274238
146.9808 0.277008
147.625 0.279778
150.0650 0.282548
151.125 0.285319
158.450 0.288089
161.2350 0.290859
166.0038 0.293629
176.4925 0.296399
181.6350 0.299169
182.100 0.301939
182.187 0.304709
185.2575 0.307479
186.3313 0.310249
194.3638 0.313019
196.0150 0.315789
206.587 0.31856
209.8350 0.32133
216.6850 0.3241
221.850 0.32687
228.2608 0.32964
236.650 0.33241
237.062 0.33518
244.7925 0.33795
249.8142 0.34072
259.4817 0.34349
263.2650 0.34626
263.850 0.34903
275.238 0.351801
280.800 0.354571
285.62888 0.357341
287.0025 0.360111
295.7025 0.362881
308.325 0.365651
314.9888 0.368421
322.238 0.371191
325.7063 0.373961
328.875 0.376731
329.350 0.379501
329.9738 0.382271
335.813 0.385042
343.087 0.387812
343.9762 0.390582
352.3983 0.393352
353.5150 0.396122
360.7937 0.398892
361.475 0.401662
362.250 0.404432
367.0363 0.407202
370.5012 0.409972
372.2850 0.412742
374.325 0.415512
381.975 0.418283
387.4238 0.421053
391.4192 0.423823
391.800 0.426593
392.1525 0.429363
392.3238 0.432133
413.3650 0.434903
432.0488 0.437673
441.8308 0.440443
458.063 0.443213
460.6275 0.445983
464.9075 0.448753
472.2937 0.451524
481.000 0.454294
488.213 0.457064
491.300 0.459834
502.450 0.462604
513.362 0.465374
515.900 0.468144
516.350 0.470914
520.275 0.473684
520.8850 0.476454
528.0888 0.479224
537.9975 0.481994
538.425 0.484765
539.100 0.487535
548.1350 0.490305
556.2525 0.493075
559.6275 0.495845
562.0392 0.498615
564.7858 0.501385
580.725 0.504155
583.2138 0.506925
610.275 0.509695
611.8725 0.512465
620.7313 0.515235
622.650 0.518006
626.9025 0.520776
638.4812 0.523546
639.3325 0.526316
660.3358 0.529086
666.5438 0.531856
667.650 0.534626
683.475 0.537396
694.1425 0.540166
709.7163 0.542936
723.1325 0.545706
734.387 0.548476
735.7275 0.551247
777.825 0.554017
784.7058 0.556787
790.5975 0.559557
790.600 0.562327
810.6058 0.565097
817.2225 0.567867
818.0988 0.570637
832.450 0.573407
837.0188 0.576177
840.0675 0.578947
841.4888 0.581717
848.925 0.584488
883.250 0.587258
893.2617 0.590028
905.450 0.592798
912.812 0.595568
914.4563 0.598338
923.3175 0.601108
932.500 0.603878
933.938 0.606648
957.7933 0.609418
966.000 0.612188
971.6888 0.614958
973.3762 0.617729
974.3387 0.620499
978.675 0.623269
981.400 0.626039
1001.9008 0.628809
1003.3558 0.631579
1024.388 0.634349
1024.4575 0.637119
1043.187 0.639889
1062.800 0.642659
1082.3338 0.645429
1082.3350 0.648199
1083.8350 0.65097
1090.2325 0.65374
1090.9563 0.65651
1095.450 0.65928
1099.8488 0.66205
1131.5825 0.66482
1159.4575 0.66759
1175.475 0.67036
1194.0075 0.67313
1219.3613 0.6759
1230.4925 0.67867
1282.463 0.68144
1293.8775 0.684211
1307.900 0.686981
1318.688 0.689751
1319.5825 0.692521
1324.9925 0.695291
1336.3938 0.698061
1337.600 0.700831
1338.0263 0.703601
1341.9488 0.706371
1355.4563 0.709141
1383.375 0.711911
1388.9350 0.714681
1414.1150 0.717452
1423.550 0.720222
1427.013 0.722992
1431.063 0.725762
1431.2063 0.728532
1432.4133 0.731302
1434.938 0.734072
1447.2650 0.736842
1468.5175 0.739612
1476.7275 0.742382
1483.9388 0.745152
1488.6688 0.747922
1490.300 0.750693
1492.2488 0.753463
1497.838 0.756233
1499.700 0.759003
1502.850 0.761773
1513.3613 0.764543
1522.3425 0.767313
1524.4925 0.770083
1531.6850 0.772853
1547.350 0.775623
1548.313 0.778393
1550.5813 0.781163
1550.8850 0.783934
1553.475 0.786704
1556.650 0.789474
1562.5725 0.792244
1566.3938 0.795014
1571.413 0.797784
1577.475 0.800554
1578.2650 0.803324
1580.5238 0.806094
1584.850 0.808864
1614.875 0.811634
1615.575 0.814404
1625.688 0.817175
1629.4013 0.819945
1630.7025 0.822715
1638.2688 0.825485
1638.4675 0.828255
1644.3113 0.831025
1652.0575 0.833795
1653.663 0.836565
1657.0138 0.839335
1661.8988 0.842105
1686.8175 0.844875
1688.725 0.847645
1694.150 0.850416
1695.5475 0.853186
1703.225 0.855956
1726.3650 0.858726
1728.7325 0.861496
1731.225 0.864266
1749.875 0.867036
1751.063 0.869806
1751.2388 0.872576
1752.425 0.875346
1780.100 0.878116
1781.6150 0.880886
1783.4575 0.883657
1790.025 0.886427
1802.325 0.889197
1820.100 0.891967
1821.275 0.894737
1821.2863 0.897507
1827.250 0.900277
1829.7113 0.903047
1831.750 0.905817
1831.988 0.908587
1835.9925 0.911357
1849.3275 0.914127
1855.7838 0.916898
1860.5788 0.919668
1868.438 0.922438
1875.950 0.925208
1885.9088 0.927978
1890.4463 0.930748
1896.9575 0.933518
1900.5913 0.936288
1902.588 0.939058
1908.3788 0.941828
1910.625 0.944598
1912.1150 0.947368
1919.0425 0.950139
1922.1838 0.952909
1929.075 0.955679
1947.113 0.958449
1967.275 0.961219
1996.125 0.963989
2445.6675 0.966759
2522.7150 0.969529
2525.288 0.972299
2543.600 0.975069
2566.0650 0.977839
2602.238 0.980609
2649.8738 0.98338
2654.6075 0.98615
2761.5263 0.98892
2804.6675 0.99169
2827.150 0.99446
2863.450 0.99723
2880.750 1
