0.0226455 0.00277008
0.0249001 0.00554017
0.0309862 0.00831025
0.0313048 0.0110803
0.0482517 0.0138504
0.0685546 0.0166205
0.0894792 0.0193906
0.0997673 0.0221607
0.103192 0.0249307
0.103298 0.0277008
0.105031 0.0304709
0.105945 0.033241
0.112062 0.0360111
0.15525 0.0387812
0.16477 0.0415512
0.171531 0.0443213
0.179781 0.0470914
0.191508 0.0498615
0.194634 0.0526316
0.208506 0.0554017
0.209121 0.0581717
0.235038 0.0609418
0.237589 0.0637119
0.330045 0.066482
0.360497 0.0692521
0.377726 0.0720222
0.405793 0.0747922
0.411886 0.0775623
0.411919 0.0803324
0.425794 0.0831025
0.434952 0.0858726
0.455108 0.0886427
0.462264 0.0914127
0.466753 0.0941828
0.528508 0.0969529
0.565815 0.099723
0.589226 0.102493
0.597274 0.105263
0.600461 0.108033
0.642557 0.110803
0.685801 0.113573
0.700569 0.116343
0.755953 0.119114
0.814099 0.121884
0.897273 0.124654
0.90111 0.127424
0.9165 0.130194
0.929814 0.132964
0.950575 0.135734
0.960659 0.138504
0.963113 0.141274
0.969839 0.144044
1.01123 0.146814
1.04855 0.149584
1.08502 0.152355
1.11039 0.155125
1.15039 0.157895
1.18444 0.160665
1.23696 0.163435
1.24289 0.166205
1.30005 0.168975
1.30316 0.171745
1.33723 0.174515
1.41253 0.177285
1.52611 0.180055
1.53911 0.182825
1.5519 0.185596
1.60763 0.188366
1.60798 0.191136
1.62891 0.193906
1.66509 0.196676
1.73365 0.199446
1.76556 0.202216
1.84982 0.204986
1.91958 0.207756
1.95724 0.210526
2.00526 0.213296
2.05033 0.216066
2.11113 0.218837
2.15638 0.221607
2.19007 0.224377
2.23101 0.227147
2.29591 0.229917
2.38659 0.232687
2.50689 0.235457
2.5784 0.238227
2.81814 0.240997
2.86481 0.243767
2.94192 0.246537
3.04316 0.249307
3.08054 0.252078
3.1069 0.254848
3.29502 0.257618
3.3404 0.260388
3.60188 0.263158
3.68339 0.265928
3.69722 0.268698
3.78634 0.271468
3.79735 0.274238
3.85275 0.277008
3.99968 0.279778
4.00404 0.282548
4.03078 0.285319
4.09261 0.288089
4.18192 0.290859
4.27066 0.293629
4.29274 0.296399
4.53742 0.299169
4.59114 0.301939
4.60411 0.304709
4.68315 0.307479
4.95093 0.310249
4.95689 0.313019
4.98342 0.315789
5.0366 0.31856
5.31483 0.32133
5.50069 0.3241
5.53199 0.32687
5.65451 0.32964
5.85862 0.33241
5.9191 0.33518
6.00957 0.33795
6.09388 0.34072
6.13879 0.34349
6.36173 0.34626
6.62625 0.34903
6.75357 0.351801
6.90973 0.354571
6.96183 0.357341
6.99607 0.360111
7.17042 0.362881
7.21709 0.365651
7.37481 0.368421
7.38615 0.371191
7.70779 0.373961
7.75206 0.376731
7.75519 0.379501
8.01531 0.382271
8.05329 0.385042
8.09474 0.387812
8.15063 0.390582
8.32628 0.393352
8.57455 0.396122
8.5913 0.398892
8.77889 0.401662
8.80852 0.404432
8.86228 0.407202
8.89708 0.409972
8.94882 0.412742
9.34353 0.415512
9.44883 0.418283
9.47139 0.421053
9.49952 0.423823
9.55588 0.426593
9.57611 0.429363
9.67875 0.432133
10.0052 0.434903
10.1465 0.437673
10.1777 0.440443
10.2271 0.443213
10.2365 0.445983
10.2611 0.448753
10.3091 0.451524
10.4211 0.454294
10.533 0.457064
10.5429 0.459834
10.8177 0.462604
10.8546 0.465374
11.2739 0.468144
11.3362 0.470914
11.3521 0.473684
11.9754 0.476454
12.1105 0.479224
12.1136 0.481994
12.2222 0.484765
12.4604 0.487535
12.5575 0.490305
12.6329 0.493075
12.6451 0.495845
12.7969 0.498615
13.0625 0.501385
13.4558 0.504155
13.7677 0.506925
14.0329 0.509695
14.8036 0.512465
15.0275 0.515235
15.0332 0.518006
15.4969 0.520776
15.9082 0.523546
16.006 0.526316
16.3588 0.529086
16.378 0.531856
16.6652 0.534626
16.8334 0.537396
16.9932 0.540166
17.5378 0.542936
17.9209 0.545706
18.1493 0.548476
18.377 0.551247
18.9214 0.554017
18.9825 0.556787
19.0439 0.559557
19.3217 0.562327
20.023 0.565097
20.2399 0.567867
20.2718 0.570637
20.2733 0.573407
20.4209 0.576177
20.6099 0.578947
20.892 0.581717
21.1061 0.584488
21.3023 0.587258
21.5794 0.590028
22.0008 0.592798
22.5988 0.595568
22.6131 0.598338
22.6906 0.601108
22.7273 0.603878
23.9652 0.606648
24.0207 0.609418
24.0346 0.612188
24.0453 0.614958
24.4857 0.617729
24.5121 0.620499
24.6554 0.623269
25.2811 0.626039
25.4005 0.628809
25.4341 0.631579
25.852 0.634349
26.1948 0.637119
26.3478 0.639889
27.3999 0.642659
27.8231 0.645429
27.8865 0.648199
28.5621 0.65097
29.0583 0.65374
29.6963 0.65651
29.9521 0.65928
29.9552 0.66205
31.1533 0.66482
31.3358 0.66759
31.3509 0.67036
31.5806 0.67313
31.7725 0.6759
32.857 0.67867
33.4336 0.68144
33.5422 0.684211
33.9275 0.686981
33.9501 0.689751
34.9936 0.692521
36.2529 0.695291
37.2578 0.698061
37.3469 0.700831
37.5692 0.703601
37.7093 0.706371
38.0642 0.709141
40.2463 0.711911
40.6815 0.714681
42.0183 0.717452
42.6537 0.720222
43.8144 0.722992
44.3608 0.725762
44.8001 0.728532
45.0952 0.731302
47.1096 0.734072
47.5188 0.736842
48.3311 0.739612
48.7766 0.742382
49.0328 0.745152
49.406 0.747922
49.7323 0.750693
50.3331 0.753463
50.3713 0.756233
50.8661 0.759003
51.0716 0.761773
51.0791 0.764543
51.6161 0.767313
52.3094 0.770083
52.6447 0.772853
54.4819 0.775623
55.1951 0.778393
57.0145 0.781163
57.1051 0.783934
61.2217 0.786704
66.0389 0.789474
66.7352 0.792244
67.4783 0.795014
67.8474 0.797784
68.0555 0.800554
68.4704 0.803324
68.6718 0.806094
68.8321 0.808864
68.9608 0.811634
69.519 0.814404
70.1336 0.817175
70.3034 0.819945
72.3039 0.822715
72.7518 0.825485
73.1767 0.828255
74.6295 0.831025
75.8294 0.833795
76.0412 0.836565
77.1096 0.839335
77.459 0.842105
80.0109 0.844875
81.5505 0.847645
85.6581 0.850416
87.0207 0.853186
87.4267 0.855956
91.699 0.858726
92.7493 0.861496
94.6549 0.864266
96.9306 0.867036
98.4959 0.869806
100.397 0.872576
104.047 0.875346
104.051 0.878116
105.321 0.880886
105.524 0.883657
105.765 0.886427
106.472 0.889197
107.296 0.891967
108.377 0.894737
109.292 0.897507
112.936 0.900277
113.763 0.903047
114.762 0.905817
116.204 0.908587
116.743 0.911357
119.64 0.914127
122.435 0.916898
132.934 0.919668
150.396 0.922438
151.569 0.925208
153.309 0.927978
156.047 0.930748
159.827 0.933518
165.504 0.936288
171.554 0.939058
176.319 0.941828
179.02 0.944598
180.514 0.947368
189.978 0.950139
190.07 0.952909
191.835 0.955679
202.071 0.958449
202.704 0.961219
203.631 0.963989
215.785 0.966759
219.479 0.969529
224.988 0.972299
226.384 0.975069
227.092 0.977839
227.205 0.980609
229.808 0.98338
233.285 0.98615
234.69 0.98892
320.863 0.99169
331.049 0.99446
344.92 0.99723
351.474 1
