0.107544 0.00277008
1.672546 0.00554017
2.013550 0.00831025
3.989075 0.0110803
5.141724 0.0138504
6.672119 0.0166205
6.969299 0.0193906
7.007446 0.0221607
8.670898 0.0249307
9.256714 0.0277008
9.547485 0.0304709
10.882324 0.033241
11.523804 0.0360111
12.860718 0.0387812
13.146240 0.0415512
13.347778 0.0443213
13.448975 0.0470914
13.896118 0.0498615
15.190674 0.0526316
15.306152 0.0554017
15.791443 0.0581717
16.006348 0.0609418
16.037964 0.0637119
16.187134 0.066482
17.718933 0.0692521
20.558472 0.0720222
20.734131 0.0747922
21.575195 0.0775623
23.265381 0.0803324
23.385986 0.0831025
23.741943 0.0858726
25.213379 0.0886427
25.328857 0.0914127
26.088501 0.0941828
27.922974 0.0969529
27.971130 0.099723
30.279663 0.102493
31.781372 0.105263
32.126465 0.108033
32.721313 0.110803
32.915894 0.113573
32.933350 0.116343
34.668823 0.119114
34.943970 0.121884
34.999023 0.124654
35.048950 0.127424
35.076294 0.130194
35.344849 0.132964
35.449585 0.135734
35.707764 0.138504
36.252197 0.141274
36.424927 0.144044
37.348633 0.146814
37.714233 0.149584
38.168091 0.152355
38.521851 0.155125
39.975464 0.157895
41.580994 0.160665
42.813477 0.163435
43.183838 0.166205
43.473511 0.168975
45.222656 0.171745
45.468262 0.174515
47.371704 0.177285
47.406738 0.180055
49.378784 0.182825
50.255127 0.185596
50.728027 0.188366
50.974976 0.191136
51.701477 0.193906
51.783752 0.196676
53.149902 0.199446
54.571167 0.202216
57.006226 0.204986
57.110352 0.207756
57.434082 0.210526
58.352051 0.213296
58.680420 0.216066
61.180359 0.218837
64.004272 0.221607
64.192993 0.224377
64.516968 0.227147
65.071411 0.229917
65.447266 0.232687
66.206299 0.235457
67.062500 0.238227
72.688232 0.240997
73.050049 0.243767
73.372803 0.246537
75.486450 0.249307
76.353760 0.252078
79.412842 0.254848
79.570190 0.257618
79.593872 0.260388
81.729736 0.263158
82.198853 0.265928
83.912598 0.268698
85.746704 0.271468
87.084595 0.274238
87.467163 0.277008
88.088623 0.279778
89.435791 0.282548
89.913452 0.285319
89.928955 0.288089
91.123169 0.290859
91.938721 0.293629
92.249023 0.296399
92.924438 0.299169
93.567261 0.301939
95.638428 0.304709
98.240723 0.307479
100.574829 0.310249
101.759399 0.313019
103.528809 0.315789
109.600586 0.31856
110.041626 0.32133
111.710938 0.3241
112.948853 0.32687
114.998657 0.32964
115.215820 0.33241
115.997559 0.33518
118.684448 0.33795
118.905396 0.34072
119.612671 0.34349
120.471191 0.34626
121.964233 0.34903
129.917358 0.351801
134.931641 0.354571
136.018555 0.357341
136.683044 0.360111
136.726196 0.362881
136.965637 0.365651
138.041748 0.368421
138.641846 0.371191
141.264038 0.373961
150.687866 0.376731
151.198975 0.379501
152.988037 0.382271
153.393311 0.385042
162.940918 0.387812
169.189331 0.390582
176.503296 0.393352
180.078491 0.396122
181.530273 0.398892
182.210205 0.401662
182.608887 0.404432
184.471069 0.407202
185.175171 0.409972
186.404175 0.412742
191.081055 0.415512
192.884521 0.418283
193.175903 0.421053
197.848022 0.423823
197.933594 0.426593
198.775269 0.429363
202.912476 0.432133
213.591797 0.434903
221.709900 0.437673
223.343140 0.440443
223.547363 0.443213
224.235840 0.445983
225.447144 0.448753
228.873779 0.451524
230.011963 0.454294
230.854980 0.457064
231.477295 0.459834
234.204102 0.462604
242.384644 0.465374
245.148804 0.468144
247.378662 0.470914
257.318726 0.473684
260.603760 0.476454
265.711060 0.479224
267.651001 0.481994
268.126953 0.484765
268.226196 0.487535
270.201416 0.490305
272.181641 0.493075
273.572449 0.495845
282.030762 0.498615
290.362671 0.501385
295.511597 0.504155
309.707031 0.506925
311.258545 0.509695
317.866455 0.512465
322.963623 0.515235
323.738647 0.518006
332.823608 0.520776
335.452515 0.523546
336.411987 0.526316
337.048584 0.529086
342.342041 0.531856
345.057983 0.534626
347.354370 0.537396
352.529053 0.540166
354.341309 0.542936
354.961975 0.545706
358.942871 0.548476
363.467041 0.551247
368.517090 0.554017
369.981567 0.556787
378.403320 0.559557
378.523560 0.562327
381.786621 0.565097
389.426270 0.567867
392.283691 0.570637
392.585571 0.573407
396.993164 0.576177
401.870117 0.578947
416.771973 0.581717
422.107056 0.584488
424.661865 0.587258
425.635498 0.590028
436.877563 0.592798
454.282227 0.595568
461.371582 0.598338
462.674805 0.601108
463.762939 0.603878
465.169189 0.606648
469.560303 0.609418
476.397949 0.612188
480.536377 0.614958
495.555298 0.617729
505.100586 0.620499
513.147339 0.623269
522.045166 0.626039
527.377808 0.628809
532.744019 0.631579
532.992065 0.634349
533.198730 0.637119
555.223633 0.639889
561.320068 0.642659
569.070557 0.645429
571.880615 0.648199
574.893555 0.65097
576.477783 0.65374
576.789795 0.65651
587.052490 0.65928
603.654541 0.66205
605.241760 0.66482
619.386963 0.66759
622.979126 0.67036
630.108154 0.67313
655.997681 0.6759
657.680542 0.67867
682.736938 0.68144
701.416016 0.684211
735.399780 0.686981
736.450806 0.689751
740.595703 0.692521
752.549683 0.695291
756.392334 0.698061
794.062256 0.700831
794.505615 0.703601
802.518066 0.706371
803.378906 0.709141
816.619141 0.711911
820.467773 0.714681
823.741699 0.717452
835.595703 0.720222
846.964844 0.722992
854.645752 0.725762
870.264038 0.728532
870.929565 0.731302
882.752808 0.734072
886.016357 0.736842
891.374390 0.739612
918.172852 0.742382
926.252930 0.745152
947.114014 0.747922
956.499878 0.750693
961.656250 0.753463
974.159668 0.756233
975.019287 0.759003
985.477051 0.761773
985.579102 0.764543
1001.859375 0.767313
1014.933655 0.770083
1034.463013 0.772853
1059.265381 0.775623
1069.546509 0.778393
1089.988037 0.781163
1098.092041 0.783934
1131.555908 0.786704
1142.394775 0.789474
1187.743408 0.792244
1199.345703 0.795014
1204.654297 0.797784
1293.821045 0.800554
1298.973267 0.803324
1301.007568 0.806094
1363.360962 0.808864
1366.153809 0.811634
1375.016235 0.814404
1395.888062 0.817175
1458.533813 0.819945
1485.682007 0.822715
1495.022827 0.825485
1495.981812 0.828255
1508.821899 0.831025
1535.542847 0.833795
1546.738037 0.836565
1605.410889 0.839335
1614.481934 0.842105
1615.423706 0.844875
1615.795898 0.847645
1628.090698 0.850416
1628.688843 0.853186
1692.085938 0.855956
1705.036133 0.858726
1724.390137 0.861496
1748.563599 0.864266
1749.947632 0.867036
1793.036133 0.869806
1812.185181 0.872576
1817.781982 0.875346
1829.268555 0.878116
1860.366577 0.880886
1922.513428 0.883657
1932.344116 0.886427
1951.405151 0.889197
1957.528809 0.891967
1969.476440 0.894737
1998.772339 0.897507
2012.727539 0.900277
2024.014160 0.903047
2030.051270 0.905817
2046.347900 0.908587
2112.577637 0.911357
2123.825684 0.914127
2128.956055 0.916898
2205.560791 0.919668
2255.500977 0.922438
2298.664307 0.925208
2383.703613 0.927978
2400.531982 0.930748
2412.634521 0.933518
2493.159180 0.936288
2495.519043 0.939058
2511.571289 0.941828
2575.739502 0.944598
2620.639404 0.947368
2648.162354 0.950139
2714.415527 0.952909
2753.525635 0.955679
2927.882324 0.958449
3018.043457 0.961219
3085.714844 0.963989
3240.093018 0.966759
3432.149902 0.969529
3481.449219 0.972299
3545.956055 0.975069
3613.684082 0.977839
3767.456055 0.980609
4715.857422 0.98338
4776.814941 0.98615
4876.428711 0.98892
5196.049805 0.99169
5239.302734 0.99446
5336.814941 0.99723
6245.478516 1
