0.0631925 0.00277008
0.165517 0.00554017
0.195697 0.00831025
0.246189 0.0110803
0.261773 0.0138504
0.532164 0.0166205
0.554891 0.0193906
0.684285 0.0221607
0.68997 0.0249307
0.695689 0.0277008
0.755314 0.0304709
0.830281 0.033241
0.873867 0.0360111
0.877356 0.0387812
0.999628 0.0415512
1.16794 0.0443213
1.20855 0.0470914
1.25471 0.0498615
1.25498 0.0526316
1.30395 0.0554017
1.32379 0.0581717
1.37401 0.0609418
1.38888 0.0637119
1.41639 0.066482
1.49912 0.0692521
1.73377 0.0720222
1.80211 0.0747922
1.93259 0.0775623
2.05192 0.0803324
2.19136 0.0831025
2.19193 0.0858726
2.77466 0.0886427
2.80223 0.0914127
3.04901 0.0941828
3.18344 0.0969529
3.24307 0.099723
3.27448 0.102493
3.40296 0.105263
3.50766 0.108033
3.71834 0.110803
3.74911 0.113573
3.90641 0.116343
4.00128 0.119114
4.03865 0.121884
4.06097 0.124654
4.07964 0.127424
4.11007 0.130194
4.42642 0.132964
4.67193 0.135734
4.77186 0.138504
4.8073 0.141274
4.94551 0.144044
4.96929 0.146814
5.02714 0.149584
5.14577 0.152355
5.49521 0.155125
5.55192 0.157895
5.83077 0.160665
6.04286 0.163435
6.14309 0.166205
6.15932 0.168975
6.20153 0.171745
6.2397 0.174515
6.52365 0.177285
6.76424 0.180055
6.89876 0.182825
7.26497 0.185596
7.43245 0.188366
7.45653 0.191136
7.98101 0.193906
8.07275 0.196676
8.0759 0.199446
8.2312 0.202216
8.67085 0.204986
8.67838 0.207756
8.74376 0.210526
8.77044 0.213296
8.95637 0.216066
9.18799 0.218837
9.31101 0.221607
9.3823 0.224377
9.40168 0.227147
9.43567 0.229917
10.1705 0.232687
10.4537 0.235457
10.4845 0.238227
10.5384 0.240997
12.1099 0.243767
12.4178 0.246537
12.5958 0.249307
12.6089 0.252078
12.6204 0.254848
13.143 0.257618
13.2687 0.260388
13.3548 0.263158
13.74 0.265928
13.7989 0.268698
13.888 0.271468
13.9125 0.274238
14.026 0.277008
14.1269 0.279778
14.1828 0.282548
14.4043 0.285319
14.7654 0.288089
14.7867 0.290859
14.9418 0.293629
15.0761 0.296399
15.0923 0.299169
15.1168 0.301939
15.689 0.304709
15.7046 0.307479
16.1288 0.310249
16.209 0.313019
16.6778 0.315789
16.941 0.31856
17.172 0.32133
17.1887 0.3241
17.2971 0.32687
17.348 0.32964
17.4486 0.33241
17.4887 0.33518
17.5258 0.33795
18.0513 0.34072
18.1481 0.34349
18.2023 0.34626
18.4908 0.34903
18.6516 0.351801
18.7362 0.354571
18.7651 0.357341
19.0671 0.360111
20.4818 0.362881
20.8399 0.365651
21.2432 0.368421
21.9187 0.371191
22.0747 0.373961
23.172 0.376731
23.3376 0.379501
23.3441 0.382271
23.6489 0.385042
23.8945 0.387812
23.9903 0.390582
25.0996 0.393352
25.5362 0.396122
25.7068 0.398892
25.7784 0.401662
26.1376 0.404432
26.2879 0.407202
26.3187 0.409972
26.6622 0.412742
26.9291 0.415512
26.9883 0.418283
27.0633 0.421053
28.3186 0.423823
28.8826 0.426593
28.8984 0.429363
29.0462 0.432133
30.1813 0.434903
30.7603 0.437673
31.0565 0.440443
31.15 0.443213
31.4718 0.445983
32.2937 0.448753
32.5357 0.451524
33.0337 0.454294
33.2564 0.457064
33.3902 0.459834
33.3919 0.462604
33.4836 0.465374
34.5636 0.468144
34.8868 0.470914
34.9279 0.473684
35.3411 0.476454
35.3927 0.479224
36.1651 0.481994
37.0142 0.484765
37.3409 0.487535
37.9631 0.490305
38.129 0.493075
38.2585 0.495845
38.2821 0.498615
38.4454 0.501385
39.8433 0.504155
39.904 0.506925
39.9557 0.509695
40.2154 0.512465
40.7426 0.515235
41.0224 0.518006
41.145 0.520776
41.5473 0.523546
41.6694 0.526316
42.2347 0.529086
42.5363 0.531856
42.5645 0.534626
44.0682 0.537396
44.3199 0.540166
44.3266 0.542936
44.9157 0.545706
45.2163 0.548476
45.3541 0.551247
46.0915 0.554017
48.4663 0.556787
48.8426 0.559557
49.3806 0.562327
49.4189 0.565097
49.6317 0.567867
51.9642 0.570637
52.6323 0.573407
53.5421 0.576177
55.5157 0.578947
55.8039 0.581717
56.5084 0.584488
58.339 0.587258
58.568 0.590028
59.1574 0.592798
59.3766 0.595568
59.7507 0.598338
59.7834 0.601108
60.4539 0.603878
60.5837 0.606648
60.9192 0.609418
61.0427 0.612188
62.8025 0.614958
63.519 0.617729
64.7538 0.620499
66.622 0.623269
66.9689 0.626039
67.6856 0.628809
68.7249 0.631579
70.1688 0.634349
74.8725 0.637119
74.9949 0.639889
77.0095 0.642659
77.2142 0.645429
77.9135 0.648199
79.0742 0.65097
79.3853 0.65374
79.8696 0.65651
83.4211 0.65928
85.9468 0.66205
86.3692 0.66482
87.2533 0.66759
88.386 0.67036
88.9073 0.67313
89.2691 0.6759
89.5472 0.67867
89.8087 0.68144
89.8247 0.684211
91.3798 0.686981
94.853 0.689751
95.1134 0.692521
95.4453 0.695291
95.6287 0.698061
97.6774 0.700831
99.2567 0.703601
99.2664 0.706371
102.158 0.709141
106.014 0.711911
106.291 0.714681
107.133 0.717452
107.171 0.720222
108.703 0.722992
109.686 0.725762
109.84 0.728532
109.926 0.731302
114.413 0.734072
115.549 0.736842
116.488 0.739612
116.895 0.742382
118.215 0.745152
118.309 0.747922
120.184 0.750693
120.422 0.753463
120.53 0.756233
122.425 0.759003
122.66 0.761773
123.297 0.764543
123.55 0.767313
125.289 0.770083
127.111 0.772853
127.539 0.775623
129.874 0.778393
130.466 0.781163
130.561 0.783934
132.303 0.786704
135.332 0.789474
135.555 0.792244
136.663 0.795014
136.814 0.797784
137.962 0.800554
138.122 0.803324
139.411 0.806094
141.215 0.808864
141.988 0.811634
142.95 0.814404
143.595 0.817175
144.869 0.819945
146.42 0.822715
147.38 0.825485
149.608 0.828255
149.649 0.831025
150.734 0.833795
152.921 0.836565
154.71 0.839335
157.689 0.842105
157.867 0.844875
158.249 0.847645
158.573 0.850416
158.886 0.853186
159.141 0.855956
160.873 0.858726
161.128 0.861496
162.024 0.864266
162.194 0.867036
162.322 0.869806
163.799 0.872576
163.975 0.875346
164.154 0.878116
165.309 0.880886
165.621 0.883657
170.329 0.886427
170.411 0.889197
171.293 0.891967
173.94 0.894737
175.089 0.897507
175.999 0.900277
179.414 0.903047
179.978 0.905817
180.633 0.908587
180.953 0.911357
182.117 0.914127
185.593 0.916898
185.634 0.919668
188.016 0.922438
189.757 0.925208
192.846 0.927978
200.361 0.930748
202.844 0.933518
203.002 0.936288
206.222 0.939058
206.299 0.941828
209.493 0.944598
219.089 0.947368
221.859 0.950139
223.488 0.952909
225.058 0.955679
225.763 0.958449
226.132 0.961219
227.071 0.963989
228.923 0.966759
230.124 0.969529
231.186 0.972299
233.334 0.975069
233.834 0.977839
234.806 0.980609
235.28 0.98338
243.851 0.98615
243.938 0.98892
247.136 0.99169
248.716 0.99446
250.97 0.99723
270.683 1
