0 0.00277008
.100 0.00831025
.100 0.00831025
.200 0.0110803
.400 0.0166205
.400 0.0166205
.500 0.0193906
.600 0.0249307
.600 0.0249307
.700 0.0304709
.700 0.0304709
.800 0.0387812
.800 0.0387812
.800 0.0387812
.900 0.0415512
1.000 0.0498615
1.000 0.0498615
1.000 0.0498615
1.100 0.0526316
1.200 0.0637119
1.200 0.0637119
1.200 0.0637119
1.200 0.0637119
1.300 0.0692521
1.300 0.0692521
1.400 0.0747922
1.400 0.0747922
1.500 0.0775623
1.600 0.0858726
1.600 0.0858726
1.600 0.0858726
1.900 0.0914127
1.900 0.0914127
2.000 0.0941828
2.100 0.099723
2.100 0.099723
2.200 0.102493
2.500 0.108033
2.500 0.108033
2.700 0.110803
2.900 0.121884
2.900 0.121884
2.900 0.121884
2.900 0.121884
3.200 0.127424
3.200 0.127424
3.300 0.130194
3.400 0.135734
3.400 0.135734
3.600 0.138504
3.800 0.141274
3.900 0.146814
3.900 0.146814
4.000 0.149584
4.100 0.152355
4.200 0.155125
4.300 0.157895
4.500 0.160665
4.700 0.166205
4.700 0.166205
4.900 0.171745
4.900 0.171745
5.100 0.177285
5.100 0.177285
5.300 0.180055
5.600 0.182825
5.700 0.185596
6.000 0.191136
6.000 0.191136
6.200 0.193906
6.300 0.196676
6.400 0.199446
6.700 0.204986
6.700 0.204986
6.800 0.207756
6.900 0.210526
7.100 0.213296
7.400 0.216066
7.500 0.218837
7.800 0.224377
7.800 0.224377
7.900 0.229917
7.900 0.229917
8.100 0.235457
8.100 0.235457
8.800 0.238227
9.000 0.240997
9.100 0.243767
9.200 0.246537
9.300 0.249307
9.400 0.254848
9.400 0.254848
9.700 0.257618
9.800 0.260388
10.300 0.263158
10.600 0.265928
10.700 0.268698
10.900 0.271468
11.200 0.274238
11.600 0.277008
11.900 0.282548
11.900 0.282548
12.000 0.285319
12.200 0.288089
12.300 0.290859
12.700 0.293629
13.000 0.296399
13.300 0.304709
13.300 0.304709
13.300 0.304709
13.400 0.307479
13.500 0.310249
13.700 0.315789
13.700 0.315789
13.900 0.31856
14.200 0.32133
14.300 0.3241
14.400 0.32964
14.400 0.32964
14.600 0.33241
14.700 0.33518
15.000 0.33795
15.100 0.34349
15.100 0.34349
15.300 0.34626
15.700 0.351801
15.700 0.351801
15.800 0.354571
16.100 0.357341
16.200 0.360111
16.300 0.362881
17.300 0.371191
17.300 0.371191
17.300 0.371191
17.400 0.373961
17.500 0.376731
17.700 0.379501
18.000 0.382271
18.400 0.385042
18.500 0.387812
18.800 0.390582
18.900 0.396122
18.900 0.396122
19.000 0.398892
19.200 0.401662
20.300 0.404432
20.700 0.409972
20.700 0.409972
21.700 0.412742
21.800 0.415512
22.100 0.418283
22.200 0.421053
22.800 0.423823
23.300 0.426593
23.400 0.429363
23.800 0.432133
23.900 0.434903
24.100 0.437673
24.500 0.440443
24.800 0.443213
25.000 0.445983
25.300 0.451524
25.300 0.451524
26.400 0.454294
27.000 0.457064
27.500 0.459834
27.700 0.462604
28.200 0.465374
28.400 0.468144
29.200 0.470914
29.400 0.473684
29.800 0.479224
29.800 0.479224
30.500 0.481994
30.600 0.484765
31.400 0.487535
31.500 0.490305
32.800 0.493075
32.900 0.495845
33.300 0.501385
33.300 0.501385
34.600 0.504155
34.800 0.506925
35.000 0.509695
35.800 0.512465
36.200 0.515235
36.600 0.518006
36.900 0.520776
37.400 0.523546
37.600 0.526316
38.200 0.529086
39.500 0.531856
40.300 0.534626
41.000 0.537396
41.100 0.540166
41.200 0.542936
42.300 0.545706
42.900 0.548476
43.500 0.551247
43.600 0.556787
43.600 0.556787
43.800 0.559557
44.300 0.562327
45.200 0.565097
45.300 0.570637
45.300 0.570637
45.800 0.573407
46.200 0.576177
46.300 0.578947
46.900 0.581717
47.400 0.584488
47.700 0.587258
47.900 0.590028
50.800 0.592798
52.600 0.595568
52.800 0.598338
54.300 0.601108
55.800 0.603878
58.600 0.606648
58.900 0.609418
60.300 0.612188
60.600 0.614958
61.600 0.617729
61.700 0.620499
62.900 0.623269
63.000 0.626039
63.500 0.631579
63.500 0.631579
63.700 0.634349
64.400 0.637119
64.600 0.642659
64.600 0.642659
64.700 0.645429
65.000 0.648199
66.800 0.65097
69.600 0.65374
71.600 0.65651
72.700 0.65928
75.300 0.66205
76.900 0.66482
77.100 0.67036
77.100 0.67036
77.500 0.67313
79.000 0.6759
79.400 0.67867
81.200 0.68144
81.900 0.684211
82.500 0.686981
86.300 0.689751
86.700 0.692521
87.200 0.698061
87.200 0.698061
87.900 0.700831
89.000 0.703601
91.500 0.706371
92.500 0.709141
93.400 0.711911
94.000 0.714681
94.100 0.717452
94.200 0.720222
94.300 0.722992
94.400 0.725762
95.100 0.728532
95.300 0.731302
95.700 0.734072
97.000 0.736842
98.200 0.739612
98.500 0.742382
99.400 0.745152
101.400 0.747922
101.600 0.750693
101.900 0.756233
101.900 0.756233
102.300 0.759003
102.700 0.761773
103.300 0.764543
103.500 0.767313
104.000 0.770083
104.700 0.772853
105.500 0.775623
105.600 0.778393
105.900 0.781163
106.500 0.783934
109.300 0.786704
110.800 0.789474
110.900 0.792244
111.300 0.795014
112.400 0.797784
112.900 0.800554
113.100 0.808864
113.100 0.808864
113.100 0.808864
114.200 0.814404
114.200 0.814404
115.100 0.817175
116.300 0.819945
116.600 0.822715
117.100 0.825485
117.800 0.828255
119.100 0.831025
120.900 0.833795
121.200 0.836565
121.700 0.839335
122.000 0.842105
122.900 0.844875
123.100 0.847645
123.200 0.850416
124.400 0.853186
125.600 0.855956
128.200 0.858726
128.600 0.861496
129.100 0.864266
129.700 0.867036
132.000 0.872576
132.000 0.872576
132.300 0.875346
132.500 0.878116
132.600 0.880886
132.800 0.883657
135.300 0.886427
135.800 0.889197
138.000 0.891967
138.400 0.894737
139.600 0.897507
141.900 0.900277
145.300 0.903047
145.600 0.908587
145.600 0.908587
146.700 0.911357
147.200 0.914127
147.600 0.916898
147.700 0.919668
148.500 0.922438
149.500 0.925208
150.800 0.927978
151.200 0.930748
151.300 0.933518
152.500 0.936288
153.500 0.939058
155.200 0.941828
155.500 0.944598
156.800 0.947368
157.000 0.950139
158.700 0.952909
159.000 0.955679
159.900 0.958449
161.400 0.961219
162.200 0.963989
162.600 0.966759
164.000 0.969529
164.100 0.972299
164.500 0.975069
164.800 0.977839
166.400 0.980609
166.700 0.98338
167.100 0.98615
168.700 0.98892
169.200 0.99169
173.100 0.99446
178.000 0.99723
185.500 1
