0.012796 0.00277008
0.016177 0.00554017
0.070084 0.00831025
0.072914 0.0110803
0.076448 0.0138504
0.086313 0.0166205
0.121774 0.0193906
0.129964 0.0221607
0.139957 0.0249307
0.161018 0.0277008
0.164455 0.0304709
0.18865 0.033241
0.200008 0.0360111
0.20149 0.0387812
0.215594 0.0415512
0.223395 0.0443213
0.255409 0.0470914
0.255894 0.0498615
0.293609 0.0526316
0.307973 0.0554017
0.311516 0.0581717
0.32185 0.0609418
0.332587 0.0637119
0.33287 0.066482
0.341671 0.0692521
0.346708 0.0720222
0.347646 0.0747922
0.370906 0.0775623
0.38014 0.0803324
0.380868 0.0831025
0.381224 0.0858726
0.396679 0.0886427
0.448249 0.0914127
0.455581 0.0941828
0.456867 0.0969529
0.504369 0.099723
0.518323 0.102493
0.53082 0.105263
0.548191 0.108033
0.550777 0.110803
0.563555 0.113573
0.572033 0.116343
0.594553 0.119114
0.637897 0.121884
0.63909 0.124654
0.655278 0.127424
0.658438 0.130194
0.661344 0.132964
0.663445 0.135734
0.66369 0.138504
0.664806 0.141274
0.673085 0.144044
0.674571 0.146814
0.67797 0.149584
0.692171 0.152355
0.694591 0.155125
0.694904 0.157895
0.695636 0.160665
0.707259 0.163435
0.710295 0.166205
0.710434 0.168975
0.714459 0.171745
0.714954 0.174515
0.727589 0.177285
0.74705 0.180055
0.750259 0.182825
0.765816 0.185596
0.800412 0.188366
0.812239 0.191136
0.812729 0.193906
0.817547 0.196676
0.82454 0.199446
0.828829 0.202216
0.831636 0.204986
0.837421 0.207756
0.848991 0.210526
0.865669 0.213296
0.866757 0.216066
0.879765 0.218837
0.893173 0.221607
0.903182 0.224377
0.916457 0.227147
0.959347 0.229917
0.970067 0.232687
0.982493 0.235457
1.00855 0.238227
1.02469 0.240997
1.03264 0.243767
1.03498 0.246537
1.10066 0.249307
1.12463 0.252078
1.13467 0.254848
1.14268 0.257618
1.20356 0.260388
1.22618 0.263158
1.29826 0.265928
1.3087 0.268698
1.33334 0.271468
1.41615 0.274238
1.43085 0.277008
1.47254 0.279778
1.55961 0.282548
1.59433 0.285319
1.60282 0.288089
1.63447 0.290859
1.67656 0.293629
1.70228 0.296399
1.72108 0.299169
1.74594 0.301939
1.76056 0.304709
1.80262 0.307479
1.82599 0.310249
1.84831 0.313019
1.85032 0.315789
1.88813 0.31856
1.91236 0.32133
1.95577 0.3241
2.0061 0.32687
2.0368 0.32964
2.11509 0.33241
2.12039 0.33518
2.18628 0.33795
2.23907 0.34072
2.30761 0.34349
2.36414 0.34626
2.38551 0.34903
2.40052 0.351801
2.45419 0.354571
2.51404 0.357341
2.65351 0.360111
2.69807 0.362881
2.79042 0.365651
2.8917 0.368421
2.91203 0.371191
2.95364 0.373961
2.99859 0.376731
3.01492 0.379501
3.05555 0.382271
3.08519 0.385042
3.08573 0.387812
3.18912 0.390582
3.28834 0.393352
3.41039 0.396122
3.41712 0.398892
3.41739 0.401662
3.46934 0.404432
3.53322 0.407202
3.54207 0.409972
3.82935 0.412742
3.91634 0.415512
3.94441 0.418283
3.96415 0.421053
4.01634 0.423823
4.04997 0.426593
4.13722 0.429363
4.15524 0.432133
4.16556 0.434903
4.27966 0.437673
4.36186 0.440443
4.39628 0.443213
4.44818 0.445983
4.54399 0.448753
4.5952 0.451524
4.82467 0.454294
4.84365 0.457064
5.00194 0.459834
5.04078 0.462604
5.11102 0.465374
5.19147 0.468144
5.2054 0.470914
5.2138 0.473684
5.25472 0.476454
5.27352 0.479224
5.31848 0.481994
5.35778 0.484765
5.41589 0.487535
5.47678 0.490305
5.57479 0.493075
5.64762 0.495845
5.6689 0.498615
5.6876 0.501385
5.68823 0.504155
5.77007 0.506925
5.94255 0.509695
6.48969 0.512465
6.49807 0.515235
6.57742 0.518006
6.67741 0.520776
6.7464 0.523546
6.86179 0.526316
6.95677 0.529086
7.19241 0.531856
7.24654 0.534626
7.34942 0.537396
7.38518 0.540166
7.43987 0.542936
7.5564 0.545706
7.56744 0.548476
7.67648 0.551247
7.7475 0.554017
7.911 0.556787
8.13008 0.559557
8.4294 0.562327
8.43838 0.565097
8.55737 0.567867
8.56901 0.570637
8.63594 0.573407
8.73232 0.576177
8.84058 0.578947
8.8449 0.581717
8.95575 0.584488
9.2658 0.587258
9.33023 0.590028
9.38789 0.592798
9.90718 0.595568
10.1012 0.598338
10.2724 0.601108
10.3274 0.603878
10.3305 0.606648
10.6814 0.609418
11.3254 0.612188
11.4293 0.614958
11.5277 0.617729
11.7186 0.620499
11.9982 0.623269
12.027 0.626039
12.2507 0.628809
12.5876 0.631579
12.5937 0.634349
12.7922 0.637119
13.3219 0.639889
13.3226 0.642659
13.4379 0.645429
13.7835 0.648199
13.8583 0.65097
13.9441 0.65374
14.275 0.65651
14.401 0.65928
14.6362 0.66205
15.2084 0.66482
16.1181 0.66759
16.2136 0.67036
16.4482 0.67313
16.7606 0.6759
16.8322 0.67867
16.8433 0.68144
16.8479 0.684211
17.2741 0.686981
18.254 0.689751
18.5419 0.692521
18.9966 0.695291
19.0082 0.698061
19.1299 0.700831
19.137 0.703601
19.3633 0.706371
19.4575 0.709141
19.9521 0.711911
20.1979 0.714681
20.9049 0.717452
21.1205 0.720222
21.307 0.722992
21.4815 0.725762
21.5747 0.728532
21.5879 0.731302
22.2474 0.734072
23.5673 0.736842
24.0224 0.739612
24.1113 0.742382
24.7238 0.745152
25.0077 0.747922
25.2355 0.750693
27.0329 0.753463
28.8605 0.756233
29.8595 0.759003
30.8966 0.761773
31.0685 0.764543
31.3352 0.767313
34.725 0.770083
35.3199 0.772853
35.6049 0.775623
36.8803 0.778393
37.498 0.781163
40.7684 0.783934
41.7496 0.786704
42.6286 0.789474
43.5489 0.792244
44.7112 0.795014
46.0482 0.797784
46.3503 0.800554
46.5432 0.803324
48.1888 0.806094
48.8418 0.808864
49.7037 0.811634
50.1617 0.814404
53.5946 0.817175
56.053 0.819945
56.5997 0.822715
57.6612 0.825485
59.5185 0.828255
61.4019 0.831025
61.4026 0.833795
65.9358 0.836565
67.5916 0.839335
73.4697 0.842105
74.2825 0.844875
79.8466 0.847645
81.2466 0.850416
84.5062 0.853186
84.6916 0.855956
87.3098 0.858726
96.7505 0.861496
98.3484 0.864266
102.575 0.867036
105.665 0.869806
106.761 0.872576
111.228 0.875346
111.782 0.878116
112.346 0.880886
113.616 0.883657
117.937 0.886427
129.4 0.889197
147.899 0.891967
149.347 0.894737
150.895 0.897507
153.951 0.900277
159.957 0.903047
161.161 0.905817
162.348 0.908587
166.156 0.911357
188.877 0.914127
209.235 0.916898
214.867 0.919668
254.882 0.922438
267.838 0.925208
271.007 0.927978
273.638 0.930748
293.294 0.933518
308.516 0.936288
367.351 0.939058
379.658 0.941828
386.274 0.944598
406.102 0.947368
407.973 0.950139
461.593 0.952909
512.621 0.955679
535.581 0.958449
535.881 0.961219
541.945 0.963989
556.218 0.966759
605.893 0.969529
622.201 0.972299
626.464 0.975069
642.382 0.977839
740.849 0.980609
839.347 0.98338
879.211 0.98615
1483.99 0.98892
1567.61 0.99169
2212.32 0.99446
2708.72 0.99723
4034.89 1
