0.0520904 0.00277008
0.0903313 0.00554017
0.0923104 0.00831025
0.126307 0.0110803
0.342634 0.0138504
0.436454 0.0166205
0.514048 0.0193906
0.516264 0.0221607
0.840264 0.0249307
0.852232 0.0277008
0.878832 0.0304709
0.889584 0.033241
0.922702 0.0360111
1.017 0.0387812
1.03286 0.0415512
1.10437 0.0443213
1.2399 0.0470914
1.27355 0.0498615
1.36194 0.0526316
1.38253 0.0554017
1.41704 0.0581717
1.42127 0.0609418
1.4233 0.0637119
1.48904 0.066482
1.53964 0.0692521
1.54454 0.0720222
1.56053 0.0747922
1.63748 0.0775623
1.72356 0.0803324
1.95804 0.0831025
2.05721 0.0858726
2.2649 0.0886427
2.35614 0.0914127
2.37998 0.0941828
2.76067 0.0969529
2.92568 0.099723
3.00566 0.102493
3.01779 0.105263
3.1632 0.108033
3.30823 0.110803
3.32763 0.113573
3.47235 0.116343
3.51539 0.119114
3.59675 0.121884
3.67271 0.124654
3.70817 0.127424
3.82224 0.130194
3.87649 0.132964
4.01255 0.135734
4.03084 0.138504
4.07996 0.141274
4.14969 0.144044
4.19798 0.146814
4.20828 0.149584
4.51786 0.152355
4.88962 0.155125
4.9057 0.157895
4.92248 0.160665
4.92803 0.163435
4.99169 0.166205
5.0499 0.168975
5.12228 0.171745
5.15421 0.174515
5.36572 0.177285
5.39679 0.180055
5.67855 0.182825
5.76681 0.185596
5.88011 0.188366
6.00497 0.191136
6.0465 0.193906
6.14669 0.196676
6.16045 0.199446
6.25207 0.202216
6.29253 0.204986
6.33376 0.207756
6.6335 0.210526
6.87879 0.213296
7.02047 0.216066
7.24484 0.218837
7.26332 0.221607
7.57782 0.224377
7.59318 0.227147
7.9944 0.229917
8.0155 0.232687
8.09015 0.235457
8.23996 0.238227
8.66727 0.240997
8.86762 0.243767
8.87233 0.246537
9.06059 0.249307
9.12565 0.252078
9.2893 0.254848
9.39446 0.257618
9.44938 0.260388
9.60239 0.263158
10.2456 0.265928
10.3297 0.268698
10.5652 0.271468
10.7261 0.274238
10.9479 0.277008
11.1319 0.279778
11.3889 0.282548
11.6319 0.285319
11.8835 0.288089
11.9369 0.290859
11.989 0.293629
12.0272 0.296399
12.0641 0.299169
12.5447 0.301939
12.5482 0.304709
12.6552 0.307479
12.677 0.310249
13.3341 0.313019
13.4201 0.315789
13.6769 0.31856
13.816 0.32133
13.9732 0.3241
14.0024 0.32687
14.0708 0.32964
14.2305 0.33241
14.2661 0.33518
14.3904 0.33795
14.4742 0.34072
14.5327 0.34349
14.8537 0.34626
14.8545 0.34903
15.1376 0.351801
15.1427 0.354571
15.1566 0.357341
15.1756 0.360111
15.2076 0.362881
15.2308 0.365651
15.6564 0.368421
15.6821 0.371191
16.1155 0.373961
16.1282 0.376731
16.6282 0.379501
16.9793 0.382271
17.1482 0.385042
17.287 0.387812
17.5607 0.390582
17.5794 0.393352
18.1057 0.396122
18.3007 0.398892
18.4422 0.401662
18.5329 0.404432
18.6646 0.407202
18.8266 0.409972
18.9655 0.412742
19.8131 0.415512
20.6628 0.418283
20.899 0.421053
21.403 0.423823
22.0074 0.426593
22.078 0.429363
22.1019 0.432133
23.3301 0.434903
23.5423 0.437673
23.634 0.440443
23.7533 0.443213
23.9517 0.445983
25.0938 0.448753
25.2266 0.451524
25.5197 0.454294
25.6006 0.457064
25.7007 0.459834
26.318 0.462604
26.4938 0.465374
26.5437 0.468144
26.7978 0.470914
26.9728 0.473684
27.1027 0.476454
27.1494 0.479224
28.2861 0.481994
29.0608 0.484765
29.1812 0.487535
29.1913 0.490305
29.8425 0.493075
30.3119 0.495845
30.7196 0.498615
31.2459 0.501385
31.6355 0.504155
32.1533 0.506925
32.4441 0.509695
32.7571 0.512465
33.3074 0.515235
33.3421 0.518006
33.3699 0.520776
33.6193 0.523546
34.539 0.526316
34.8727 0.529086
34.9022 0.531856
35.2331 0.534626
35.2793 0.537396
36.0836 0.540166
37.5658 0.542936
38.224 0.545706
38.4716 0.548476
38.4956 0.551247
40.0311 0.554017
40.0553 0.556787
40.1902 0.559557
41.0158 0.562327
41.1065 0.565097
41.6805 0.567867
42.2883 0.570637
42.6745 0.573407
42.8272 0.576177
43.5348 0.578947
44.2447 0.581717
44.4967 0.584488
44.9712 0.587258
45.4515 0.590028
45.4683 0.592798
46.0517 0.595568
46.5839 0.598338
48.7188 0.601108
49.5065 0.603878
49.6466 0.606648
51.6188 0.609418
55.7316 0.612188
56.1125 0.614958
56.8044 0.617729
58.5572 0.620499
58.852 0.623269
59.262 0.626039
59.3709 0.628809
60.0801 0.631579
60.5685 0.634349
60.7265 0.637119
60.8097 0.639889
61.1046 0.642659
61.1444 0.645429
62.3664 0.648199
63.6318 0.65097
63.7317 0.65374
64.9586 0.65651
65.3164 0.65928
66.6123 0.66205
66.9953 0.66482
67.8541 0.66759
70.1347 0.67036
70.3331 0.67313
70.6543 0.6759
72.8495 0.67867
74.8619 0.68144
75.392 0.684211
76.4991 0.686981
77.2719 0.689751
77.6105 0.692521
78.271 0.695291
78.4718 0.698061
78.5918 0.700831
79.24 0.703601
80.8409 0.706371
80.8583 0.709141
80.9115 0.711911
83.6514 0.714681
85.5351 0.717452
85.8757 0.720222
86.3614 0.722992
87.2451 0.725762
88.0506 0.728532
89.2366 0.731302
89.3357 0.734072
89.6905 0.736842
90.0266 0.739612
90.0855 0.742382
90.1758 0.745152
92.7728 0.747922
93.4 0.750693
93.6866 0.753463
93.8578 0.756233
94.3558 0.759003
94.5413 0.761773
95.1041 0.764543
95.6174 0.767313
95.655 0.770083
96.6459 0.772853
97.667 0.775623
97.8494 0.778393
97.9813 0.781163
98.1156 0.783934
98.9821 0.786704
99.2159 0.789474
99.2456 0.792244
99.603 0.795014
102.746 0.797784
102.808 0.800554
103.971 0.803324
105.455 0.806094
106.27 0.808864
106.315 0.811634
106.317 0.814404
106.999 0.817175
107.11 0.819945
107.479 0.822715
109.56 0.825485
109.831 0.828255
109.847 0.831025
109.984 0.833795
110.474 0.836565
110.715 0.839335
111.588 0.842105
114.194 0.844875
115.273 0.847645
115.541 0.850416
116.012 0.853186
116.882 0.855956
117.318 0.858726
119.634 0.861496
120.523 0.864266
122.393 0.867036
123.022 0.869806
123.25 0.872576
123.281 0.875346
125.27 0.878116
127.133 0.880886
127.252 0.883657
129.544 0.886427
129.666 0.889197
129.724 0.891967
129.857 0.894737
130.542 0.897507
132.12 0.900277
132.29 0.903047
136.65 0.905817
139.317 0.908587
141.18 0.911357
141.394 0.914127
141.971 0.916898
142.616 0.919668
142.942 0.922438
143.385 0.925208
143.793 0.927978
144.322 0.930748
144.599 0.933518
145.303 0.936288
145.552 0.939058
146.693 0.941828
147.593 0.944598
148.39 0.947368
149.585 0.950139
150.001 0.952909
150.376 0.955679
151.104 0.958449
151.46 0.961219
157.116 0.963989
157.676 0.966759
157.888 0.969529
157.954 0.972299
158.874 0.975069
159.731 0.977839
160.352 0.980609
161.062 0.98338
161.537 0.98615
162.307 0.98892
163.227 0.99169
166.541 0.99446
178.012 0.99723
185.443 1
