0.000384 0.00277008
0.000650 0.00554017
0.000838 0.00831025
0.001556 0.0110803
0.001775 0.0138504
0.002478 0.0166205
0.003253 0.0193906
0.003539 0.0221607
0.005172 0.0249307
0.006042 0.0277008
0.006928 0.0304709
0.007245 0.033241
0.007689 0.0360111
0.008220 0.0387812
0.008962 0.0415512
0.008963 0.0443213
0.009185 0.0470914
0.010119 0.0498615
0.010635 0.0526316
0.010747 0.0554017
0.010807 0.0581717
0.011577 0.0609418
0.012389 0.0637119
0.012945 0.066482
0.013982 0.0692521
0.014209 0.0720222
0.014334 0.0747922
0.014379 0.0775623
0.014851 0.0803324
0.014924 0.0831025
0.015193 0.0858726
0.015243 0.0886427
0.015513 0.0914127
0.015584 0.0941828
0.017255 0.0969529
0.018225 0.099723
0.018485 0.102493
0.018600 0.105263
0.018649 0.108033
0.018770 0.110803
0.019330 0.113573
0.020228 0.116343
0.020415 0.119114
0.022290 0.121884
0.022946 0.124654
0.024078 0.127424
0.024689 0.130194
0.025035 0.135734
0.025035 0.135734
0.025215 0.138504
0.025334 0.141274
0.025463 0.144044
0.025527 0.146814
0.025581 0.149584
0.025875 0.152355
0.026257 0.155125
0.027159 0.157895
0.027482 0.160665
0.028129 0.163435
0.029035 0.166205
0.029091 0.168975
0.029566 0.171745
0.029618 0.174515
0.029789 0.177285
0.029804 0.180055
0.030114 0.182825
0.030912 0.185596
0.031315 0.188366
0.031416 0.191136
0.031422 0.193906
0.031527 0.196676
0.032476 0.199446
0.032698 0.202216
0.032805 0.204986
0.033006 0.207756
0.033547 0.210526
0.033712 0.213296
0.034021 0.216066
0.035305 0.218837
0.036008 0.221607
0.036469 0.224377
0.039762 0.227147
0.039806 0.229917
0.040828 0.232687
0.044519 0.235457
0.046500 0.238227
0.050388 0.240997
0.050606 0.243767
0.056167 0.246537
0.056584 0.249307
0.059110 0.252078
0.060452 0.254848
0.063747 0.257618
0.065687 0.260388
0.071199 0.263158
0.071623 0.265928
0.071951 0.268698
0.074631 0.271468
0.075425 0.274238
0.075446 0.277008
0.080551 0.279778
0.083558 0.282548
0.084611 0.285319
0.089164 0.288089
0.090110 0.290859
0.090820 0.293629
0.091729 0.296399
0.093823 0.299169
0.103763 0.301939
0.109087 0.304709
0.109242 0.307479
0.111513 0.310249
0.125501 0.313019
0.127629 0.315789
0.136779 0.31856
0.143447 0.32133
0.150261 0.3241
0.150858 0.32687
0.166418 0.32964
0.173304 0.33241
0.181326 0.33518
0.189479 0.33795
0.190607 0.34072
0.199297 0.34349
0.199391 0.34626
0.201941 0.34903
0.203125 0.351801
0.209726 0.354571
0.211094 0.357341
0.213279 0.360111
0.218157 0.362881
0.232412 0.365651
0.243786 0.368421
0.244002 0.371191
0.260470 0.373961
0.268705 0.376731
0.271806 0.379501
0.277503 0.382271
0.283438 0.385042
0.285486 0.387812
0.288119 0.390582
0.288298 0.393352
0.288668 0.396122
0.289312 0.398892
0.295747 0.401662
0.297839 0.404432
0.300643 0.407202
0.301556 0.409972
0.312152 0.412742
0.313955 0.415512
0.316633 0.418283
0.321243 0.421053
0.324257 0.423823
0.333773 0.426593
0.339292 0.429363
0.346544 0.432133
0.346631 0.434903
0.368724 0.437673
0.371510 0.440443
0.371897 0.443213
0.376986 0.445983
0.383551 0.448753
0.386682 0.451524
0.392851 0.454294
0.399550 0.457064
0.402867 0.459834
0.403035 0.462604
0.403397 0.465374
0.403460 0.468144
0.406803 0.470914
0.430153 0.473684
0.435878 0.476454
0.443402 0.479224
0.453019 0.481994
0.455361 0.484765
0.461457 0.487535
0.474632 0.490305
0.491565 0.493075
0.498093 0.495845
0.501417 0.498615
0.503105 0.501385
0.508227 0.504155
0.509745 0.506925
0.510786 0.509695
0.512152 0.512465
0.515603 0.515235
0.516665 0.518006
0.520407 0.520776
0.526099 0.523546
0.532902 0.526316
0.553994 0.529086
0.557967 0.531856
0.570067 0.534626
0.577192 0.537396
0.579962 0.540166
0.583279 0.542936
0.584294 0.545706
0.586857 0.548476
0.588197 0.551247
0.595293 0.554017
0.602046 0.556787
0.605453 0.559557
0.614627 0.562327
0.619419 0.565097
0.619443 0.567867
0.659766 0.570637
0.661546 0.573407
0.663817 0.576177
0.665965 0.578947
0.669369 0.581717
0.672273 0.584488
0.686193 0.587258
0.699320 0.590028
0.703008 0.592798
0.703403 0.595568
0.704723 0.598338
0.717044 0.601108
0.731490 0.603878
0.753827 0.606648
0.754619 0.609418
0.760903 0.612188
0.762608 0.614958
0.788269 0.617729
0.788320 0.620499
0.794290 0.623269
0.798909 0.626039
0.799703 0.628809
0.819634 0.631579
0.827662 0.634349
0.846457 0.637119
0.848022 0.639889
0.848604 0.642659
0.874618 0.645429
0.876757 0.648199
0.879236 0.65097
0.879513 0.65374
0.888842 0.65651
0.890740 0.65928
0.905940 0.66205
0.910150 0.66482
0.921207 0.66759
0.929610 0.67036
0.950581 0.67313
0.959768 0.6759
1.016001 0.67867
1.029549 0.68144
1.048828 0.684211
1.051545 0.686981
1.060990 0.689751
1.069101 0.692521
1.072838 0.695291
1.079377 0.698061
1.083110 0.700831
1.096702 0.703601
1.106808 0.706371
1.109709 0.709141
1.139297 0.711911
1.198074 0.714681
1.228773 0.717452
1.266937 0.720222
1.278504 0.722992
1.301468 0.725762
1.409156 0.728532
1.409991 0.731302
1.430011 0.734072
1.434657 0.736842
1.499488 0.739612
1.541433 0.742382
1.597603 0.745152
1.649076 0.747922
1.681701 0.750693
1.702589 0.753463
1.810344 0.756233
1.821526 0.759003
1.961906 0.761773
2.006177 0.764543
2.079079 0.767313
2.085802 0.770083
2.460275 0.772853
2.580363 0.775623
2.903574 0.778393
2.916859 0.781163
3.302758 0.783934
3.315964 0.786704
4.392289 0.789474
4.415718 0.792244
4.653843 0.795014
4.762128 0.797784
5.036381 0.800554
5.510555 0.803324
5.893559 0.806094
6.361474 0.808864
6.716774 0.811634
7.351313 0.814404
9.171454 0.817175
9.495174 0.819945
9.650719 0.822715
9.986706 0.825485
10.366226 0.828255
10.636260 0.831025
11.289268 0.833795
12.522667 0.836565
13.777561 0.839335
15.718580 0.842105
16.301435 0.844875
16.544081 0.847645
16.552767 0.850416
16.995173 0.853186
17.206158 0.855956
19.169180 0.858726
21.956722 0.861496
23.184650 0.864266
25.820902 0.867036
31.444672 0.869806
40.188602 0.872576
42.437813 0.875346
42.960724 0.878116
43.240108 0.880886
43.413467 0.883657
49.403168 0.886427
51.777325 0.889197
56.584553 0.891967
58.288628 0.894737
59.053593 0.897507
65.526054 0.900277
65.939278 0.903047
68.416641 0.905817
72.115997 0.908587
82.864243 0.911357
95.033371 0.914127
98.087921 0.916898
116.010277 0.919668
121.971237 0.922438
141.539383 0.925208
145.347733 0.927978
153.848129 0.930748
155.791855 0.933518
160.815338 0.936288
177.638733 0.939058
210.375397 0.941828
211.374023 0.944598
257.766937 0.947368
258.519226 0.950139
274.779663 0.952909
310.832611 0.955679
330.977570 0.958449
354.443329 0.961219
356.330170 0.963989
358.383972 0.966759
398.357513 0.969529
420.773010 0.972299
421.876678 0.975069
462.094330 0.977839
476.290161 0.980609
561.867432 0.98338
682.225281 0.98615
1294.558228 0.98892
1325.245483 0.99169
1837.666748 0.99446
2297.796631 0.99723
3545.047852 1
