7.900 0.00277008
8.900 0.00554017
12.900 0.00831025
14.300 0.0110803
24.500 0.0138504
39.200 0.0166205
39.300 0.0193906
45.500 0.0249307
45.500 0.0249307
55.000 0.0277008
62.500 0.0304709
72.800 0.033241
73.700 0.0360111
76.100 0.0387812
80.600 0.0415512
80.700 0.0443213
83.000 0.0470914
85.700 0.0498615
86.200 0.0526316
86.600 0.0554017
86.900 0.0581717
87.900 0.0609418
88.100 0.066482
88.100 0.066482
88.300 0.0692521
89.200 0.0720222
90.100 0.0747922
90.500 0.0803324
90.500 0.0803324
90.700 0.0831025
90.800 0.0858726
91.300 0.0886427
91.400 0.0914127
91.500 0.102493
91.500 0.102493
91.500 0.102493
91.500 0.102493
92.300 0.105263
92.700 0.110803
92.700 0.110803
92.900 0.113573
93.100 0.116343
93.200 0.119114
93.500 0.121884
93.600 0.124654
93.700 0.127424
93.800 0.130194
93.900 0.132964
94.100 0.135734
94.300 0.144044
94.300 0.144044
94.300 0.144044
94.600 0.149584
94.600 0.149584
94.700 0.152355
94.800 0.157895
94.800 0.157895
94.900 0.160665
95.000 0.163435
95.100 0.166205
95.200 0.171745
95.200 0.171745
95.400 0.174515
95.500 0.177285
95.600 0.180055
95.700 0.182825
95.900 0.193906
95.900 0.193906
95.900 0.193906
95.900 0.193906
96.000 0.196676
96.300 0.199446
96.400 0.202216
96.600 0.204986
96.700 0.213296
96.700 0.213296
96.700 0.213296
96.800 0.216066
96.900 0.218837
97.000 0.221607
97.100 0.227147
97.100 0.227147
97.200 0.229917
97.300 0.238227
97.300 0.238227
97.300 0.238227
97.400 0.252078
97.400 0.252078
97.400 0.252078
97.400 0.252078
97.400 0.252078
97.500 0.260388
97.500 0.260388
97.500 0.260388
97.600 0.268698
97.600 0.268698
97.600 0.268698
97.700 0.277008
97.700 0.277008
97.700 0.277008
97.800 0.279778
97.900 0.285319
97.900 0.285319
98.000 0.288089
98.100 0.296399
98.100 0.296399
98.100 0.296399
98.200 0.307479
98.200 0.307479
98.200 0.307479
98.200 0.307479
98.300 0.315789
98.300 0.315789
98.300 0.315789
98.400 0.3241
98.400 0.3241
98.400 0.3241
98.500 0.33241
98.500 0.33241
98.500 0.33241
98.600 0.33795
98.600 0.33795
98.800 0.354571
98.800 0.354571
98.800 0.354571
98.800 0.354571
98.800 0.354571
98.800 0.354571
98.900 0.362881
98.900 0.362881
98.900 0.362881
99.000 0.385042
99.000 0.385042
99.000 0.385042
99.000 0.385042
99.000 0.385042
99.000 0.385042
99.000 0.385042
99.000 0.385042
99.100 0.412742
99.100 0.412742
99.100 0.412742
99.100 0.412742
99.100 0.412742
99.100 0.412742
99.100 0.412742
99.100 0.412742
99.100 0.412742
99.100 0.412742
99.200 0.434903
99.200 0.434903
99.200 0.434903
99.200 0.434903
99.200 0.434903
99.200 0.434903
99.200 0.434903
99.200 0.434903
99.300 0.459834
99.300 0.459834
99.300 0.459834
99.300 0.459834
99.300 0.459834
99.300 0.459834
99.300 0.459834
99.300 0.459834
99.300 0.459834
99.400 0.490305
99.400 0.490305
99.400 0.490305
99.400 0.490305
99.400 0.490305
99.400 0.490305
99.400 0.490305
99.400 0.490305
99.400 0.490305
99.400 0.490305
99.400 0.490305
99.500 0.548476
99.500 0.548476
99.500 0.548476
99.500 0.548476
99.500 0.548476
99.500 0.548476
99.500 0.548476
99.500 0.548476
99.500 0.548476
99.500 0.548476
99.500 0.548476
99.500 0.548476
99.500 0.548476
99.500 0.548476
99.500 0.548476
99.500 0.548476
99.500 0.548476
99.500 0.548476
99.500 0.548476
99.500 0.548476
99.500 0.548476
99.600 0.603878
99.600 0.603878
99.600 0.603878
99.600 0.603878
99.600 0.603878
99.600 0.603878
99.600 0.603878
99.600 0.603878
99.600 0.603878
99.600 0.603878
99.600 0.603878
99.600 0.603878
99.600 0.603878
99.600 0.603878
99.600 0.603878
99.600 0.603878
99.600 0.603878
99.600 0.603878
99.600 0.603878
99.600 0.603878
99.700 0.65374
99.700 0.65374
99.700 0.65374
99.700 0.65374
99.700 0.65374
99.700 0.65374
99.700 0.65374
99.700 0.65374
99.700 0.65374
99.700 0.65374
99.700 0.65374
99.700 0.65374
99.700 0.65374
99.700 0.65374
99.700 0.65374
99.700 0.65374
99.700 0.65374
99.700 0.65374
99.800 0.66759
99.800 0.66759
99.800 0.66759
99.800 0.66759
99.800 0.66759
99.900 0.67313
99.900 0.67313
100.100 0.6759
119.400 0.67867
121.300 0.68144
128.200 0.684211
138.800 0.686981
156.500 0.689751
156.800 0.695291
156.800 0.695291
156.900 0.700831
156.900 0.700831
158.900 0.703601
190.200 0.706371
195.900 0.709141
222.100 0.711911
238.600 0.714681
242.800 0.717452
245.800 0.722992
245.800 0.722992
248.600 0.725762
250.900 0.728532
259.800 0.731302
264.400 0.734072
268.700 0.736842
285.500 0.739612
301.500 0.742382
317.300 0.745152
348.100 0.747922
416.600 0.750693
418.500 0.753463
423.200 0.756233
426.200 0.759003
431.600 0.761773
434.600 0.764543
458.900 0.767313
481.900 0.770083
484.300 0.772853
492.900 0.775623
496.200 0.778393
528.300 0.781163
545.900 0.783934
547.000 0.786704
567.700 0.789474
573.900 0.792244
575.900 0.795014
589.000 0.797784
592.000 0.800554
603.800 0.803324
610.100 0.806094
614.100 0.808864
637.500 0.811634
645.500 0.814404
662.500 0.817175
674.700 0.819945
675.500 0.822715
979.500 0.825485
993.800 0.828255
1089.300 0.831025
1143.700 0.833795
1148.600 0.836565
1174.500 0.839335
1262.500 0.842105
1318.700 0.844875
1328.600 0.847645
1351.700 0.850416
1370.500 0.853186
1378.600 0.855956
1387.800 0.858726
1390.100 0.861496
1392.500 0.864266
1417.300 0.867036
1447.000 0.869806
1464.800 0.872576
1569.700 0.875346
1577.100 0.878116
1600.300 0.880886
1636.700 0.883657
1682.200 0.886427
1732.900 0.889197
1765.300 0.891967
1796.800 0.894737
1808.200 0.897507
1872.500 0.900277
1903.600 0.903047
1974.000 0.905817
1980.200 0.908587
2018.400 0.911357
2129.200 0.914127
2132.000 0.916898
2152.400 0.919668
2288.700 0.922438
2475.000 0.925208
2478.100 0.927978
2598.100 0.930748
2697.900 0.933518
2712.400 0.936288
2798.200 0.939058
2803.500 0.941828
2804.100 0.944598
2864.300 0.947368
2873.900 0.950139
2923.200 0.952909
2926.900 0.955679
3212.700 0.958449
3228.700 0.961219
3299.000 0.963989
3366.800 0.966759
3503.400 0.969529
4017.000 0.972299
4674.200 0.975069
5130.800 0.977839
6484.000 0.980609
6511.200 0.98338
7225.000 0.98615
77016.500 0.98892
206546.100 0.99169
216819.900 0.99446
388830.600 0.99723
1268210.400 1
