0.064600 0.00277008
0.095066 0.00554017
0.121834 0.00831025
0.123383 0.0110803
0.123901 0.0138504
0.125568 0.0166205
0.132988 0.0193906
0.187917 0.0221607
0.188704 0.0249307
0.233494 0.0277008
0.241547 0.0304709
0.265114 0.033241
0.266521 0.0360111
0.292553 0.0387812
0.293411 0.0415512
0.307425 0.0443213
0.307465 0.0470914
0.318698 0.0498615
0.328461 0.0526316
0.341461 0.0554017
0.361218 0.0581717
0.365732 0.0609418
0.389433 0.0637119
0.395020 0.066482
0.416709 0.0692521
0.428020 0.0720222
0.438268 0.0747922
0.451568 0.0775623
0.452329 0.0803324
0.453328 0.0831025
0.483586 0.0858726
0.493287 0.0886427
0.504963 0.0914127
0.520126 0.0941828
0.535425 0.0969529
0.565803 0.099723
0.567417 0.102493
0.572124 0.105263
0.633827 0.108033
0.654894 0.110803
0.657892 0.113573
0.661212 0.116343
0.678288 0.119114
0.686674 0.121884
0.690697 0.124654
0.691675 0.127424
0.692648 0.130194
0.702212 0.132964
0.708054 0.135734
0.748825 0.138504
0.773352 0.141274
0.798386 0.144044
0.805210 0.146814
0.838011 0.149584
0.855087 0.152355
0.858855 0.155125
0.882366 0.157895
0.897900 0.160665
0.903511 0.163435
0.903831 0.166205
0.914299 0.168975
0.926586 0.171745
0.945835 0.174515
0.951311 0.177285
0.957007 0.180055
0.967207 0.182825
0.971550 0.185596
0.978763 0.188366
0.989114 0.191136
0.993452 0.193906
1.025257 0.196676
1.041309 0.199446
1.048666 0.202216
1.066433 0.204986
1.079521 0.207756
1.090135 0.210526
1.098341 0.213296
1.101521 0.216066
1.110565 0.218837
1.113181 0.221607
1.113265 0.224377
1.122077 0.227147
1.138531 0.229917
1.158503 0.232687
1.158918 0.235457
1.167218 0.238227
1.177681 0.240997
1.177820 0.243767
1.179265 0.246537
1.182865 0.249307
1.187340 0.252078
1.200962 0.254848
1.201927 0.257618
1.224519 0.260388
1.230681 0.263158
1.259310 0.265928
1.272591 0.268698
1.332684 0.271468
1.338032 0.274238
1.364240 0.277008
1.415446 0.279778
1.420669 0.282548
1.434433 0.285319
1.525671 0.288089
1.551348 0.290859
1.601383 0.293629
1.618546 0.296399
1.710188 0.299169
1.715450 0.301939
1.744383 0.304709
1.793642 0.307479
1.800293 0.310249
1.802818 0.313019
1.830509 0.315789
1.832591 0.31856
1.847300 0.32133
1.885913 0.3241
1.909502 0.32687
1.991743 0.32964
2.002314 0.33241
2.012037 0.33518
2.038595 0.33795
2.045595 0.34072
2.045959 0.34349
2.077370 0.34626
2.107897 0.34903
2.110577 0.351801
2.113083 0.354571
2.141251 0.357341
2.161762 0.360111
2.162746 0.362881
2.179550 0.365651
2.213402 0.368421
2.249475 0.371191
2.278137 0.373961
2.282534 0.376731
2.341475 0.379501
2.393549 0.382271
2.429586 0.385042
2.449038 0.387812
2.497440 0.390582
2.587763 0.393352
2.592041 0.396122
2.634743 0.398892
2.635647 0.401662
2.636583 0.404432
2.644943 0.407202
2.656044 0.409972
2.687462 0.412742
2.695370 0.415512
2.696571 0.418283
2.781178 0.421053
2.782049 0.423823
2.800310 0.426593
2.827726 0.429363
2.852654 0.432133
2.887363 0.434903
2.895561 0.437673
2.912605 0.440443
2.929832 0.443213
2.937071 0.445983
2.983929 0.448753
2.998716 0.451524
3.001662 0.454294
3.056763 0.457064
3.059570 0.459834
3.134878 0.462604
3.237159 0.465374
3.242970 0.468144
3.308568 0.470914
3.388707 0.473684
3.418951 0.476454
3.480605 0.479224
3.507107 0.481994
3.521288 0.484765
3.571041 0.487535
3.606489 0.490305
3.642162 0.493075
3.658423 0.495845
3.719654 0.498615
3.871170 0.501385
4.008316 0.504155
4.030354 0.506925
4.063911 0.509695
4.103189 0.512465
4.111160 0.515235
4.120316 0.518006
4.185936 0.520776
4.208500 0.523546
4.220695 0.526316
4.303547 0.529086
4.425228 0.531856
4.500174 0.534626
4.584642 0.537396
4.602386 0.540166
4.631329 0.542936
4.634533 0.545706
4.657618 0.548476
4.734598 0.551247
4.764050 0.554017
4.809746 0.556787
4.811726 0.559557
4.870953 0.562327
4.972729 0.565097
5.072344 0.567867
5.126490 0.570637
5.176537 0.573407
5.201981 0.576177
5.317135 0.578947
5.330050 0.581717
5.387798 0.584488
5.470643 0.587258
5.575583 0.590028
5.614856 0.592798
5.823790 0.595568
5.850802 0.598338
5.867573 0.601108
5.875772 0.603878
6.080063 0.606648
6.084101 0.609418
6.147504 0.612188
6.201654 0.614958
6.222816 0.617729
6.309969 0.620499
6.325809 0.623269
6.391103 0.626039
6.486065 0.628809
6.486422 0.631579
6.541489 0.634349
7.162735 0.637119
7.168098 0.639889
7.237522 0.642659
7.264969 0.645429
7.650383 0.648199
7.685549 0.65097
7.830252 0.65374
7.876795 0.65651
7.919569 0.65928
7.950836 0.66205
7.988882 0.66482
8.060337 0.66759
8.252506 0.67036
8.305318 0.67313
8.350851 0.6759
8.445728 0.67867
8.553659 0.68144
8.596100 0.684211
8.602434 0.686981
8.738590 0.689751
8.771637 0.692521
8.892002 0.695291
9.048862 0.698061
9.057880 0.700831
9.207214 0.703601
9.484868 0.706371
9.506222 0.709141
9.566902 0.711911
9.633396 0.714681
9.747232 0.717452
10.107237 0.720222
10.485096 0.722992
10.770588 0.725762
10.890301 0.728532
11.198851 0.731302
11.199692 0.734072
11.377621 0.736842
11.513870 0.739612
11.519236 0.742382
11.766939 0.745152
12.017525 0.747922
12.065231 0.750693
12.199480 0.753463
12.240568 0.756233
12.251165 0.759003
12.322399 0.761773
13.565632 0.764543
13.633249 0.767313
14.368217 0.770083
14.453461 0.772853
15.582632 0.775623
15.757318 0.778393
15.825344 0.781163
15.906422 0.783934
16.205931 0.786704
16.510708 0.789474
16.522068 0.792244
16.668705 0.795014
16.897469 0.797784
17.373161 0.800554
17.724188 0.803324
18.203106 0.806094
18.370422 0.808864
18.416668 0.811634
18.527843 0.814404
19.014061 0.817175
19.420609 0.819945
19.646931 0.822715
19.972031 0.825485
20.208794 0.828255
20.584137 0.831025
20.858406 0.833795
21.022667 0.836565
21.562088 0.839335
23.450836 0.842105
23.994726 0.844875
24.632416 0.847645
24.931065 0.850416
25.155022 0.853186
25.726669 0.855956
26.321331 0.858726
26.894165 0.861496
27.371666 0.864266
29.116486 0.867036
31.456451 0.869806
31.700294 0.872576
32.036453 0.875346
32.889748 0.878116
34.616486 0.880886
34.852840 0.883657
35.654633 0.886427
38.222366 0.889197
42.763229 0.891967
44.168064 0.894737
46.622295 0.897507
48.430374 0.900277
51.172653 0.903047
51.476311 0.905817
52.730850 0.908587
56.863541 0.911357
59.122658 0.914127
63.095757 0.916898
68.951050 0.919668
69.585785 0.922438
75.497147 0.925208
76.593193 0.927978
77.442642 0.930748
80.416199 0.933518
81.055954 0.936288
88.190414 0.939058
88.276596 0.941828
88.764236 0.944598
96.002098 0.947368
104.464752 0.950139
110.319290 0.952909
112.504715 0.955679
121.846451 0.958449
132.181091 0.961219
139.043457 0.963989
144.320465 0.966759
150.785355 0.969529
151.670502 0.972299
161.837326 0.975069
170.432816 0.977839
211.059692 0.980609
229.522110 0.98338
235.442001 0.98615
240.132996 0.98892
272.867126 0.99169
307.301758 0.99446
340.145050 0.99723
405.106140 1
