0.052391 0.00277008
0.095697 0.00554017
0.097311 0.00831025
0.122298 0.0110803
0.160085 0.0138504
0.17516 0.0166205
0.222981 0.0193906
0.232036 0.0221607
0.295787 0.0249307
0.333253 0.0277008
0.334503 0.0304709
0.339303 0.033241
0.339782 0.0360111
0.370906 0.0387812
0.381224 0.0415512
0.384205 0.0443213
0.38492 0.0470914
0.396679 0.0498615
0.424998 0.0526316
0.448249 0.0554017
0.455581 0.0581717
0.456867 0.0609418
0.467692 0.0637119
0.478058 0.066482
0.488635 0.0692521
0.504602 0.0720222
0.518323 0.0747922
0.534382 0.0775623
0.538007 0.0803324
0.563555 0.0831025
0.577265 0.0858726
0.579391 0.0886427
0.606179 0.0914127
0.612932 0.0941828
0.655278 0.0969529
0.663445 0.099723
0.66369 0.102493
0.673085 0.105263
0.679518 0.108033
0.695636 0.110803
0.698132 0.113573
0.707259 0.116343
0.710434 0.119114
0.729932 0.121884
0.74705 0.124654
0.749597 0.127424
0.7588 0.130194
0.791987 0.132964
0.82454 0.135734
0.848991 0.138504
0.871976 0.141274
0.886678 0.144044
0.893173 0.146814
0.903182 0.149584
0.916457 0.152355
0.927661 0.155125
0.940971 0.157895
0.962453 0.160665
1.00855 0.163435
1.05966 0.166205
1.05989 0.168975
1.0649 0.171745
1.08196 0.174515
1.10861 0.177285
1.10974 0.180055
1.11791 0.182825
1.13074 0.185596
1.14533 0.188366
1.15977 0.191136
1.16321 0.193906
1.17132 0.196676
1.17282 0.199446
1.17362 0.202216
1.17509 0.204986
1.18609 0.207756
1.18705 0.210526
1.19359 0.213296
1.20356 0.216066
1.21827 0.218837
1.22618 0.221607
1.23337 0.224377
1.24051 0.227147
1.2452 0.229917
1.25503 0.232687
1.25659 0.235457
1.26642 0.238227
1.27947 0.240997
1.28771 0.243767
1.31467 0.246537
1.3354 0.249307
1.36747 0.252078
1.37752 0.254848
1.39723 0.257618
1.4017 0.260388
1.43482 0.263158
1.4769 0.265928
1.62683 0.268698
1.62813 0.271468
1.64084 0.274238
1.659 0.277008
1.68954 0.279778
1.71586 0.282548
1.7282 0.285319
1.73904 0.288089
1.74594 0.290859
1.75926 0.293629
1.82216 0.296399
1.85848 0.299169
1.88813 0.301939
1.9149 0.304709
1.95497 0.307479
2.01065 0.310249
2.01161 0.313019
2.02836 0.315789
2.05221 0.31856
2.1094 0.32133
2.16559 0.3241
2.16976 0.32687
2.191 0.32964
2.19501 0.33241
2.20113 0.33518
2.20384 0.33795
2.22053 0.34072
2.23066 0.34349
2.23756 0.34626
2.23899 0.34903
2.30982 0.351801
2.37147 0.354571
2.38636 0.357341
2.38831 0.360111
2.44728 0.362881
2.46965 0.365651
2.52676 0.368421
2.56173 0.371191
2.60581 0.373961
2.6244 0.376731
2.62491 0.379501
2.62787 0.382271
2.65351 0.385042
2.66299 0.387812
2.68649 0.390582
2.73003 0.393352
2.75112 0.396122
2.76727 0.398892
2.81792 0.401662
2.82771 0.404432
2.84343 0.407202
2.99473 0.409972
3.02748 0.412742
3.07159 0.415512
3.08159 0.418283
3.15017 0.421053
3.15277 0.423823
3.17055 0.426593
3.1722 0.429363
3.22238 0.432133
3.27757 0.434903
3.3296 0.437673
3.4361 0.440443
3.44711 0.443213
3.46934 0.445983
3.52169 0.448753
3.55023 0.451524
3.62554 0.454294
3.64826 0.457064
3.69143 0.459834
3.70259 0.462604
3.76258 0.465374
3.77246 0.468144
3.82751 0.470914
3.83538 0.473684
3.88563 0.476454
3.89114 0.479224
3.93321 0.481994
3.98987 0.484765
4.03697 0.487535
4.06685 0.490305
4.32139 0.493075
4.41405 0.495845
4.47191 0.498615
4.52048 0.501385
4.69646 0.504155
4.73035 0.506925
4.73524 0.509695
4.76661 0.512465
4.77173 0.515235
4.80395 0.518006
4.80786 0.520776
4.82467 0.523546
4.8571 0.526316
5.00194 0.529086
5.07516 0.531856
5.09501 0.534626
5.10556 0.537396
5.16867 0.540166
5.26707 0.542936
5.28613 0.545706
5.33509 0.548476
5.35264 0.551247
5.36311 0.554017
5.50475 0.556787
5.52951 0.559557
5.54638 0.562327
5.64454 0.565097
5.65951 0.567867
5.71711 0.570637
5.75012 0.573407
5.78635 0.576177
5.81117 0.578947
5.82583 0.581717
5.92996 0.584488
5.97438 0.587258
6.14645 0.590028
6.24247 0.592798
6.24656 0.595568
6.2903 0.598338
6.38909 0.601108
6.40991 0.603878
6.4563 0.606648
6.4853 0.609418
6.76603 0.612188
6.81199 0.614958
6.83437 0.617729
6.91756 0.620499
6.96509 0.623269
7.0502 0.626039
7.09851 0.628809
7.11006 0.631579
7.1442 0.634349
7.19024 0.637119
7.34983 0.639889
7.61633 0.642659
7.7475 0.645429
7.8547 0.648199
7.90769 0.65097
8.08546 0.65374
8.21728 0.65651
8.24702 0.65928
8.34648 0.66205
8.44024 0.66482
8.57111 0.66759
8.6096 0.67036
8.69395 0.67313
8.80458 0.6759
8.94283 0.67867
8.95575 0.68144
9.17268 0.684211
9.26573 0.686981
9.38584 0.689751
9.46055 0.692521
9.51911 0.695291
9.65188 0.698061
9.83171 0.700831
9.84589 0.703601
10.0228 0.706371
10.3401 0.709141
10.5203 0.711911
11.0887 0.714681
11.4106 0.717452
11.5007 0.720222
11.6615 0.722992
11.9413 0.725762
12.0825 0.728532
12.1933 0.731302
12.2063 0.734072
12.2507 0.736842
12.5665 0.739612
12.5876 0.742382
13.3302 0.745152
13.6916 0.747922
13.7394 0.750693
13.7835 0.753463
13.933 0.756233
14.284 0.759003
14.401 0.761773
14.7076 0.764543
15.1538 0.767313
15.7859 0.770083
15.8943 0.772853
15.9327 0.775623
16.2136 0.778393
16.6957 0.781163
17.4072 0.783934
17.4129 0.786704
17.5521 0.789474
17.5838 0.792244
17.6834 0.795014
18.4048 0.797784
19.1299 0.800554
19.5225 0.803324
19.6401 0.806094
20.0497 0.808864
20.2123 0.811634
20.2898 0.814404
20.3516 0.817175
20.5203 0.819945
21.341 0.822715
21.6651 0.825485
22.9571 0.828255
23.3 0.831025
23.3484 0.833795
24.0224 0.836565
24.0236 0.839335
24.212 0.842105
25.3197 0.844875
25.7642 0.847645
27.106 0.850416
27.1753 0.853186
28.398 0.855956
28.7996 0.858726
29.5027 0.861496
30.6118 0.864266
35.3199 0.867036
35.6834 0.869806
35.7925 0.872576
38.819 0.875346
41.1336 0.878116
41.2569 0.880886
44.5966 0.883657
45.4677 0.886427
52.6186 0.889197
55.7574 0.891967
70.8845 0.894737
75.0988 0.897507
75.6278 0.900277
79.4469 0.903047
80.5145 0.905817
80.8093 0.908587
83.8408 0.911357
85.4382 0.914127
93.6501 0.916898
98.8564 0.919668
108.915 0.922438
109.556 0.925208
120.997 0.927978
124.347 0.930748
129.819 0.933518
135.941 0.936288
137.018 0.939058
143.196 0.941828
146.803 0.944598
149.775 0.947368
159.957 0.950139
198.216 0.952909
223.932 0.955679
235.782 0.958449
245.715 0.961219
256.234 0.963989
261.571 0.966759
276.368 0.969529
301.605 0.972299
311.684 0.975069
367.558 0.977839
387.436 0.980609
394.63 0.98338
536.025 0.98615
609.153 0.98892
792.365 0.99169
945.713 0.99446
1833.21 0.99723
1859.72 1
