.100 0.00831025
.100 0.00831025
.100 0.00831025
.200 0.0110803
.300 0.0138504
.400 0.0304709
.400 0.0304709
.400 0.0304709
.400 0.0304709
.400 0.0304709
.400 0.0304709
.500 0.0415512
.500 0.0415512
.500 0.0415512
.500 0.0415512
.600 0.0470914
.600 0.0470914
.700 0.0609418
.700 0.0609418
.700 0.0609418
.700 0.0609418
.700 0.0609418
.800 0.066482
.800 0.066482
.900 0.0692521
1.000 0.0831025
1.000 0.0831025
1.000 0.0831025
1.000 0.0831025
1.000 0.0831025
1.100 0.0914127
1.100 0.0914127
1.100 0.0914127
1.200 0.105263
1.200 0.105263
1.200 0.105263
1.200 0.105263
1.200 0.105263
1.300 0.108033
1.400 0.116343
1.400 0.116343
1.400 0.116343
1.500 0.121884
1.500 0.121884
1.700 0.124654
1.800 0.135734
1.800 0.135734
1.800 0.135734
1.800 0.135734
1.900 0.138504
2.000 0.146814
2.000 0.146814
2.000 0.146814
2.200 0.152355
2.200 0.152355
2.300 0.155125
2.400 0.166205
2.400 0.166205
2.400 0.166205
2.400 0.166205
2.500 0.171745
2.500 0.171745
2.600 0.177285
2.600 0.177285
2.700 0.180055
2.800 0.188366
2.800 0.188366
2.800 0.188366
2.900 0.199446
2.900 0.199446
2.900 0.199446
2.900 0.199446
3.000 0.202216
3.200 0.204986
3.300 0.213296
3.300 0.213296
3.300 0.213296
3.400 0.221607
3.400 0.221607
3.400 0.221607
3.500 0.227147
3.500 0.227147
3.600 0.232687
3.600 0.232687
3.700 0.243767
3.700 0.243767
3.700 0.243767
3.700 0.243767
3.800 0.252078
3.800 0.252078
3.800 0.252078
3.900 0.257618
3.900 0.257618
4.000 0.265928
4.000 0.265928
4.000 0.265928
4.100 0.271468
4.100 0.271468
4.200 0.282548
4.200 0.282548
4.200 0.282548
4.200 0.282548
4.400 0.288089
4.400 0.288089
4.500 0.293629
4.500 0.293629
4.600 0.299169
4.600 0.299169
4.700 0.307479
4.700 0.307479
4.700 0.307479
4.800 0.310249
5.000 0.315789
5.000 0.315789
5.400 0.31856
5.500 0.32133
5.800 0.32964
5.800 0.32964
5.800 0.32964
6.000 0.33795
6.000 0.33795
6.000 0.33795
6.100 0.34072
6.300 0.34903
6.300 0.34903
6.300 0.34903
6.400 0.351801
6.600 0.354571
6.700 0.360111
6.700 0.360111
6.800 0.365651
6.800 0.365651
7.200 0.368421
7.300 0.373961
7.300 0.373961
7.400 0.379501
7.400 0.379501
7.500 0.382271
7.800 0.390582
7.800 0.390582
7.800 0.390582
7.900 0.398892
7.900 0.398892
7.900 0.398892
8.200 0.407202
8.200 0.407202
8.200 0.407202
8.300 0.409972
8.800 0.415512
8.800 0.415512
9.100 0.418283
9.200 0.421053
9.300 0.423823
9.600 0.426593
9.700 0.432133
9.700 0.432133
9.800 0.440443
9.800 0.440443
9.800 0.440443
9.900 0.448753
9.900 0.448753
9.900 0.448753
10.000 0.454294
10.000 0.454294
10.400 0.457064
10.500 0.462604
10.500 0.462604
10.600 0.470914
10.600 0.470914
10.600 0.470914
10.700 0.476454
10.700 0.476454
10.900 0.479224
11.000 0.481994
11.400 0.484765
11.700 0.487535
12.100 0.490305
12.200 0.495845
12.200 0.495845
12.300 0.498615
12.700 0.506925
12.700 0.506925
12.700 0.506925
13.000 0.512465
13.000 0.512465
13.200 0.515235
13.300 0.518006
13.500 0.523546
13.500 0.523546
13.700 0.531856
13.700 0.531856
13.700 0.531856
14.000 0.534626
14.900 0.542936
14.900 0.542936
14.900 0.542936
15.400 0.545706
15.700 0.548476
16.200 0.554017
16.200 0.554017
16.300 0.556787
16.500 0.559557
16.600 0.562327
16.800 0.567867
16.800 0.567867
17.400 0.570637
17.500 0.573407
18.400 0.576177
18.500 0.578947
18.800 0.581717
19.000 0.584488
19.100 0.587258
19.300 0.590028
19.400 0.592798
19.500 0.598338
19.500 0.598338
19.600 0.601108
19.800 0.603878
20.200 0.606648
20.300 0.609418
20.400 0.612188
21.500 0.614958
21.700 0.617729
22.100 0.620499
22.400 0.623269
22.600 0.626039
24.200 0.628809
24.400 0.631579
24.800 0.637119
24.800 0.637119
25.300 0.639889
25.600 0.642659
26.100 0.645429
26.600 0.648199
26.800 0.65097
27.400 0.65374
27.700 0.65651
28.500 0.65928
29.600 0.66205
30.000 0.66482
30.100 0.66759
30.200 0.67036
31.300 0.67313
31.400 0.6759
31.500 0.67867
31.600 0.68144
31.900 0.686981
31.900 0.686981
32.900 0.689751
33.500 0.692521
33.600 0.695291
33.800 0.698061
34.600 0.700831
34.800 0.703601
34.900 0.706371
36.500 0.709141
36.700 0.711911
37.400 0.717452
37.400 0.717452
37.600 0.720222
38.300 0.722992
38.700 0.725762
38.800 0.728532
39.200 0.731302
39.500 0.734072
40.300 0.736842
40.600 0.739612
40.800 0.742382
41.600 0.745152
42.700 0.747922
42.900 0.750693
43.200 0.753463
43.300 0.756233
43.500 0.759003
43.600 0.761773
44.200 0.764543
45.200 0.767313
46.100 0.770083
48.200 0.772853
48.500 0.775623
49.200 0.778393
50.700 0.781163
51.200 0.783934
52.800 0.786704
53.000 0.789474
53.800 0.792244
54.300 0.795014
54.400 0.797784
60.600 0.800554
61.800 0.803324
63.500 0.806094
65.700 0.808864
66.800 0.811634
68.800 0.814404
71.600 0.817175
72.700 0.819945
74.300 0.822715
75.300 0.825485
77.100 0.831025
77.100 0.831025
77.200 0.833795
77.500 0.836565
81.500 0.839335
81.800 0.842105
83.100 0.844875
84.400 0.847645
85.600 0.850416
86.300 0.853186
86.700 0.855956
87.200 0.858726
90.600 0.861496
91.500 0.864266
91.900 0.867036
95.100 0.869806
96.400 0.872576
97.700 0.875346
98.500 0.878116
101.400 0.880886
102.700 0.883657
104.700 0.886427
105.900 0.889197
110.900 0.891967
112.400 0.894737
112.900 0.897507
113.100 0.900277
114.200 0.903047
115.100 0.905817
116.300 0.908587
117.400 0.911357
117.800 0.914127
117.900 0.916898
119.100 0.919668
122.000 0.922438
122.900 0.925208
123.100 0.927978
123.200 0.930748
124.400 0.933518
129.700 0.936288
132.300 0.939058
132.600 0.941828
132.800 0.944598
135.800 0.947368
138.400 0.950139
139.600 0.952909
141.900 0.955679
145.300 0.958449
145.600 0.961219
145.800 0.963989
146.700 0.966759
147.600 0.969529
150.800 0.972299
152.500 0.975069
153.500 0.977839
155.500 0.980609
158.700 0.98338
161.400 0.98615
162.600 0.98892
164.000 0.99169
166.700 0.99446
167.100 0.99723
178.000 1
