.0002544734 0.00277008
.0006901653 0.00554017
.0013843633 0.00831025
.0021064157 0.0110803
.0037040862 0.0138504
.0040291426 0.0166205
.0043134678 0.0193906
.0048001870 0.0221607
.0057501845 0.0249307
.0068504201 0.0277008
.0076696781 0.0304709
.0078749371 0.033241
.0088465525 0.0360111
.0089630962 0.0387812
.0091981936 0.0415512
.0096141878 0.0443213
.0106685175 0.0470914
.0114056028 0.0498615
.0114278045 0.0526316
.0114434907 0.0554017
.0116037403 0.0581717
.0116440430 0.0609418
.0126939360 0.0637119
.0127001409 0.066482
.0128409739 0.0692521
.0132766561 0.0720222
.0147896685 0.0747922
.0153527224 0.0775623
.0155244970 0.0803324
.0166287699 0.0831025
.0168106800 0.0858726
.0173508460 0.0886427
.0181880236 0.0914127
.0190268930 0.0941828
.0193019687 0.0969529
.0193267066 0.099723
.0200979847 0.102493
.0208026641 0.105263
.0213542934 0.108033
.0219409307 0.110803
.0224464248 0.113573
.0238650920 0.116343
.0244624400 0.119114
.0250988710 0.121884
.0252311317 0.124654
.0253634737 0.127424
.0254285378 0.130194
.0255021601 0.132964
.0255157912 0.135734
.0255216713 0.138504
.0260737680 0.141274
.0270895518 0.144044
.0271863923 0.146814
.0284643881 0.149584
.0285340292 0.152355
.0288023588 0.155125
.0289360355 0.157895
.0300733636 0.160665
.0303311891 0.163435
.0303473130 0.166205
.0303804208 0.168975
.0305499239 0.171745
.0306551092 0.174515
.0315086938 0.177285
.0316038857 0.180055
.0322777599 0.182825
.0324597067 0.185596
.0324741963 0.188366
.0324868059 0.191136
.0325389040 0.193906
.0335505381 0.196676
.0336818576 0.199446
.0338423462 0.202216
.0344681424 0.204986
.0346170797 0.207756
.0361313170 0.210526
.0372692178 0.213296
.0378005623 0.216066
.0411352507 0.218837
.0432989672 0.221607
.0440947721 0.224377
.0461614586 0.227147
.0473554631 0.229917
.0517208447 0.232687
.0526552584 0.235457
.0572521409 0.238227
.0588755428 0.240997
.0604424376 0.243767
.0609736434 0.246537
.0664722847 0.249307
.0688201905 0.252078
.0732650535 0.254848
.0738767436 0.257618
.0746226983 0.260388
.0759162514 0.263158
.0762076776 0.265928
.0788793695 0.268698
.0834848888 0.271468
.0843814852 0.274238
.0877285525 0.277008
.0911946042 0.279778
.0923162686 0.282548
.0924651220 0.285319
.0931441209 0.288089
.0967625228 0.290859
.0972115808 0.293629
.1054121402 0.296399
.1127529318 0.299169
.1139643733 0.301939
.1294631329 0.304709
.1324235088 0.307479
.1425164281 0.310249
.1490278405 0.313019
.1550576480 0.315789
.1553960133 0.31856
.1717169794 0.32133
.1794644850 0.3241
.1855088631 0.32687
.1956045050 0.32964
.1966784022 0.33241
.2040921970 0.33518
.2066589240 0.33795
.2075033312 0.34072
.2088592746 0.34349
.2162111942 0.34626
.2188643247 0.34903
.2215780292 0.351801
.2257161381 0.354571
.2395540220 0.357341
.2516846994 0.360111
.2698428061 0.362881
.2771805248 0.365651
.2784166013 0.368421
.2898004709 0.371191
.2917117733 0.373961
.2934423310 0.376731
.2970548314 0.379501
.2983500564 0.382271
.2994163505 0.385042
.2995323736 0.387812
.3038957741 0.390582
.3063131263 0.393352
.3100872667 0.396122
.3103120143 0.398892
.3200354739 0.401662
.3245770283 0.404432
.3261276112 0.407202
.3299423671 0.409972
.3343218776 0.412742
.3431185804 0.415512
.3478204503 0.418283
.3576287321 0.421053
.3589575529 0.423823
.3792840053 0.426593
.3797561110 0.429363
.3818258744 0.432133
.3843733792 0.434903
.3885577488 0.437673
.3957951934 0.440443
.3985872885 0.443213
.3997411360 0.445983
.4094225552 0.448753
.4147950653 0.451524
.4166436222 0.454294
.4195308172 0.457064
.4206422908 0.459834
.4438532544 0.462604
.4447815477 0.465374
.4664810251 0.468144
.4737474744 0.470914
.4757427809 0.473684
.4918338744 0.476454
.5072192793 0.479224
.5151080201 0.481994
.5163408594 0.484765
.5164360220 0.487535
.5227971142 0.490305
.5236823456 0.493075
.5259347739 0.495845
.5263055712 0.498615
.5299748060 0.501385
.5341662854 0.504155
.5345411047 0.506925
.5369927961 0.509695
.5425327421 0.512465
.5504332267 0.515235
.5771603208 0.518006
.5828951030 0.520776
.5949741917 0.523546
.5986358040 0.526316
.6010408132 0.529086
.6021678215 0.531856
.6022677693 0.534626
.6034385598 0.537396
.6114967009 0.540166
.6188205033 0.542936
.6233637918 0.545706
.6323880227 0.548476
.6394753214 0.551247
.6402032793 0.554017
.6811193882 0.556787
.6834084644 0.559557
.6835550344 0.562327
.6838066562 0.565097
.6899942011 0.567867
.6904737208 0.570637
.7080681414 0.573407
.7104615120 0.576177
.7219809857 0.578947
.7241268882 0.581717
.7243477131 0.584488
.7298730034 0.587258
.7367159977 0.590028
.7585623857 0.592798
.7765659881 0.595568
.7805807450 0.598338
.7861050184 0.601108
.7914513246 0.603878
.8102463198 0.606648
.8134832525 0.609418
.8160904239 0.612188
.8204859759 0.614958
.8272077754 0.617729
.8359400085 0.620499
.8435044012 0.623269
.8730777146 0.626039
.8746895752 0.628809
.8965935236 0.631579
.9019135770 0.634349
.9064889949 0.637119
.9078509229 0.639889
.9208862065 0.642659
.9228188412 0.645429
.9287907084 0.648199
.9512053894 0.65097
.9819792208 0.65374
.9874909413 0.65651
1.0205452248 0.65928
1.0498024312 0.66205
1.0570960772 0.66482
1.0788090164 0.66759
1.0825276328 0.67036
1.0951636150 0.67313
1.0966375870 0.6759
1.1035801365 0.67867
1.1078719700 0.68144
1.1114561971 0.684211
1.1181893303 0.686981
1.1293884711 0.689751
1.1407392009 0.692521
1.1455065577 0.695291
1.1761490313 0.698061
1.1768917804 0.700831
1.2277288757 0.703601
1.2673686672 0.706371
1.2856867748 0.709141
1.3038147748 0.711911
1.3107599637 0.714681
1.3125451194 0.717452
1.3377677056 0.720222
1.4486650394 0.722992
1.4564339695 0.725762
1.4769316333 0.728532
1.4807526761 0.731302
1.4848800582 0.734072
1.5090302437 0.736842
1.5111841234 0.739612
1.5388140251 0.742382
1.5956012159 0.745152
1.5992090506 0.747922
1.6014029951 0.750693
1.6301819314 0.753463
1.6966289415 0.756233
1.7029596969 0.759003
1.7044788076 0.761773
1.7295938987 0.764543
1.7527671389 0.767313
1.7578112138 0.770083
1.7598542947 0.772853
1.8684587527 0.775623
1.8754322859 0.778393
1.9201892357 0.781163
1.9298647000 0.783934
1.9603690376 0.786704
2.0236418413 0.789474
2.0653428626 0.792244
2.1329512558 0.795014
2.3767094252 0.797784
2.5290008841 0.800554
2.5321758797 0.803324
2.5664499749 0.806094
2.6770475592 0.808864
2.8297002097 0.811634
2.9730703145 0.814404
3.0150107935 0.817175
4.7701526142 0.819945
5.6741978727 0.822715
7.7481485715 0.825485
8.3809866667 0.828255
8.4504228572 0.831025
9.3474196224 0.833795
9.7625866667 0.836565
10.0040800000 0.839335
10.6224829178 0.842105
11.8887840000 0.844875
12.5075400000 0.847645
14.6062400000 0.850416
16.6773333334 0.853186
17.0449600000 0.855956
17.7331400000 0.858726
17.8033186514 0.861496
17.8984800000 0.864266
19.4097866667 0.867036
20.3616116000 0.869806
20.4700893400 0.872576
22.1983466667 0.875346
22.6138400000 0.878116
23.6036533334 0.880886
24.9914800000 0.883657
27.2868568534 0.886427
27.2934119467 0.889197
29.1162000000 0.891967
30.2796800000 0.894737
31.1458000000 0.897507
31.5177600000 0.900277
33.1324800000 0.903047
33.6326000000 0.905817
35.1921200000 0.908587
35.2241200000 0.911357
37.9539200000 0.914127
38.1899240000 0.916898
38.2069880000 0.919668
38.2157520000 0.922438
38.3425640000 0.925208
40.9494685600 0.927978
44.1405600000 0.930748
44.5902400000 0.933518
46.3468400000 0.936288
50.0337600000 0.939058
56.4916000000 0.941828
57.7271200000 0.944598
58.0246400000 0.947368
63.6391200000 0.950139
66.1216000000 0.952909
66.3532000000 0.955679
70.0829600000 0.958449
75.4926000000 0.961219
76.1860880000 0.963989
76.2770320000 0.966759
76.4225920000 0.969529
77.6012880000 0.972299
78.2452560000 0.975069
78.2831440000 0.977839
78.7425680000 0.980609
79.0992080000 0.98338
79.4590320000 0.98615
79.5099040000 0.98892
111.4971200000 0.99169
117.3748080000 0.99446
118.7481120000 0.99723
122.8703115200 1
