.0187 0.00277008
.0207 0.00554017
.0277 0.00831025
.0383 0.0110803
.050 0.0138504
.0573 0.0166205
.073 0.0193906
.080 0.0221607
.081 0.0249307
.0877 0.0277008
.090 0.0304709
.0903 0.033241
.098 0.0360111
.1007 0.0387812
.111 0.0415512
.129 0.0443213
.1327 0.0470914
.1383 0.0498615
.148 0.0526316
.171 0.0554017
.1753 0.0581717
.1797 0.0609418
.1887 0.0637119
.190 0.0692521
.190 0.0692521
.1937 0.0720222
.200 0.0747922
.201 0.0775623
.218 0.0803324
.223 0.0831025
.224 0.0858726
.2317 0.0886427
.2677 0.0914127
.275 0.0941828
.2893 0.0969529
.2913 0.099723
.299 0.102493
.3023 0.105263
.3053 0.108033
.319 0.110803
.3203 0.113573
.32167 0.116343
.3277 0.119114
.330 0.121884
.342 0.124654
.350 0.127424
.3597 0.132964
.3597 0.132964
.362 0.138504
.362 0.138504
.370 0.141274
.377 0.144044
.397 0.146814
.42967 0.149584
.4343 0.152355
.436 0.155125
.4373 0.157895
.4617 0.160665
.4657 0.163435
.46867 0.166205
.469 0.168975
.473 0.171745
.4903 0.174515
.491 0.177285
.509 0.180055
.5207 0.182825
.52167 0.185596
.5273 0.188366
.529 0.191136
.5313 0.193906
.533 0.196676
.5397 0.199446
.550 0.202216
.5527 0.204986
.5577 0.207756
.5833 0.210526
.5857 0.213296
.5887 0.216066
.6017 0.218837
.6027 0.221607
.6123 0.224377
.640 0.227147
.6717 0.229917
.6753 0.232687
.7177 0.235457
.7883 0.238227
.790 0.240997
.847 0.243767
.8533 0.246537
.866 0.249307
.8803 0.252078
.890 0.254848
.9333 0.257618
.9387 0.260388
.9847 0.263158
.9933 0.265928
1.009 0.268698
1.0103 0.271468
1.018 0.274238
1.020 0.277008
1.028 0.279778
1.031 0.282548
1.0557 0.285319
1.0853 0.288089
1.092 0.290859
1.1453 0.293629
1.1477 0.296399
1.191 0.299169
1.1967 0.301939
1.197 0.304709
1.202 0.307479
1.2377 0.310249
1.2387 0.313019
1.242 0.315789
1.2427 0.31856
1.3103 0.32133
1.3143 0.3241
1.3233 0.32687
1.3357 0.32964
1.3417 0.33518
1.3417 0.33518
1.4513 0.33795
1.5023 0.34072
1.5227 0.34349
1.524 0.34626
1.567 0.34903
1.579 0.351801
1.5847 0.354571
1.6133 0.357341
1.6383 0.360111
1.642 0.362881
1.6883 0.365651
1.7593 0.368421
1.7777 0.371191
1.8507 0.373961
1.8767 0.376731
1.884 0.379501
1.947 0.382271
1.979 0.385042
2.1753 0.387812
2.2687 0.390582
2.282 0.393352
2.3143 0.396122
2.3897 0.398892
2.399 0.401662
2.5187 0.404432
2.5333 0.407202
2.594 0.409972
2.5947 0.412742
2.6213 0.415512
2.660 0.418283
2.6777 0.421053
2.7083 0.423823
2.803 0.426593
2.843 0.429363
2.9813 0.432133
3.0307 0.434903
3.0367 0.437673
3.060 0.440443
3.0623 0.443213
3.103 0.445983
3.1077 0.448753
3.120 0.451524
3.1543 0.454294
3.2207 0.457064
3.2313 0.459834
3.3337 0.462604
3.4427 0.465374
3.4587 0.468144
3.5377 0.470914
3.656 0.473684
3.7173 0.476454
3.7193 0.479224
3.7333 0.481994
3.8673 0.484765
3.9283 0.487535
3.956 0.490305
4.1947 0.493075
4.2583 0.495845
4.3147 0.498615
4.3417 0.501385
4.3753 0.504155
4.5113 0.506925
4.846 0.509695
4.9743 0.512465
4.9767 0.515235
5.079 0.518006
5.170 0.520776
5.218 0.523546
5.246 0.526316
5.4957 0.529086
5.5177 0.531856
5.8823 0.534626
6.009 0.537396
6.056 0.540166
6.1363 0.542936
6.526 0.545706
6.7143 0.548476
7.0703 0.551247
7.1723 0.554017
7.2967 0.556787
7.329 0.559557
7.394 0.562327
7.4167 0.565097
7.4457 0.567867
7.5257 0.570637
7.6283 0.573407
7.636 0.576177
7.637 0.578947
7.658 0.581717
7.782 0.584488
7.911 0.587258
7.928 0.590028
8.0677 0.592798
8.080 0.595568
8.1583 0.598338
8.2127 0.601108
8.219 0.603878
8.402 0.606648
8.625 0.609418
8.6797 0.612188
8.955 0.614958
9.0573 0.617729
9.1673 0.620499
9.248 0.623269
9.2887 0.626039
9.3063 0.628809
9.4797 0.631579
9.8747 0.634349
10.1903 0.637119
10.554 0.639889
10.6647 0.642659
10.684 0.645429
10.7597 0.648199
10.832 0.65097
10.8863 0.65374
11.2003 0.65651
11.5213 0.65928
11.5463 0.66205
11.7403 0.66482
11.7867 0.66759
11.865 0.67036
11.8993 0.67313
12.189 0.6759
12.202 0.67867
12.591 0.68144
12.697 0.684211
13.019 0.686981
13.3923 0.689751
13.437 0.692521
13.4483 0.695291
13.5233 0.698061
13.658 0.700831
13.736 0.703601
13.8023 0.706371
13.8113 0.709141
13.874 0.711911
13.9233 0.714681
14.909 0.717452
14.988 0.720222
15.812 0.722992
16.075 0.725762
16.1127 0.728532
16.1313 0.731302
16.3697 0.734072
16.8777 0.736842
16.986 0.739612
18.2753 0.742382
18.404 0.745152
18.4253 0.747922
18.6347 0.750693
18.650 0.753463
19.652 0.756233
20.2723 0.759003
21.541 0.761773
21.6467 0.764543
22.019 0.767313
22.6073 0.770083
23.2983 0.772853
24.905 0.775623
25.2257 0.778393
26.011 0.781163
27.998 0.783934
28.918 0.786704
29.9117 0.789474
33.398 0.792244
33.6027 0.795014
33.883 0.797784
34.234 0.800554
35.330 0.803324
35.6807 0.806094
35.7853 0.808864
35.795 0.811634
36.3477 0.814404
36.498 0.817175
36.632 0.819945
36.635 0.822715
36.9327 0.825485
37.9763 0.828255
37.983 0.831025
38.676 0.833795
38.9993 0.836565
39.233 0.839335
40.0623 0.842105
42.1473 0.844875
42.8147 0.847645
43.4507 0.850416
43.691 0.853186
43.8483 0.855956
43.9993 0.858726
44.3173 0.861496
46.0657 0.864266
46.0733 0.867036
46.3783 0.869806
46.6997 0.872576
47.7603 0.875346
48.536 0.878116
49.2197 0.880886
52.7833 0.883657
53.504 0.886427
58.3247 0.889197
58.7407 0.891967
60.882 0.894737
60.9797 0.897507
65.5387 0.900277
66.0823 0.903047
67.549 0.905817
68.129 0.908587
70.097 0.911357
71.3383 0.914127
75.8783 0.916898
78.294 0.919668
78.691 0.922438
86.5867 0.925208
90.858 0.927978
97.8267 0.930748
102.597 0.933518
106.1843 0.936288
112.1867 0.939058
113.884 0.941828
114.161 0.944598
114.485 0.947368
114.795 0.950139
119.827 0.952909
123.788 0.955679
124.532 0.958449
125.713 0.961219
143.202 0.963989
144.186 0.966759
145.702 0.969529
146.180 0.972299
148.4627 0.975069
148.8463 0.977839
152.207 0.980609
152.6703 0.98338
153.7747 0.98615
182.198 0.98892
203.488 0.99169
208.179 0.99446
226.172 0.99723
230.460 1
