.3975 0.00277008
.5813 0.00554017
2.5275 0.00831025
3.9638 0.0110803
4.750 0.0138504
4.813 0.0166205
4.900 0.0193906
5.375 0.0221607
5.850 0.0249307
6.0638 0.0277008
6.125 0.0304709
6.187 0.033241
6.4812 0.0360111
7.3275 0.0387812
7.3988 0.0415512
7.500 0.0443213
7.688 0.0470914
8.450 0.0498615
8.6775 0.0526316
8.8633 0.0554017
9.9817 0.0581717
11.125 0.0609418
12.0975 0.0637119
12.6058 0.066482
12.675 0.0692521
12.8850 0.0720222
13.938 0.0747922
14.250 0.0775623
14.3025 0.0803324
14.500 0.0831025
14.8350 0.0858726
15.000 0.0886427
16.063 0.0914127
17.025 0.0941828
17.400 0.0969529
17.7488 0.099723
19.687 0.102493
19.850 0.105263
20.3308 0.108033
21.1438 0.110803
21.6225 0.113573
21.750 0.116343
21.8733 0.119114
21.963 0.121884
22.000 0.124654
22.70025 0.127424
23.3775 0.130194
23.688 0.132964
24.075 0.135734
24.3512 0.138504
24.5775 0.141274
24.9488 0.144044
25.8937 0.146814
27.700 0.149584
28.2350 0.152355
28.787 0.155125
29.4258 0.157895
29.67525 0.160665
29.850 0.163435
29.9862 0.166205
30.450 0.168975
30.4850 0.171745
31.050 0.174515
31.325 0.177285
31.675 0.180055
33.1350 0.182825
34.125 0.185596
35.100 0.188366
35.2350 0.191136
35.2725 0.193906
35.6692 0.196676
35.6775 0.199446
37.0612 0.202216
37.8638 0.204986
38.625 0.207756
40.4825 0.210526
40.57162 0.213296
41.212 0.216066
41.562 0.218837
41.625 0.221607
41.9737 0.224377
41.9738 0.227147
42.4637 0.229917
42.5442 0.232687
42.675 0.235457
43.3737 0.238227
43.98412 0.240997
44.5150 0.243767
46.4775 0.246537
49.0150 0.249307
49.9358 0.252078
50.2512 0.254848
50.400 0.257618
50.5608 0.260388
50.6733 0.263158
51.5133 0.265928
54.4563 0.268698
54.938 0.271468
55.250 0.274238
58.1262 0.277008
58.2317 0.279778
59.5650 0.282548
60.000 0.285319
60.0862 0.288089
60.2175 0.290859
62.475 0.293629
64.625 0.296399
64.812 0.299169
65.4762 0.301939
65.575 0.304709
68.1075 0.307479
71.8725 0.310249
73.4183 0.313019
73.988 0.315789
74.250 0.31856
74.625 0.32133
75.075 0.3241
76.7350 0.32687
78.4188 0.32964
81.575 0.33241
81.6525 0.33518
84.1425 0.33795
87.8850 0.34072
87.938 0.34349
88.725 0.34626
89.600 0.34903
92.425 0.351801
92.5762 0.354571
94.7775 0.357341
95.9788 0.360111
96.925 0.362881
97.187 0.365651
98.9888 0.368421
100.4808 0.371191
101.4525 0.373961
102.813 0.376731
103.1362 0.379501
103.8938 0.382271
105.375 0.385042
107.0575 0.387812
107.1438 0.390582
107.6862 0.393352
108.0187 0.396122
110.0325 0.398892
115.1363 0.401662
115.2350 0.404432
115.600 0.407202
116.9258 0.409972
118.9733 0.412742
120.550 0.415512
123.6175 0.418283
125.0642 0.421053
129.8138 0.423823
131.8758 0.426593
138.1433 0.429363
138.6175 0.432133
139.6983 0.434903
141.3525 0.437673
141.8025 0.440443
142.100 0.443213
142.150 0.445983
143.700 0.448753
145.1433 0.451524
151.050 0.454294
154.7575 0.457064
157.350 0.459834
158.150 0.462604
158.9188 0.465374
160.3933 0.468144
163.1350 0.470914
163.875 0.473684
167.038 0.476454
168.7063 0.479224
169.1575 0.481994
173.775 0.484765
186.3313 0.487535
187.6067 0.490305
194.6150 0.493075
196.463 0.495845
198.188 0.498615
198.4650 0.501385
198.825 0.504155
202.138 0.506925
204.3933 0.509695
204.5175 0.512465
213.3850 0.515235
222.6688 0.518006
226.0650 0.520776
228.5025 0.523546
231.0525 0.526316
233.2492 0.529086
233.700 0.531856
234.3308 0.534626
237.3975 0.537396
249.9650 0.540166
263.850 0.542936
268.375 0.545706
271.1142 0.548476
272.475 0.551247
274.5225 0.554017
275.238 0.556787
296.100 0.559557
300.262 0.562327
302.950 0.565097
320.000 0.567867
335.813 0.570637
340.6608 0.573407
343.7312 0.576177
352.1513 0.578947
353.5150 0.581717
361.475 0.584488
366.0812 0.587258
367.0363 0.590028
372.2850 0.592798
375.8083 0.595568
378.4112 0.598338
379.563 0.601108
384.2733 0.603878
393.200 0.606648
407.050 0.609418
407.137 0.612188
411.8925 0.614958
420.787 0.617729
423.9675 0.620499
432.0488 0.623269
433.1350 0.626039
433.8113 0.628809
446.250 0.631579
455.175 0.634349
456.2150 0.637119
457.2458 0.639889
458.063 0.642659
463.3575 0.645429
467.3567 0.648199
488.213 0.65097
491.300 0.65374
500.6687 0.65651
503.9783 0.65928
507.263 0.66205
520.275 0.66482
525.4233 0.66759
539.8850 0.67036
546.0150 0.67313
547.037 0.6759
556.2525 0.67867
562.0650 0.68144
570.300 0.684211
578.2283 0.686981
584.4075 0.689751
588.9650 0.692521
591.6850 0.695291
607.1738 0.698061
611.8725 0.700831
625.2142 0.703601
629.775 0.706371
637.400 0.709141
639.488 0.711911
643.725 0.714681
666.5438 0.717452
668.325 0.720222
678.4150 0.722992
679.175 0.725762
687.0108 0.728532
690.350 0.731302
709.2525 0.734072
761.813 0.736842
790.600 0.739612
804.1850 0.742382
811.2392 0.745152
837.0188 0.747922
840.0675 0.750693
855.850 0.753463
861.8487 0.756233
883.250 0.759003
923.3175 0.761773
932.500 0.764543
933.938 0.767313
946.7883 0.770083
952.450 0.772853
965.100 0.775623
976.8575 0.778393
978.675 0.781163
982.300 0.783934
1013.6150 0.786704
1040.4012 0.789474
1073.7425 0.792244
1082.3338 0.795014
1082.3350 0.797784
1103.4325 0.800554
1123.425 0.803324
1135.250 0.806094
1153.5925 0.808864
1159.4575 0.811634
1162.8562 0.814404
1178.1258 0.817175
1192.187 0.819945
1194.0075 0.822715
1204.9887 0.825485
1211.3758 0.828255
1230.4925 0.831025
1252.425 0.833795
1282.463 0.836565
1306.725 0.839335
1319.5825 0.842105
1337.600 0.844875
1338.0263 0.847645
1341.9488 0.850416
1346.587 0.853186
1369.050 0.855956
1378.275 0.858726
1380.300 0.861496
1423.550 0.864266
1427.013 0.867036
1431.063 0.869806
1431.4988 0.872576
1434.938 0.875346
1464.9675 0.878116
1468.5175 0.880886
1497.838 0.883657
1524.4925 0.886427
1525.825 0.889197
1547.350 0.891967
1556.650 0.894737
1571.413 0.897507
1580.5238 0.900277
1615.575 0.903047
1625.688 0.905817
1629.4013 0.908587
1638.4675 0.911357
1644.3113 0.914127
1652.0575 0.916898
1661.8988 0.919668
1688.725 0.922438
1694.150 0.925208
1695.5475 0.927978
1703.225 0.930748
1749.875 0.933518
1751.2388 0.936288
1752.425 0.939058
1783.4575 0.941828
1790.025 0.944598
1802.325 0.947368
1820.100 0.950139
1821.275 0.952909
1827.250 0.955679
1831.750 0.958449
1855.7838 0.961219
1860.5788 0.963989
1896.9575 0.966759
1902.588 0.969529
1908.3788 0.972299
1922.1838 0.975069
1967.275 0.977839
2277.475 0.980609
2445.6675 0.98338
2543.600 0.98615
2602.238 0.98892
2654.6075 0.99169
2804.6675 0.99446
2827.150 0.99723
2880.750 1
