0.000989752 0.00277008
0.154166 0.00554017
0.223176 0.00831025
0.313157 0.0110803
0.31558 0.0138504
0.389663 0.0166205
0.416366 0.0193906
0.457457 0.0221607
0.467516 0.0249307
0.493045 0.0277008
0.559847 0.0304709
0.57278 0.033241
0.574305 0.0360111
0.577454 0.0387812
0.642809 0.0415512
0.67899 0.0443213
0.70352 0.0470914
0.722915 0.0498615
0.807325 0.0526316
0.812582 0.0554017
0.887829 0.0581717
0.888396 0.0609418
0.922702 0.0637119
0.970849 0.066482
0.992779 0.0692521
1.02985 0.0720222
1.05683 0.0747922
1.18543 0.0775623
1.19827 0.0803324
1.30422 0.0831025
1.33476 0.0858726
1.33966 0.0886427
1.36744 0.0914127
1.47894 0.0941828
1.50309 0.0969529
1.53998 0.099723
1.54454 0.102493
1.57741 0.105263
1.63748 0.108033
1.9479 0.110803
1.96451 0.113573
1.98308 0.116343
2.02933 0.119114
2.05157 0.121884
2.05588 0.124654
2.09944 0.127424
2.10249 0.130194
2.10935 0.132964
2.12864 0.135734
2.17032 0.138504
2.23901 0.141274
2.25291 0.144044
2.40448 0.146814
2.42203 0.149584
2.46175 0.152355
2.49813 0.155125
2.55288 0.157895
2.61538 0.160665
2.62371 0.163435
2.70969 0.166205
2.76067 0.168975
2.77914 0.171745
2.85318 0.174515
2.95791 0.177285
2.98509 0.180055
3.00302 0.182825
3.00566 0.185596
3.04836 0.188366
3.09327 0.191136
3.09359 0.193906
3.1107 0.196676
3.1859 0.199446
3.18971 0.202216
3.46897 0.204986
3.52494 0.207756
3.53665 0.210526
3.59675 0.213296
3.63845 0.216066
3.70543 0.218837
3.76946 0.221607
3.77039 0.224377
3.78786 0.227147
3.80123 0.229917
3.80885 0.232687
3.8543 0.235457
3.9692 0.238227
4.0149 0.240997
4.07254 0.243767
4.10268 0.246537
4.1878 0.249307
4.21897 0.252078
4.27015 0.254848
4.27141 0.257618
4.28615 0.260388
4.40193 0.263158
4.40664 0.265928
4.41615 0.268698
4.48884 0.271468
4.55393 0.274238
4.57464 0.277008
4.65621 0.279778
4.66345 0.282548
4.66644 0.285319
4.70334 0.288089
4.7415 0.290859
4.82842 0.293629
4.92803 0.296399
4.98441 0.299169
5.12515 0.301939
5.14471 0.304709
5.33477 0.307479
5.3656 0.310249
5.39679 0.313019
5.41729 0.315789
5.43746 0.31856
5.483 0.32133
5.50344 0.3241
5.66932 0.32687
5.76681 0.32964
5.86782 0.33241
5.92744 0.33518
6.02999 0.33795
6.04156 0.34072
6.16045 0.34349
6.24072 0.34626
6.2849 0.34903
6.28771 0.351801
6.29534 0.354571
6.31939 0.357341
6.5184 0.360111
6.57996 0.362881
6.65449 0.365651
6.7404 0.368421
6.98321 0.371191
7.0101 0.373961
7.07354 0.376731
7.18237 0.379501
7.23868 0.382271
7.26332 0.385042
7.2679 0.387812
7.29576 0.390582
7.43961 0.393352
7.46206 0.396122
7.80115 0.398892
7.82863 0.401662
7.86478 0.404432
7.94556 0.407202
8.00398 0.409972
8.13574 0.412742
8.17795 0.415512
8.23996 0.418283
8.27463 0.421053
8.60993 0.423823
8.65015 0.426593
8.80495 0.429363
8.93288 0.432133
9.29098 0.434903
9.31729 0.437673
9.37827 0.440443
9.45716 0.443213
9.63738 0.445983
9.77502 0.448753
9.80091 0.451524
9.9342 0.454294
9.98487 0.457064
10.11 0.459834
10.4479 0.462604
10.6096 0.465374
10.6493 0.468144
10.7263 0.470914
10.7897 0.473684
10.8224 0.476454
10.9479 0.479224
11.1319 0.481994
11.3503 0.484765
11.3889 0.487535
11.482 0.490305
11.5938 0.493075
11.6319 0.495845
11.6378 0.498615
11.8835 0.501385
11.989 0.504155
12.0272 0.506925
12.0641 0.509695
12.2888 0.512465
12.4583 0.515235
12.5328 0.518006
12.7064 0.520776
12.7113 0.523546
12.8559 0.526316
13.0716 0.529086
13.0863 0.531856
13.9647 0.534626
13.9985 0.537396
14.3009 0.540166
14.4742 0.542936
14.5106 0.545706
14.7478 0.548476
14.8375 0.551247
15.1427 0.554017
15.1566 0.556787
15.3619 0.559557
15.6821 0.562327
15.7347 0.565097
15.7836 0.567867
15.9722 0.570637
16.2959 0.573407
16.3499 0.576177
16.6329 0.578947
16.7924 0.581717
17.1553 0.584488
17.6691 0.587258
17.9952 0.590028
18.0662 0.592798
18.4422 0.595568
18.6385 0.598338
18.8266 0.601108
19.1915 0.603878
19.4467 0.606648
19.4884 0.609418
19.5955 0.612188
19.7631 0.614958
19.8131 0.617729
20.477 0.620499
20.7269 0.623269
21.8485 0.626039
21.9225 0.628809
22.1019 0.631579
22.4758 0.634349
22.6067 0.637119
23.0802 0.639889
24.6184 0.642659
24.7035 0.645429
24.7613 0.648199
25.0938 0.65097
25.2266 0.65374
26.4151 0.65651
26.4345 0.65928
26.5351 0.66205
26.5427 0.66482
26.5437 0.66759
26.688 0.67036
26.836 0.67313
27.7176 0.6759
28.2573 0.67867
28.8925 0.68144
29.7952 0.684211
30.6299 0.686981
30.7767 0.689751
31.0379 0.692521
31.4864 0.695291
31.5601 0.698061
31.8953 0.700831
32.6757 0.703601
32.7571 0.706371
32.7893 0.709141
33.1502 0.711911
33.3277 0.714681
33.6507 0.717452
34.1344 0.720222
34.2916 0.722992
34.539 0.725762
34.6479 0.728532
34.9022 0.731302
35.5806 0.734072
36.3159 0.736842
37.1743 0.739612
37.1781 0.742382
37.542 0.745152
37.5658 0.747922
37.6805 0.750693
38.7671 0.753463
39.9673 0.756233
41.1236 0.759003
41.2085 0.761773
41.6505 0.764543
41.6805 0.767313
43.1997 0.770083
43.5348 0.772853
44.3213 0.775623
44.5577 0.778393
45.0207 0.781163
46.5839 0.783934
47.2326 0.786704
47.266 0.789474
48.8153 0.792244
50.5766 0.795014
50.7972 0.797784
51.6188 0.800554
51.7714 0.803324
52.7963 0.806094
54.7752 0.808864
60.8097 0.811634
61.2564 0.814404
62.3664 0.817175
65.3164 0.819945
66.9953 0.822715
68.7669 0.825485
68.8518 0.828255
70.3331 0.831025
70.4373 0.833795
70.6543 0.836565
70.9432 0.839335
72.8495 0.842105
73.265 0.844875
73.9478 0.847645
77.6105 0.850416
77.8079 0.853186
78.4718 0.855956
78.5918 0.858726
80.0029 0.861496
80.9115 0.864266
81.6008 0.867036
83.07 0.869806
83.6514 0.872576
86.079 0.875346
88.0506 0.878116
93.4 0.880886
94.3558 0.883657
95.655 0.886427
96.37 0.889197
96.6459 0.891967
97.7136 0.894737
97.9813 0.897507
98.1156 0.900277
102.746 0.903047
102.808 0.905817
105.455 0.908587
106.317 0.911357
106.999 0.914127
108.988 0.916898
109.56 0.919668
109.984 0.922438
110.474 0.925208
110.715 0.927978
111.588 0.930748
112.24 0.933518
114.194 0.936288
116.012 0.939058
119.634 0.941828
123.022 0.944598
125.27 0.947368
127.133 0.950139
129.666 0.952909
129.724 0.955679
132.12 0.958449
139.056 0.961219
139.317 0.963989
142.616 0.966759
143.793 0.969529
144.322 0.972299
144.599 0.975069
145.303 0.977839
147.593 0.980609
148.39 0.98338
150.376 0.98615
151.104 0.98892
151.46 0.99169
160.352 0.99446
163.227 0.99723
178.012 1
