0.0145151 0.00277008
0.0203045 0.00554017
0.0272029 0.00831025
0.0275112 0.0110803
0.0304251 0.0138504
0.0348536 0.0166205
0.0442498 0.0193906
0.0578258 0.0221607
0.0633858 0.0249307
0.0657356 0.0277008
0.0749722 0.0304709
0.0772959 0.033241
0.0836709 0.0360111
0.0963865 0.0387812
0.101406 0.0415512
0.10709 0.0443213
0.109673 0.0470914
0.112798 0.0498615
0.120198 0.0526316
0.124112 0.0554017
0.126646 0.0581717
0.159886 0.0609418
0.171945 0.0637119
0.195806 0.066482
0.198587 0.0692521
0.211669 0.0720222
0.220272 0.0747922
0.230985 0.0775623
0.236161 0.0803324
0.249512 0.0831025
0.261424 0.0858726
0.275519 0.0886427
0.280191 0.0914127
0.28786 0.0941828
0.28862 0.0969529
0.29845 0.099723
0.302944 0.102493
0.310316 0.105263
0.313536 0.108033
0.317604 0.110803
0.319994 0.113573
0.344981 0.116343
0.369027 0.119114
0.381302 0.121884
0.395444 0.124654
0.403618 0.127424
0.409399 0.130194
0.425276 0.132964
0.432965 0.135734
0.434323 0.138504
0.436184 0.141274
0.446184 0.144044
0.452299 0.146814
0.455744 0.149584
0.480198 0.152355
0.503694 0.155125
0.509135 0.157895
0.511916 0.160665
0.51251 0.163435
0.542547 0.166205
0.552977 0.168975
0.558873 0.171745
0.558947 0.174515
0.570111 0.177285
0.577469 0.180055
0.581674 0.182825
0.584889 0.185596
0.590181 0.188366
0.61299 0.191136
0.615681 0.193906
0.622674 0.196676
0.631722 0.199446
0.644294 0.202216
0.693322 0.204986
0.706472 0.207756
0.718853 0.210526
0.729173 0.213296
0.729558 0.216066
0.750642 0.218837
0.754969 0.221607
0.765874 0.224377
0.778041 0.227147
0.799167 0.229917
0.822701 0.232687
0.828579 0.235457
0.875457 0.238227
0.886629 0.240997
0.903335 0.243767
0.926134 0.246537
0.94035 0.249307
0.968742 0.252078
0.970073 0.254848
0.97601 0.257618
0.97845 0.260388
0.999535 0.263158
1.01176 0.265928
1.01698 0.268698
1.02183 0.271468
1.02314 0.274238
1.0257 0.277008
1.043 0.279778
1.04536 0.282548
1.06049 0.285319
1.0922 0.288089
1.11042 0.290859
1.11095 0.293629
1.17565 0.296399
1.19657 0.299169
1.19837 0.301939
1.23686 0.304709
1.23722 0.307479
1.26916 0.310249
1.2827 0.313019
1.28649 0.315789
1.30419 0.31856
1.31186 0.32133
1.32821 0.3241
1.37882 0.32687
1.41083 0.32964
1.48678 0.33241
1.48871 0.33518
1.50222 0.33795
1.52658 0.34072
1.55933 0.34349
1.58758 0.34626
1.61048 0.34903
1.62383 0.351801
1.6671 0.354571
1.67355 0.357341
1.69218 0.360111
1.75485 0.362881
1.75577 0.365651
1.79314 0.368421
1.8082 0.371191
1.83874 0.373961
1.85848 0.376731
1.91256 0.379501
1.94654 0.382271
1.97498 0.385042
2.12058 0.387812
2.13666 0.390582
2.17736 0.393352
2.25257 0.396122
2.26241 0.398892
2.30652 0.401662
2.31041 0.404432
2.32088 0.407202
2.33578 0.409972
2.40734 0.412742
2.65564 0.415512
2.67555 0.418283
2.69033 0.421053
2.83926 0.423823
2.88417 0.426593
2.94185 0.429363
3.03336 0.432133
3.07046 0.434903
3.07894 0.437673
3.08446 0.440443
3.12394 0.443213
3.2271 0.445983
3.28961 0.448753
3.36151 0.451524
3.49034 0.454294
3.5135 0.457064
3.55181 0.459834
3.62209 0.462604
3.63363 0.465374
3.95877 0.468144
3.97713 0.470914
3.9795 0.473684
4.05529 0.476454
4.28839 0.479224
4.29842 0.481994
4.3618 0.484765
4.37203 0.487535
4.49299 0.490305
4.64902 0.493075
4.72765 0.495845
4.91169 0.498615
5.00898 0.501385
5.18179 0.504155
5.19628 0.506925
5.29744 0.509695
5.31248 0.512465
5.39306 0.515235
5.57495 0.518006
5.82599 0.520776
6.1721 0.523546
6.21754 0.526316
6.28375 0.529086
6.63809 0.531856
7.20585 0.534626
7.20692 0.537396
7.21888 0.540166
7.32705 0.542936
7.3451 0.545706
7.38615 0.548476
7.63675 0.551247
7.72979 0.554017
7.87555 0.556787
7.93643 0.559557
8.05329 0.562327
8.22038 0.565097
8.22276 0.567867
8.25774 0.570637
8.28799 0.573407
8.43813 0.576177
8.53099 0.578947
8.63385 0.581717
8.69006 0.584488
8.93683 0.587258
9.35463 0.590028
9.38005 0.592798
9.61419 0.595568
9.64587 0.598338
9.65916 0.601108
9.75319 0.603878
9.77751 0.606648
9.78612 0.609418
9.82044 0.612188
9.82274 0.614958
9.8365 0.617729
9.90917 0.620499
10.2271 0.623269
10.2491 0.626039
10.5193 0.628809
10.5642 0.631579
11.0163 0.634349
11.1283 0.637119
11.715 0.639889
11.8097 0.642659
12.0288 0.645429
12.0464 0.648199
12.1105 0.65097
12.1913 0.65374
12.2327 0.65651
12.5404 0.65928
12.6408 0.66205
12.6451 0.66482
12.9945 0.66759
13.4 0.67036
13.4317 0.67313
13.667 0.6759
13.7804 0.67867
14.0202 0.68144
14.9036 0.684211
15.0226 0.686981
15.8534 0.689751
16.0542 0.692521
16.1505 0.695291
16.1534 0.698061
16.1655 0.700831
16.7815 0.703601
16.8223 0.706371
17.2182 0.709141
17.3215 0.711911
17.5818 0.714681
17.9209 0.717452
18.6648 0.720222
19.7832 0.722992
21.5455 0.725762
22.5957 0.728532
23.8879 0.731302
24.4118 0.734072
25.2811 0.736842
26.3478 0.739612
28.0892 0.742382
28.3573 0.745152
29.0758 0.747922
29.6963 0.750693
31.1533 0.753463
31.3358 0.756233
31.7725 0.759003
32.857 0.761773
33.9208 0.764543
33.9501 0.767313
34.5093 0.770083
34.9592 0.772853
35.2545 0.775623
35.3195 0.778393
35.6641 0.781163
36.1561 0.783934
36.2529 0.786704
36.6655 0.789474
37.1669 0.792244
38.0561 0.795014
38.0642 0.797784
38.2132 0.800554
39.1604 0.803324
40.5459 0.806094
40.6339 0.808864
41.5305 0.811634
41.6853 0.814404
42.2181 0.817175
42.6955 0.819945
42.8324 0.822715
43.6736 0.825485
44.3502 0.828255
44.617 0.831025
45.3628 0.833795
47.5188 0.836565
48.7766 0.839335
50.3331 0.842105
50.8534 0.844875
51.6161 0.847645
51.801 0.850416
55.1951 0.853186
56.8683 0.855956
57.1051 0.858726
58.3498 0.861496
60.6849 0.864266
64.5711 0.867036
65.6097 0.869806
66.7352 0.872576
70.3034 0.875346
71.6022 0.878116
72.7518 0.880886
74.7817 0.883657
75.8294 0.886427
80.0109 0.889197
85.6581 0.891967
87.4267 0.894737
94.6549 0.897507
94.8536 0.900277
96.9306 0.903047
100.205 0.905817
104.224 0.908587
105.321 0.911357
105.765 0.914127
106.472 0.916898
108.377 0.919668
109.292 0.922438
110.121 0.925208
112.118 0.927978
116.743 0.930748
119.64 0.933518
122.435 0.936288
132.934 0.939058
143.082 0.941828
144.476 0.944598
176.319 0.947368
179.02 0.950139
180.514 0.952909
182.203 0.955679
189.978 0.958449
190.07 0.961219
191.835 0.963989
202.071 0.966759
202.704 0.969529
203.631 0.972299
215.785 0.975069
219.479 0.977839
227.092 0.980609
227.205 0.98338
229.808 0.98615
229.925 0.98892
233.285 0.99169
320.863 0.99446
331.049 0.99723
344.92 1
