0.000201333 0.00277008
0.0265853 0.00554017
0.0373856 0.00831025
0.0391648 0.0110803
0.0466479 0.0138504
0.0492177 0.0166205
0.0523931 0.0193906
0.0686201 0.0221607
0.0762341 0.0249307
0.0817379 0.0277008
0.0824538 0.0304709
0.0871597 0.033241
0.0936149 0.0360111
0.0951835 0.0387812
0.0986891 0.0415512
0.105836 0.0443213
0.107951 0.0470914
0.111319 0.0498615
0.130097 0.0526316
0.132398 0.0554017
0.135429 0.0581717
0.147277 0.0609418
0.16365 0.0637119
0.172631 0.066482
0.177086 0.0692521
0.201286 0.0720222
0.216014 0.0747922
0.218691 0.0775623
0.245989 0.0803324
0.254055 0.0831025
0.276254 0.0858726
0.278152 0.0886427
0.28632 0.0914127
0.290225 0.0941828
0.292545 0.0969529
0.292676 0.099723
0.292716 0.102493
0.29799 0.105263
0.325333 0.108033
0.330685 0.110803
0.349771 0.113573
0.364992 0.116343
0.367758 0.119114
0.371546 0.121884
0.381646 0.124654
0.388851 0.127424
0.391409 0.130194
0.417388 0.132964
0.423387 0.135734
0.431018 0.138504
0.43641 0.141274
0.447983 0.144044
0.44938 0.146814
0.465585 0.149584
0.467863 0.152355
0.484604 0.155125
0.510622 0.157895
0.523204 0.160665
0.530946 0.163435
0.538017 0.166205
0.541968 0.168975
0.55311 0.171745
0.567616 0.174515
0.571424 0.177285
0.590878 0.180055
0.591213 0.182825
0.592898 0.185596
0.593945 0.188366
0.599991 0.191136
0.6127 0.193906
0.644023 0.196676
0.648841 0.199446
0.649956 0.202216
0.664819 0.204986
0.703408 0.207756
0.711505 0.210526
0.718988 0.213296
0.737252 0.216066
0.738488 0.218837
0.743225 0.221607
0.791929 0.224377
0.802066 0.227147
0.816412 0.229917
0.834772 0.232687
0.837494 0.235457
0.87356 0.238227
0.896369 0.240997
0.907361 0.243767
0.920688 0.246537
0.943123 0.249307
0.953772 0.252078
0.956519 0.254848
0.959775 0.257618
1.00525 0.260388
1.00598 0.263158
1.00858 0.265928
1.0103 0.268698
1.01072 0.271468
1.02058 0.274238
1.02842 0.277008
1.03726 0.279778
1.05339 0.282548
1.05796 0.285319
1.07353 0.288089
1.10103 0.290859
1.10454 0.293629
1.13301 0.296399
1.17927 0.299169
1.20587 0.301939
1.21423 0.304709
1.23336 0.307479
1.24008 0.310249
1.25006 0.313019
1.30381 0.315789
1.30679 0.31856
1.33895 0.32133
1.33948 0.3241
1.34959 0.32687
1.35474 0.32964
1.43252 0.33241
1.46793 0.33518
1.50828 0.33795
1.52359 0.34072
1.59896 0.34349
1.62012 0.34626
1.63075 0.34903
1.64192 0.351801
1.6499 0.354571
1.68286 0.357341
1.68434 0.360111
1.69323 0.362881
1.74263 0.365651
1.76339 0.368421
1.78944 0.371191
1.79222 0.373961
1.83269 0.376731
1.87659 0.379501
1.8814 0.382271
1.95289 0.385042
1.95437 0.387812
2.11849 0.390582
2.12922 0.393352
2.13312 0.396122
2.20279 0.398892
2.24098 0.401662
2.28903 0.404432
2.3307 0.407202
2.33758 0.409972
2.34742 0.412742
2.36503 0.415512
2.39033 0.418283
2.42074 0.421053
2.66871 0.423823
2.68214 0.426593
2.856 0.429363
2.86939 0.432133
2.95665 0.434903
3.0406 0.437673
3.04702 0.440443
3.08175 0.443213
3.13257 0.445983
3.16208 0.448753
3.25035 0.451524
3.3188 0.454294
3.3507 0.457064
3.51403 0.459834
3.51923 0.462604
3.55089 0.465374
3.56534 0.468144
3.60895 0.470914
3.62661 0.473684
3.73812 0.476454
3.84735 0.479224
3.98013 0.481994
3.98544 0.484765
3.99952 0.487535
4.26789 0.490305
4.26795 0.493075
4.31585 0.495845
4.33641 0.498615
4.34589 0.501385
4.39505 0.504155
4.46648 0.506925
4.48559 0.509695
4.60424 0.512465
4.60553 0.515235
4.93124 0.518006
4.98009 0.520776
5.23007 0.523546
5.24348 0.526316
5.27622 0.529086
5.31304 0.531856
5.39091 0.534626
5.55823 0.537396
5.59971 0.540166
5.8778 0.542936
6.13688 0.545706
6.14774 0.548476
6.15692 0.551247
6.21482 0.554017
6.22849 0.556787
6.23615 0.559557
6.6885 0.562327
7.00988 0.565097
7.18087 0.567867
7.26189 0.570637
7.2647 0.573407
7.2657 0.576177
7.4202 0.578947
7.68462 0.581717
7.74619 0.584488
7.84478 0.587258
7.89229 0.590028
8.12809 0.592798
8.16763 0.595568
8.23842 0.598338
8.36946 0.601108
8.42104 0.603878
8.43356 0.606648
8.55506 0.609418
8.59387 0.612188
8.79023 0.614958
8.89708 0.617729
8.90867 0.620499
9.3363 0.623269
9.435 0.626039
9.6242 0.628809
9.63712 0.631579
9.64862 0.634349
9.74676 0.637119
9.77415 0.639889
9.78862 0.642659
9.80662 0.645429
9.82391 0.648199
9.86851 0.65097
9.88585 0.65374
10.2884 0.65651
10.5627 0.65928
10.6001 0.66205
11.0362 0.66482
11.1612 0.66759
11.7635 0.67036
11.7702 0.67313
12.0201 0.6759
12.0884 0.67867
12.1723 0.68144
12.2396 0.684211
12.377 0.686981
12.6265 0.689751
12.7091 0.692521
13.0784 0.695291
13.4235 0.698061
13.4463 0.700831
13.6346 0.703601
13.8202 0.706371
13.9806 0.709141
14.9587 0.711911
15.0153 0.714681
15.7729 0.717452
15.9544 0.720222
16.1245 0.722992
16.1471 0.725762
16.2287 0.728532
16.2311 0.731302
16.6578 0.734072
16.7777 0.736842
17.2599 0.739612
17.3195 0.742382
17.6875 0.745152
18.6381 0.747922
19.7806 0.750693
20.1539 0.753463
20.2128 0.756233
21.6182 0.759003
22.5935 0.761773
23.8623 0.764543
23.9071 0.767313
24.6497 0.770083
25.7752 0.772853
26.457 0.775623
27.8891 0.778393
27.9768 0.781163
28.4996 0.783934
29.2134 0.786704
31.1361 0.789474
31.5869 0.792244
31.7918 0.795014
32.3526 0.797784
33.1434 0.800554
33.3789 0.803324
33.9157 0.806094
34.62 0.808864
34.9659 0.811634
35.4375 0.814404
35.8838 0.817175
36.1496 0.819945
36.6251 0.822715
36.8579 0.825485
37.2762 0.828255
38.1105 0.831025
38.2814 0.833795
39.0509 0.836565
39.4101 0.839335
40.5414 0.842105
41.5261 0.844875
41.813 0.847645
42.213 0.850416
42.8266 0.853186
42.8276 0.855956
42.9974 0.858726
43.7353 0.861496
43.8558 0.864266
44.2859 0.867036
44.6873 0.869806
45.5323 0.872576
46.4667 0.875346
48.5234 0.878116
50.739 0.880886
51.7893 0.883657
53.6949 0.886427
55.5722 0.889197
55.9706 0.891967
57.1348 0.894737
57.5359 0.897507
58.4943 0.900277
64.3611 0.903047
64.5642 0.905817
64.8048 0.908587
65.5116 0.911357
68.3322 0.914127
73.8018 0.916898
74.4346 0.919668
78.6805 0.922438
84.9335 0.925208
94.3986 0.927978
94.6069 0.930748
97.0996 0.933518
98.5942 0.936288
100.182 0.939058
104.064 0.941828
108.058 0.944598
108.15 0.947368
109.915 0.950139
110.114 0.952909
111.81 0.955679
120.151 0.958449
120.784 0.961219
121.711 0.963989
133.865 0.966759
137.559 0.969529
143.068 0.972299
144.464 0.975069
145.172 0.977839
145.285 0.980609
147.888 0.98338
151.365 0.98615
182.189 0.98892
197.983 0.99169
208.169 0.99446
222.04 0.99723
228.594 1
