7.604194 0.00277008
8.491348 0.00554017
10.420676 0.00831025
11.660858 0.0110803
20.211853 0.0138504
40.809542 0.0166205
43.958476 0.0193906
44.203833 0.0221607
48.522738 0.0249307
49.414444 0.0277008
62.671053 0.0304709
67.255825 0.033241
70.756632 0.0360111
78.806037 0.0387812
79.016703 0.0415512
81.995636 0.0443213
82.005554 0.0470914
82.147747 0.0498615
83.351934 0.0526316
85.994440 0.0554017
86.034232 0.0581717
86.751455 0.0609418
87.203765 0.0637119
87.281168 0.066482
89.881843 0.0692521
89.905834 0.0720222
90.388060 0.0747922
90.401036 0.0775623
91.246843 0.0803324
91.292787 0.0831025
91.850299 0.0858726
91.851968 0.0886427
92.009729 0.0914127
92.201519 0.0941828
92.612666 0.0969529
92.771423 0.099723
93.257189 0.102493
93.555498 0.105263
93.766958 0.108033
93.903369 0.110803
93.924797 0.113573
94.153762 0.116343
94.162297 0.119114
94.285852 0.121884
94.351017 0.124654
94.501293 0.127424
94.701290 0.130194
94.784421 0.132964
94.788760 0.135734
95.310903 0.138504
95.465451 0.141274
95.636821 0.144044
95.664078 0.146814
95.897758 0.149584
95.976698 0.152355
96.045262 0.155125
96.077716 0.157895
96.204978 0.160665
96.352041 0.163435
96.848994 0.166205
96.885365 0.168975
97.002518 0.171745
97.057581 0.174515
97.123760 0.177285
97.183335 0.180055
97.203213 0.182825
97.474194 0.185596
97.552758 0.188366
97.615892 0.191136
97.743207 0.193906
97.758871 0.196676
97.867513 0.199446
97.916299 0.202216
97.947812 0.204986
97.971076 0.207756
97.994334 0.210526
98.086923 0.213296
98.100841 0.216066
98.155171 0.218837
98.181641 0.221607
98.218560 0.224377
98.272675 0.227147
98.322469 0.229917
98.335189 0.232687
98.350775 0.235457
98.388904 0.238227
98.427701 0.240997
98.438019 0.243767
98.475754 0.246537
98.493862 0.249307
98.522955 0.252078
98.574317 0.254848
98.588806 0.257618
98.625249 0.260388
98.665208 0.263158
98.695636 0.265928
98.738080 0.268698
98.760992 0.271468
98.770487 0.274238
98.773396 0.277008
98.809141 0.279778
98.810464 0.282548
98.841888 0.285319
98.848909 0.288089
98.855263 0.290859
98.911774 0.293629
98.964268 0.296399
99.014509 0.299169
99.021065 0.301939
99.075466 0.304709
99.087793 0.307479
99.088657 0.310249
99.119687 0.313019
99.131638 0.315789
99.170882 0.31856
99.184912 0.32133
99.185610 0.3241
99.195582 0.32687
99.199039 0.32964
99.203652 0.33241
99.209648 0.33518
99.224591 0.33795
99.279684 0.34072
99.280751 0.34349
99.282396 0.34626
99.297464 0.34903
99.301893 0.351801
99.312592 0.354571
99.322420 0.357341
99.355292 0.360111
99.357599 0.362881
99.369824 0.365651
99.391973 0.368421
99.393147 0.371191
99.396914 0.373961
99.448305 0.376731
99.470824 0.379501
99.478656 0.382271
99.488038 0.385042
99.490327 0.387812
99.511260 0.390582
99.517262 0.393352
99.518591 0.396122
99.521357 0.398892
99.523705 0.401662
99.535197 0.404432
99.536145 0.407202
99.543178 0.409972
99.543637 0.412742
99.544930 0.415512
99.547851 0.418283
99.552804 0.421053
99.555814 0.423823
99.555939 0.426593
99.560016 0.429363
99.563420 0.432133
99.577880 0.434903
99.578333 0.437673
99.588752 0.440443
99.599284 0.443213
99.601966 0.445983
99.604297 0.448753
99.605131 0.451524
99.619633 0.454294
99.623889 0.457064
99.628150 0.459834
99.630463 0.462604
99.632233 0.465374
99.632722 0.468144
99.633116 0.470914
99.633205 0.473684
99.635011 0.476454
99.635714 0.479224
99.636352 0.481994
99.639714 0.484765
99.643093 0.487535
99.644423 0.490305
99.648541 0.493075
99.649519 0.495845
99.653590 0.498615
99.655962 0.501385
99.664533 0.504155
99.665064 0.506925
99.668676 0.509695
99.669665 0.512465
99.672824 0.515235
99.673653 0.518006
99.678302 0.520776
99.682420 0.523546
99.695426 0.526316
99.696523 0.529086
99.696559 0.531856
99.696869 0.534626
99.697340 0.537396
99.701768 0.540166
99.703079 0.542936
99.705511 0.545706
99.719125 0.548476
99.721897 0.551247
99.721915 0.554017
99.724460 0.556787
99.728131 0.559557
99.729007 0.562327
99.730074 0.565097
99.730676 0.567867
99.735934 0.570637
99.738997 0.573407
99.739343 0.576177
99.740207 0.578947
99.742347 0.581717
99.746555 0.584488
99.748695 0.587258
99.752015 0.590028
99.753821 0.592798
99.754369 0.595568
99.756402 0.598338
99.757105 0.601108
99.762034 0.603878
99.762547 0.606648
99.763620 0.609418
99.764234 0.612188
99.766338 0.614958
99.769139 0.617729
99.770212 0.620499
99.770772 0.623269
99.775130 0.626039
99.775618 0.628809
99.776155 0.631579
99.776381 0.634349
99.778664 0.637119
99.782741 0.639889
99.783397 0.642659
99.785322 0.645429
99.788731 0.648199
99.789888 0.65097
99.790204 0.65374
99.791366 0.65651
99.793375 0.65928
99.795133 0.66205
99.795645 0.66482
99.797976 0.66759
99.799943 0.67036
99.800187 0.67313
99.802256 0.6759
99.804032 0.67867
99.806172 0.68144
99.811369 0.684211
99.812812 0.686981
99.813998 0.689751
99.814236 0.692521
99.816126 0.695291
99.816418 0.698061
99.816769 0.700831
99.817008 0.703601
99.819857 0.706371
99.822217 0.709141
99.826562 0.711911
99.827152 0.714681
99.827731 0.717452
99.829143 0.720222
99.829638 0.722992
99.830228 0.725762
99.835449 0.728532
99.836338 0.731302
99.836767 0.734072
99.837440 0.736842
99.841028 0.739612
99.841052 0.742382
99.844271 0.745152
99.844313 0.747922
99.852210 0.750693
99.856758 0.753463
99.859518 0.756233
99.860430 0.759003
99.861801 0.761773
99.863511 0.764543
99.863809 0.767313
99.864417 0.770083
99.865878 0.772853
99.871814 0.775623
99.871832 0.781163
99.871832 0.781163
99.872637 0.783934
99.875760 0.786704
99.876183 0.789474
99.879271 0.792244
99.881548 0.795014
99.885434 0.797784
99.885756 0.800554
99.888027 0.803324
99.888200 0.806094
99.888664 0.808864
99.890363 0.811634
99.897331 0.814404
99.897730 0.817175
99.897736 0.819945
99.898738 0.822715
99.900430 0.825485
99.901468 0.828255
99.903190 0.831025
99.904394 0.833795
99.905163 0.836565
99.907565 0.839335
99.907768 0.842105
99.910295 0.844875
99.912798 0.847645
99.914640 0.850416
99.918133 0.853186
99.918622 0.855956
99.918681 0.858726
99.918866 0.861496
99.919474 0.864266
99.919665 0.867036
99.920046 0.869806
99.927890 0.872576
99.930835 0.875346
99.936551 0.878116
99.938971 0.880886
99.949670 0.883657
99.950910 0.886427
99.953657 0.889197
99.954367 0.891967
99.955827 0.894737
99.963671 0.897507
99.976104 0.900277
99.978131 0.903047
104.315794 0.905817
118.716228 0.908587
154.539883 0.911357
228.360724 0.914127
231.067371 0.916898
315.094590 0.919668
345.684290 0.922438
396.148086 0.925208
425.491714 0.927978
691.774368 0.930748
708.926535 0.933518
930.659676 0.936288
965.764904 0.939058
1050.969982 0.941828
1114.329910 0.944598
1173.532963 0.947368
1225.868607 0.950139
1355.617714 0.952909
1419.477654 0.955679
1537.232208 0.958449
1542.452908 0.961219
1560.227585 0.963989
1602.846527 0.966759
1630.852699 0.969529
1776.017380 0.972299
1802.745628 0.975069
2646.148491 0.977839
3490.346909 0.980609
3780.463791 0.98338
4860.918427 0.98615
6120.801926 0.98892
21271.044922 0.99169
48904.971313 0.99446
532352.294922 0.99723
753285.644531 1
