.900 0.00831025
.900 0.00831025
.900 0.00831025
1.100 0.0110803
1.200 0.0249307
1.200 0.0249307
1.200 0.0249307
1.200 0.0249307
1.200 0.0249307
1.300 0.0277008
1.400 0.0360111
1.400 0.0360111
1.400 0.0360111
1.500 0.0443213
1.500 0.0443213
1.500 0.0443213
1.600 0.0526316
1.600 0.0526316
1.600 0.0526316
1.700 0.0581717
1.700 0.0581717
1.800 0.0637119
1.800 0.0637119
1.900 0.066482
2.000 0.0720222
2.000 0.0720222
2.200 0.0747922
2.400 0.0775623
2.600 0.0803324
2.700 0.0831025
3.300 0.0858726
4.700 0.0886427
4.800 0.0914127
4.900 0.0941828
5.000 0.0969529
5.500 0.099723
5.700 0.102493
5.900 0.105263
6.000 0.108033
6.100 0.110803
6.300 0.113573
6.700 0.116343
6.900 0.119114
7.300 0.121884
7.600 0.127424
7.600 0.127424
7.700 0.130194
7.800 0.132964
8.000 0.135734
8.200 0.138504
8.400 0.146814
8.400 0.146814
8.400 0.146814
8.600 0.149584
8.800 0.152355
8.900 0.160665
8.900 0.160665
8.900 0.160665
9.000 0.168975
9.000 0.168975
9.000 0.168975
9.300 0.171745
9.800 0.177285
9.800 0.177285
9.900 0.180055
10.000 0.185596
10.000 0.185596
10.300 0.188366
10.400 0.191136
10.900 0.193906
11.000 0.196676
11.100 0.199446
11.400 0.202216
11.600 0.204986
11.700 0.213296
11.700 0.213296
11.700 0.213296
11.800 0.221607
11.800 0.221607
11.800 0.221607
11.900 0.224377
12.400 0.227147
12.500 0.229917
12.700 0.232687
12.800 0.238227
12.800 0.238227
12.900 0.243767
12.900 0.243767
13.000 0.249307
13.000 0.249307
13.300 0.252078
13.400 0.257618
13.400 0.257618
13.600 0.260388
13.700 0.263158
14.100 0.265928
14.300 0.271468
14.300 0.271468
14.900 0.277008
14.900 0.277008
15.200 0.279778
15.400 0.282548
15.800 0.285319
15.900 0.288089
16.200 0.290859
16.800 0.293629
17.100 0.296399
17.200 0.299169
17.400 0.304709
17.400 0.304709
17.500 0.310249
17.500 0.310249
17.700 0.313019
17.900 0.315789
18.100 0.32133
18.100 0.32133
18.200 0.32687
18.200 0.32687
18.600 0.32964
18.800 0.33241
19.300 0.33518
19.400 0.33795
19.500 0.34072
19.600 0.34626
19.600 0.34626
19.800 0.34903
20.100 0.351801
20.400 0.354571
20.500 0.360111
20.500 0.360111
20.600 0.362881
20.900 0.365651
21.200 0.368421
21.300 0.371191
21.400 0.373961
21.900 0.379501
21.900 0.379501
22.200 0.382271
22.300 0.385042
22.400 0.390582
22.400 0.390582
22.500 0.393352
22.600 0.396122
23.200 0.398892
23.600 0.404432
23.600 0.404432
23.700 0.409972
23.700 0.409972
23.900 0.412742
24.100 0.415512
24.600 0.421053
24.600 0.421053
25.100 0.423823
25.600 0.429363
25.600 0.429363
25.900 0.432133
26.000 0.434903
26.800 0.437673
27.300 0.440443
27.400 0.445983
27.400 0.445983
27.600 0.448753
27.700 0.451524
27.800 0.454294
28.200 0.459834
28.200 0.459834
28.500 0.465374
28.500 0.465374
28.600 0.468144
28.900 0.470914
29.000 0.473684
29.100 0.476454
29.400 0.479224
29.600 0.481994
29.700 0.484765
30.700 0.487535
31.100 0.490305
31.300 0.493075
31.400 0.498615
31.400 0.498615
31.700 0.506925
31.700 0.506925
31.700 0.506925
31.800 0.509695
31.900 0.515235
31.900 0.515235
32.000 0.520776
32.000 0.520776
32.100 0.523546
32.400 0.526316
32.500 0.529086
32.600 0.534626
32.600 0.534626
32.700 0.537396
32.800 0.540166
33.100 0.542936
33.400 0.545706
33.500 0.548476
33.600 0.551247
33.700 0.554017
33.800 0.556787
33.900 0.559557
34.300 0.562327
34.400 0.565097
34.700 0.567867
34.800 0.570637
34.900 0.576177
34.900 0.576177
35.100 0.578947
35.200 0.581717
35.300 0.584488
35.400 0.587258
35.500 0.592798
35.500 0.592798
35.800 0.595568
36.100 0.598338
36.900 0.601108
37.500 0.606648
37.500 0.606648
37.700 0.609418
37.800 0.612188
37.900 0.614958
39.000 0.617729
39.100 0.620499
39.300 0.623269
39.400 0.628809
39.400 0.628809
40.500 0.631579
40.700 0.634349
40.800 0.637119
40.900 0.645429
40.900 0.645429
40.900 0.645429
41.000 0.65097
41.000 0.65097
41.300 0.65374
41.500 0.65651
42.200 0.65928
42.400 0.66482
42.400 0.66482
42.600 0.66759
42.700 0.67036
42.900 0.67313
43.100 0.6759
43.200 0.67867
43.700 0.68144
44.100 0.684211
44.300 0.686981
44.500 0.689751
44.900 0.692521
45.100 0.695291
45.400 0.698061
46.000 0.700831
46.200 0.703601
46.400 0.709141
46.400 0.709141
47.400 0.711911
47.500 0.714681
47.700 0.717452
47.900 0.720222
48.500 0.722992
48.900 0.728532
48.900 0.728532
49.200 0.734072
49.200 0.734072
49.500 0.739612
49.500 0.739612
49.700 0.742382
49.800 0.745152
50.200 0.747922
50.300 0.750693
50.800 0.756233
50.800 0.756233
50.900 0.759003
51.000 0.761773
51.200 0.764543
51.800 0.767313
52.000 0.770083
52.100 0.781163
52.100 0.781163
52.100 0.781163
52.100 0.781163
52.200 0.783934
52.300 0.786704
52.500 0.789474
52.600 0.792244
53.100 0.797784
53.100 0.797784
53.200 0.803324
53.200 0.803324
53.300 0.806094
53.400 0.808864
53.700 0.811634
53.900 0.814404
54.100 0.819945
54.100 0.819945
54.200 0.822715
54.300 0.825485
54.500 0.828255
55.000 0.831025
55.100 0.833795
55.300 0.836565
55.500 0.839335
55.600 0.842105
56.000 0.844875
56.300 0.847645
56.600 0.850416
56.700 0.853186
57.200 0.855956
57.300 0.861496
57.300 0.861496
57.400 0.864266
57.900 0.867036
58.300 0.869806
58.800 0.872576
58.900 0.875346
59.200 0.878116
59.600 0.880886
59.700 0.883657
59.800 0.889197
59.800 0.889197
60.100 0.891967
60.200 0.894737
60.300 0.900277
60.300 0.900277
60.600 0.903047
60.800 0.905817
61.200 0.908587
61.800 0.911357
61.900 0.914127
62.000 0.916898
62.100 0.919668
62.200 0.925208
62.200 0.925208
62.300 0.927978
62.400 0.930748
62.500 0.933518
62.600 0.939058
62.600 0.939058
63.100 0.944598
63.100 0.944598
63.300 0.947368
63.700 0.950139
64.500 0.952909
65.300 0.955679
66.500 0.958449
66.600 0.961219
66.700 0.963989
66.800 0.969529
66.800 0.969529
66.900 0.972299
67.000 0.977839
67.000 0.977839
67.300 0.980609
67.500 0.98338
67.600 0.98615
67.700 0.98892
67.800 0.99169
68.500 0.99446
69.300 0.99723
77.400 1
