0.0827127 0.00277008
0.0998167 0.00554017
0.159535 0.00831025
0.162594 0.0110803
0.256825 0.0138504
0.291142 0.0166205
0.371853 0.0193906
0.374339 0.0221607
0.380358 0.0249307
0.425095 0.0277008
0.465139 0.0304709
0.471959 0.033241
0.483964 0.0360111
0.606865 0.0387812
0.631312 0.0415512
0.699027 0.0443213
0.71185 0.0470914
0.797481 0.0498615
0.808612 0.0526316
0.873009 0.0554017
0.90477 0.0581717
0.908785 0.0609418
0.928696 0.0637119
1.04269 0.066482
1.0615 0.0692521
1.06228 0.0720222
1.11725 0.0747922
1.14205 0.0775623
1.16689 0.0803324
1.20172 0.0831025
1.26636 0.0858726
1.40361 0.0886427
1.49435 0.0914127
1.52827 0.0941828
1.54529 0.0969529
1.59386 0.099723
1.71457 0.102493
1.78977 0.105263
1.8524 0.108033
1.88194 0.110803
1.91037 0.113573
1.97338 0.116343
2.01488 0.119114
2.03756 0.121884
2.05381 0.124654
2.08384 0.127424
2.09173 0.130194
2.1686 0.132964
2.21703 0.135734
2.22793 0.138504
2.27389 0.141274
2.27678 0.144044
2.29279 0.146814
2.35164 0.149584
2.54512 0.152355
2.56326 0.155125
2.64517 0.157895
2.74015 0.160665
2.80954 0.163435
2.83978 0.166205
2.92122 0.168975
3.00501 0.171745
3.01054 0.174515
3.01699 0.177285
3.06926 0.180055
3.13447 0.182825
3.15199 0.185596
3.20872 0.188366
3.25975 0.191136
3.40667 0.193906
3.43194 0.196676
3.56006 0.199446
3.58388 0.202216
3.62174 0.204986
3.63225 0.207756
3.64544 0.210526
3.67227 0.213296
3.75048 0.216066
3.78209 0.218837
3.83917 0.221607
3.90916 0.224377
3.9702 0.227147
3.98104 0.229917
4.1593 0.232687
4.20044 0.235457
4.20965 0.238227
4.29843 0.240997
4.33508 0.243767
4.38028 0.246537
4.45677 0.249307
4.46431 0.252078
4.51136 0.254848
4.52806 0.257618
4.56793 0.260388
4.60761 0.263158
4.61183 0.265928
4.62206 0.268698
4.64664 0.271468
4.66232 0.274238
4.72886 0.277008
4.75818 0.279778
5.0414 0.282548
5.10386 0.285319
5.17098 0.288089
5.30525 0.290859
5.31394 0.293629
5.33526 0.296399
5.37627 0.299169
5.38719 0.301939
5.45251 0.304709
5.46639 0.307479
5.6256 0.310249
5.86495 0.313019
5.92588 0.315789
5.9645 0.31856
5.97351 0.32133
6.23069 0.3241
6.25692 0.32687
6.3004 0.32964
6.37843 0.33241
6.391 0.33518
6.52308 0.33795
6.53248 0.34072
6.63363 0.34349
6.71052 0.34626
7.00702 0.34903
7.02683 0.351801
7.10784 0.354571
7.1342 0.357341
7.16837 0.360111
7.22532 0.362881
7.24987 0.365651
7.28667 0.368421
7.3736 0.371191
7.4918 0.373961
7.75087 0.376731
7.87567 0.379501
7.89134 0.382271
7.99746 0.385042
8.02303 0.387812
8.27714 0.390582
8.28034 0.393352
8.32262 0.396122
8.47277 0.398892
8.54315 0.401662
8.74376 0.404432
8.7609 0.407202
9.05932 0.409972
9.14451 0.412742
9.18565 0.415512
9.2792 0.418283
9.34022 0.421053
9.47238 0.423823
9.8073 0.426593
9.86912 0.429363
9.8883 0.432133
10.0164 0.434903
10.0563 0.437673
10.2787 0.440443
10.4871 0.443213
10.7529 0.445983
10.7967 0.448753
10.8381 0.451524
10.9034 0.454294
11.3658 0.457064
11.428 0.459834
11.4895 0.462604
11.5828 0.465374
12.2009 0.468144
12.3959 0.470914
12.594 0.473684
12.6382 0.476454
12.6488 0.479224
12.7453 0.481994
12.8951 0.484765
12.9564 0.487535
13.143 0.490305
13.1489 0.493075
13.7945 0.495845
13.8512 0.498615
14.2217 0.501385
14.4806 0.504155
14.5345 0.506925
14.8238 0.509695
14.9706 0.512465
15.1626 0.515235
15.2461 0.518006
15.721 0.520776
15.8369 0.523546
15.8743 0.526316
15.8885 0.529086
16.3449 0.531856
16.4026 0.534626
16.7153 0.537396
16.7574 0.540166
17.2233 0.542936
17.2971 0.545706
17.348 0.548476
17.4887 0.551247
17.7404 0.554017
17.8376 0.556787
17.8603 0.559557
18.1481 0.562327
18.4908 0.565097
18.7326 0.567867
18.7362 0.570637
18.7666 0.573407
19.081 0.576177
19.417 0.578947
19.5181 0.581717
19.5554 0.584488
19.8965 0.587258
20.2028 0.590028
20.3546 0.592798
20.8487 0.595568
21.658 0.598338
21.8793 0.601108
22.2971 0.603878
22.6895 0.606648
23.0053 0.609418
23.6489 0.612188
24.5243 0.614958
24.8004 0.617729
24.8765 0.620499
26.1376 0.623269
26.3291 0.626039
26.4648 0.628809
26.4782 0.631579
26.4965 0.634349
26.6797 0.637119
26.7025 0.639889
27.6188 0.642659
28.3128 0.645429
28.9586 0.648199
29.5943 0.65097
30.4855 0.65374
30.5792 0.65651
31.1461 0.65928
31.15 0.66205
31.5921 0.66482
31.6109 0.66759
32.0063 0.67036
32.4687 0.67313
32.7303 0.6759
33.0388 0.67867
33.191 0.68144
33.7301 0.684211
34.0187 0.686981
34.3414 0.689751
34.4819 0.692521
35.3927 0.695291
35.457 0.698061
36.2087 0.700831
36.921 0.703601
37.0142 0.706371
37.1866 0.709141
37.3122 0.711911
37.3409 0.714681
37.5743 0.717452
37.7075 0.720222
38.859 0.722992
39.8707 0.725762
39.904 0.728532
40.9872 0.731302
41.0224 0.734072
41.2398 0.736842
41.3866 0.739612
41.688 0.742382
43.2614 0.745152
43.6546 0.747922
44.3429 0.750693
44.4324 0.753463
44.8453 0.756233
47.0379 0.759003
47.2281 0.761773
48.8426 0.764543
49.4189 0.767313
50.4517 0.770083
50.7257 0.772853
51.5787 0.775623
52.6415 0.778393
54.5733 0.781163
61.2447 0.783934
62.8025 0.786704
66.7917 0.789474
66.9689 0.792244
68.4926 0.795014
68.7249 0.797784
70.3265 0.800554
70.4917 0.803324
70.665 0.806094
70.8188 0.808864
72.8661 0.811634
73.2734 0.814404
73.7219 0.817175
77.0095 0.819945
77.5697 0.822715
79.3853 0.825485
79.8696 0.828255
79.8886 0.831025
82.9796 0.833795
85.7924 0.836565
88.9202 0.839335
93.4122 0.842105
95.4453 0.844875
96.0921 0.847645
96.5286 0.850416
97.7213 0.853186
97.9923 0.855956
98.4203 0.858726
102.158 0.861496
102.819 0.864266
105.73 0.867036
106.329 0.869806
108.64 0.872576
109.573 0.875346
109.577 0.878116
110.727 0.880886
111.716 0.883657
114.413 0.886427
116.488 0.889197
120.422 0.891967
122.66 0.894737
123.033 0.897507
125.023 0.900277
129.865 0.903047
132.651 0.905817
136.814 0.908587
137.962 0.911357
138.122 0.914127
138.808 0.916898
139.331 0.919668
141.215 0.922438
142.627 0.925208
144.869 0.927978
148.4 0.930748
152.372 0.933518
160.873 0.936288
162.194 0.939058
164.154 0.941828
164.178 0.944598
170.329 0.947368
175.999 0.950139
179.978 0.952909
180.633 0.955679
182.117 0.958449
185.593 0.961219
188.016 0.963989
192.846 0.966759
200.361 0.969529
202.844 0.972299
206.299 0.975069
225.058 0.977839
225.763 0.980609
226.132 0.98338
227.071 0.98615
230.124 0.98892
234.806 0.99169
235.28 0.99446
247.136 0.99723
270.683 1
