0.066177 0.00277008
0.271547 0.00554017
0.288917 0.00831025
0.318746 0.0110803
0.344591 0.0138504
0.345893 0.0166205
0.409808 0.0193906
0.519013 0.0221607
0.565542 0.0249307
0.672364 0.0277008
0.802312 0.0304709
0.885751 0.033241
0.899112 0.0360111
0.993905 0.0387812
1.087251 0.0415512
1.171947 0.0443213
1.184509 0.0470914
1.230814 0.0498615
1.274876 0.0526316
1.376714 0.0554017
1.452457 0.0581717
1.599932 0.0609418
1.600537 0.0637119
1.680277 0.066482
1.883531 0.0692521
1.941917 0.0720222
1.948315 0.0747922
2.173835 0.0775623
2.217600 0.0803324
2.333005 0.0831025
2.365504 0.0858726
2.368624 0.0886427
2.373369 0.0914127
2.379211 0.0941828
2.388230 0.0969529
2.488189 0.099723
2.500692 0.102493
2.501841 0.105263
2.581423 0.108033
2.697823 0.110803
2.773229 0.113573
2.841868 0.116343
2.869782 0.119114
2.938303 0.121884
2.978348 0.124654
3.030781 0.127424
3.059823 0.130194
3.080442 0.132964
3.095490 0.135734
3.123089 0.138504
3.186092 0.141274
3.219441 0.144044
3.236808 0.146814
3.281716 0.149584
3.288728 0.152355
3.289490 0.155125
3.303733 0.157895
3.310980 0.160665
3.315126 0.163435
3.334290 0.166205
3.358629 0.168975
3.432534 0.171745
3.475538 0.174515
3.480809 0.177285
3.542787 0.180055
3.582151 0.182825
3.666280 0.185596
3.727707 0.188366
3.883455 0.191136
3.979848 0.193906
4.130892 0.196676
4.216225 0.199446
4.385478 0.202216
4.504437 0.204986
4.669314 0.207756
4.698789 0.210526
4.765394 0.213296
4.798194 0.216066
4.963549 0.218837
5.428363 0.221607
5.467395 0.224377
5.533797 0.227147
5.648288 0.229917
5.661813 0.232687
5.724058 0.235457
5.972476 0.238227
6.100912 0.240997
6.181055 0.243767
6.218400 0.246537
6.233795 0.249307
6.299083 0.252078
6.435759 0.254848
6.527194 0.257618
6.529334 0.260388
6.706145 0.263158
6.729592 0.265928
6.751139 0.268698
6.761292 0.271468
6.815977 0.274238
6.905034 0.277008
6.942481 0.279778
6.945577 0.282548
6.985173 0.285319
7.208076 0.288089
7.268137 0.290859
7.280640 0.293629
7.345778 0.296399
7.371311 0.299169
7.650268 0.301939
7.718514 0.304709
7.723290 0.307479
7.789222 0.310249
7.835453 0.313019
7.842841 0.315789
7.850171 0.31856
7.887143 0.32133
7.952303 0.3241
7.988980 0.32687
8.097292 0.32964
8.147953 0.33241
8.166975 0.33518
8.178089 0.33795
8.242421 0.34072
8.327008 0.34349
8.452558 0.34626
8.578444 0.34903
8.676885 0.351801
8.686712 0.354571
8.689188 0.357341
8.708473 0.360111
8.757571 0.362881
8.833589 0.365651
8.849692 0.368421
8.918814 0.371191
8.920087 0.373961
8.968075 0.376731
9.022249 0.379501
9.177374 0.382271
9.202813 0.385042
9.374178 0.387812
9.427325 0.390582
9.465577 0.393352
9.465846 0.396122
9.473817 0.398892
9.567090 0.401662
9.615397 0.404432
9.965859 0.407202
10.044107 0.409972
10.124642 0.412742
10.166705 0.415512
10.196751 0.418283
10.271090 0.421053
10.305989 0.423823
10.659843 0.426593
10.674538 0.429363
10.764807 0.432133
10.933733 0.434903
10.994331 0.437673
11.042047 0.440443
11.074677 0.443213
11.107522 0.445983
11.137440 0.448753
11.158311 0.451524
11.577307 0.454294
11.683356 0.457064
11.754731 0.459834
11.873373 0.462604
11.895308 0.465374
11.965965 0.468144
12.397506 0.470914
12.401605 0.473684
12.529941 0.476454
12.597886 0.479224
12.603746 0.481994
12.751397 0.484765
12.800327 0.487535
13.032171 0.490305
13.072169 0.493075
13.377333 0.495845
13.412324 0.498615
13.523124 0.501385
13.848945 0.504155
13.993122 0.506925
14.070188 0.509695
14.159513 0.512465
14.366971 0.515235
14.458163 0.518006
14.811479 0.520776
14.815417 0.523546
15.027770 0.526316
15.057364 0.529086
15.165488 0.531856
15.198845 0.534626
15.246601 0.537396
15.460280 0.540166
15.722720 0.542936
16.276839 0.545706
16.319758 0.548476
16.464885 0.551247
16.498020 0.554017
16.570756 0.556787
16.692072 0.559557
17.153336 0.562327
17.181623 0.565097
17.195858 0.567867
17.213714 0.570637
17.813246 0.573407
18.062471 0.576177
18.490253 0.578947
18.703538 0.581717
18.766239 0.584488
18.904541 0.587258
19.061926 0.590028
19.113894 0.592798
19.124013 0.595568
19.478770 0.598338
19.484906 0.601108
19.905983 0.603878
19.946794 0.606648
20.056747 0.609418
20.266667 0.612188
20.295472 0.614958
20.433724 0.617729
20.473923 0.620499
20.642550 0.623269
21.139786 0.626039
21.149535 0.628809
21.617159 0.631579
21.787068 0.634349
21.819688 0.637119
21.920751 0.639889
21.983276 0.642659
22.110783 0.645429
22.152540 0.648199
22.159696 0.65097
22.334407 0.65374
22.381592 0.65651
23.138776 0.65928
23.585515 0.66205
23.813564 0.66482
23.887430 0.66759
23.949718 0.67036
23.997171 0.67313
24.102765 0.6759
24.505262 0.67867
24.736308 0.68144
25.121099 0.684211
25.159541 0.686981
25.264332 0.689751
25.325841 0.692521
25.550649 0.695291
25.778478 0.698061
25.812662 0.700831
25.857899 0.703601
26.072654 0.706371
26.123703 0.709141
26.159260 0.711911
26.914677 0.714681
26.920390 0.717452
26.923221 0.720222
26.953033 0.722992
27.023634 0.725762
27.429366 0.728532
28.029996 0.731302
28.226915 0.734072
28.579453 0.736842
28.895277 0.739612
29.460609 0.742382
29.538068 0.745152
29.994795 0.747922
30.599651 0.750693
30.641875 0.753463
31.034362 0.756233
31.078833 0.759003
31.209064 0.761773
31.861266 0.764543
32.047266 0.767313
32.071194 0.770083
33.113959 0.772853
33.218527 0.775623
33.282313 0.778393
33.859956 0.781163
33.962142 0.783934
33.970925 0.786704
34.079874 0.789474
34.764832 0.792244
35.030937 0.795014
35.279480 0.797784
35.339609 0.800554
35.469615 0.803324
35.660326 0.806094
35.827079 0.808864
36.491418 0.811634
36.736894 0.814404
38.776284 0.817175
38.894632 0.819945
39.117458 0.822715
39.220884 0.825485
39.477578 0.828255
41.246501 0.831025
41.930869 0.833795
42.104191 0.836565
42.142656 0.839335
42.195663 0.842105
42.699099 0.844875
44.121554 0.847645
44.254687 0.850416
45.176715 0.853186
46.090645 0.855956
46.119791 0.858726
47.286114 0.861496
47.882116 0.864266
48.743138 0.867036
48.844349 0.869806
50.275409 0.872576
50.394350 0.875346
54.282910 0.878116
55.657113 0.880886
56.044757 0.883657
56.361651 0.886427
56.851405 0.889197
57.971179 0.891967
58.513004 0.894737
61.947727 0.897507
62.651414 0.900277
63.693172 0.903047
67.788428 0.905817
68.121487 0.908587
71.831906 0.911357
72.747564 0.914127
73.334521 0.916898
76.533550 0.919668
77.058524 0.922438
77.282798 0.925208
79.205525 0.927978
79.214370 0.930748
85.693848 0.933518
99.897069 0.936288
100.442326 0.939058
104.366779 0.941828
108.157861 0.944598
109.937513 0.947368
116.087532 0.950139
116.569555 0.952909
120.246744 0.955679
139.662981 0.958449
141.179752 0.961219
142.560804 0.963989
142.905772 0.966759
146.163535 0.969529
149.651945 0.972299
157.800782 0.975069
161.104321 0.977839
163.652122 0.980609
167.244363 0.98338
170.334029 0.98615
200.874066 0.98892
225.604415 0.99169
244.020033 0.99446
337.456298 0.99723
365.394950 1
