1.572998 0.00277008
3.233398 0.00554017
3.424438 0.00831025
4.690674 0.0110803
4.907837 0.0138504
5.813965 0.0166205
6.219849 0.0193906
6.396484 0.0221607
7.265137 0.0249307
9.547485 0.0277008
11.296387 0.0304709
11.523804 0.033241
11.837402 0.0360111
12.167603 0.0387812
12.645752 0.0415512
13.146240 0.0443213
17.166138 0.0470914
17.257324 0.0498615
18.066650 0.0526316
20.558472 0.0554017
20.734131 0.0581717
22.625549 0.0609418
23.265381 0.0637119
23.786987 0.066482
24.659302 0.0692521
25.213379 0.0720222
25.328857 0.0747922
26.085938 0.0775623
26.329834 0.0803324
26.851440 0.0831025
27.260254 0.0858726
27.460571 0.0886427
27.949219 0.0914127
30.949585 0.0941828
32.721313 0.0969529
32.915894 0.099723
32.920898 0.102493
34.381226 0.105263
34.454346 0.108033
34.668823 0.110803
34.999023 0.113573
35.048950 0.116343
35.076294 0.119114
35.449585 0.121884
35.551758 0.124654
35.657227 0.127424
35.673584 0.130194
35.707764 0.132964
36.414673 0.135734
36.936646 0.138504
37.045044 0.141274
37.404663 0.144044
37.417480 0.146814
37.503845 0.149584
38.168091 0.152355
38.521851 0.155125
39.009521 0.157895
40.640991 0.160665
41.677612 0.163435
42.813477 0.166205
43.262329 0.168975
43.778931 0.171745
43.833435 0.174515
43.903931 0.177285
43.919067 0.180055
45.446655 0.182825
45.468262 0.185596
46.422607 0.188366
47.135620 0.191136
48.994751 0.193906
49.111450 0.196676
49.357422 0.199446
51.062988 0.202216
51.105957 0.204986
51.308350 0.207756
53.492310 0.210526
57.927185 0.213296
58.680420 0.216066
62.104675 0.218837
62.338257 0.221607
62.561829 0.224377
62.626648 0.227147
65.011963 0.229917
66.044800 0.232687
67.424805 0.235457
69.601562 0.238227
69.899048 0.240997
70.586243 0.243767
70.743835 0.246537
71.323486 0.249307
71.637756 0.252078
74.048462 0.254848
74.999512 0.257618
76.263916 0.260388
76.880249 0.263158
77.089111 0.265928
77.296936 0.268698
78.485962 0.271468
78.755371 0.274238
79.329285 0.277008
79.412842 0.279778
80.088379 0.282548
80.810913 0.285319
81.154053 0.288089
83.265747 0.290859
88.088623 0.293629
89.410645 0.296399
89.639160 0.299169
89.671265 0.301939
90.307983 0.304709
90.313477 0.307479
91.123169 0.310249
92.628418 0.313019
92.924438 0.315789
94.379883 0.31856
94.747070 0.32133
95.223999 0.3241
96.151489 0.32687
98.578003 0.32964
98.850708 0.33241
99.950928 0.33518
100.186401 0.33795
100.193848 0.34072
102.823730 0.34349
103.467285 0.34626
103.689575 0.34903
106.133911 0.351801
106.457886 0.354571
107.075317 0.357341
108.867554 0.360111
108.958496 0.362881
109.087891 0.365651
109.520142 0.368421
109.600586 0.371191
110.734619 0.373961
111.479126 0.376731
111.601074 0.379501
112.948853 0.382271
116.568970 0.385042
117.608643 0.387812
119.612671 0.390582
122.781494 0.393352
127.860229 0.396122
130.279419 0.398892
133.593262 0.401662
136.018555 0.404432
136.065308 0.407202
137.310425 0.409972
137.485107 0.412742
138.782959 0.415512
139.148438 0.418283
140.223267 0.421053
141.796692 0.423823
144.566040 0.426593
145.922485 0.429363
146.801880 0.432133
147.268188 0.434903
149.060059 0.437673
155.168701 0.440443
156.460693 0.443213
158.279663 0.445983
158.575195 0.448753
160.237549 0.451524
161.838013 0.454294
162.889526 0.457064
165.679321 0.459834
167.418335 0.462604
168.443359 0.465374
168.642700 0.468144
170.371216 0.470914
171.978760 0.473684
176.503296 0.476454
176.611084 0.479224
178.306152 0.481994
184.281677 0.484765
185.175171 0.487535
185.200806 0.490305
185.251343 0.493075
190.175293 0.495845
192.026978 0.498615
193.209351 0.501385
194.166992 0.504155
199.206055 0.506925
200.276245 0.509695
202.452759 0.512465
202.827454 0.515235
204.005615 0.518006
204.734009 0.520776
210.732788 0.523546
222.170532 0.526316
225.018677 0.529086
225.901489 0.531856
226.695679 0.534626
228.003418 0.537396
232.253540 0.540166
232.321411 0.542936
233.008179 0.545706
233.283691 0.548476
233.520142 0.551247
237.085693 0.554017
238.044922 0.556787
240.449463 0.559557
245.943970 0.562327
248.059937 0.565097
262.201172 0.567867
269.311768 0.570637
271.039429 0.573407
275.108643 0.576177
282.421997 0.578947
283.070557 0.581717
288.391968 0.584488
291.344360 0.587258
294.539795 0.590028
297.771118 0.592798
300.653198 0.595568
306.565186 0.598338
313.883301 0.601108
314.063354 0.603878
317.484375 0.606648
318.809448 0.609418
321.984131 0.612188
325.752197 0.614958
328.434204 0.617729
331.193604 0.620499
334.843140 0.623269
335.180786 0.626039
342.342041 0.628809
344.284424 0.631579
358.596924 0.634349
361.018921 0.637119
369.981567 0.639889
373.637207 0.642659
378.765015 0.645429
379.862427 0.648199
380.456299 0.65097
396.662231 0.65374
404.178711 0.65651
404.236694 0.65928
412.617798 0.66205
419.995850 0.66482
434.449463 0.66759
447.358765 0.67036
462.674805 0.67313
463.787109 0.6759
464.134399 0.67867
470.757324 0.68144
479.704346 0.684211
479.852905 0.686981
484.901855 0.689751
487.335205 0.692521
489.612305 0.695291
490.758789 0.698061
497.639282 0.700831
500.080688 0.703601
517.280151 0.706371
526.572266 0.709141
530.041504 0.711911
541.333618 0.714681
546.860840 0.717452
553.275391 0.720222
553.849487 0.722992
555.223633 0.725762
575.199219 0.728532
586.497681 0.731302
594.680420 0.734072
603.859131 0.736842
612.776611 0.739612
617.487305 0.742382
619.456909 0.745152
623.668701 0.747922
631.133301 0.750693
638.537598 0.753463
641.745117 0.756233
678.705566 0.759003
692.524658 0.761773
700.819702 0.764543
704.820557 0.767313
705.147095 0.770083
747.478516 0.772853
749.749512 0.775623
751.576538 0.778393
768.923218 0.781163
782.047485 0.783934
789.916382 0.786704
810.003540 0.789474
811.284302 0.792244
821.168945 0.795014
824.938599 0.797784
833.374146 0.800554
846.910889 0.803324
852.951782 0.806094
853.638062 0.808864
872.331909 0.811634
882.752808 0.814404
891.374390 0.817175
910.466919 0.819945
947.114014 0.822715
950.760376 0.825485
953.445557 0.828255
956.499878 0.831025
968.468262 0.833795
976.563171 0.836565
987.393555 0.839335
1007.896606 0.842105
1013.371216 0.844875
1014.272949 0.847645
1023.985840 0.850416
1024.690918 0.853186
1025.306641 0.855956
1033.463379 0.858726
1043.278809 0.861496
1069.068237 0.864266
1085.870728 0.867036
1101.153076 0.869806
1102.604980 0.872576
1124.427734 0.875346
1137.327637 0.878116
1220.906738 0.880886
1224.026855 0.883657
1287.066162 0.886427
1317.695923 0.889197
1328.139282 0.891967
1331.925659 0.894737
1341.834473 0.897507
1350.581665 0.900277
1371.409058 0.903047
1372.703247 0.905817
1402.436768 0.908587
1406.571045 0.911357
1418.158691 0.914127
1421.411499 0.916898
1434.435059 0.919668
1458.533813 0.922438
1464.236328 0.925208
1522.408325 0.927978
1553.542358 0.930748
1553.658447 0.933518
1624.715576 0.936288
1685.308838 0.939058
1772.804077 0.941828
1775.489624 0.944598
1791.833862 0.947368
1794.958252 0.950139
1840.085815 0.952909
1922.513428 0.955679
1933.798828 0.958449
1981.837891 0.961219
2030.137939 0.963989
2063.425781 0.966759
2173.018311 0.969529
2273.122559 0.972299
2285.678955 0.975069
2691.011230 0.977839
2906.640625 0.980609
2926.406982 0.98338
3001.885254 0.98615
3061.695557 0.98892
3479.056152 0.99169
3918.097412 0.99446
4336.849609 0.99723
5165.103516 1
