1.1687 0.00277008
1.5525 0.00554017
2.0775 0.00831025
3.3508 0.0110803
4.375 0.0138504
4.563 0.0166205
4.750 0.0193906
5.0138 0.0221607
5.062 0.0249307
5.550 0.0277008
6.000 0.0304709
6.125 0.033241
6.450 0.0360111
6.5738 0.0387812
6.5775 0.0415512
7.5525 0.0443213
7.875 0.0470914
7.9013 0.0498615
8.2942 0.0526316
9.500 0.0554017
10.3725 0.0581717
10.687 0.0609418
11.100 0.0637119
11.2308 0.066482
11.5850 0.0692521
12.1067 0.0720222
13.3850 0.0747922
13.938 0.0775623
14.000 0.0803324
14.1525 0.0831025
15.000 0.0858726
15.075 0.0886427
16.350 0.0914127
16.3988 0.0941828
17.188 0.0969529
17.500 0.099723
17.737 0.102493
18.0808 0.105263
19.0808 0.108033
19.7733 0.110803
19.850 0.113573
21.375 0.116343
22.625 0.119114
22.6725 0.121884
22.9608 0.124654
24.000 0.127424
24.12525 0.130194
24.5775 0.132964
24.750 0.135734
25.450 0.138504
25.4892 0.141274
26.163 0.144044
26.9775 0.146814
27.1437 0.149584
27.750 0.152355
27.8850 0.155125
27.912 0.157895
28.0258 0.160665
28.275 0.163435
29.4350 0.166205
29.775 0.168975
30.0850 0.171745
31.050 0.174515
31.4742 0.177285
31.675 0.180055
32.22525 0.182825
33.375 0.185596
33.5850 0.188366
34.6275 0.191136
36.6062 0.193906
36.7725 0.196676
36.9258 0.199446
37.5575 0.202216
37.8862 0.204986
38.150 0.207756
39.175 0.210526
39.675 0.213296
39.975 0.216066
40.7488 0.218837
41.00862 0.221607
41.037 0.224377
42.962 0.227147
44.0150 0.229917
44.8562 0.232687
45.2025 0.235457
45.5617 0.238227
45.64612 0.240997
46.4887 0.243767
47.2237 0.246537
48.125 0.249307
48.3608 0.252078
49.1358 0.254848
49.6233 0.257618
49.6650 0.260388
50.0883 0.263158
51.0392 0.265928
53.3313 0.268698
54.125 0.271468
54.600 0.274238
57.2650 0.277008
58.6687 0.279778
59.0892 0.282548
59.250 0.285319
59.7425 0.288089
60.4992 0.290859
63.062 0.293629
63.525 0.296399
64.625 0.299169
65.575 0.301939
67.7075 0.304709
68.9762 0.307479
69.9975 0.310249
71.7313 0.313019
73.013 0.315789
76.1350 0.31856
76.200 0.32133
76.350 0.3241
76.500 0.32687
77.4188 0.32964
79.1775 0.33241
81.575 0.33518
83.3425 0.33795
88.8850 0.34072
89.950 0.34349
90.150 0.34626
90.213 0.34903
92.425 0.351801
93.2025 0.354571
94.9638 0.357341
95.3538 0.360111
95.462 0.362881
97.3012 0.365651
98.687 0.368421
99.0438 0.371191
100.6275 0.373961
102.3938 0.376731
102.738 0.379501
104.7112 0.382271
104.738 0.385042
105.5188 0.387812
106.4575 0.390582
108.2992 0.393352
109.3825 0.396122
109.9567 0.398892
113.4350 0.401662
114.8363 0.404432
115.0008 0.407202
115.600 0.409972
117.3983 0.412742
119.950 0.415512
124.4175 0.418283
126.9892 0.421053
129.1008 0.423823
129.7008 0.426593
135.9563 0.429363
137.3925 0.432133
138.8025 0.434903
139.4733 0.437673
140.150 0.440443
140.7525 0.443213
142.150 0.445983
143.675 0.448753
144.6433 0.451524
153.000 0.454294
153.4075 0.457064
156.000 0.459834
157.388 0.462604
157.4188 0.465374
158.3313 0.468144
161.0350 0.470914
162.125 0.473684
163.8313 0.476454
164.850 0.479224
167.8575 0.481994
173.162 0.484765
186.3313 0.487535
189.7937 0.490305
193.3650 0.493075
195.675 0.495845
196.4150 0.498615
199.500 0.501385
199.675 0.504155
200.938 0.506925
201.9563 0.509695
205.3175 0.512465
215.7350 0.515235
221.1058 0.518006
225.5650 0.520776
227.3025 0.523546
232.725 0.526316
233.0775 0.529086
233.3308 0.531856
234.2992 0.534626
236.5725 0.537396
248.7150 0.540166
263.850 0.542936
267.100 0.545706
273.6262 0.548476
274.200 0.551247
275.238 0.554017
278.7975 0.556787
296.700 0.559557
297.300 0.562327
300.450 0.565097
317.437 0.567867
335.813 0.570637
339.6488 0.573407
344.8562 0.576177
348.3263 0.578947
353.5150 0.581717
361.475 0.584488
367.0363 0.587258
367.6442 0.590028
372.2850 0.592798
373.8963 0.595568
378.500 0.598338
379.8992 0.601108
382.1363 0.603878
395.550 0.606648
404.000 0.609418
406.200 0.612188
409.2425 0.614958
421.9425 0.617729
424.025 0.620499
432.0488 0.623269
432.9863 0.626039
433.9850 0.628809
444.938 0.631579
454.3458 0.634349
457.575 0.637119
458.063 0.639889
458.3650 0.642659
460.6325 0.645429
470.3567 0.648199
488.213 0.65097
491.300 0.65374
500.7783 0.65651
503.888 0.65928
504.2317 0.66205
520.275 0.66482
522.1233 0.66759
537.9850 0.67036
544.3150 0.67313
546.137 0.6759
556.2525 0.67867
560.0150 0.68144
572.700 0.684211
575.9163 0.686981
582.4575 0.689751
587.0150 0.692521
589.3350 0.695291
604.9238 0.698061
611.8725 0.700831
627.5762 0.703601
630.150 0.706371
634.850 0.709141
636.975 0.711911
646.875 0.714681
666.5438 0.717452
670.075 0.720222
676.1650 0.722992
680.925 0.725762
685.3238 0.728532
686.800 0.731302
710.9775 0.734072
761.813 0.736842
790.600 0.739612
805.6350 0.742382
814.3012 0.745152
837.0188 0.747922
840.0675 0.750693
855.850 0.753463
864.0367 0.756233
883.250 0.759003
923.3175 0.761773
932.500 0.764543
933.938 0.767313
945.9633 0.770083
949.575 0.772853
966.900 0.775623
974.9825 0.778393
978.675 0.781163
980.825 0.783934
1013.6150 0.786704
1041.1892 0.789474
1070.3675 0.792244
1082.3338 0.795014
1082.3350 0.797784
1099.9825 0.800554
1124.100 0.803324
1135.725 0.806094
1151.6425 0.808864
1159.4575 0.811634
1164.6692 0.814404
1176.7258 0.817175
1194.0075 0.819945
1195.075 0.822715
1207.7008 0.825485
1208.4887 0.828255
1230.4925 0.831025
1252.425 0.833795
1282.463 0.836565
1304.538 0.839335
1319.5825 0.842105
1337.600 0.844875
1338.0263 0.847645
1341.9488 0.850416
1342.312 0.853186
1368.675 0.855956
1373.700 0.858726
1380.300 0.861496
1423.550 0.864266
1424.1108 0.867036
1427.013 0.869806
1431.063 0.872576
1434.938 0.875346
1458.1175 0.878116
1468.5175 0.880886
1497.838 0.883657
1522.050 0.886427
1524.4925 0.889197
1547.350 0.891967
1556.650 0.894737
1571.413 0.897507
1580.5238 0.900277
1615.575 0.903047
1625.688 0.905817
1629.4013 0.908587
1638.4675 0.911357
1644.3113 0.914127
1652.0575 0.916898
1661.8988 0.919668
1688.725 0.922438
1694.150 0.925208
1695.5475 0.927978
1703.225 0.930748
1749.875 0.933518
1751.2388 0.936288
1752.425 0.939058
1783.4575 0.941828
1790.025 0.944598
1802.325 0.947368
1820.100 0.950139
1821.275 0.952909
1827.250 0.955679
1831.750 0.958449
1855.7838 0.961219
1860.5788 0.963989
1896.9575 0.966759
1902.588 0.969529
1908.3788 0.972299
1922.1838 0.975069
1967.275 0.977839
2277.475 0.980609
2445.6675 0.98338
2543.600 0.98615
2602.238 0.98892
2654.6075 0.99169
2804.6675 0.99446
2827.150 0.99723
2880.750 1
