0.0655925 0.00277008
0.120336 0.00554017
0.286697 0.00831025
0.419366 0.0110803
0.569806 0.0138504
0.662766 0.0166205
0.766908 0.0193906
0.813197 0.0221607
0.896886 0.0249307
1.08637 0.0277008
1.2231 0.0304709
1.29167 0.033241
1.37214 0.0360111
1.38845 0.0387812
1.43026 0.0415512
1.7731 0.0443213
1.8396 0.0470914
1.88619 0.0498615
1.94072 0.0526316
1.9677 0.0554017
1.98759 0.0581717
2.00037 0.0609418
2.06846 0.0637119
2.12239 0.066482
2.14886 0.0692521
2.20427 0.0720222
2.31651 0.0747922
2.33957 0.0775623
2.34796 0.0803324
2.36997 0.0831025
2.4126 0.0858726
2.43281 0.0886427
2.58439 0.0914127
2.58441 0.0941828
2.7327 0.0969529
2.74113 0.099723
2.92194 0.102493
2.94186 0.105263
3.01884 0.108033
3.04173 0.110803
3.13779 0.113573
3.16557 0.116343
3.16789 0.119114
3.23069 0.121884
3.30436 0.124654
3.31338 0.127424
3.34852 0.130194
3.35236 0.132964
3.38284 0.135734
3.40646 0.138504
3.4746 0.141274
3.54858 0.144044
3.55722 0.146814
3.60064 0.149584
3.6211 0.152355
3.70565 0.155125
3.7159 0.157895
3.74454 0.160665
3.93686 0.163435
3.95493 0.166205
3.99388 0.168975
4.01253 0.171745
4.06806 0.174515
4.24083 0.177285
4.26318 0.180055
4.28079 0.182825
4.61365 0.185596
4.6763 0.188366
4.74214 0.191136
4.86131 0.193906
4.88337 0.196676
5.14247 0.199446
5.17417 0.202216
5.20712 0.204986
5.2458 0.207756
5.37102 0.210526
5.72042 0.213296
5.72256 0.216066
5.88978 0.218837
6.31091 0.221607
6.59914 0.224377
6.60767 0.227147
6.60992 0.229917
6.81604 0.232687
6.81913 0.235457
6.86773 0.238227
6.93644 0.240997
7.00046 0.243767
7.02433 0.246537
7.0414 0.249307
7.06242 0.252078
7.22729 0.254848
7.28595 0.257618
7.29807 0.260388
7.31715 0.263158
7.38781 0.265928
7.40589 0.268698
7.47495 0.271468
7.51837 0.274238
7.5572 0.277008
7.57845 0.279778
7.61816 0.282548
7.6951 0.285319
7.71101 0.288089
7.79799 0.290859
8.00078 0.293629
8.07054 0.296399
8.14697 0.299169
8.22593 0.301939
8.22625 0.304709
8.25345 0.307479
8.29688 0.310249
8.33528 0.313019
8.43361 0.315789
8.43991 0.31856
8.51165 0.32133
8.65271 0.3241
8.744 0.32687
8.74781 0.32964
8.79567 0.33241
8.88325 0.33518
8.97936 0.33795
9.03333 0.34072
9.09447 0.34349
9.13735 0.34626
9.22542 0.34903
9.2784 0.351801
9.30788 0.354571
9.31835 0.357341
9.47206 0.360111
9.66205 0.362881
9.73566 0.365651
9.78908 0.368421
9.80867 0.371191
10.0523 0.373961
10.3137 0.376731
10.3295 0.379501
10.3513 0.382271
10.4601 0.385042
10.5389 0.387812
10.5414 0.390582
10.6221 0.393352
10.6351 0.396122
11.0228 0.398892
11.0721 0.401662
11.0832 0.404432
11.1118 0.407202
11.3093 0.409972
11.5362 0.412742
11.5436 0.415512
11.6069 0.418283
11.721 0.421053
11.8769 0.423823
11.9335 0.426593
11.961 0.429363
11.9969 0.432133
12.0453 0.434903
12.0797 0.437673
12.3655 0.440443
12.4166 0.443213
12.8253 0.445983
12.853 0.448753
13.1136 0.451524
13.1746 0.454294
13.1985 0.457064
13.2101 0.459834
13.2682 0.462604
13.3578 0.465374
13.4214 0.468144
13.4614 0.470914
13.855 0.473684
14.1278 0.476454
14.1965 0.479224
14.2449 0.481994
14.293 0.484765
14.3179 0.487535
14.5414 0.490305
14.7516 0.493075
14.8122 0.495845
15.2788 0.498615
15.336 0.501385
15.5123 0.504155
15.5408 0.506925
15.8727 0.509695
16.0136 0.512465
16.0196 0.515235
16.1562 0.518006
16.4365 0.520776
16.6121 0.523546
16.6572 0.526316
16.95 0.529086
17.0454 0.531856
17.233 0.534626
17.2746 0.537396
17.3119 0.540166
17.3905 0.542936
17.47 0.545706
17.4718 0.548476
17.478 0.551247
17.5056 0.554017
17.7354 0.556787
17.8754 0.559557
17.8968 0.562327
17.9182 0.565097
18.3191 0.567867
18.5722 0.570637
18.8607 0.573407
19.0273 0.576177
19.2676 0.578947
19.4826 0.581717
19.9645 0.584488
20.0348 0.587258
20.0864 0.590028
20.1128 0.592798
20.6083 0.595568
20.6769 0.598338
20.784 0.601108
20.8137 0.603878
21.2604 0.606648
21.4413 0.609418
21.7361 0.612188
21.8924 0.614958
21.9219 0.617729
22.2243 0.620499
22.4331 0.623269
22.6658 0.626039
22.671 0.628809
22.685 0.631579
22.7456 0.634349
22.8126 0.637119
22.8283 0.639889
23.1626 0.642659
23.2589 0.645429
23.2622 0.648199
23.333 0.65097
23.4847 0.65374
23.6568 0.65651
23.9283 0.65928
24.6126 0.66205
24.6742 0.66482
24.9256 0.66759
25.2435 0.67036
25.3177 0.67313
25.6094 0.6759
25.8487 0.67867
26.1363 0.68144
26.2954 0.684211
26.4667 0.686981
26.9704 0.689751
27.0563 0.692521
27.1036 0.695291
27.2174 0.698061
27.3182 0.700831
27.4828 0.703601
27.5928 0.706371
28.5848 0.709141
28.7101 0.711911
28.7958 0.714681
29.5007 0.717452
29.7708 0.720222
29.7864 0.722992
29.8156 0.725762
29.8862 0.728532
29.9141 0.731302
29.9171 0.734072
30.733 0.736842
30.9069 0.739612
31.1168 0.742382
31.5732 0.745152
31.8678 0.747922
32.3298 0.750693
32.5688 0.753463
33.2703 0.756233
33.2927 0.759003
33.3445 0.761773
33.3562 0.764543
33.7236 0.767313
33.7396 0.770083
34.1131 0.772853
34.3884 0.775623
34.6913 0.778393
35.1251 0.781163
35.2979 0.783934
35.748 0.786704
35.8063 0.789474
36.23 0.792244
36.6338 0.795014
37.2842 0.797784
37.4341 0.800554
38.0978 0.803324
38.7505 0.806094
38.8422 0.808864
39.2592 0.811634
39.5961 0.814404
39.8642 0.817175
40.2299 0.819945
40.9894 0.822715
42.283 0.825485
42.9251 0.828255
43.0951 0.831025
43.2236 0.833795
43.5298 0.836565
44.1277 0.839335
45.3048 0.842105
46.1002 0.844875
46.4416 0.847645
47.928 0.850416
48.7602 0.853186
49.6585 0.855956
50.4287 0.858726
50.7538 0.861496
51.163 0.864266
51.4952 0.867036
52.7602 0.869806
53.3714 0.872576
54.0161 0.875346
54.3279 0.878116
55.2984 0.880886
55.6836 0.883657
58.0861 0.886427
58.2254 0.889197
59.401 0.891967
68.9054 0.894737
71.8969 0.897507
75.7561 0.900277
79.1475 0.903047
79.9755 0.905817
83.4144 0.908587
85.6224 0.911357
98.0529 0.914127
99.2601 0.916898
108.356 0.919668
109.145 0.922438
131.023 0.925208
132.009 0.927978
133.432 0.930748
134.578 0.933518
135.383 0.936288
139.933 0.939058
143.614 0.941828
156.902 0.944598
157.568 0.947368
160.923 0.950139
163.297 0.952909
174.122 0.955679
176.843 0.958449
186.249 0.961219
194.231 0.963989
241.993 0.966759
247.102 0.969529
251.583 0.972299
274.285 0.975069
278.269 0.977839
282.622 0.980609
323.978 0.98338
356.935 0.98615
364.989 0.98892
545.529 0.99169
697.76 0.99446
1215.15 0.99723
1495.54 1
