3.200 0.00277008
15.400 0.00554017
28.600 0.00831025
35.400 0.0110803
50.600 0.0138504
52.800 0.0166205
53.300 0.0193906
54.200 0.0221607
55.700 0.0249307
62.500 0.0304709
62.500 0.0304709
74.400 0.033241
75.700 0.0360111
76.300 0.0387812
78.100 0.0415512
81.300 0.0443213
83.700 0.0470914
84.100 0.0498615
86.000 0.0526316
87.100 0.0554017
88.900 0.0581717
89.200 0.0609418
89.600 0.0637119
89.700 0.066482
89.800 0.0692521
89.900 0.0720222
90.000 0.0747922
90.500 0.0775623
90.600 0.0803324
91.100 0.0858726
91.100 0.0858726
91.300 0.0886427
92.000 0.0914127
92.300 0.0969529
92.300 0.0969529
92.400 0.105263
92.400 0.105263
92.400 0.105263
92.500 0.110803
92.500 0.110803
92.700 0.113573
92.900 0.116343
93.300 0.119114
93.500 0.121884
93.600 0.124654
94.000 0.132964
94.000 0.132964
94.000 0.132964
94.100 0.135734
94.200 0.141274
94.200 0.141274
94.300 0.144044
94.400 0.146814
94.500 0.152355
94.500 0.152355
94.700 0.157895
94.700 0.157895
94.800 0.160665
95.000 0.166205
95.000 0.166205
95.100 0.168975
95.300 0.171745
95.400 0.174515
95.600 0.177285
96.100 0.182825
96.100 0.182825
96.200 0.185596
96.300 0.188366
96.400 0.191136
96.700 0.196676
96.700 0.196676
96.800 0.202216
96.800 0.202216
96.900 0.204986
97.000 0.207756
97.100 0.216066
97.100 0.216066
97.100 0.216066
97.200 0.218837
97.300 0.232687
97.300 0.232687
97.300 0.232687
97.300 0.232687
97.300 0.232687
97.400 0.238227
97.400 0.238227
97.500 0.240997
97.600 0.246537
97.600 0.246537
97.800 0.254848
97.800 0.254848
97.800 0.254848
97.900 0.268698
97.900 0.268698
97.900 0.268698
97.900 0.268698
97.900 0.268698
98.000 0.282548
98.000 0.282548
98.000 0.282548
98.000 0.282548
98.000 0.282548
98.100 0.288089
98.100 0.288089
98.200 0.290859
98.300 0.293629
98.400 0.304709
98.400 0.304709
98.400 0.304709
98.400 0.304709
98.500 0.310249
98.500 0.310249
98.600 0.31856
98.600 0.31856
98.600 0.31856
98.700 0.32133
98.800 0.33795
98.800 0.33795
98.800 0.33795
98.800 0.33795
98.800 0.33795
98.800 0.33795
98.900 0.34072
99.000 0.354571
99.000 0.354571
99.000 0.354571
99.000 0.354571
99.000 0.354571
99.100 0.373961
99.100 0.373961
99.100 0.373961
99.100 0.373961
99.100 0.373961
99.100 0.373961
99.100 0.373961
99.200 0.393352
99.200 0.393352
99.200 0.393352
99.200 0.393352
99.200 0.393352
99.200 0.393352
99.200 0.393352
99.300 0.443213
99.300 0.443213
99.300 0.443213
99.300 0.443213
99.300 0.443213
99.300 0.443213
99.300 0.443213
99.300 0.443213
99.300 0.443213
99.300 0.443213
99.300 0.443213
99.300 0.443213
99.300 0.443213
99.300 0.443213
99.300 0.443213
99.300 0.443213
99.300 0.443213
99.300 0.443213
99.400 0.484765
99.400 0.484765
99.400 0.484765
99.400 0.484765
99.400 0.484765
99.400 0.484765
99.400 0.484765
99.400 0.484765
99.400 0.484765
99.400 0.484765
99.400 0.484765
99.400 0.484765
99.400 0.484765
99.400 0.484765
99.400 0.484765
99.500 0.531856
99.500 0.531856
99.500 0.531856
99.500 0.531856
99.500 0.531856
99.500 0.531856
99.500 0.531856
99.500 0.531856
99.500 0.531856
99.500 0.531856
99.500 0.531856
99.500 0.531856
99.500 0.531856
99.500 0.531856
99.500 0.531856
99.500 0.531856
99.500 0.531856
99.600 0.623269
99.600 0.623269
99.600 0.623269
99.600 0.623269
99.600 0.623269
99.600 0.623269
99.600 0.623269
99.600 0.623269
99.600 0.623269
99.600 0.623269
99.600 0.623269
99.600 0.623269
99.600 0.623269
99.600 0.623269
99.600 0.623269
99.600 0.623269
99.600 0.623269
99.600 0.623269
99.600 0.623269
99.600 0.623269
99.600 0.623269
99.600 0.623269
99.600 0.623269
99.600 0.623269
99.600 0.623269
99.600 0.623269
99.600 0.623269
99.600 0.623269
99.600 0.623269
99.600 0.623269
99.600 0.623269
99.600 0.623269
99.600 0.623269
99.700 0.722992
99.700 0.722992
99.700 0.722992
99.700 0.722992
99.700 0.722992
99.700 0.722992
99.700 0.722992
99.700 0.722992
99.700 0.722992
99.700 0.722992
99.700 0.722992
99.700 0.722992
99.700 0.722992
99.700 0.722992
99.700 0.722992
99.700 0.722992
99.700 0.722992
99.700 0.722992
99.700 0.722992
99.700 0.722992
99.700 0.722992
99.700 0.722992
99.700 0.722992
99.700 0.722992
99.700 0.722992
99.700 0.722992
99.700 0.722992
99.700 0.722992
99.700 0.722992
99.700 0.722992
99.700 0.722992
99.700 0.722992
99.700 0.722992
99.700 0.722992
99.700 0.722992
99.700 0.722992
99.800 0.814404
99.800 0.814404
99.800 0.814404
99.800 0.814404
99.800 0.814404
99.800 0.814404
99.800 0.814404
99.800 0.814404
99.800 0.814404
99.800 0.814404
99.800 0.814404
99.800 0.814404
99.800 0.814404
99.800 0.814404
99.800 0.814404
99.800 0.814404
99.800 0.814404
99.800 0.814404
99.800 0.814404
99.800 0.814404
99.800 0.814404
99.800 0.814404
99.800 0.814404
99.800 0.814404
99.800 0.814404
99.800 0.814404
99.800 0.814404
99.800 0.814404
99.800 0.814404
99.800 0.814404
99.800 0.814404
99.800 0.814404
99.800 0.814404
99.900 0.825485
99.900 0.825485
99.900 0.825485
99.900 0.825485
119.400 0.828255
143.600 0.831025
156.500 0.833795
156.800 0.839335
156.800 0.839335
156.900 0.844875
156.900 0.844875
158.900 0.847645
190.200 0.850416
195.900 0.853186
222.100 0.855956
238.600 0.858726
242.800 0.861496
245.800 0.867036
245.800 0.867036
248.600 0.869806
250.900 0.872576
259.800 0.875346
264.400 0.878116
283.500 0.880886
308.400 0.883657
317.300 0.886427
348.100 0.889197
418.500 0.891967
423.200 0.894737
426.200 0.897507
429.200 0.900277
434.600 0.903047
458.900 0.905817
481.900 0.908587
496.200 0.911357
592.000 0.914127
610.100 0.916898
614.100 0.919668
637.500 0.922438
645.500 0.925208
979.500 0.927978
1143.700 0.930748
1174.500 0.933518
1262.500 0.936288
1328.600 0.939058
1351.700 0.941828
1378.600 0.944598
1387.800 0.947368
1390.100 0.950139
1392.500 0.952909
1464.800 0.955679
1796.800 0.958449
2129.200 0.961219
2132.000 0.963989
2152.400 0.966759
2478.100 0.969529
2803.500 0.972299
2804.100 0.975069
2873.900 0.977839
3228.700 0.980609
3299.000 0.98338
17198.900 0.98615
142541.100 0.98892
206546.100 0.99169
216819.900 0.99446
388830.600 0.99723
1268210.400 1
