0 0.00554017
0 0.00554017
.100 0.00831025
.300 0.0138504
.300 0.0138504
.400 0.0249307
.400 0.0249307
.400 0.0249307
.400 0.0249307
.500 0.0415512
.500 0.0415512
.500 0.0415512
.500 0.0415512
.500 0.0415512
.500 0.0415512
.600 0.0470914
.600 0.0470914
.700 0.0581717
.700 0.0581717
.700 0.0581717
.700 0.0581717
.800 0.066482
.800 0.066482
.800 0.066482
.900 0.0692521
1.000 0.0775623
1.000 0.0775623
1.000 0.0775623
1.100 0.0886427
1.100 0.0886427
1.100 0.0886427
1.100 0.0886427
1.200 0.0969529
1.200 0.0969529
1.200 0.0969529
1.300 0.108033
1.300 0.108033
1.300 0.108033
1.300 0.108033
1.400 0.119114
1.400 0.119114
1.400 0.119114
1.400 0.119114
1.600 0.121884
1.700 0.127424
1.700 0.127424
1.900 0.132964
1.900 0.132964
2.000 0.141274
2.000 0.141274
2.000 0.141274
2.100 0.149584
2.100 0.149584
2.100 0.149584
2.200 0.155125
2.200 0.155125
2.400 0.160665
2.400 0.160665
2.500 0.166205
2.500 0.166205
2.600 0.177285
2.600 0.177285
2.600 0.177285
2.600 0.177285
2.700 0.182825
2.700 0.182825
2.800 0.188366
2.800 0.188366
2.900 0.193906
2.900 0.193906
3.000 0.199446
3.000 0.199446
3.100 0.202216
3.200 0.210526
3.200 0.210526
3.200 0.210526
3.300 0.216066
3.300 0.216066
3.500 0.224377
3.500 0.224377
3.500 0.224377
3.600 0.238227
3.600 0.238227
3.600 0.238227
3.600 0.238227
3.600 0.238227
3.700 0.243767
3.700 0.243767
3.800 0.254848
3.800 0.254848
3.800 0.254848
3.800 0.254848
3.900 0.263158
3.900 0.263158
3.900 0.263158
4.000 0.265928
4.100 0.274238
4.100 0.274238
4.100 0.274238
4.200 0.277008
4.300 0.279778
4.400 0.290859
4.400 0.290859
4.400 0.290859
4.400 0.290859
4.500 0.293629
4.600 0.299169
4.600 0.299169
4.700 0.301939
4.800 0.307479
4.800 0.307479
4.900 0.310249
5.000 0.313019
5.100 0.315789
5.600 0.3241
5.600 0.3241
5.600 0.3241
5.700 0.32964
5.700 0.32964
5.900 0.33241
6.000 0.33518
6.100 0.34349
6.100 0.34349
6.100 0.34349
6.200 0.34626
6.400 0.351801
6.400 0.351801
6.500 0.354571
6.600 0.357341
6.700 0.362881
6.700 0.362881
6.800 0.365651
7.200 0.368421
7.300 0.371191
7.400 0.373961
7.500 0.379501
7.500 0.379501
7.700 0.382271
7.800 0.385042
7.900 0.393352
7.900 0.393352
7.900 0.393352
8.000 0.398892
8.000 0.398892
8.100 0.401662
8.200 0.407202
8.200 0.407202
8.400 0.409972
8.900 0.415512
8.900 0.415512
9.200 0.418283
9.300 0.421053
9.500 0.423823
9.700 0.429363
9.700 0.429363
9.800 0.443213
9.800 0.443213
9.800 0.443213
9.800 0.443213
9.800 0.443213
9.900 0.448753
9.900 0.448753
10.000 0.451524
10.100 0.454294
10.500 0.459834
10.500 0.459834
10.700 0.468144
10.700 0.468144
10.700 0.468144
10.800 0.473684
10.800 0.473684
10.900 0.481994
10.900 0.481994
10.900 0.481994
11.300 0.484765
11.900 0.487535
12.000 0.490305
12.200 0.493075
12.300 0.495845
12.500 0.498615
12.700 0.501385
12.800 0.506925
12.800 0.506925
12.900 0.509695
13.000 0.512465
13.300 0.515235
13.400 0.520776
13.400 0.520776
13.500 0.523546
13.700 0.526316
13.800 0.531856
13.800 0.531856
14.100 0.534626
14.700 0.537396
15.000 0.542936
15.000 0.542936
15.500 0.545706
15.900 0.548476
16.100 0.551247
16.300 0.556787
16.300 0.556787
16.400 0.559557
16.500 0.562327
16.700 0.565097
16.900 0.567867
17.200 0.570637
17.500 0.573407
18.500 0.576177
18.600 0.578947
18.800 0.581717
19.000 0.584488
19.200 0.587258
19.300 0.590028
19.400 0.595568
19.400 0.595568
19.500 0.598338
19.700 0.601108
19.800 0.603878
20.200 0.606648
20.300 0.612188
20.300 0.612188
21.600 0.614958
21.900 0.617729
22.100 0.620499
22.500 0.623269
22.700 0.626039
24.100 0.628809
24.300 0.631579
24.700 0.634349
24.800 0.637119
25.200 0.639889
25.800 0.642659
26.100 0.645429
26.600 0.648199
26.900 0.65097
27.500 0.65374
27.700 0.65651
28.500 0.65928
29.800 0.66482
29.800 0.66482
30.300 0.67036
30.300 0.67036
31.200 0.67313
31.500 0.67867
31.500 0.67867
31.700 0.68144
31.800 0.684211
32.000 0.686981
32.900 0.689751
33.500 0.692521
33.700 0.695291
34.100 0.698061
34.600 0.700831
34.900 0.706371
34.900 0.706371
36.700 0.709141
36.800 0.711911
37.400 0.717452
37.400 0.717452
37.600 0.720222
38.500 0.722992
38.700 0.725762
38.800 0.728532
39.400 0.731302
39.600 0.734072
40.300 0.736842
40.700 0.739612
40.900 0.742382
41.700 0.745152
42.900 0.747922
43.000 0.750693
43.100 0.753463
43.400 0.756233
43.500 0.759003
43.600 0.761773
44.200 0.764543
45.200 0.767313
46.400 0.770083
48.400 0.772853
48.600 0.775623
49.200 0.778393
50.800 0.781163
51.200 0.783934
53.000 0.786704
53.200 0.789474
53.900 0.792244
54.300 0.795014
54.500 0.797784
60.600 0.800554
62.000 0.803324
63.500 0.806094
65.700 0.808864
66.800 0.811634
68.800 0.814404
71.600 0.817175
73.100 0.819945
74.400 0.822715
75.300 0.825485
77.100 0.831025
77.100 0.831025
77.500 0.836565
77.500 0.836565
81.500 0.839335
82.100 0.842105
83.200 0.844875
84.500 0.847645
85.700 0.850416
86.300 0.853186
86.700 0.855956
87.200 0.858726
90.600 0.861496
91.500 0.864266
92.200 0.867036
95.100 0.869806
96.700 0.872576
97.700 0.875346
98.500 0.878116
101.400 0.880886
102.700 0.883657
104.700 0.886427
105.900 0.889197
110.900 0.891967
112.400 0.894737
112.900 0.897507
113.100 0.900277
114.200 0.903047
115.100 0.905817
116.300 0.908587
117.800 0.914127
117.800 0.914127
118.500 0.916898
119.100 0.919668
122.000 0.922438
122.900 0.925208
123.100 0.927978
123.200 0.930748
124.400 0.933518
129.700 0.936288
132.300 0.939058
132.600 0.941828
132.800 0.944598
135.800 0.947368
138.400 0.950139
139.600 0.952909
141.900 0.955679
145.300 0.958449
145.600 0.961219
146.100 0.963989
146.700 0.966759
147.600 0.969529
150.800 0.972299
152.500 0.975069
153.500 0.977839
155.500 0.980609
158.700 0.98338
161.400 0.98615
162.600 0.98892
164.000 0.99169
166.700 0.99446
167.100 0.99723
178.000 1
