0.000384 0.00277008
0.000650 0.00554017
0.001084 0.00831025
0.001556 0.0110803
0.001775 0.0138504
0.002478 0.0166205
0.003253 0.0193906
0.003539 0.0221607
0.005172 0.0249307
0.006792 0.0277008
0.007245 0.0304709
0.007266 0.033241
0.007689 0.0360111
0.008220 0.0387812
0.008665 0.0415512
0.008962 0.0443213
0.009833 0.0470914
0.010119 0.0498615
0.010807 0.0526316
0.010841 0.0554017
0.010989 0.0581717
0.011668 0.0609418
0.012945 0.0637119
0.013120 0.066482
0.013197 0.0692521
0.014328 0.0720222
0.014554 0.0747922
0.014924 0.0775623
0.015193 0.0803324
0.015584 0.0831025
0.016328 0.0858726
0.017691 0.0886427
0.017881 0.0914127
0.018449 0.0941828
0.018474 0.0969529
0.018539 0.099723
0.018770 0.102493
0.018808 0.105263
0.018911 0.108033
0.019330 0.110803
0.020228 0.113573
0.021015 0.116343
0.022399 0.119114
0.022987 0.121884
0.024446 0.124654
0.024824 0.127424
0.025035 0.130194
0.025215 0.132964
0.025443 0.135734
0.025813 0.138504
0.025875 0.141274
0.025886 0.144044
0.026298 0.146814
0.026490 0.149584
0.026673 0.152355
0.026962 0.155125
0.027397 0.157895
0.028129 0.160665
0.028618 0.163435
0.028769 0.166205
0.028866 0.168975
0.029267 0.171745
0.029618 0.174515
0.029688 0.177285
0.029789 0.180055
0.029977 0.182825
0.031097 0.185596
0.031790 0.188366
0.032012 0.191136
0.032259 0.193906
0.032356 0.196676
0.032358 0.199446
0.032787 0.202216
0.032805 0.204986
0.033007 0.207756
0.034246 0.210526
0.034331 0.213296
0.035211 0.216066
0.035508 0.218837
0.037484 0.221607
0.039762 0.224377
0.040828 0.227147
0.042173 0.229917
0.043806 0.232687
0.044120 0.235457
0.050388 0.238227
0.050606 0.240997
0.055937 0.243767
0.056949 0.246537
0.059772 0.249307
0.060358 0.252078
0.063747 0.254848
0.067488 0.257618
0.070582 0.260388
0.071445 0.263158
0.073179 0.265928
0.074454 0.268698
0.075521 0.271468
0.077662 0.274238
0.080251 0.277008
0.083552 0.279778
0.084482 0.282548
0.089376 0.285319
0.089650 0.288089
0.090152 0.290859
0.095253 0.293629
0.096116 0.296399
0.104019 0.299169
0.108579 0.301939
0.109889 0.304709
0.112547 0.307479
0.125980 0.310249
0.128799 0.313019
0.137919 0.315789
0.143679 0.31856
0.150261 0.32133
0.155537 0.3241
0.166242 0.32687
0.174324 0.32964
0.181128 0.33241
0.189053 0.33518
0.192067 0.33795
0.198376 0.34072
0.201926 0.34349
0.202524 0.34626
0.203258 0.34903
0.208762 0.351801
0.212261 0.354571
0.214358 0.357341
0.218083 0.360111
0.232833 0.362881
0.243557 0.365651
0.260253 0.368421
0.268871 0.371191
0.271756 0.373961
0.278991 0.376731
0.284534 0.379501
0.286397 0.382271
0.287824 0.385042
0.289145 0.387812
0.289543 0.390582
0.290099 0.393352
0.295647 0.396122
0.298716 0.398892
0.301041 0.401662
0.301425 0.404432
0.312251 0.407202
0.313888 0.409972
0.315712 0.412742
0.320875 0.415512
0.325485 0.418283
0.334617 0.421053
0.339688 0.423823
0.346904 0.426593
0.348307 0.429363
0.368883 0.432133
0.369154 0.434903
0.369852 0.437673
0.378808 0.440443
0.385510 0.443213
0.387729 0.445983
0.396116 0.448753
0.399550 0.451524
0.402669 0.454294
0.403549 0.457064
0.403620 0.459834
0.403673 0.462604
0.408427 0.465374
0.430479 0.468144
0.435076 0.470914
0.453732 0.473684
0.457610 0.476454
0.462676 0.479224
0.474033 0.481994
0.490659 0.484765
0.497101 0.487535
0.501258 0.490305
0.503795 0.493075
0.507826 0.495845
0.509656 0.498615
0.510777 0.501385
0.513791 0.504155
0.516392 0.506925
0.517865 0.509695
0.520673 0.512465
0.527654 0.515235
0.534905 0.518006
0.556782 0.520776
0.570067 0.523546
0.576140 0.526316
0.582211 0.529086
0.583546 0.531856
0.584030 0.534626
0.584441 0.537396
0.586582 0.540166
0.588732 0.542936
0.595454 0.545706
0.602046 0.548476
0.605400 0.551247
0.614203 0.554017
0.619457 0.556787
0.620399 0.559557
0.660929 0.562327
0.661515 0.565097
0.664483 0.567867
0.666890 0.570637
0.668215 0.573407
0.668545 0.576177
0.684680 0.578947
0.699854 0.581717
0.700335 0.584488
0.700557 0.587258
0.703403 0.590028
0.705072 0.592798
0.718332 0.595568
0.732806 0.598338
0.754359 0.601108
0.756868 0.603878
0.763867 0.606648
0.766735 0.609418
0.788545 0.612188
0.789278 0.614958
0.791366 0.617729
0.801350 0.620499
0.802017 0.623269
0.815634 0.626039
0.820580 0.628809
0.847138 0.631579
0.848547 0.634349
0.848604 0.637119
0.874239 0.639889
0.876439 0.642659
0.880987 0.645429
0.882837 0.648199
0.889227 0.65097
0.890262 0.65374
0.905383 0.65651
0.919811 0.65928
0.949876 0.66205
0.960410 0.66482
1.015588 0.66759
1.028179 0.67036
1.049788 0.67313
1.051816 0.6759
1.060617 0.67867
1.070019 0.68144
1.073123 0.684211
1.078927 0.686981
1.088526 0.689751
1.100577 0.692521
1.105850 0.695291
1.110175 0.698061
1.140014 0.700831
1.141176 0.703601
1.198172 0.706371
1.228941 0.709141
1.252601 0.711911
1.269544 0.714681
1.279236 0.717452
1.280338 0.720222
1.304280 0.722992
1.408785 0.725762
1.416113 0.728532
1.429784 0.731302
1.435684 0.734072
1.448172 0.736842
1.466709 0.739612
1.468707 0.742382
1.500041 0.745152
1.539891 0.747922
1.560160 0.750693
1.589957 0.753463
1.609088 0.756233
1.649932 0.759003
1.659025 0.761773
1.675301 0.764543
1.681831 0.767313
1.701048 0.770083
1.705270 0.772853
1.715090 0.775623
1.810993 0.778393
1.814819 0.781163
1.821035 0.783934
1.863418 0.786704
1.872385 0.789474
1.961598 0.792244
1.980582 0.795014
2.007735 0.797784
2.010448 0.800554
2.020241 0.803324
2.051917 0.806094
2.072369 0.808864
2.076660 0.811634
2.352045 0.814404
2.441602 0.817175
2.446051 0.819945
2.460275 0.822715
2.488104 0.825485
2.533716 0.828255
2.656684 0.831025
2.656835 0.833795
2.665584 0.836565
2.682151 0.839335
2.707061 0.842105
2.752169 0.844875
2.902787 0.847645
2.911127 0.850416
2.911220 0.853186
3.101994 0.855956
3.119735 0.858726
3.159859 0.861496
3.202610 0.864266
3.323211 0.867036
3.339237 0.869806
3.392287 0.872576
3.589377 0.875346
3.842626 0.878116
3.966182 0.880886
4.281123 0.883657
4.526274 0.886427
4.970740 0.889197
5.143008 0.891967
5.145343 0.894737
5.513061 0.897507
5.608346 0.900277
5.996283 0.903047
6.260211 0.905817
9.158922 0.908587
9.171454 0.911357
15.171100 0.914127
17.418787 0.916898
17.632896 0.919668
19.665535 0.922438
22.016905 0.925208
22.454155 0.927978
23.945721 0.930748
41.077557 0.933518
44.403725 0.936288
49.403156 0.939058
50.432896 0.941828
54.431419 0.944598
58.526581 0.947368
65.307938 0.950139
66.163162 0.952909
71.550911 0.955679
71.616623 0.958449
74.278107 0.961219
87.896690 0.963989
99.733688 0.966759
111.913467 0.969529
172.759216 0.972299
176.763794 0.975069
242.959656 0.977839
365.511749 0.980609
380.171326 0.98338
403.843781 0.98615
438.720612 0.98892
519.497681 0.99169
540.606812 0.99446
1519.572754 0.99723
1525.903931 1
