0.650038 0.00277008
1.52142 0.00554017
2.85669 0.00831025
5.51149 0.0110803
7.70156 0.0138504
8.82943 0.0166205
9.19399 0.0193906
10.0071 0.0221607
11.1707 0.0249307
12.1621 0.0277008
14.5358 0.0304709
16.0251 0.033241
21.0655 0.0360111
21.7284 0.0387812
22.7584 0.0415512
27.821 0.0443213
30.856 0.0470914
31.2471 0.0498615
31.7051 0.0526316
32.3524 0.0554017
32.6597 0.0581717
32.7924 0.0609418
32.8859 0.0637119
35.598 0.066482
36 0.0692521
37.7738 0.0720222
38.2725 0.0747922
39.3219 0.0775623
39.7482 0.0803324
44.9999 0.0831025
45.0437 0.0858726
46.3652 0.0886427
47.9296 0.0914127
48.448 0.0941828
50.6136 0.0969529
54.1854 0.099723
55.2358 0.102493
57.4538 0.105263
58.8805 0.108033
60.2226 0.110803
62.5329 0.113573
62.6531 0.116343
63.0545 0.119114
63.3 0.121884
64.1522 0.124654
64.5752 0.127424
64.7401 0.130194
64.9292 0.132964
66.4268 0.135734
66.4366 0.138504
66.8865 0.141274
67.0486 0.144044
67.3307 0.146814
69.8361 0.149584
69.8431 0.152355
69.8432 0.155125
70.4585 0.157895
71.369 0.160665
72.3233 0.163435
72.5441 0.166205
74.3773 0.168975
74.9692 0.171745
76.7426 0.174515
76.7954 0.177285
78.2672 0.180055
81.0861 0.182825
81.1668 0.185596
82.3762 0.188366
83.5392 0.191136
85.1097 0.193906
86.1897 0.196676
86.8938 0.199446
87.5427 0.202216
87.9918 0.204986
88.2621 0.207756
88.8119 0.210526
91.485 0.213296
97.1698 0.216066
100.1 0.218837
101.672 0.221607
102.842 0.224377
104.467 0.227147
104.606 0.229917
105.088 0.232687
105.233 0.235457
106.308 0.238227
107.315 0.240997
107.522 0.243767
107.83 0.246537
110.946 0.249307
111.769 0.252078
111.99 0.254848
112.142 0.257618
112.822 0.260388
115.701 0.263158
116.579 0.265928
116.738 0.268698
118.34 0.271468
122.619 0.274238
124.645 0.277008
124.811 0.279778
129.956 0.282548
130.46 0.285319
134.575 0.288089
136.635 0.290859
136.841 0.293629
137.571 0.296399
139.299 0.299169
144.514 0.301939
147.992 0.304709
148.773 0.307479
151.316 0.310249
153.189 0.313019
155.265 0.315789
155.711 0.31856
161.488 0.32133
162.295 0.3241
162.846 0.32687
164.934 0.32964
165.086 0.33241
165.694 0.33518
167.317 0.33795
167.516 0.34072
169.891 0.34349
169.908 0.34626
174.326 0.34903
175.686 0.351801
177.741 0.354571
181.36 0.357341
181.606 0.360111
182.197 0.362881
182.596 0.365651
183.03 0.368421
183.096 0.371191
185.179 0.373961
190.292 0.376731
190.877 0.379501
199.429 0.382271
201.867 0.385042
201.933 0.387812
203.447 0.390582
204.834 0.393352
208.62 0.396122
209.891 0.398892
211.725 0.401662
214.415 0.404432
215.509 0.407202
216.616 0.409972
220.485 0.412742
226.902 0.415512
227.956 0.418283
228.114 0.421053
228.772 0.423823
232.304 0.426593
235.531 0.429363
237.585 0.432133
237.641 0.434903
239.789 0.437673
241.105 0.440443
243.941 0.443213
247.153 0.445983
248.536 0.448753
248.666 0.451524
248.837 0.454294
258.317 0.457064
263.865 0.459834
264.416 0.462604
266.143 0.465374
269.617 0.468144
269.895 0.470914
273.528 0.473684
278.115 0.476454
284.048 0.479224
289.772 0.481994
293.042 0.484765
294.365 0.487535
295.836 0.490305
301.586 0.493075
302.046 0.495845
303.384 0.498615
316.51 0.501385
321.458 0.504155
321.525 0.506925
321.712 0.509695
323.43 0.512465
331.542 0.515235
338.44 0.518006
338.726 0.520776
342.162 0.523546
343.028 0.526316
348.919 0.529086
351.895 0.531856
354.777 0.534626
356.47 0.537396
359.149 0.540166
359.973 0.542936
364.851 0.545706
364.983 0.548476
365.103 0.551247
369.312 0.554017
371.781 0.556787
373.482 0.559557
377.064 0.562327
381.427 0.565097
381.842 0.567867
382.841 0.570637
385.76 0.573407
393.64 0.576177
393.719 0.578947
399.763 0.581717
402.672 0.584488
404.379 0.587258
408.012 0.590028
413.848 0.592798
419.461 0.595568
428.898 0.598338
433.022 0.601108
434.093 0.603878
434.166 0.606648
436.412 0.609418
436.982 0.612188
440.782 0.614958
442.321 0.617729
453.143 0.620499
458.923 0.623269
463.686 0.626039
465.825 0.628809
466.437 0.631579
474.558 0.634349
498.141 0.637119
503.897 0.639889
507.344 0.642659
522.277 0.645429
522.536 0.648199
524.168 0.65097
542.443 0.65374
547.263 0.65651
548.081 0.65928
553.913 0.66205
562.228 0.66482
564.309 0.66759
584.835 0.67036
589.027 0.67313
590.402 0.6759
591.395 0.67867
595.769 0.68144
603.234 0.684211
605.807 0.686981
606.076 0.689751
612.916 0.692521
626.402 0.695291
631.341 0.698061
637.31 0.700831
644.923 0.703601
647.353 0.706371
654.902 0.709141
668.413 0.711911
680.559 0.714681
682.849 0.717452
684.03 0.720222
696.589 0.722992
702.366 0.725762
705.824 0.728532
705.915 0.731302
707.789 0.734072
724.338 0.736842
727.547 0.739612
729.088 0.742382
742.979 0.745152
756.257 0.747922
774.664 0.750693
776.544 0.753463
778.677 0.756233
779.485 0.759003
780.685 0.761773
780.96 0.764543
782.608 0.767313
783.384 0.770083
786.256 0.772853
811.089 0.775623
811.705 0.778393
811.851 0.781163
819.404 0.783934
822.718 0.786704
825.239 0.789474
843.314 0.792244
844.904 0.795014
845.319 0.797784
857.517 0.800554
862.463 0.803324
864.879 0.806094
867.755 0.808864
876.903 0.811634
879.394 0.814404
881.086 0.817175
910.049 0.819945
910.996 0.822715
913.847 0.825485
915.356 0.828255
917.542 0.831025
925.159 0.833795
937.53 0.836565
943.268 0.839335
951.65 0.842105
955.882 0.844875
961.175 0.847645
963.417 0.850416
966.629 0.853186
972.513 0.855956
1008.71 0.858726
1010.71 0.861496
1013.5 0.864266
1020.62 0.867036
1050.6 0.869806
1052.85 0.872576
1065.14 0.875346
1090.03 0.878116
1097.18 0.880886
1123.03 0.883657
1125.1 0.886427
1133.47 0.889197
1223.11 0.891967
1223.36 0.894737
1226.87 0.897507
1257.97 0.900277
1264.82 0.903047
1296.43 0.905817
1308.04 0.908587
1321.07 0.911357
1322.67 0.914127
1336.34 0.916898
1344.71 0.919668
1376.56 0.922438
1393.14 0.925208
1397.87 0.927978
1411.29 0.930748
1424.12 0.933518
1429.51 0.936288
1445.88 0.939058
1469.66 0.941828
1488.89 0.944598
1497.39 0.947368
1506.48 0.950139
1519.86 0.952909
1520.85 0.955679
1557.59 0.958449
1594.02 0.961219
1610.62 0.963989
1617.58 0.966759
1617.63 0.969529
1664.92 0.972299
1716.05 0.975069
1745.12 0.977839
1751.8 0.980609
1752.51 0.98338
1785.52 0.98615
1846.88 0.98892
1954.88 0.99169
1967.71 0.99446
2507.94 0.99723
182790 1
