3.9966392500 0.00277008
8.4203442300 0.00554017
10.2693004400 0.00831025
19.2228816300 0.0110803
23.6665688400 0.0138504
25.5912844500 0.0166205
26.6837557700 0.0193906
28.1337391100 0.0221607
31.3553071200 0.0249307
33.1463776900 0.0277008
38.8734234900 0.0304709
41.6330888500 0.033241
42.9792177400 0.0360111
46.4232523300 0.0387812
51.1412343900 0.0415512
52.8000155100 0.0443213
57.4448462700 0.0470914
59.2740587000 0.0498615
61.1136421100 0.0526316
61.9650846100 0.0554017
64.1944913200 0.0581717
68.6834608900 0.0609418
70.2921993700 0.0637119
70.7067375600 0.066482
71.1172754900 0.0692521
71.9936349200 0.0720222
72.8953395500 0.0747922
73.0377333000 0.0775623
73.2785520400 0.0803324
73.5359686900 0.0831025
74.1333238800 0.0858726
74.2443837100 0.0886427
74.8922695300 0.0914127
74.9994018100 0.0941828
75.2690469200 0.0969529
77.6264467100 0.099723
77.7908435300 0.102493
79.5231068700 0.105263
83.4762924000 0.108033
83.6596254500 0.110803
84.4597009200 0.113573
84.8391355500 0.116343
85.4858816000 0.119114
85.9427925900 0.121884
85.9879483100 0.124654
86.3795259400 0.127424
86.4024788000 0.130194
86.5844750300 0.132964
86.7357957600 0.135734
86.7680390600 0.138504
87.7865772300 0.141274
88.0478708400 0.144044
88.4795439900 0.146814
88.6070979800 0.149584
89.2176296200 0.152355
89.2528365900 0.155125
89.9076545500 0.157895
90.1553166300 0.160665
90.2298102300 0.163435
90.4457311900 0.166205
91.2989691600 0.168975
91.8198268400 0.171745
92.7635304600 0.174515
93.2348095300 0.177285
93.2851385800 0.180055
93.9717308500 0.182825
94.0103883000 0.185596
94.0522936300 0.188366
94.0968185500 0.191136
94.1315581800 0.193906
94.1467117900 0.196676
94.2465197500 0.199446
94.4427293700 0.202216
94.6758606400 0.204986
94.6993926800 0.207756
94.7222209900 0.210526
94.7550502500 0.213296
94.7873800400 0.216066
94.8879067200 0.218837
95.0044941100 0.221607
95.0560741400 0.224377
95.3424095000 0.227147
95.3603021900 0.229917
95.4256509300 0.232687
95.5392263300 0.235457
95.7242167900 0.238227
95.7742175700 0.240997
95.8240289900 0.243767
95.8295129800 0.246537
95.9157248000 0.249307
96.0152899300 0.252078
96.1635926000 0.254848
96.1966616100 0.257618
96.4494990300 0.260388
96.4602934400 0.263158
96.4795972200 0.265928
96.6859030600 0.268698
96.7978687400 0.271468
96.9794764400 0.274238
96.9906648100 0.277008
97.1765977000 0.279778
97.4015472100 0.282548
97.4222881000 0.285319
97.4425359500 0.288089
97.5283082100 0.290859
97.5341843200 0.293629
97.5567881200 0.296399
97.7635314700 0.299169
97.8053469600 0.301939
97.8088755800 0.304709
98.1270048800 0.307479
98.1674920200 0.310249
98.1722080600 0.313019
98.2369764000 0.315789
98.2655653700 0.31856
98.2665417800 0.32133
98.2697295500 0.3241
98.2713740200 0.32687
98.3470586800 0.32964
98.3766573200 0.33241
98.3852688200 0.33518
98.3930075700 0.33795
98.4726499200 0.34072
98.5184077700 0.34349
98.5720206600 0.34626
98.5792190000 0.34903
98.5801079800 0.351801
98.6463696900 0.354571
98.7003504900 0.357341
98.7118734500 0.360111
98.7140770300 0.362881
98.7321076900 0.365651
98.7907328500 0.368421
98.7951228600 0.371191
98.8159153100 0.373961
98.8320023400 0.376731
98.8870083500 0.379501
98.9254470100 0.382271
98.9527910900 0.385042
98.9627893800 0.387812
98.9699230200 0.390582
98.9748706200 0.393352
98.9955629500 0.396122
99.0106691500 0.398892
99.0158550500 0.401662
99.0403027900 0.404432
99.0984285100 0.407202
99.1951379400 0.409972
99.2526614500 0.412742
99.2564874500 0.415512
99.2708360400 0.418283
99.2954109100 0.421053
99.2966758000 0.423823
99.3075465900 0.426593
99.3130302400 0.429363
99.3135737200 0.432133
99.3224716600 0.434903
99.3322602400 0.437673
99.3410998300 0.440443
99.3776245000 0.443213
99.3805363300 0.445983
99.3903663800 0.448753
99.4067645400 0.451524
99.4074851900 0.454294
99.4178943400 0.457064
99.4624358200 0.459834
99.4642240500 0.462604
99.4663219300 0.465374
99.4753041000 0.468144
99.4829130300 0.470914
99.5000610600 0.473684
99.5182990400 0.476454
99.5191403000 0.479224
99.5310987800 0.481994
99.5390687600 0.484765
99.5397094200 0.487535
99.5492478600 0.490305
99.5497107600 0.493075
99.5511709600 0.495845
99.5570462000 0.498615
99.5574655900 0.501385
99.5615060600 0.504155
99.5745741000 0.506925
99.5759192300 0.509695
99.5840342300 0.512465
99.6164698000 0.515235
99.6319487400 0.518006
99.6436919800 0.520776
99.6484873500 0.523546
99.6544679300 0.526316
99.6553158800 0.529086
99.6608655400 0.531856
99.6632420400 0.534626
99.6824211500 0.537396
99.6931282200 0.540166
99.7169930100 0.542936
99.7204847400 0.545706
99.8194945800 0.548476
106.7454749100 0.551247
110.1896838700 0.554017
110.2678516400 0.556787
113.3048926800 0.559557
137.7640760200 0.562327
145.6253972800 0.565097
151.3561943100 0.567867
152.2577237700 0.570637
156.0007900200 0.573407
156.1998358700 0.576177
156.4020702900 0.578947
156.4025520000 0.581717
156.4166771000 0.584488
156.4295194400 0.587258
156.5874378200 0.590028
178.7638806800 0.592798
183.8349876500 0.595568
220.6272270100 0.598338
232.3326572000 0.601108
235.6727714900 0.603878
237.4125989300 0.606648
238.5802428300 0.609418
240.5281640900 0.612188
243.5309787600 0.614958
247.5569192300 0.617729
274.7236942200 0.620499
281.2701060400 0.623269
282.8559357200 0.626039
283.7548765700 0.628809
321.4704078600 0.631579
338.1985929700 0.634349
353.7679579500 0.637119
368.6563202200 0.639889
372.4925365500 0.642659
375.0042908100 0.645429
387.3773792300 0.648199
395.6389579900 0.65097
395.9798508100 0.65374
398.3186202500 0.65651
402.4238023200 0.65928
411.9769610300 0.66205
413.2423776200 0.66482
421.3960925000 0.66759
421.7999480200 0.67036
429.5625100200 0.67313
451.8907608500 0.6759
476.5041110600 0.67867
480.9602433100 0.68144
495.7887509900 0.684211
506.5847619200 0.686981
540.6286168300 0.689751
550.6427159900 0.692521
559.9894298500 0.695291
560.0447335000 0.698061
570.7464857100 0.700831
579.4639539200 0.703601
583.2589300600 0.706371
646.6658888800 0.709141
723.5682057600 0.711911
762.5482235200 0.714681
766.9639329400 0.717452
769.8015765100 0.720222
889.8118970700 0.722992
907.0564516300 0.725762
927.0901644900 0.728532
934.5909376100 0.731302
964.8364789600 0.734072
1011.8204757300 0.736842
1025.6549904900 0.739612
1034.2502594700 0.742382
1058.0021713300 0.745152
1104.8873623200 0.747922
1109.0144114500 0.750693
1113.3463357200 0.753463
1118.0717115900 0.756233
1118.1727003400 0.759003
1150.0213626600 0.761773
1157.9667130200 0.764543
1165.9902355500 0.767313
1170.3774006200 0.770083
1188.9339232500 0.772853
1192.0157464400 0.775623
1195.1451030400 0.778393
1203.3030586800 0.781163
1218.9674758400 0.783934
1224.2361071500 0.786704
1235.9030090200 0.789474
1240.3182548400 0.792244
1244.9439825500 0.795014
1245.7747404300 0.797784
1250.1255194800 0.800554
1251.7313117200 0.803324
1266.4137111000 0.806094
1268.6875302400 0.808864
1272.4826592700 0.811634
1274.6228433300 0.814404
1274.9691169000 0.817175
1284.0773156200 0.819945
1291.0145531200 0.822715
1293.8099173000 0.825485
1301.5589606000 0.828255
1373.8287451200 0.831025
1395.5891803400 0.833795
1419.4716739200 0.836565
1497.3353175700 0.839335
1537.1767015600 0.842105
1566.1758173400 0.844875
1570.5030595900 0.847645
1587.4985580400 0.850416
1587.6552304900 0.853186
1595.0050320400 0.855956
1595.8752471700 0.858726
1657.6653261000 0.861496
1669.3915988400 0.864266
1685.3821833700 0.867036
1697.0999994700 0.869806
1758.4628116800 0.872576
1777.3627453400 0.875346
1781.6739957800 0.878116
1804.8256824000 0.880886
1824.2164392700 0.883657
1889.8464828000 0.886427
1892.8459942600 0.889197
1930.2193390200 0.891967
1943.3778792300 0.894737
1987.7891934900 0.897507
2050.0620102500 0.900277
2055.3357187900 0.903047
2059.4081871900 0.905817
2110.1164627700 0.908587
2151.9253521900 0.911357
2161.4441440900 0.914127
2179.8416578700 0.916898
2270.2386904400 0.919668
2272.0230994200 0.922438
2308.8563107800 0.925208
2328.2533223300 0.927978
2402.4009853200 0.930748
2493.5739881800 0.933518
2629.7785787000 0.936288
2635.3593276700 0.939058
2635.9332460500 0.941828
2681.3088224500 0.944598
2806.5146801600 0.947368
3005.7407677000 0.950139
3047.5538834100 0.952909
3687.5377099600 0.955679
3701.9681521800 0.958449
3707.1349079000 0.961219
3708.4375383900 0.963989
4068.9567430000 0.966759
4142.1095657300 0.969529
4181.7598702000 0.972299
5358.3251896700 0.975069
5431.2781898000 0.977839
5745.3160409400 0.980609
5832.1739331900 0.98338
5853.7652914000 0.98615
6982.4860632700 0.98892
7416.5893475800 0.99169
8489.1628921300 0.99446
12582.7964262400 0.99723
167328.8713430100 1
