.0117 0.00277008
.0177 0.00554017
.0203 0.00831025
.023 0.0138504
.023 0.0138504
.0253 0.0166205
.0373 0.0193906
.0393 0.0221607
.0677 0.0249307
.0717 0.0277008
.081 0.0304709
.0927 0.033241
.1003 0.0360111
.150 0.0387812
.175 0.0415512
.1767 0.0443213
.1853 0.0470914
.193 0.0498615
.2013 0.0526316
.242 0.0554017
.2513 0.0609418
.2513 0.0609418
.2583 0.0637119
.26633 0.066482
.2733 0.0692521
.283 0.0720222
.2897 0.0747922
.2957 0.0775623
.3123 0.0803324
.322 0.0831025
.3293 0.0858726
.335 0.0886427
.341 0.0914127
.3497 0.0941828
.3543 0.0969529
.3553 0.099723
.360 0.102493
.3753 0.105263
.3867 0.108033
.4083 0.110803
.42933 0.113573
.432 0.116343
.4583 0.119114
.4673 0.121884
.5103 0.124654
.528 0.127424
.5313 0.130194
.5377 0.132964
.5387 0.135734
.540 0.138504
.5617 0.141274
.570 0.144044
.5743 0.146814
.5777 0.149584
.6017 0.152355
.626 0.155125
.6343 0.157895
.638 0.160665
.6477 0.163435
.657 0.166205
.675 0.168975
.706 0.171745
.7117 0.174515
.730 0.177285
.7427 0.180055
.754 0.182825
.7607 0.185596
.786 0.188366
.828 0.191136
.8363 0.193906
.8477 0.196676
.8613 0.199446
.8737 0.202216
.9217 0.204986
.9237 0.207756
.953 0.210526
.9567 0.213296
.969 0.216066
.988 0.218837
.999 0.221607
1.000 0.224377
1.003 0.227147
1.015 0.229917
1.0283 0.232687
1.0383 0.235457
1.0507 0.238227
1.083 0.240997
1.0983 0.243767
1.114 0.246537
1.1147 0.249307
1.1183 0.252078
1.121 0.254848
1.1423 0.257618
1.1443 0.260388
1.163 0.263158
1.16967 0.265928
1.175 0.268698
1.1867 0.271468
1.195 0.274238
1.2413 0.277008
1.293 0.279778
1.296 0.282548
1.3047 0.285319
1.3513 0.288089
1.382 0.290859
1.3833 0.293629
1.401 0.296399
1.4663 0.299169
1.484 0.301939
1.502 0.304709
1.532 0.307479
1.536 0.310249
1.554 0.313019
1.561 0.315789
1.5797 0.31856
1.5873 0.32133
1.6027 0.3241
1.6143 0.32687
1.615 0.32964
1.642 0.33241
1.7137 0.33518
1.7297 0.33795
1.7347 0.34072
1.7657 0.34349
1.9033 0.34626
1.9953 0.34903
2.0263 0.351801
2.0787 0.354571
2.1427 0.357341
2.1793 0.360111
2.2213 0.362881
2.2867 0.365651
2.294 0.368421
2.296 0.371191
2.299 0.373961
2.320 0.376731
2.399 0.379501
2.4113 0.382271
2.4177 0.385042
2.4237 0.387812
2.431 0.390582
2.541 0.393352
2.582 0.396122
2.5857 0.398892
2.590 0.401662
2.6163 0.404432
2.6233 0.407202
2.626 0.409972
2.6343 0.412742
2.6807 0.415512
2.775 0.418283
2.873 0.421053
2.899 0.423823
2.919 0.426593
2.9567 0.429363
2.962 0.432133
3.027 0.434903
3.048 0.437673
3.113 0.440443
3.170 0.443213
3.1747 0.445983
3.181 0.448753
3.186 0.451524
3.2103 0.454294
3.317 0.457064
3.4353 0.459834
3.5483 0.462604
3.5907 0.465374
3.6433 0.468144
3.7037 0.470914
3.7473 0.473684
3.7523 0.476454
3.8403 0.479224
3.8493 0.481994
3.888 0.484765
3.914 0.487535
3.9723 0.490305
4.0547 0.493075
4.102 0.495845
4.1167 0.498615
4.1503 0.501385
4.153 0.504155
4.211 0.506925
4.3227 0.509695
4.4247 0.512465
4.4477 0.515235
4.4543 0.518006
4.4643 0.520776
4.6423 0.523546
4.6497 0.526316
4.657 0.529086
4.7813 0.531856
4.7983 0.534626
4.853 0.537396
4.862 0.540166
4.959 0.545706
4.959 0.545706
5.0253 0.548476
5.039 0.551247
5.122 0.554017
5.140 0.556787
5.169 0.559557
5.2047 0.562327
5.242 0.565097
5.3103 0.567867
5.340 0.570637
5.3587 0.573407
5.5083 0.576177
5.545 0.578947
5.6363 0.581717
5.7167 0.584488
5.7233 0.587258
6.291 0.590028
6.418 0.592798
6.581 0.595568
6.5853 0.598338
6.650 0.601108
6.755 0.603878
6.930 0.606648
6.969 0.609418
7.019 0.612188
7.023 0.614958
7.179 0.617729
7.302 0.620499
7.4207 0.623269
7.4323 0.626039
7.5203 0.628809
7.591 0.631579
7.8517 0.634349
7.862 0.637119
7.8857 0.639889
8.380 0.642659
8.394 0.645429
8.7363 0.648199
8.822 0.65097
8.935 0.65374
9.1203 0.65651
9.1413 0.65928
9.157 0.66205
9.1903 0.66482
9.220 0.66759
9.3707 0.67036
9.5203 0.67313
9.7803 0.6759
9.852 0.67867
10.0053 0.68144
10.120 0.684211
10.5487 0.686981
10.746 0.689751
10.750 0.692521
10.8437 0.695291
10.848 0.698061
10.880 0.700831
10.8993 0.703601
10.934 0.706371
11.316 0.709141
11.3563 0.711911
11.392 0.714681
11.4467 0.717452
12.0693 0.720222
12.0847 0.722992
12.1107 0.725762
12.1607 0.728532
12.2083 0.731302
12.3403 0.734072
12.9983 0.736842
13.000 0.739612
13.4213 0.742382
13.436 0.745152
13.476 0.747922
13.520 0.750693
13.5467 0.753463
13.776 0.756233
14.223 0.759003
14.264 0.761773
14.343 0.764543
14.622 0.767313
14.8113 0.770083
14.9163 0.772853
15.0363 0.775623
15.096 0.778393
15.296 0.781163
15.313 0.783934
16.353 0.786704
17.389 0.789474
17.778 0.792244
17.8083 0.795014
18.4383 0.797784
18.519 0.800554
18.585 0.803324
18.607 0.806094
19.075 0.808864
19.141 0.811634
19.2247 0.814404
19.3453 0.817175
19.4273 0.819945
19.5947 0.822715
19.8367 0.825485
20.053 0.828255
20.4403 0.831025
20.693 0.833795
20.786 0.836565
21.2623 0.839335
21.3457 0.842105
22.1973 0.844875
22.5593 0.847645
24.347 0.850416
25.6657 0.853186
27.2533 0.855956
27.2863 0.858726
27.6617 0.861496
28.8423 0.864266
29.161 0.867036
29.246 0.869806
30.0877 0.872576
30.1107 0.875346
30.5657 0.878116
30.5847 0.880886
31.010 0.883657
31.434 0.886427
31.8167 0.889197
32.2063 0.891967
32.261 0.894737
34.620 0.897507
36.059 0.900277
36.349 0.903047
37.8057 0.905817
39.144 0.908587
39.5263 0.911357
42.446 0.914127
43.6327 0.916898
49.0847 0.919668
50.6077 0.922438
51.4387 0.925208
51.601 0.927978
51.732 0.930748
51.977 0.933518
54.229 0.936288
54.6807 0.939058
54.907 0.941828
56.0463 0.944598
56.372 0.947368
58.710 0.950139
65.2123 0.952909
67.1013 0.955679
69.063 0.958449
69.3693 0.961219
70.353 0.963989
72.849 0.966759
79.094 0.969529
85.050 0.972299
88.824 0.975069
97.915 0.977839
105.652 0.980609
106.869 0.98338
113.535 0.98615
118.532 0.98892
122.510 0.99169
131.536 0.99446
137.501 0.99723
137.658 1
