0 0.0221607
0 0.0221607
0 0.0221607
0 0.0221607
0 0.0221607
0 0.0221607
0 0.0221607
0 0.0221607
.100 0.0304709
.100 0.0304709
.100 0.0304709
.200 0.0360111
.200 0.0360111
.300 0.0443213
.300 0.0443213
.300 0.0443213
.400 0.0692521
.400 0.0692521
.400 0.0692521
.400 0.0692521
.400 0.0692521
.400 0.0692521
.400 0.0692521
.400 0.0692521
.400 0.0692521
.500 0.0858726
.500 0.0858726
.500 0.0858726
.500 0.0858726
.500 0.0858726
.500 0.0858726
.600 0.102493
.600 0.102493
.600 0.102493
.600 0.102493
.600 0.102493
.600 0.102493
.700 0.116343
.700 0.116343
.700 0.116343
.700 0.116343
.700 0.116343
.800 0.132964
.800 0.132964
.800 0.132964
.800 0.132964
.800 0.132964
.800 0.132964
.900 0.144044
.900 0.144044
.900 0.144044
.900 0.144044
1.000 0.149584
1.000 0.149584
1.100 0.152355
1.200 0.163435
1.200 0.163435
1.200 0.163435
1.200 0.163435
1.300 0.177285
1.300 0.177285
1.300 0.177285
1.300 0.177285
1.300 0.177285
1.400 0.182825
1.400 0.182825
1.500 0.188366
1.500 0.188366
1.600 0.196676
1.600 0.196676
1.600 0.196676
1.700 0.199446
1.800 0.204986
1.800 0.204986
1.900 0.216066
1.900 0.216066
1.900 0.216066
1.900 0.216066
2.000 0.227147
2.000 0.227147
2.000 0.227147
2.000 0.227147
2.100 0.229917
2.300 0.246537
2.300 0.246537
2.300 0.246537
2.300 0.246537
2.300 0.246537
2.300 0.246537
2.400 0.252078
2.400 0.252078
2.500 0.260388
2.500 0.260388
2.500 0.260388
2.600 0.268698
2.600 0.268698
2.600 0.268698
2.700 0.277008
2.700 0.277008
2.700 0.277008
2.800 0.282548
2.800 0.282548
3.000 0.288089
3.000 0.288089
3.100 0.290859
3.200 0.293629
3.300 0.296399
3.400 0.299169
3.500 0.301939
3.600 0.310249
3.600 0.310249
3.600 0.310249
3.700 0.31856
3.700 0.31856
3.700 0.31856
3.800 0.3241
3.800 0.3241
3.900 0.33241
3.900 0.33241
3.900 0.33241
4.000 0.33795
4.000 0.33795
4.100 0.34349
4.100 0.34349
4.200 0.34626
4.300 0.351801
4.300 0.351801
4.400 0.354571
4.500 0.357341
4.800 0.362881
4.800 0.362881
4.900 0.365651
5.000 0.371191
5.000 0.371191
5.100 0.376731
5.100 0.376731
5.200 0.379501
5.300 0.382271
5.400 0.387812
5.400 0.387812
5.500 0.393352
5.500 0.393352
5.600 0.398892
5.600 0.398892
5.700 0.401662
6.300 0.404432
6.600 0.407202
6.700 0.409972
6.900 0.412742
7.000 0.421053
7.000 0.421053
7.000 0.421053
7.200 0.423823
7.600 0.426593
7.700 0.429363
7.800 0.440443
7.800 0.440443
7.800 0.440443
7.800 0.440443
7.900 0.443213
8.000 0.445983
8.300 0.448753
8.400 0.451524
8.500 0.459834
8.500 0.459834
8.500 0.459834
8.900 0.468144
8.900 0.468144
8.900 0.468144
9.100 0.470914
9.200 0.476454
9.200 0.476454
9.300 0.479224
9.500 0.484765
9.500 0.484765
9.600 0.493075
9.600 0.493075
9.600 0.493075
9.700 0.495845
9.900 0.498615
10.000 0.501385
10.200 0.506925
10.200 0.506925
10.400 0.523546
10.400 0.523546
10.400 0.523546
10.400 0.523546
10.400 0.523546
10.400 0.523546
10.500 0.526316
10.600 0.529086
10.700 0.531856
10.800 0.534626
11.000 0.540166
11.000 0.540166
11.600 0.542936
11.700 0.545706
12.000 0.548476
12.300 0.551247
12.400 0.554017
12.500 0.556787
12.700 0.559557
12.800 0.567867
12.800 0.567867
12.800 0.567867
13.000 0.570637
13.100 0.576177
13.100 0.576177
13.200 0.578947
13.300 0.581717
13.400 0.584488
13.500 0.592798
13.500 0.592798
13.500 0.592798
13.600 0.595568
13.900 0.598338
14.000 0.601108
14.200 0.603878
14.300 0.606648
14.400 0.609418
14.700 0.612188
15.000 0.614958
15.200 0.620499
15.200 0.620499
15.400 0.623269
15.500 0.626039
16.100 0.628809
16.600 0.631579
16.700 0.634349
17.000 0.637119
17.300 0.639889
17.400 0.642659
17.600 0.645429
17.800 0.65097
17.800 0.65097
17.900 0.65374
18.000 0.65651
18.500 0.65928
18.900 0.66205
19.000 0.66482
19.100 0.66759
19.400 0.67313
19.400 0.67313
19.500 0.6759
19.600 0.67867
19.800 0.68144
20.000 0.684211
20.400 0.686981
20.900 0.689751
21.100 0.695291
21.100 0.695291
22.500 0.700831
22.500 0.700831
22.800 0.703601
24.000 0.706371
24.400 0.709141
24.500 0.714681
24.500 0.714681
24.800 0.717452
24.900 0.720222
25.000 0.722992
25.500 0.725762
25.700 0.728532
26.800 0.731302
27.000 0.734072
27.300 0.736842
27.400 0.739612
28.000 0.742382
28.300 0.745152
29.000 0.747922
29.600 0.750693
29.800 0.756233
29.800 0.756233
29.900 0.759003
30.300 0.761773
30.500 0.764543
30.600 0.767313
30.900 0.770083
31.300 0.775623
31.300 0.775623
31.700 0.778393
32.400 0.781163
32.500 0.783934
32.900 0.786704
33.200 0.792244
33.200 0.792244
33.600 0.795014
33.700 0.797784
34.500 0.800554
34.900 0.803324
35.200 0.806094
35.600 0.808864
35.800 0.814404
35.800 0.814404
37.000 0.817175
38.000 0.819945
39.000 0.822715
39.200 0.825485
39.400 0.828255
40.100 0.831025
40.300 0.833795
40.800 0.836565
42.400 0.842105
42.400 0.842105
42.800 0.844875
43.100 0.847645
43.500 0.850416
44.400 0.853186
44.500 0.855956
45.200 0.858726
45.400 0.861496
45.600 0.864266
45.900 0.867036
46.800 0.869806
47.400 0.872576
47.700 0.875346
49.600 0.878116
49.700 0.880886
51.600 0.883657
51.900 0.886427
52.000 0.889197
52.300 0.891967
52.700 0.894737
52.900 0.897507
53.100 0.900277
53.400 0.903047
54.100 0.905817
54.400 0.908587
54.500 0.911357
55.000 0.914127
55.500 0.916898
58.000 0.919668
58.400 0.922438
58.800 0.925208
59.000 0.927978
59.900 0.930748
65.300 0.933518
66.200 0.936288
71.000 0.939058
72.000 0.941828
72.700 0.944598
75.400 0.947368
76.900 0.950139
80.100 0.952909
80.400 0.955679
83.800 0.958449
84.700 0.961219
85.800 0.963989
91.500 0.966759
91.600 0.969529
93.100 0.972299
93.200 0.977839
93.200 0.977839
95.200 0.980609
96.500 0.98338
113.000 0.98615
115.100 0.98892
120.200 0.99169
127.000 0.99446
127.300 0.99723
129.600 1
