0.0853671 0.00277008
0.152621 0.00554017
0.173462 0.00831025
0.220068 0.0110803
0.289725 0.0138504
0.314766 0.0166205
0.352309 0.0193906
0.456563 0.0221607
0.478604 0.0249307
0.648966 0.0277008
0.66214 0.0304709
0.714118 0.033241
1.01052 0.0360111
1.01365 0.0387812
1.03314 0.0415512
1.0576 0.0443213
1.12225 0.0470914
1.40023 0.0498615
1.47488 0.0526316
1.48365 0.0554017
1.67963 0.0581717
1.69095 0.0609418
1.71818 0.0637119
1.81518 0.066482
1.81647 0.0692521
1.82595 0.0720222
1.93861 0.0747922
1.96758 0.0775623
2.00189 0.0803324
2.00643 0.0831025
2.0172 0.0858726
2.029 0.0886427
2.04481 0.0914127
2.06203 0.0941828
2.06277 0.0969529
2.08358 0.099723
2.15453 0.102493
2.15965 0.105263
2.18138 0.108033
2.21285 0.110803
2.22215 0.113573
2.2445 0.116343
2.28363 0.119114
2.30901 0.121884
2.33917 0.124654
2.4002 0.127424
2.45595 0.130194
2.49391 0.132964
2.62478 0.135734
2.63668 0.138504
2.70565 0.141274
2.70733 0.144044
2.81897 0.146814
2.88914 0.149584
2.93064 0.152355
3.00778 0.155125
3.03434 0.157895
3.07627 0.160665
3.08603 0.163435
3.08963 0.166205
3.15636 0.168975
3.21445 0.171745
3.22892 0.174515
3.23584 0.177285
3.25055 0.180055
3.26195 0.182825
3.26282 0.185596
3.32482 0.188366
3.34525 0.191136
3.39274 0.193906
3.53825 0.196676
3.58704 0.199446
3.75508 0.202216
3.79485 0.204986
3.80022 0.207756
3.85683 0.210526
3.9359 0.213296
3.96407 0.216066
3.97224 0.218837
4.02088 0.221607
4.0693 0.224377
4.07012 0.227147
4.19337 0.229917
4.36773 0.232687
4.46822 0.235457
4.48627 0.238227
4.50998 0.240997
4.69689 0.243767
4.87892 0.246537
4.89467 0.249307
4.93135 0.252078
4.93397 0.254848
4.94587 0.257618
5.02798 0.260388
5.05204 0.263158
5.06434 0.265928
5.10269 0.268698
5.14779 0.271468
5.19339 0.274238
5.43646 0.277008
5.68371 0.279778
5.72524 0.282548
5.99005 0.285319
6.07998 0.288089
6.13497 0.290859
6.14348 0.293629
6.35687 0.296399
6.49953 0.299169
6.55847 0.301939
6.6777 0.304709
6.68222 0.307479
6.68385 0.310249
6.82609 0.313019
6.89061 0.315789
7.02857 0.31856
7.06061 0.32133
7.08997 0.3241
7.2344 0.32687
7.26987 0.32964
7.32992 0.33241
7.44104 0.33518
7.59342 0.33795
7.61601 0.34072
7.64391 0.34349
7.71226 0.34626
7.71771 0.34903
7.72252 0.351801
7.74098 0.354571
7.75451 0.357341
7.76549 0.360111
7.84785 0.362881
7.8625 0.365651
8.03084 0.368421
8.10369 0.371191
8.11483 0.373961
8.19376 0.376731
8.49242 0.379501
8.74926 0.382271
9.11687 0.385042
9.20909 0.387812
9.31107 0.390582
9.39214 0.393352
9.40404 0.396122
9.59363 0.398892
9.60109 0.401662
9.6414 0.404432
9.78072 0.407202
9.79793 0.409972
10.0196 0.412742
10.0219 0.415512
10.1252 0.418283
10.2445 0.421053
10.2913 0.423823
10.3239 0.426593
10.5471 0.429363
10.5736 0.432133
10.6248 0.434903
10.7689 0.437673
10.7823 0.440443
10.7892 0.443213
10.8249 0.445983
10.8535 0.448753
10.9599 0.451524
11.0641 0.454294
11.1148 0.457064
11.1495 0.459834
11.1592 0.462604
11.1885 0.465374
11.304 0.468144
11.3633 0.470914
11.4769 0.473684
11.961 0.476454
11.975 0.479224
12.0987 0.481994
12.1005 0.484765
12.26 0.487535
12.8511 0.490305
12.9972 0.493075
13.1577 0.495845
13.1868 0.498615
13.3554 0.501385
13.3591 0.504155
13.3617 0.506925
13.4769 0.509695
13.6383 0.512465
13.7169 0.515235
13.732 0.518006
13.7362 0.520776
13.936 0.523546
13.997 0.526316
14.0503 0.529086
14.1452 0.531856
14.2866 0.534626
14.6119 0.537396
14.6345 0.540166
14.7265 0.542936
14.9875 0.545706
15.022 0.548476
15.1771 0.551247
15.2132 0.554017
15.2336 0.556787
15.5754 0.559557
15.662 0.562327
15.7472 0.565097
15.8696 0.567867
15.8916 0.570637
16.0232 0.573407
16.1263 0.576177
16.1552 0.578947
16.1943 0.581717
16.6943 0.584488
16.7783 0.587258
16.8669 0.590028
16.9162 0.592798
17.3197 0.595568
17.3983 0.598338
17.4071 0.601108
17.4194 0.603878
17.8437 0.606648
18.9748 0.609418
19.4766 0.612188
19.492 0.614958
19.5503 0.617729
19.5936 0.620499
19.6291 0.623269
19.6573 0.626039
19.7574 0.628809
19.79 0.631579
19.8038 0.634349
19.8147 0.637119
19.8188 0.639889
19.8945 0.642659
19.9208 0.645429
20.1713 0.648199
20.4676 0.65097
20.4841 0.65374
21.0635 0.65651
21.0748 0.65928
21.474 0.66205
22.0079 0.66482
22.3803 0.66759
22.466 0.67036
22.5959 0.67313
22.9722 0.6759
23.0187 0.67867
23.256 0.68144
23.259 0.684211
23.387 0.686981
23.5759 0.689751
23.633 0.692521
23.8891 0.695291
24.3189 0.698061
24.7344 0.700831
24.7534 0.703601
24.8361 0.706371
24.9216 0.709141
25.0389 0.711911
25.1847 0.714681
25.3911 0.717452
25.9343 0.720222
26.039 0.722992
27.2568 0.725762
27.4437 0.728532
27.477 0.731302
27.491 0.734072
27.5244 0.736842
27.6933 0.739612
27.8786 0.742382
27.9404 0.745152
28.3165 0.747922
28.3483 0.750693
28.5579 0.753463
28.8912 0.756233
29.4506 0.759003
29.7651 0.761773
29.8142 0.764543
29.8973 0.767313
29.9411 0.770083
29.9756 0.772853
30.3355 0.775623
30.4137 0.778393
31.2872 0.781163
31.4285 0.783934
31.8153 0.786704
32.5968 0.789474
32.7356 0.792244
33.0478 0.795014
33.0651 0.797784
33.504 0.800554
34.1936 0.803324
34.6297 0.806094
34.635 0.808864
35.4392 0.811634
35.725 0.814404
36.3308 0.817175
36.5182 0.819945
37.49 0.822715
38.1636 0.825485
38.2104 0.828255
39.014 0.831025
40.2358 0.833795
40.3764 0.836565
40.5087 0.839335
40.7126 0.842105
40.8514 0.844875
41.7597 0.847645
41.8801 0.850416
41.9401 0.853186
43.6247 0.855956
44.6509 0.858726
45.0044 0.861496
45.1913 0.864266
45.5351 0.867036
46.7674 0.869806
46.9396 0.872576
47.7664 0.875346
47.8359 0.878116
49.7813 0.880886
49.9838 0.883657
50.4451 0.886427
50.9162 0.889197
51.3193 0.891967
51.5125 0.894737
51.5642 0.897507
51.8146 0.900277
52.5538 0.903047
53.372 0.905817
54.1462 0.908587
54.1911 0.911357
55.2994 0.914127
55.4578 0.916898
57.2391 0.919668
57.5012 0.922438
58.2494 0.925208
58.5017 0.927978
63.6994 0.930748
64.0478 0.933518
70.4207 0.936288
71.1619 0.939058
71.2123 0.941828
73.0445 0.944598
75.1769 0.947368
78.6627 0.950139
80.3575 0.952909
81.8445 0.955679
83.8944 0.958449
84.1465 0.961219
89.4254 0.963989
91.4479 0.966759
91.5244 0.969529
91.638 0.972299
92.8517 0.975069
94.0179 0.977839
95.5721 0.980609
112.821 0.98338
113.375 0.98615
118.503 0.98892
125.7 0.99169
126.909 0.99446
129.513 0.99723
5709.45 1
