.006 0.00277008
.0117 0.00554017
.0177 0.00831025
.0203 0.0110803
.023 0.0138504
.0253 0.0166205
.0373 0.0193906
.0393 0.0221607
.0677 0.0249307
.0717 0.0277008
.0927 0.0304709
.1153 0.033241
.129 0.0360111
.138 0.0387812
.175 0.0415512
.1767 0.0443213
.1853 0.0470914
.193 0.0498615
.2263 0.0526316
.242 0.0554017
.2583 0.0581717
.25933 0.0609418
.2633 0.0637119
.2693 0.066482
.277 0.0692521
.2897 0.0720222
.2953 0.0747922
.2957 0.0775623
.3123 0.0803324
.322 0.0831025
.3267 0.0858726
.3293 0.0886427
.3323 0.0914127
.335 0.0941828
.341 0.0969529
.3553 0.099723
.360 0.102493
.3753 0.105263
.3867 0.108033
.40533 0.110803
.4223 0.113573
.432 0.116343
.4583 0.119114
.4673 0.121884
.5103 0.124654
.528 0.127424
.5313 0.130194
.5377 0.132964
.5387 0.135734
.540 0.138504
.570 0.141274
.5743 0.144044
.5777 0.146814
.6137 0.149584
.630 0.152355
.638 0.155125
.6437 0.157895
.6533 0.160665
.657 0.163435
.658 0.166205
.706 0.168975
.7117 0.171745
.730 0.174515
.7427 0.177285
.7487 0.180055
.772 0.182825
.786 0.185596
.828 0.188366
.8363 0.191136
.8797 0.193906
.8863 0.196676
.8927 0.199446
.8997 0.202216
.9237 0.204986
.9567 0.207756
.961 0.210526
.982 0.213296
.988 0.216066
.999 0.218837
1.015 0.221607
1.021 0.224377
1.022 0.227147
1.0283 0.229917
1.0383 0.232687
1.0507 0.235457
1.083 0.238227
1.1133 0.240997
1.114 0.243767
1.121 0.246537
1.1413 0.249307
1.1417 0.252078
1.1423 0.254848
1.1443 0.257618
1.163 0.260388
1.16667 0.263158
1.175 0.265928
1.1867 0.268698
1.195 0.271468
1.2013 0.274238
1.293 0.277008
1.296 0.279778
1.3177 0.282548
1.3513 0.285319
1.3543 0.288089
1.416 0.290859
1.438 0.293629
1.4533 0.296399
1.496 0.299169
1.502 0.301939
1.532 0.304709
1.536 0.307479
1.5447 0.310249
1.554 0.313019
1.561 0.315789
1.5827 0.31856
1.5873 0.32133
1.6123 0.3241
1.615 0.32687
1.651 0.32964
1.7137 0.33241
1.7427 0.33518
1.7607 0.33795
1.7887 0.34072
1.9033 0.34349
2.0353 0.34626
2.0443 0.34903
2.1187 0.351801
2.1427 0.354571
2.2093 0.357341
2.2213 0.360111
2.294 0.362881
2.296 0.365651
2.312 0.368421
2.3207 0.371191
2.347 0.373961
2.399 0.376731
2.4237 0.379501
2.444 0.382271
2.4493 0.385042
2.4567 0.387812
2.565 0.390582
2.582 0.393352
2.590 0.396122
2.5997 0.398892
2.626 0.401662
2.6273 0.404432
2.6413 0.407202
2.6513 0.409972
2.7257 0.412742
2.775 0.415512
2.899 0.418283
2.906 0.421053
2.9407 0.423823
2.956 0.426593
2.962 0.429363
3.027 0.432133
3.083 0.434903
3.113 0.437673
3.170 0.440443
3.1747 0.443213
3.181 0.445983
3.2103 0.448753
3.226 0.451524
3.371 0.454294
3.4353 0.457064
3.5163 0.459834
3.6237 0.462604
3.6623 0.465374
3.7357 0.468144
3.7473 0.470914
3.7563 0.473684
3.8493 0.476454
3.8723 0.479224
3.914 0.481994
3.953 0.484765
3.9703 0.487535
4.PETpre 0.800554
4.0887 0.490305
4.102 0.493075
4.1167 0.495845
4.1503 0.498615
4.186 0.501385
4.253 0.504155
4.3857 0.506925
4.4397 0.509695
4.4587 0.512465
4.4643 0.515235
4.4823 0.518006
4.657 0.520776
4.6593 0.523546
4.7257 0.526316
4.7813 0.529086
4.7983 0.531856
4.853 0.534626
4.862 0.537396
4.959 0.542936
4.959 0.542936
5.039 0.548476
5.0563 0.551247
5.119 0.554017
5.122 0.556787
5.169 0.559557
5.2047 0.562327
5.242 0.565097
5.3243 0.567867
5.340 0.570637
5.3657 0.573407
5.5083 0.576177
5.549 0.578947
5.6363 0.581717
5.6797 0.584488
5.7233 0.587258
6.291 0.590028
6.418 0.592798
6.5283 0.595568
6.581 0.598338
6.650 0.601108
6.755 0.603878
6.930 0.606648
7.019 0.609418
7.022 0.612188
7.071 0.614958
7.179 0.617729
7.302 0.620499
7.4323 0.623269
7.4567 0.626039
7.5203 0.628809
7.647 0.631579
7.8787 0.634349
7.879 0.637119
7.9407 0.639889
8.380 0.642659
8.457 0.645429
8.7363 0.648199
8.856 0.65097
8.935 0.65374
9.1413 0.65651
9.157 0.65928
9.1703 0.66205
9.232 0.66482
9.2503 0.66759
9.3707 0.67036
9.5203 0.67313
9.7803 0.6759
9.852 0.67867
10.0053 0.67867
10.120 0.68144
10.6417 0.684211
10.750 0.686981
10.833 0.689751
10.8437 0.692521
10.848 0.695291
10.956 0.698061
10.9643 0.700831
10.969 0.703601
11.361 0.706371
11.392 0.709141
11.4103 0.711911
11.5007 0.714681
12.0693 0.717452
12.1107 0.720222
12.1617 0.722992
12.2083 0.725762
12.2127 0.728532
12.3403 0.731302
12.9983 0.734072
13.000 0.736842
13.4433 0.739612
13.505 0.742382
13.514 0.745152
13.520 0.747922
13.5467 0.750693
13.816 0.753463
14.223 0.756233
14.264 0.759003
14.343 0.761773
14.622 0.764543
14.8113 0.767313
14.9163 0.770083
15.0363 0.772853
15.096 0.775623
15.313 0.778393
15.528 0.781163
16.364 0.783934
17.389 0.786704
17.786 0.789474
17.8083 0.792244
18.4383 0.795014
18.519 0.797784
18.585 0.800554
18.607 0.803324
19.075 0.806094
19.141 0.808864
19.3047 0.811634
19.3453 0.814404
19.5733 0.817175
19.5947 0.819945
20.0287 0.822715
20.167 0.825485
20.4403 0.828255
20.693 0.831025
20.786 0.833795
21.2623 0.836565
21.3457 0.839335
22.1973 0.842105
22.5593 0.844875
24.375 0.847645
25.6657 0.850416
27.3133 0.853186
27.3893 0.855956
27.7217 0.858726
28.8943 0.861496
29.161 0.864266
29.246 0.867036
30.0877 0.869806
30.1107 0.872576
30.5657 0.875346
30.6517 0.878116
31.010 0.880886
31.434 0.883657
31.8167 0.886427
32.2543 0.889197
32.261 0.891967
34.620 0.894737
36.059 0.897507
36.349 0.900277
37.8057 0.903047
39.144 0.905817
39.5263 0.908587
42.446 0.914127
43.6327 0.916898
49.1537 0.919668
50.6077 0.922438
51.4387 0.925208
51.674 0.927978
51.732 0.930748
51.977 0.933518
54.229 0.936288
54.6807 0.939058
54.907 0.941828
56.0463 0.944598
56.372 0.947368
58.710 0.950139
65.2123 0.952909
67.1013 0.955679
69.063 0.958449
69.3693 0.961219
70.353 0.963989
72.849 0.966759
79.094 0.969529
85.050 0.972299
89.023 0.975069
97.915 0.977839
105.652 0.977839
106.869 0.980609
113.535 0.98338
118.532 0.98615
122.510 0.98892
131.536 0.99169
137.501 0.99446
137.658 0.99723
