0.0118721 0.00277008
0.0172916 0.00554017
0.0251467 0.00831025
0.0303547 0.0110803
0.0371222 0.0138504
0.0734301 0.0166205
0.168162 0.0193906
0.213627 0.0221607
0.244049 0.0249307
0.28717 0.0277008
0.28833 0.0304709
0.365389 0.033241
0.366965 0.0360111
0.371806 0.0387812
0.382649 0.0415512
0.382921 0.0443213
0.388943 0.0470914
0.40448 0.0498615
0.44175 0.0526316
0.502693 0.0554017
0.503093 0.0581717
0.520079 0.0609418
0.59297 0.0637119
0.607692 0.066482
0.622647 0.0692521
0.671638 0.0720222
0.737249 0.0747922
0.745369 0.0775623
0.828325 0.0803324
0.840732 0.0831025
0.847104 0.0858726
0.860176 0.0886427
0.880643 0.0914127
0.903531 0.0941828
0.908191 0.0969529
0.943932 0.099723
0.944979 0.102493
0.959683 0.105263
0.966688 0.108033
0.973625 0.110803
1.01248 0.113573
1.03841 0.116343
1.08219 0.119114
1.0861 0.121884
1.24821 0.124654
1.27379 0.127424
1.3794 0.130194
1.44774 0.132964
1.55599 0.135734
1.57399 0.138504
1.57982 0.141274
1.58184 0.144044
1.60423 0.146814
1.63911 0.149584
1.6867 0.152355
1.69618 0.155125
1.70026 0.157895
1.70487 0.160665
1.71379 0.163435
1.76702 0.166205
1.79614 0.168975
1.80017 0.171745
1.85933 0.174515
1.8616 0.177285
1.8982 0.180055
1.9887 0.182825
1.9967 0.185596
2.00831 0.188366
2.01292 0.191136
2.05124 0.193906
2.06676 0.196676
2.15955 0.199446
2.16682 0.202216
2.26598 0.204986
2.33277 0.207756
2.39276 0.210526
2.47791 0.213296
2.51264 0.216066
2.53207 0.218837
2.54642 0.221607
2.60491 0.224377
2.67228 0.227147
2.70217 0.229917
2.79793 0.232687
2.84985 0.235457
2.89899 0.238227
2.95025 0.240997
3.02467 0.243767
3.04616 0.246537
3.08475 0.249307
3.08641 0.252078
3.17405 0.254848
3.30147 0.257618
3.47508 0.260388
3.53851 0.263158
3.56971 0.265928
3.62097 0.268698
3.62368 0.271468
3.74274 0.274238
3.81223 0.277008
3.8327 0.279778
3.87942 0.282548
4.02313 0.285319
4.06079 0.288089
4.09478 0.290859
4.10419 0.293629
4.12224 0.296399
4.13336 0.299169
4.16069 0.301939
4.3581 0.304709
4.40454 0.307479
4.41242 0.310249
4.42425 0.313019
4.58697 0.315789
4.64433 0.31856
4.83423 0.32133
4.90437 0.3241
4.95538 0.32687
5.0052 0.32964
5.11925 0.33241
5.14442 0.33518
5.18417 0.33795
5.28738 0.34072
5.43989 0.34349
5.4744 0.34626
5.69899 0.34903
5.75167 0.351801
6.10596 0.354571
6.53928 0.357341
6.61568 0.360111
6.64187 0.362881
6.68548 0.365651
6.8341 0.368421
6.96348 0.371191
7.10417 0.373961
7.13602 0.376731
7.22787 0.379501
7.39262 0.382271
7.45931 0.385042
7.57391 0.387812
7.79401 0.390582
7.81059 0.393352
7.81781 0.396122
7.83138 0.398892
8.03384 0.401662
8.1482 0.404432
8.4321 0.407202
8.60754 0.409972
8.70625 0.412742
8.76405 0.415512
8.84234 0.418283
8.93764 0.421053
8.97249 0.423823
9.02306 0.426593
9.07028 0.429363
9.13039 0.432133
9.15905 0.434903
9.3283 0.437673
9.49845 0.440443
9.81433 0.443213
9.8451 0.445983
10.0827 0.448753
10.1649 0.451524
10.2101 0.454294
10.4588 0.457064
10.4609 0.459834
10.5348 0.462604
10.5431 0.465374
10.6421 0.468144
10.6878 0.470914
10.7453 0.473684
10.892 0.476454
11.0432 0.479224
11.2866 0.481994
11.2983 0.484765
11.3306 0.487535
11.335 0.490305
11.4485 0.493075
11.605 0.495845
11.701 0.498615
11.9942 0.501385
11.9972 0.504155
12.5048 0.506925
12.6486 0.509695
12.8163 0.512465
12.8433 0.515235
12.8634 0.518006
12.9972 0.520776
13.0822 0.523546
13.1761 0.526316
13.2352 0.529086
13.3817 0.531856
13.536 0.534626
13.8344 0.537396
13.9243 0.540166
14.1727 0.542936
14.4816 0.545706
14.6578 0.548476
14.7266 0.551247
14.778 0.554017
15.0059 0.556787
15.1752 0.559557
15.2353 0.562327
15.2472 0.565097
15.358 0.567867
15.4746 0.570637
15.6632 0.573407
15.8272 0.576177
15.8638 0.578947
16.029 0.581717
16.0308 0.584488
16.7815 0.587258
17.0744 0.590028
17.3621 0.592798
17.3988 0.595568
17.6315 0.598338
17.7258 0.601108
17.8732 0.603878
17.9561 0.606648
17.9627 0.609418
17.9769 0.612188
17.9932 0.614958
18.6845 0.617729
19.0278 0.620499
19.1271 0.623269
19.2222 0.626039
19.4282 0.628809
19.4289 0.631579
19.4304 0.634349
19.6075 0.637119
19.7827 0.639889
19.8324 0.642659
20.0822 0.645429
20.22 0.648199
20.3732 0.65097
20.6716 0.65374
20.784 0.65651
20.9871 0.65928
21.1339 0.66205
21.3683 0.66482
21.5715 0.66759
22.8912 0.67036
23.9174 0.67313
24.0968 0.6759
24.3018 0.67867
24.5727 0.68144
24.6759 0.684211
24.706 0.686981
24.9298 0.689751
25.4523 0.692521
25.5806 0.695291
25.6195 0.698061
25.6287 0.700831
25.6618 0.703601
25.673 0.706371
27.1165 0.709141
27.2037 0.711911
27.2652 0.714681
27.3583 0.717452
27.6385 0.720222
28.313 0.722992
28.4197 0.725762
28.5428 0.728532
29.1781 0.731302
29.2483 0.734072
29.5603 0.736842
30.1071 0.739612
31.3809 0.742382
31.9076 0.745152
33.0053 0.747922
34.4545 0.750693
34.6359 0.753463
34.6573 0.756233
35.1394 0.759003
35.3478 0.761773
35.5071 0.764543
36.113 0.767313
36.6346 0.770083
36.8315 0.772853
36.8789 0.775623
37.1025 0.778393
37.3257 0.781163
37.5428 0.783934
37.8237 0.786704
38.2476 0.789474
38.3452 0.792244
38.4095 0.795014
38.4759 0.797784
38.6763 0.800554
39.1366 0.803324
39.7433 0.806094
40.0762 0.808864
40.603 0.811634
40.9571 0.814404
42.8501 0.817175
43.4938 0.819945
43.6312 0.822715
43.7687 0.825485
44.3921 0.828255
45.3992 0.831025
45.5233 0.833795
47.3075 0.836565
47.6536 0.839335
48.7408 0.842105
48.7895 0.844875
49.4504 0.847645
50.9729 0.850416
51.1804 0.853186
51.237 0.855956
53.2516 0.858726
53.2862 0.861496
53.8154 0.864266
54.2486 0.867036
54.5538 0.869806
55.5636 0.872576
56.1619 0.875346
56.6877 0.878116
57.9302 0.880886
59.2169 0.883657
60.1603 0.886427
61.6599 0.889197
64.7452 0.891967
65.1452 0.894737
66.6481 0.897507
66.9952 0.900277
69.2741 0.903047
69.4992 0.905817
70.3128 0.908587
71.4942 0.911357
72.7765 0.914127
74.2988 0.916898
77.1593 0.919668
77.2683 0.922438
83.2914 0.925208
84.492 0.927978
88.7138 0.930748
95.0624 0.933518
96.1444 0.936288
96.2658 0.939058
103.747 0.941828
110.559 0.944598
110.865 0.947368
113.598 0.950139
114.899 0.952909
116.065 0.955679
129.471 0.958449
132.693 0.961219
133.163 0.963989
137.008 0.966759
137.592 0.969529
150.892 0.972299
158.196 0.975069
165.784 0.977839
177.87 0.980609
185.659 0.98338
187.388 0.98615
199.362 0.98892
202.37 0.99169
212.502 0.99446
219.372 0.99723
242.162 1
