0.0336986 0.00277008
0.0612016 0.00554017
0.117233 0.00831025
0.119887 0.0110803
0.246267 0.0138504
0.315664 0.0166205
0.400643 0.0193906
0.696834 0.0221607
0.907546 0.0249307
1.06696 0.0277008
1.06983 0.0304709
1.1053 0.033241
1.24569 0.0360111
1.47768 0.0387812
1.54333 0.0415512
1.65117 0.0443213
1.70128 0.0470914
1.89877 0.0498615
2.11619 0.0526316
2.19489 0.0554017
2.32131 0.0581717
2.3253 0.0609418
2.52194 0.0637119
2.64158 0.066482
2.6417 0.0692521
2.71367 0.0720222
2.79737 0.0747922
2.83518 0.0775623
2.95448 0.0803324
3.01985 0.0831025
3.18511 0.0858726
3.20543 0.0886427
3.21221 0.0914127
3.37339 0.0941828
3.37867 0.0969529
3.493 0.099723
3.53287 0.102493
3.66534 0.105263
3.83807 0.108033
3.87342 0.110803
3.92052 0.113573
3.97887 0.116343
4.02851 0.119114
4.21267 0.121884
4.25794 0.124654
4.37729 0.127424
4.37858 0.130194
4.62873 0.132964
4.70129 0.135734
4.86029 0.138504
5.03753 0.141274
5.12115 0.144044
5.15524 0.146814
5.23354 0.149584
5.2484 0.152355
5.31736 0.155125
5.60165 0.157895
5.79967 0.160665
5.93413 0.163435
6.09718 0.166205
6.35777 0.168975
6.48685 0.171745
6.51761 0.174515
6.52969 0.177285
6.72186 0.180055
6.77231 0.182825
6.7922 0.185596
6.90827 0.188366
6.92828 0.191136
6.9326 0.193906
6.94665 0.196676
6.99007 0.199446
7.12365 0.202216
7.16117 0.204986
7.3058 0.207756
7.51261 0.210526
7.55508 0.213296
7.57464 0.216066
7.61013 0.218837
7.63846 0.221607
7.67423 0.224377
7.70193 0.227147
7.92707 0.229917
8.25213 0.232687
9.28828 0.235457
9.30028 0.238227
9.31788 0.240997
9.46487 0.243767
9.4958 0.246537
9.54171 0.249307
9.72818 0.252078
9.92149 0.254848
10.4221 0.257618
10.7241 0.260388
10.789 0.263158
11.2713 0.265928
11.2779 0.268698
11.5167 0.271468
11.7409 0.274238
11.8 0.277008
11.9936 0.279778
12.071 0.282548
12.1083 0.285319
12.3371 0.288089
12.4507 0.290859
12.9764 0.293629
13.0491 0.296399
13.0971 0.299169
13.1057 0.301939
13.159 0.304709
13.21 0.307479
13.2885 0.310249
13.3041 0.313019
13.3793 0.315789
13.3966 0.31856
13.4576 0.32133
13.5358 0.3241
13.698 0.32687
13.7795 0.32964
13.9813 0.33241
14.0273 0.33518
14.0829 0.33795
14.2846 0.34072
15.0441 0.34349
15.0532 0.34626
15.1141 0.34903
15.8617 0.351801
15.9674 0.354571
16.1136 0.357341
16.1617 0.360111
16.5497 0.362881
16.6779 0.365651
16.7046 0.368421
16.7227 0.371191
17.1994 0.373961
17.2017 0.376731
17.319 0.379501
17.3248 0.382271
18.1822 0.385042
18.2613 0.387812
18.4544 0.390582
18.5811 0.393352
18.8327 0.396122
18.9002 0.398892
18.9478 0.401662
18.957 0.404432
19.1669 0.407202
19.3358 0.409972
19.3584 0.412742
19.445 0.415512
19.5682 0.418283
19.5934 0.421053
19.6116 0.423823
19.674 0.426593
19.7494 0.429363
19.7584 0.432133
19.8331 0.434903
19.9739 0.437673
20.1286 0.440443
20.2924 0.443213
20.4781 0.445983
20.4797 0.448753
20.9186 0.451524
21.0545 0.454294
21.2422 0.457064
21.6677 0.459834
22.0101 0.462604
22.4083 0.465374
22.5284 0.468144
22.7827 0.470914
22.85 0.473684
22.8695 0.476454
23.0366 0.479224
23.1787 0.481994
23.417 0.484765
23.6387 0.487535
23.6402 0.490305
23.6875 0.493075
23.7328 0.495845
23.88 0.498615
24.2655 0.501385
24.4215 0.504155
24.4712 0.506925
24.7193 0.509695
24.7745 0.512465
25.0452 0.515235
25.2267 0.518006
25.3466 0.520776
25.391 0.523546
25.6997 0.526316
26.0847 0.529086
26.5297 0.531856
26.6294 0.534626
26.7547 0.537396
26.7582 0.540166
26.8071 0.542936
26.8281 0.545706
27.0609 0.548476
27.2756 0.551247
27.32 0.554017
27.5097 0.556787
27.5303 0.559557
27.6638 0.562327
27.7058 0.565097
27.9065 0.567867
28.037 0.570637
28.0855 0.573407
28.0883 0.576177
28.2735 0.578947
28.3266 0.581717
28.5506 0.584488
28.5644 0.587258
28.8097 0.590028
28.9829 0.592798
28.9841 0.595568
28.9993 0.598338
29.0281 0.601108
29.0474 0.603878
29.1249 0.606648
29.2138 0.609418
29.2316 0.612188
29.2875 0.614958
29.323 0.617729
29.5747 0.620499
29.7258 0.623269
29.7687 0.626039
30.0587 0.628809
30.1331 0.631579
30.1619 0.634349
30.2468 0.637119
30.2547 0.639889
30.2885 0.642659
30.3829 0.645429
30.4538 0.648199
30.4606 0.65097
30.5552 0.65374
30.583 0.65651
30.6069 0.65928
30.628 0.66205
30.6437 0.66482
30.6581 0.66759
30.6641 0.67036
30.7099 0.67313
30.7485 0.6759
30.9114 0.67867
30.9131 0.68144
31.0938 0.684211
31.2927 0.686981
31.31 0.689751
31.4664 0.692521
31.6222 0.695291
31.837 0.698061
31.9869 0.700831
32.371 0.703601
32.3812 0.706371
32.6722 0.709141
32.6952 0.711911
32.947 0.714681
33.1021 0.717452
33.3978 0.720222
33.428 0.722992
33.975 0.725762
34.4711 0.728532
34.4839 0.731302
34.7435 0.734072
35.441 0.736842
35.7679 0.739612
36.2962 0.742382
36.3678 0.745152
36.4522 0.747922
37.5534 0.750693
38.0613 0.753463
38.4092 0.756233
38.4758 0.759003
40.2164 0.761773
40.2436 0.764543
40.2928 0.767313
40.3271 0.770083
40.515 0.772853
41.5246 0.775623
41.7665 0.778393
42.1074 0.781163
43.1066 0.783934
43.6776 0.786704
44.4129 0.789474
44.9832 0.792244
45.4674 0.795014
47.4315 0.797784
47.5898 0.800554
47.8047 0.803324
47.8515 0.806094
48.153 0.808864
48.1993 0.811634
48.3014 0.814404
49.5006 0.817175
49.9571 0.819945
50.4682 0.822715
51.2148 0.825485
51.3899 0.828255
51.5123 0.831025
51.5907 0.833795
51.824 0.836565
51.9146 0.839335
52.8159 0.842105
53.1618 0.844875
54.1756 0.847645
54.6976 0.850416
55.5053 0.853186
56.0401 0.855956
56.5428 0.858726
56.5592 0.861496
57.1422 0.864266
57.3788 0.867036
57.6072 0.869806
58.1716 0.872576
60.6234 0.875346
60.867 0.878116
67.1881 0.880886
68.0521 0.883657
69.988 0.886427
70.6937 0.889197
70.8141 0.891967
71.1311 0.894737
71.3111 0.897507
71.8549 0.900277
73.2548 0.903047
77.3971 0.905817
77.4201 0.908587
80.2894 0.911357
80.5856 0.914127
81.7744 0.916898
84.1635 0.919668
85.352 0.922438
87.8018 0.925208
89.2535 0.927978
89.4342 0.930748
91.4466 0.933518
91.4649 0.936288
92.5716 0.939058
93.3392 0.941828
93.8953 0.944598
95.4473 0.947368
95.9194 0.950139
97.1145 0.952909
101.222 0.955679
103.405 0.958449
111.336 0.961219
112.828 0.963989
118.266 0.966759
118.513 0.969529
118.73 0.972299
124.051 0.975069
126.361 0.977839
129.809 0.980609
130.726 0.98338
133.569 0.98615
138.217 0.98892
142.459 0.99169
155.366 0.99446
184.499 0.99723
202.545 1
