.0008651527 0.00277008
.0023286830 0.00554017
.0025397718 0.00831025
.0033532174 0.0110803
.0042723026 0.0138504
.0053731329 0.0166205
.0055191670 0.0193906
.0065985648 0.0221607
.0068959090 0.0249307
.0069684974 0.0277008
.0075698502 0.0304709
.0084200245 0.033241
.0085833737 0.0360111
.0086306616 0.0387812
.0095602507 0.0415512
.0119548471 0.0443213
.0124203886 0.0470914
.0124847625 0.0498615
.0133848713 0.0526316
.0138556358 0.0554017
.0141221741 0.0581717
.0156887452 0.0609418
.0170937743 0.0637119
.0181618597 0.066482
.0200978094 0.0692521
.0207237863 0.0720222
.0208403722 0.0747922
.0210913891 0.0775623
.0216034541 0.0803324
.0223342601 0.0831025
.0231457047 0.0858726
.0239383381 0.0886427
.0240205069 0.0914127
.0256508774 0.0941828
.0256680592 0.0969529
.0265956794 0.099723
.0280661688 0.102493
.0280819750 0.105263
.0283572961 0.108033
.0293748638 0.110803
.0293765926 0.113573
.0298285637 0.116343
.0303848357 0.119114
.0307618732 0.121884
.0309061733 0.124654
.0312514468 0.127424
.0315704291 0.130194
.0329749351 0.132964
.0333118857 0.135734
.0349683283 0.138504
.0352835033 0.141274
.0362630136 0.144044
.0377691043 0.146814
.0382396074 0.149584
.0392757792 0.152355
.0396208926 0.155125
.0411062405 0.157895
.0419903197 0.160665
.0441904611 0.163435
.0451769525 0.166205
.0488274191 0.168975
.0495942376 0.171745
.0497590571 0.174515
.0522060706 0.177285
.0553329529 0.180055
.0596729181 0.182825
.0661693553 0.185596
.0670875817 0.188366
.0678728648 0.191136
.0753774614 0.193906
.0762900726 0.196676
.0785431770 0.199446
.0830084012 0.202216
.0839645721 0.204986
.0896084264 0.207756
.0907753741 0.210526
.0912328334 0.213296
.0916949345 0.216066
.0928244073 0.218837
.0990067456 0.221607
.1102308795 0.224377
.1110887128 0.227147
.1116591400 0.229917
.1142207470 0.232687
.1155388884 0.235457
.1265854796 0.238227
.1298885882 0.240997
.1318888585 0.243767
.1376427669 0.246537
.1386174758 0.249307
.1474909380 0.252078
.1478127667 0.254848
.1487932336 0.257618
.1490148178 0.260388
.1502124512 0.263158
.1557122496 0.265928
.1658844097 0.268698
.1665144963 0.271468
.1805021364 0.274238
.2101414151 0.277008
.2115203067 0.279778
.2209453434 0.282548
.2279171759 0.285319
.2286159817 0.288089
.2376572377 0.290859
.2400323504 0.293629
.2429701377 0.296399
.2450338388 0.299169
.2640093574 0.301939
.2689316085 0.304709
.2752485628 0.307479
.2835274140 0.310249
.2850577194 0.313019
.2902205915 0.315789
.2951803249 0.31856
.2959006483 0.32133
.2987111389 0.3241
.2998922277 0.32687
.3033545540 0.32964
.3140915807 0.33241
.3146883751 0.33518
.3369430863 0.33795
.3447748944 0.34072
.3537686336 0.34349
.3600645554 0.34626
.3601561815 0.34903
.3640426526 0.351801
.3667495302 0.354571
.3811267077 0.357341
.3897070150 0.360111
.3898997583 0.362881
.4033165968 0.365651
.4128364982 0.368421
.4161328345 0.371191
.4210010749 0.373961
.4225556992 0.376731
.4257485558 0.379501
.4286132275 0.382271
.4347160919 0.385042
.4357747385 0.387812
.4453487052 0.390582
.4531565906 0.393352
.4657579875 0.396122
.4677222692 0.398892
.4776135062 0.401662
.4788039413 0.404432
.4797427639 0.407202
.4892291111 0.409972
.4934559919 0.412742
.5042867154 0.415512
.5274233456 0.418283
.5281279485 0.421053
.5283600124 0.423823
.5319758567 0.426593
.5391338831 0.429363
.5486158013 0.432133
.5516323492 0.434903
.5766291170 0.437673
.5982037603 0.440443
.5984687853 0.443213
.6051730449 0.445983
.6075301187 0.448753
.6081041263 0.451524
.6106696547 0.454294
.6197402093 0.457064
.6240581959 0.459834
.6253241546 0.462604
.6385523466 0.465374
.6392634897 0.468144
.6608114068 0.470914
.6621661351 0.473684
.6695486464 0.476454
.6740727199 0.479224
.6769998714 0.481994
.7190079746 0.484765
.7311985720 0.487535
.7339046546 0.490305
.7501595956 0.493075
.7645543421 0.495845
.7704936978 0.498615
.8067959619 0.501385
.8211058351 0.504155
.8290213208 0.506925
.8659924497 0.509695
1.1694466970 0.512465
1.1853838284 0.515235
1.4168515044 0.518006
1.5280578425 0.520776
2.8177002883 0.523546
3.2076668624 0.526316
4.1022524824 0.529086
5.0151200000 0.531856
5.8464800000 0.534626
6.9287040000 0.537396
7.1413714286 0.540166
8.2956114286 0.542936
8.3198133334 0.545706
8.5116000000 0.548476
8.5791657143 0.551247
8.6275200000 0.554017
9.4922514286 0.556787
9.6436400000 0.559557
9.6877485715 0.562327
9.9797600000 0.565097
9.9893257143 0.567867
9.9944000000 0.570637
10.9928533334 0.573407
11.0344533334 0.576177
11.0364800000 0.578947
11.3536010072 0.581717
11.5030560000 0.584488
11.6175066667 0.587258
11.6349066667 0.590028
11.6699520000 0.592798
12.0274870718 0.595568
12.2972666667 0.598338
12.4934000000 0.601108
12.6309946667 0.603878
12.6665666667 0.606648
12.6734546667 0.609418
12.8880480000 0.612188
13.1838560000 0.614958
13.2645400000 0.617729
13.6406666667 0.620499
13.8595200000 0.623269
13.9017440000 0.626039
14.1537200000 0.628809
14.1897120000 0.631579
14.3197066667 0.634349
14.4102800000 0.637119
14.6766080000 0.639889
15.0389232000 0.642659
15.0898352000 0.645429
15.1849488000 0.648199
15.1869408000 0.65097
15.2150160000 0.65374
15.3832528000 0.65651
15.6773600000 0.65928
15.8063200000 0.66205
16.3479600000 0.66482
16.3508000000 0.66759
16.6563200000 0.67036
17.3769200000 0.67313
17.5106133334 0.6759
17.9692103958 0.67867
18.4109200000 0.68144
18.6744020000 0.684211
18.7921060000 0.686981
18.9631040000 0.689751
18.9905120000 0.692521
19.2411466667 0.695291
19.2664820000 0.698061
19.2723640000 0.700831
19.3225400000 0.703601
19.3780140000 0.706371
19.4712420000 0.709141
19.5548000000 0.711911
20.1738133334 0.714681
20.8272533334 0.717452
21.1482000000 0.720222
21.7033600000 0.722992
21.8263733334 0.725762
22.0298360000 0.728532
23.1092266667 0.731302
23.2988048000 0.734072
23.5557648000 0.736842
23.7846912000 0.739612
24.2842000000 0.742382
24.6249600000 0.745152
24.6474213334 0.747922
24.6666960000 0.750693
24.9479733334 0.753463
24.9851200000 0.756233
25.1565600000 0.759003
25.2687226667 0.761773
25.3164666667 0.764543
25.5089280000 0.767313
25.5965280000 0.770083
25.7865520000 0.772853
25.8548453334 0.775623
25.9337333334 0.778393
25.9981093334 0.781163
26.1814880000 0.783934
26.3079493334 0.786704
26.3242320000 0.789474
28.6350000000 0.792244
28.8995540000 0.795014
29.3558340000 0.797784
29.5946340000 0.800554
30.2865200000 0.803324
30.4866400000 0.806094
32.2910800000 0.808864
32.8075200000 0.811634
34.5662800000 0.814404
35.9865200000 0.817175
36.2112800000 0.819945
36.2508800000 0.822715
37.2759520000 0.825485
37.7039520000 0.828255
37.7821800000 0.831025
37.8172160000 0.833795
37.8668960000 0.836565
37.9145200000 0.839335
37.9298120000 0.842105
38.1808440000 0.844875
38.2212800000 0.847645
38.6296360000 0.850416
38.7782160000 0.853186
38.8096720000 0.855956
38.9046480000 0.858726
39.0631840000 0.861496
39.1633840000 0.864266
39.2332040000 0.867036
39.3231720000 0.869806
39.4625733334 0.872576
39.6586720000 0.875346
40.2194840000 0.878116
40.3816720000 0.880886
42.9456800000 0.883657
43.5148800000 0.886427
43.7358160000 0.889197
46.1492720000 0.891967
46.7374960000 0.894737
49.3288000000 0.897507
49.9449600000 0.900277
52.2488693140 0.903047
56.3700800000 0.905817
56.6846400000 0.908587
56.8746000000 0.911357
57.8152320000 0.914127
58.5824080000 0.916898
59.9916640000 0.919668
60.3143800000 0.922438
60.4080480000 0.925208
63.8667200000 0.927978
64.6738400000 0.930748
68.1701600000 0.933518
68.4148800000 0.936288
74.2268000000 0.939058
75.3665120000 0.941828
75.5948400000 0.944598
77.0033520000 0.947368
77.0160880000 0.950139
77.9109520000 0.952909
78.2975360000 0.955679
78.4638080000 0.958449
79.1015040000 0.961219
79.9550000000 0.963989
80.0067680000 0.966759
80.5185360000 0.969529
80.5390560000 0.972299
80.8301440000 0.975069
80.9662400000 0.977839
81.8710717600 0.980609
90.6508800000 0.98338
108.7064000000 0.98615
114.0461600000 0.98892
115.9974400000 0.99169
117.1788000000 0.99446
117.3201120000 0.99723
119.6523760000 1
