0.0100392 0.00277008
0.031741 0.00554017
0.0395173 0.00831025
0.10676 0.0110803
0.118943 0.0138504
0.124119 0.0166205
0.129332 0.0193906
0.157183 0.0221607
0.178057 0.0249307
0.187861 0.0277008
0.234061 0.0304709
0.280819 0.033241
0.342845 0.0360111
0.352279 0.0387812
0.357048 0.0415512
0.362885 0.0443213
0.365399 0.0470914
0.395533 0.0498615
0.418125 0.0526316
0.419709 0.0554017
0.48258 0.0581717
0.513709 0.0609418
0.538311 0.0637119
0.538906 0.066482
0.613731 0.0692521
0.654134 0.0720222
0.66914 0.0747922
0.692504 0.0775623
0.697336 0.0803324
0.740225 0.0831025
0.761684 0.0858726
0.782873 0.0886427
0.806045 0.0914127
0.809733 0.0941828
0.836705 0.0969529
0.852696 0.099723
0.864446 0.102493
0.866541 0.105263
0.871669 0.108033
0.872518 0.110803
0.88382 0.113573
0.898116 0.116343
0.900957 0.119114
0.901854 0.121884
0.902567 0.124654
0.909351 0.127424
0.957663 0.130194
0.973814 0.132964
0.986799 0.135734
0.990768 0.138504
0.992509 0.141274
0.994092 0.144044
1.02605 0.146814
1.0496 0.149584
1.06464 0.152355
1.07967 0.155125
1.14071 0.157895
1.14868 0.160665
1.20876 0.163435
1.24603 0.166205
1.28557 0.168975
1.35289 0.171745
1.39361 0.174515
1.45219 0.177285
1.45812 0.180055
1.51817 0.182825
1.57022 0.185596
1.58473 0.188366
1.61093 0.191136
1.64415 0.193906
1.65738 0.196676
1.66057 0.199446
1.67728 0.202216
1.68647 0.204986
1.69574 0.207756
1.72517 0.210526
1.72537 0.213296
1.72616 0.216066
1.72957 0.218837
1.76854 0.221607
1.77798 0.224377
1.80291 0.227147
1.85374 0.229917
1.85907 0.232687
1.88767 0.235457
1.93695 0.238227
1.9749 0.240997
2.02627 0.243767
2.02884 0.246537
2.03366 0.249307
2.08709 0.252078
2.15134 0.254848
2.19591 0.257618
2.29765 0.260388
2.35473 0.263158
2.36635 0.265928
2.37623 0.268698
2.4048 0.271468
2.42846 0.274238
2.5173 0.277008
2.5346 0.279778
2.54724 0.282548
2.54959 0.285319
2.55898 0.288089
2.57195 0.290859
2.6 0.293629
2.60678 0.296399
2.60979 0.299169
2.61478 0.301939
2.64046 0.304709
2.67122 0.307479
2.67894 0.310249
2.69623 0.313019
2.71235 0.315789
2.71344 0.31856
2.73333 0.32133
2.80867 0.3241
2.88172 0.32687
2.93184 0.32964
2.93795 0.33241
2.99575 0.33518
3.00232 0.33795
3.07998 0.34072
3.11763 0.34349
3.19422 0.34626
3.2121 0.34903
3.24156 0.351801
3.28707 0.354571
3.30523 0.357341
3.38858 0.360111
3.41716 0.362881
3.48815 0.365651
3.50429 0.368421
3.52056 0.371191
3.59367 0.373961
3.63755 0.376731
3.74503 0.379501
3.84304 0.382271
3.94086 0.385042
4.05537 0.387812
4.0811 0.390582
4.10121 0.393352
4.10347 0.396122
4.12848 0.398892
4.15333 0.401662
4.15455 0.404432
4.15541 0.407202
4.17452 0.409972
4.19594 0.412742
4.24269 0.415512
4.2709 0.418283
4.38684 0.421053
4.42212 0.423823
4.43142 0.426593
4.47413 0.429363
4.50618 0.432133
4.56328 0.434903
4.60214 0.437673
4.64482 0.440443
4.71536 0.443213
4.71703 0.445983
4.81678 0.448753
4.82691 0.451524
4.84705 0.454294
4.95784 0.457064
5.03492 0.459834
5.12035 0.462604
5.15532 0.465374
5.18264 0.468144
5.42114 0.470914
5.61219 0.473684
5.63865 0.476454
5.6967 0.479224
5.70198 0.481994
5.71659 0.484765
5.87636 0.487535
6.17394 0.490305
6.30135 0.493075
6.30272 0.495845
6.32412 0.498615
6.50548 0.501385
6.55574 0.504155
6.56003 0.506925
6.62391 0.509695
6.6876 0.512465
6.73995 0.515235
6.8152 0.518006
7.01491 0.520776
7.1914 0.523546
7.22377 0.526316
7.3039 0.529086
7.42682 0.531856
7.62116 0.534626
7.62652 0.537396
7.82949 0.540166
7.83298 0.542936
7.83301 0.545706
7.83341 0.548476
7.83543 0.551247
7.84535 0.554017
7.95472 0.556787
8.09526 0.559557
8.464 0.562327
8.67733 0.565097
8.84045 0.567867
8.88956 0.570637
9.02056 0.573407
9.02325 0.576177
9.14013 0.578947
9.14349 0.581717
9.21498 0.584488
9.28156 0.587258
9.31636 0.590028
9.32855 0.592798
9.34994 0.595568
9.84262 0.598338
9.90719 0.601108
9.94393 0.603878
10.0197 0.606648
10.1145 0.609418
10.1222 0.612188
10.5459 0.614958
10.6166 0.617729
10.6225 0.620499
10.7493 0.623269
10.925 0.626039
10.9311 0.628809
11.0826 0.631579
11.2752 0.634349
11.277 0.637119
11.3285 0.639889
11.3402 0.642659
11.3803 0.645429
11.3872 0.648199
11.4097 0.65097
11.6072 0.65374
11.6796 0.65651
11.6984 0.65928
11.7819 0.66205
11.8725 0.66482
11.9568 0.66759
12.0148 0.67036
12.0259 0.67313
12.0438 0.6759
12.1909 0.67867
12.2916 0.68144
12.3262 0.684211
12.5265 0.686981
13.0242 0.689751
13.1544 0.692521
13.3215 0.695291
13.4016 0.698061
13.5724 0.700831
13.6721 0.703601
13.8435 0.706371
14.0929 0.709141
14.1705 0.711911
14.2244 0.714681
14.4792 0.717452
14.6574 0.720222
14.6973 0.722992
14.9248 0.725762
15.0056 0.728532
15.287 0.731302
15.4745 0.734072
15.8722 0.736842
16.7531 0.739612
16.9702 0.742382
16.986 0.745152
17.6281 0.747922
17.7309 0.750693
17.9736 0.753463
18.0932 0.756233
18.6184 0.759003
18.6618 0.761773
18.814 0.764543
19.1326 0.767313
19.2982 0.770083
19.5391 0.772853
19.5688 0.775623
19.5778 0.778393
20.022 0.781163
20.17 0.783934
20.2601 0.786704
20.3476 0.789474
20.6012 0.792244
21.0658 0.795014
21.2529 0.797784
21.4348 0.800554
22.4016 0.803324
22.9668 0.806094
23.7363 0.808864
24.3263 0.811634
24.8281 0.814404
24.8744 0.817175
25.2323 0.819945
27.2883 0.822715
27.3373 0.825485
27.3662 0.828255
27.4142 0.831025
28.3141 0.833795
28.4679 0.836565
29.1593 0.839335
29.1696 0.842105
29.2233 0.844875
29.4403 0.847645
30.1713 0.850416
30.3179 0.853186
30.5342 0.855956
31.3333 0.858726
31.9502 0.861496
32.8118 0.864266
36.3083 0.867036
38.6725 0.869806
39.0699 0.872576
39.1293 0.875346
40.9629 0.878116
41.3645 0.880886
42.3314 0.883657
43.4441 0.886427
44.0963 0.889197
47.4993 0.891967
47.6455 0.894737
48.8533 0.897507
49.1194 0.900277
50.5822 0.903047
50.7728 0.905817
50.7761 0.908587
51.1094 0.911357
51.3038 0.914127
53.3772 0.916898
53.4587 0.919668
54.1024 0.922438
55.0875 0.925208
55.3058 0.927978
56.1505 0.930748
61.136 0.933518
63.6631 0.936288
65.1413 0.939058
66.6428 0.941828
68.031 0.944598
68.9721 0.947368
69.3406 0.950139
71.7234 0.952909
75.814 0.955679
76.2755 0.958449
79.4901 0.961219
86.0534 0.963989
88.8994 0.966759
95.95 0.969529
102.592 0.972299
103.739 0.975069
104.811 0.977839
105.468 0.980609
112.118 0.98338
117.442 0.98615
119.282 0.98892
130.582 0.99169
136.872 0.99446
137.452 0.99723
2362.39 1
