1.06848 0.00277008
1.16865 0.00554017
1.55624 0.00831025
1.94573 0.0110803
2.40366 0.0138504
4.7546 0.0166205
10.4154 0.0193906
13.0115 0.0221607
19.2264 0.0249307
21.9644 0.0277008
22.2198 0.0304709
22.3095 0.033241
32.5753 0.0360111
32.885 0.0387812
33.0268 0.0415512
33.4626 0.0443213
34.4384 0.0470914
34.4629 0.0498615
35.0048 0.0526316
38.4797 0.0554017
38.8959 0.0581717
39.7575 0.0609418
43.4028 0.0637119
46.8071 0.066482
46.8854 0.0692521
47.7368 0.0720222
48.1773 0.0747922
52.7003 0.0775623
53.3673 0.0803324
54.6923 0.0831025
60.4475 0.0858726
62.1394 0.0886427
63.0422 0.0914127
65.5447 0.0941828
66.5561 0.0969529
68.1397 0.099723
74.5493 0.102493
77.851 0.105263
78.3403 0.108033
78.4386 0.110803
80.347 0.113573
81.3178 0.116343
83.7348 0.119114
84.0369 0.121884
84.9538 0.124654
85.0482 0.127424
87.0019 0.130194
88.4743 0.132964
95.3994 0.135734
96.1051 0.138504
102.424 0.141274
102.667 0.144044
102.883 0.146814
106.133 0.149584
106.731 0.152355
109.214 0.155125
109.719 0.157895
110.39 0.160665
112.019 0.163435
112.339 0.166205
114.641 0.168975
116.561 0.171745
121.787 0.174515
124.127 0.177285
131.242 0.180055
133.823 0.182825
136.723 0.185596
137.434 0.188366
138.976 0.191136
140.039 0.193906
142.184 0.196676
144.443 0.199446
146.722 0.202216
153.023 0.204986
154.931 0.207756
158.714 0.210526
163.951 0.213296
164.881 0.216066
167.095 0.218837
167.34 0.221607
167.657 0.224377
168.386 0.227147
170.838 0.229917
172.151 0.232687
178.807 0.235457
179.703 0.238227
180.498 0.240997
180.748 0.243767
181.162 0.246537
188.818 0.249307
190.782 0.252078
197.863 0.254848
199.737 0.257618
199.845 0.260388
200.275 0.263158
209.081 0.265928
209.638 0.268698
209.816 0.271468
212.811 0.274238
214.796 0.277008
225.012 0.279778
226.138 0.282548
227.384 0.285319
228.276 0.288089
228.402 0.290859
234.442 0.293629
234.458 0.296399
236.802 0.299169
245.592 0.301939
246.842 0.304709
260.909 0.307479
263.563 0.310249
264.995 0.313019
265.58 0.315789
271.272 0.31856
272.22 0.32133
273.792 0.3241
274.035 0.32687
274.737 0.32964
282.187 0.33241
282.616 0.33518
289.594 0.33795
291.764 0.34072
291.863 0.34349
297.133 0.34626
300.069 0.34903
316.834 0.351801
326.131 0.354571
331.472 0.357341
336.867 0.360111
341.411 0.362881
342.358 0.365651
351.52 0.368421
352.623 0.371191
362.082 0.373961
363.921 0.376731
369.377 0.379501
374.048 0.382271
391.003 0.385042
411.48 0.387812
420.912 0.390582
430.061 0.393352
440.96 0.396122
442.508 0.398892
444.364 0.401662
445.035 0.404432
450.468 0.407202
459.995 0.409972
461.776 0.412742
463.325 0.415512
466.575 0.418283
468.253 0.421053
482.252 0.423823
486.972 0.426593
490.567 0.429363
500.275 0.432133
505.736 0.434903
520.191 0.437673
521.135 0.440443
522.203 0.443213
544.285 0.445983
546.339 0.448753
550.233 0.451524
554.546 0.454294
555.467 0.457064
577.727 0.459834
582.672 0.462604
587.016 0.465374
595.412 0.468144
603.171 0.470914
604.007 0.473684
604.903 0.476454
605.953 0.479224
617.115 0.481994
617.188 0.484765
625.772 0.487535
626.713 0.490305
637.47 0.493075
650.508 0.495845
652.434 0.498615
652.852 0.501385
661.08 0.504155
661.101 0.506925
665.336 0.509695
668.44 0.512465
669.854 0.515235
671.338 0.518006
677.346 0.520776
680.216 0.523546
684.176 0.526316
686.146 0.529086
691.308 0.531856
691.55 0.534626
695.561 0.537396
695.761 0.540166
698.25 0.542936
704.477 0.545706
711.692 0.548476
718.84 0.551247
722.768 0.554017
734.943 0.556787
740.053 0.559557
751.336 0.562327
751.421 0.565097
755.015 0.567867
762.915 0.570637
773.166 0.573407
776.816 0.576177
783.563 0.578947
786.163 0.581717
786.506 0.584488
788.764 0.587258
807.524 0.590028
808.614 0.592798
809.248 0.595568
812.075 0.598338
817.079 0.601108
818.967 0.603878
821.62 0.606648
832.908 0.609418
841.568 0.612188
842.769 0.614958
849.886 0.617729
854.188 0.620499
854.468 0.623269
866.343 0.626039
866.464 0.628809
874.203 0.631579
877.049 0.634349
881.466 0.637119
883.289 0.639889
887.204 0.642659
891.874 0.645429
892.425 0.648199
895.778 0.65097
896.488 0.65374
910.206 0.65651
910.226 0.65928
915.094 0.66205
917.685 0.66482
920.821 0.66759
922.705 0.67036
927.324 0.67313
927.901 0.6759
929.909 0.67867
937.683 0.68144
946.048 0.684211
947.31 0.686981
948.412 0.689751
949.095 0.692521
949.632 0.695291
951.181 0.698061
953.549 0.700831
959.796 0.703601
964.587 0.706371
966.728 0.709141
967.562 0.711911
979.912 0.714681
982.311 0.717452
982.597 0.720222
983.781 0.722992
984.854 0.725762
984.877 0.728532
986.352 0.731302
986.487 0.734072
986.706 0.736842
987.389 0.739612
987.437 0.742382
987.981 0.745152
991.661 0.747922
993.748 0.750693
994.427 0.753463
1001.98 0.756233
1003.02 0.759003
1003.09 0.761773
1012.24 0.764543
1021.28 0.767313
1024.07 0.770083
1030.37 0.772853
1031.96 0.775623
1043.86 0.778393
1045.53 0.781163
1049.71 0.783934
1051.77 0.786704
1053.09 0.789474
1077.27 0.792244
1091.04 0.795014
1126.06 0.797784
1127.04 0.800554
1131.1 0.803324
1138.07 0.806094
1225.84 0.808864
1256.33 0.811634
1273.9 0.814404
1284.15 0.817175
1319.35 0.819945
1322.78 0.822715
1352.87 0.825485
1371.23 0.828255
1396.9 0.831025
1404.39 0.833795
1410.43 0.836565
1413.53 0.839335
1430.76 0.842105
1437.04 0.844875
1446.17 0.847645
1448.38 0.850416
1461.66 0.853186
1467.17 0.855956
1478.77 0.858726
1479.83 0.861496
1489.04 0.864266
1491.7 0.867036
1506.76 0.869806
1554.28 0.872576
1617.92 0.875346
1620.04 0.878116
1623.87 0.880886
1667.19 0.883657
1679.8 0.886427
1691.83 0.889197
1716.19 0.891967
1746.85 0.894737
1747.87 0.897507
1752.65 0.900277
1754.3 0.903047
1783.81 0.905817
1789.6 0.908587
1834.67 0.911357
1840.98 0.914127
1864.49 0.916898
1876.52 0.919668
1923.87 0.922438
1962.46 0.925208
1970.44 0.927978
2016.99 0.930748
2051.52 0.933518
2051.75 0.936288
2113.74 0.939058
2144.75 0.941828
2267.84 0.944598
2291.74 0.947368
2299.09 0.950139
2367.15 0.952909
2389.19 0.955679
2402.38 0.958449
2447.86 0.961219
2478.84 0.963989
2508.09 0.966759
2541.87 0.969529
2580.22 0.972299
2709.4 0.975069
2796.99 0.977839
2846.9 0.980609
2958.64 0.98338
2974.83 0.98615
3087.57 0.98892
3105.78 0.99169
3201.91 0.99446
3333.88 0.99723
3428.96 1
