 102 108.102 0 108.102 100.000
 206 47.128 57.876 10.748 22.800
 308 28.9287 32.657 3.7283 12.800
 413 21.856 23.490 1.634 7.400
 518 17.4393 18.300 .8607 4.900
 619 14.504 14.990 .486 3.300
 720 12.347 12.684 .337 2.700
 102 259.28 81.920 177.360 68.400
 206 126.05 0 126.05 100.000
 308 86.7163 0 86.7163 100.000
 413 62.4683 0 62.4683 100.000
 518 49.5073 0 49.5073 100.000
 619 41.958 0 41.958 100.000
 720 36.0627 0 36.0627 100.000
 102 175.43 0 175.43 100.000
 206 122.194 0 122.194 100.000
 308 81.276 0 81.276 100.000
 413 61.4057 0 61.4057 100.000
 518 48.1167 0 48.1167 100.000
 619 40.4953 0 40.4953 100.000
 720 35.1177 34.087 1.0307 2.900
 102 250.882 245.760 5.122 2.000
 206 135.88 0 135.88 100.000
 308 92.668 0 92.668 100.000
 413 66.78 0 66.78 100.000
 518 50.7393 0 50.7393 100.000
 619 42.495 0 42.495 100.000
 720 36.4573 0 36.4573 100.000
 102 147.845 0 147.845 100.000
 206 66.8337 0 66.8337 100.000
 308 42.774 57.752 14.978 35.000
 413 32.23 32.440 .210 .600
 518 24.5423 21.807 2.7353 11.100
 619 19.8797 17.407 2.4727 12.400
 720 16.0757 14.463 1.6127 10.000
 102 248.642 245.760 2.882 1.100
 206 119.981 0 119.981 100.000
 308 61.4777 0 61.4777 100.000
 413 43.0017 0 43.0017 100.000
 518 33.232 40.288 7.056 21.200
 619 24.3617 21.407 2.9547 12.100
 720 17.231 17.389 .158 .900
 102 127.228 199.065 71.837 56.400
 206 54.198 0 54.198 100.000
 308 35.2197 49.533 14.3133 40.600
 413 25.28 27.811 2.531 10.000
 518 20.5937 21.086 .4923 2.300
 619 16.5463 16.902 .3557 2.100
 720 14.465 14.089 .376 2.500
 102 247.056 245.760 1.296 .500
 206 120.586 0 120.586 100.000
 308 70.526 0 70.526 100.000
 413 46.344 0 46.344 100.000
 518 34.2357 0 34.2357 100.000
 619 26.539 29.312 2.773 10.400
 720 21.76 18.535 3.225 14.800
 102 114.224 201.768 87.544 76.600
 206 50.8163 0 50.8163 100.000
 308 32.8113 50.324 17.5127 53.300
 413 24.6153 27.996 3.3807 13.700
 518 18.8067 21.168 2.3613 12.500
 619 15.8553 16.984 1.1287 7.100
 720 13.7807 14.147 .3663 2.600
 102 175.407 245.760 70.353 40.100
 206 68.1993 0 68.1993 100.000
 308 42.3917 0 42.3917 100.000
 413 31.263 51.712 20.449 65.400
 518 24.568 24.903 .335 1.300
 619 20.2783 19.564 .7143 3.500
 720 17.5813 16.055 1.5263 8.600
 102 246.935 245.760 1.175 .400
 206 125.462 0 125.462 100.000
 308 81.6223 0 81.6223 100.000
 413 61.099 0 61.099 100.000
 518 49.1773 0 49.1773 100.000
 619 39.8147 0 39.8147 100.000
 720 33.604 35.106 1.502 4.400
 102 255.88 245.760 10.120 3.900
 206 128.049 0 128.049 100.000
 308 86.3823 0 86.3823 100.000
 413 64.6147 0 64.6147 100.000
 518 51.2947 0 51.2947 100.000
 619 41.787 0 41.787 100.000
 720 36.0297 0 36.0297 100.000
 102 140.108 0 140.108 100.000
 206 55.7787 0 55.7787 100.000
 308 35.32 0 35.32 100.000
 413 25.3887 37.294 11.9053 46.800
 518 20.5493 23.396 2.8467 13.800
 619 16.591 18.527 1.936 11.600
 720 14.3397 15.271 .9313 6.400
 102 247.641 245.760 1.881 .700
 206 122.352 0 122.352 100.000
 308 81.895 0 81.895 100.000
 413 60.3893 0 60.3893 100.000
 518 45.05 0 45.05 100.000
 619 35.4507 40.959 5.5083 15.500
 720 29.3827 24.691 4.6917 15.900
 102 249.81 245.760 4.050 1.600
 206 124.495 0 124.495 100.000
 308 81.8787 0 81.8787 100.000
 413 62.1517 0 62.1517 100.000
 518 49.4643 0 49.4643 100.000
 619 40.7737 0 40.7737 100.000
 720 35.0133 0 35.0133 100.000
 102 246.999 245.760 1.239 .500
 206 123.518 0 123.518 100.000
 308 82.111 0 82.111 100.000
 413 56.2353 0 56.2353 100.000
 518 41.7197 0 41.7197 100.000
 619 32.579 29.941 2.638 8.000
 720 26.9073 18.734 8.1733 30.300
 102 226.619 245.760 19.141 8.400
 206 108.258 0 108.258 100.000
 308 71.07 0 71.07 100.000
 413 52.505 0 52.505 100.000
 518 41.6317 0 41.6317 100.000
 619 34.541 36.835 2.294 6.600
 720 29.731 19.132 10.599 35.600
 102 252.515 245.760 6.755 2.600
 206 124.441 0 124.441 100.000
 308 84.945 0 84.945 100.000
 413 63.1537 0 63.1537 100.000
 518 50.1903 0 50.1903 100.000
 619 41.5333 0 41.5333 100.000
 720 35.281 0 35.281 100.000
 102 166.666 0 166.666 100.000
 206 79.2473 0 79.2473 100.000
 308 51.8303 0 51.8303 100.000
 413 38.622 51.855 13.233 34.200
 518 30.6023 24.920 5.6823 18.500
 619 25.4943 19.578 5.9163 23.200
 720 21.5857 16.055 5.5307 25.600
 102 250.799 171.786 79.013 31.500
 206 71.7897 0 71.7897 100.000
 308 38.4663 41.013 2.5467 6.600
 413 26.2457 26.112 .1337 .500
 518 20.001 19.988 .013 0
 619 16.071 16.151 .080 .400
 720 13.4697 13.539 .0693 .500
 102 282.109 81.920 200.189 70.900
 206 125.176 0 125.176 100.000
 308 62.253 77.549 15.296 24.500
 413 35.945 35.287 .658 1.800
 518 25.0693 22.757 2.3123 9.200
 619 19.3183 18.090 1.2283 6.300
 720 16.8547 14.955 1.8997 11.200
 102 191.531 245.760 54.229 28.300
 206 92.7693 0 92.7693 100.000
 308 60.5723 0 60.5723 100.000
 413 42.0947 0 42.0947 100.000
 518 31.776 33.521 1.745 5.400
 619 25.791 20.930 4.861 18.800
 720 22.136 17.026 5.110 23.000
 102 216.011 245.760 29.749 13.700
 206 124.434 0 124.434 100.000
 308 81.8463 0 81.8463 100.000
 413 60.9297 0 60.9297 100.000
 518 49.1637 0 49.1637 100.000
 619 40.3973 0 40.3973 100.000
 720 34.566 0 34.566 100.000
 102 264.279 245.760 18.519 7.000
 206 129.171 0 129.171 100.000
 308 84.693 0 84.693 100.000
 413 41.8453 0 41.8453 100.000
 518 39.3 0 39.3 100.000
 619 30.441 0 30.441 100.000
 720 16.4043 0 16.4043 100.000
 102 132.225 0 132.225 100.000
 206 53.1113 0 53.1113 100.000
 308 32.7453 39.211 6.4657 19.700
 413 22.7017 25.518 2.8163 12.400
 518 17.967 19.628 1.661 9.200
 619 14.844 15.905 1.061 7.100
 720 12.7357 13.340 .6043 4.700
 102 138.891 81.920 56.971 41.000
 206 54.5467 0 54.5467 100.000
 308 32.913 40.303 7.390 22.400
 413 23.1687 25.886 2.7173 11.700
 518 18.1723 19.841 1.6687 9.100
 619 14.919 16.069 1.150 7.700
 720 12.761 13.457 .696 5.400
 102 266.546 81.920 184.626 69.200
 206 125.842 0 125.842 100.000
 308 85.1283 0 85.1283 100.000
 413 66.097 0 66.097 100.000
 518 50.445 0 50.445 100.000
 619 41.665 0 41.665 100.000
 720 35.9423 0 35.9423 100.000
 102 280.38 0 280.38 100.000
 206 143.573 0 143.573 100.000
 308 91.075 0 91.075 100.000
 413 68.09 0 68.09 100.000
 518 54.394 0 54.394 100.000
 619 45.1093 0 45.1093 100.000
 720 38.5413 0 38.5413 100.000
 102 112.99 0 112.99 100.000
 206 49.8027 0 49.8027 100.000
 308 30.8333 34.240 3.4067 11.000
 413 22.2187 17.028 5.1907 23.300
 518 14.7633 12.806 1.9573 13.200
 619 13.7223 10.240 3.4823 25.300
 720 12.9823 8.495 4.4873 34.500
 102 93.3923 48.000 45.3923 48.600
 206 32.8277 44.184 11.3563 34.500
 308 20.2953 22.336 2.0407 10.000
 413 14.786 14.748 .038 .200
 518 11.744 11.347 .397 3.300
 619 9.69833 9.216 .48233 4.900
 720 8.29333 6.857 1.43633 17.300
 102 144.242 48.000 96.242 66.700
 206 72.4583 0 72.4583 100.000
 308 47.6707 0 47.6707 100.000
 413 35.678 0 35.678 100.000
 518 24.9507 28.800 3.8493 15.400
 619 11.722 16.536 4.814 41.000
 720 11.3183 10.669 .6493 5.700
 102 143.43 103.056 40.374 28.100
 206 42.892 0 42.892 100.000
 308 25.6687 24.464 1.2047 4.600
 413 17.5847 15.444 2.1407 12.100
 518 13.9173 11.798 2.1193 15.200
 619 10.7937 9.528 1.2657 11.700
 720 9.36967 6.857 2.51267 26.800
 102 288.206 81.920 206.286 71.500
 206 137.144 0 137.144 100.000
 308 90.6543 0 90.6543 100.000
 413 62.455 0 62.455 100.000
 518 49.2197 0 49.2197 100.000
 619 39.176 0 39.176 100.000
 720 27.5723 0 27.5723 100.000
 102 371.821 368.640 3.181 .800
 206 177.39 0 177.39 100.000
 308 108.657 0 108.657 100.000
 413 77.1237 0 77.1237 100.000
 518 60.1813 0 60.1813 100.000
 619 48.4417 0 48.4417 100.000
 720 40.3217 40.426 .1043 .200
 102 283.59 368.640 85.050 29.900
 206 132.343 0 132.343 100.000
 308 85.0743 0 85.0743 100.000
 413 61.5943 0 61.5943 100.000
 518 48.0623 0 48.0623 100.000
 619 40.1777 0 40.1777 100.000
 720 34.077 48.062 13.985 41.000
 102 369.754 368.640 1.114 .300
 206 115.257 0 115.257 100.000
 308 57.6677 0 57.6677 100.000
 413 38.3637 55.787 17.4233 45.400
 518 29.3897 35.045 5.6553 19.200
 619 23.882 27.750 3.868 16.100
 720 20.1817 22.890 2.7083 13.400
 102 400.074 368.640 31.434 7.800
 206 186.946 0 186.946 100.000
 308 118.027 0 118.027 100.000
 413 60.3433 0 60.3433 100.000
 518 49.1723 50.577 1.4047 2.800
 619 32.7693 31.477 1.2923 3.900
 720 25.523 25.646 .123 .400
 102 246.13 368.640 122.510 49.700
 206 111.471 0 111.471 100.000
 308 71.4413 0 71.4413 100.000
 413 51.9903 69.765 17.7747 34.100
 518 40.954 43.130 2.176 5.300
 619 33.802 29.061 4.741 14.000
 720 28.9983 23.873 5.1253 17.600
 102 373.599 368.640 4.959 1.300
 206 185.441 0 185.441 100.000
 308 115.578 0 115.578 100.000
 413 81.3163 0 81.3163 100.000
 518 61.5197 0 61.5197 100.000
 619 49.3707 0 49.3707 100.000
 720 40.5513 52.662 12.1107 29.800
 102 371.039 368.640 2.399 .600
 206 129.413 0 129.413 100.000
 308 71.148 0 71.148 100.000
 413 49.3087 67.614 18.3053 37.100
 518 36.956 42.270 5.314 14.300
 619 30.0213 28.753 1.2683 4.200
 720 24.7613 23.645 1.1163 4.500
 102 244.579 245.760 1.181 .400
 206 123.671 0 123.671 100.000
 308 48.082 0 48.082 100.000
 413 34.814 37.253 2.439 7.000
 518 27.4497 23.379 4.0707 14.800
 619 22.5237 18.527 3.9967 17.700
 720 19.2183 15.271 3.9473 20.500
 102 154.622 206.520 51.898 33.500
 206 66.508 0 66.508 100.000
 308 36.1513 51.717 15.5657 43.000
 413 25.422 28.262 2.840 11.100
 518 19.6867 21.364 1.6773 8.500
 619 16.0877 17.107 1.0193 6.300
 720 13.6383 14.241 .6027 4.400
 102 96.888 127.795 30.907 31.800
 206 46.2213 56.729 10.5077 22.700
 308 30.658 32.384 1.726 5.600
 413 22.9293 23.326 .3967 1.700
 518 18.318 18.202 .116 .600
 619 15.195 14.922 .273 1.700
 720 13.0457 12.626 .4197 3.200
 102 274.921 81.920 193.001 70.200
 206 137.223 0 137.223 100.000
 308 91.4383 0 91.4383 100.000
 413 68.459 0 68.459 100.000
 518 54.7883 0 54.7883 100.000
 619 45.7403 0 45.7403 100.000
 720 39.2227 0 39.2227 100.000
 102 108.259 0 108.259 100.000
 206 53.5107 0 53.5107 100.000
 308 33.9337 58.025 24.0913 70.900
 413 23.684 32.522 8.838 37.300
 518 20.8827 21.823 .9403 4.500
 619 15.1297 17.448 2.3183 15.300
 720 13.3027 14.475 1.1723 8.800
 102 120.867 156.139 35.272 29.100
 206 56.5843 74.711 18.1267 32.000
 308 36.833 37.982 1.149 3.100
 413 27.3917 25.108 2.2837 8.300
 518 21.7583 19.333 2.4253 11.100
 619 18.093 15.700 2.393 13.200
 720 15.448 13.211 2.237 14.400
 102 208.991 81.920 127.071 60.800
 206 123.537 0 123.537 100.000
 308 52.672 0 52.672 100.000
 413 32.664 44.175 11.511 35.200
 518 23.3433 24.182 .8387 3.500
 619 18.1473 19.073 .9257 5.100
 720 15.152 15.680 .528 3.400
 102 205.803 245.760 39.957 19.400
 206 124.412 0 124.412 100.000
 308 82.648 0 82.648 100.000
 413 61.9777 0 61.9777 100.000
 518 49.6907 0 49.6907 100.000
 619 39.0557 29.886 9.1697 23.400
 720 20.0527 18.723 1.3297 6.600
 102 281.819 245.760 36.059 12.700
 206 117.921 0 117.921 100.000
 308 72.7767 0 72.7767 100.000
 413 51.6597 0 51.6597 100.000
 518 39.1467 49.152 10.0053 25.500
 619 31.5883 28.452 3.1363 9.900
 720 26.4437 18.278 8.1657 30.800
 102 249.674 245.760 3.914 1.500
 206 124.043 0 124.043 100.000
 308 82.2933 0 82.2933 100.000
 413 61.105 0 61.105 100.000
 518 49.584 0 49.584 100.000
 619 40.7823 0 40.7823 100.000
 720 35.0883 0 35.0883 100.000
 102 239.179 245.760 6.581 2.700
 206 104.273 0 104.273 100.000
 308 62.843 0 62.843 100.000
 413 44.051 0 44.051 100.000
 518 33.6753 33.669 .0063 0
 619 26.9417 20.957 5.9847 22.200
 720 22.8313 17.073 5.7583 25.200
 102 248.35 245.760 2.590 1.000
 206 123.868 0 123.868 100.000
 308 82.3047 0 82.3047 100.000
 413 61.4027 0 61.4027 100.000
 518 49.1317 0 49.1317 100.000
 619 40.2163 0 40.2163 100.000
 720 33.9637 35.106 1.1423 3.300
 102 252.939 245.760 7.179 2.800
 206 125.993 0 125.993 100.000
 308 85.6653 0 85.6653 100.000
 413 63.8637 0 63.8637 100.000
 518 50.3387 0 50.3387 100.000
 619 41.5367 0 41.5367 100.000
 720 35.892 0 35.892 100.000
 102 187.05 0 187.05 100.000
 206 90.619 0 90.619 100.000
 308 59.3587 0 59.3587 100.000
 413 43.6317 0 43.6317 100.000
 518 34.3407 39.501 5.1603 15.000
 619 28.447 21.244 7.203 25.300
 720 23.9067 17.283 6.6237 27.700
 102 281.543 245.760 35.783 12.700
 206 138.193 0 138.193 100.000
 308 86.78 0 86.78 100.000
 413 63.6613 0 63.6613 100.000
 518 50.347 49.152 1.195 2.300
 619 40.8047 27.087 13.7177 33.600
 720 31.1123 17.833 13.2793 42.600
