 102 108.102 198.873 90.771 83.900
 206 47.128 58.020 10.892 23.100
 308 28.9287 33.964 5.0353 17.400
 413 21.856 24.009 2.153 9.800
 518 17.4393 18.567 1.1277 6.400
 619 14.504 15.136 .632 4.300
 720 12.347 12.776 .429 3.400
 619 40.4953 40.959 .4637 1.100
 720 35.1177 35.106 .0117 0
 206 66.8337 122.880 56.0463 83.800
 308 42.774 60.948 18.174 42.400
 413 32.23 34.947 2.717 8.400
 518 24.5423 24.497 .0453 .100
 619 19.8797 18.857 1.0227 5.100
 720 16.0757 15.329 .7467 4.600
 413 43.0017 61.440 18.4383 42.800
 518 33.232 49.152 15.920 47.900
 619 24.3617 31.537 7.1753 29.400
 720 17.231 22.771 5.540 32.100
 206 54.198 122.880 68.682 126.700
 308 35.2197 52.260 17.0403 48.300
 413 25.28 31.906 6.626 26.200
 518 20.5937 22.962 2.3683 11.500
 619 16.5463 17.935 1.3887 8.300
 720 14.465 14.713 .248 1.700
 518 34.2357 49.152 14.9163 43.500
 619 26.539 40.959 14.420 54.300
 720 21.76 28.178 6.418 29.400
 206 50.8163 122.880 72.0637 141.800
 308 32.8113 53.333 20.5217 62.500
 413 24.6153 32.302 7.6867 31.200
 518 18.8067 23.167 4.3603 23.100
 619 15.8553 18.059 2.2037 13.800
 720 13.7807 14.797 1.0163 7.300
 308 42.3917 81.918 39.5263 93.200
 413 31.263 58.551 27.288 87.200
 518 24.568 34.145 9.577 38.900
 619 20.2783 24.100 3.8217 18.800
 720 17.5813 18.621 1.0397 5.900
 619 39.8147 40.959 1.1443 2.800
 720 33.604 35.106 1.502 4.400
 308 35.32 81.918 46.598 131.900
 413 25.3887 44.043 18.6543 73.400
 518 20.5493 28.643 8.0937 39.300
 619 16.591 21.222 4.631 27.900
 720 14.3397 16.855 2.5153 17.500
 518 45.05 49.152 4.102 9.100
 619 35.4507 40.959 5.5083 15.500
 720 29.3827 35.106 5.7233 19.400
 720 35.0133 35.106 .0927 .200
 518 41.7197 49.152 7.4323 17.800
 619 32.579 40.959 8.380 25.700
 720 26.9073 29.364 2.4567 9.100
 518 41.6317 49.152 7.5203 18.000
 619 34.541 40.959 6.418 18.500
 720 29.731 32.078 2.347 7.800
 308 51.8303 81.918 30.0877 58.000
 413 38.622 58.789 20.167 52.200
 518 30.6023 34.226 3.6237 11.800
 619 25.4943 24.140 1.3543 5.300
 720 21.5857 18.645 2.9407 13.600
 206 71.7897 91.363 19.5733 27.200
 308 38.4663 43.192 4.7257 12.200
 413 26.2457 28.281 2.0353 7.700
 518 20.001 21.023 1.022 5.100
 619 16.071 16.729 .658 4.000
 720 13.4697 13.892 .4223 3.100
 206 125.176 122.880 2.296 1.800
 308 62.253 77.781 15.528 24.900
 413 35.945 39.898 3.953 10.900
 518 25.0693 26.830 1.7607 7.000
 619 19.3183 20.211 .8927 4.600
 720 16.8547 16.211 .6437 3.800
 413 42.0947 61.440 19.3453 45.900
 518 31.776 45.281 13.505 42.500
 619 25.791 29.162 3.371 13.000
 720 22.136 21.506 .630 2.800
 619 40.3973 -2321.995  
 720 34.566 35.106 .540 1.500
 206 53.1113 80.833 27.7217 52.100
 308 32.7453 40.686 7.9407 24.200
 413 22.7017 27.184 4.4823 19.700
 518 17.967 20.411 2.444 13.600
 619 14.844 16.340 1.496 10.000
 720 12.7357 13.622 .8863 6.900
 206 54.5467 86.801 32.2543 59.100
 308 32.913 42.145 9.232 28.000
 413 23.1687 27.828 4.6593 20.100
 518 18.1723 20.772 2.5997 14.300
 619 14.919 16.570 1.651 11.000
 720 12.761 13.782 1.021 8.000
 206 49.8027 72.000 22.1973 44.500
 308 30.8333 36.199 5.3657 17.400
 413 22.2187 20.636 1.5827 7.100
 518 14.7633 14.431 .3323 2.200
 619 13.7223 11.095 2.6273 19.100
 720 12.9823 9.012 3.9703 30.500
 102 93.3923 144.000 50.6077 54.100
 206 32.8277 44.238 11.4103 34.700
 308 20.2953 23.021 2.7257 13.400
 413 14.786 15.558 .772 5.200
 518 11.744 11.750 .006 0
 619 9.69833 9.439 .25933 2.600
 720 8.29333 7.888 .40533 4.800
 413 35.678 36.000 .322 .900
 518 24.9507 28.800 3.8493 15.400
 619 11.722 22.691 10.969 93.500
 720 11.3183 15.407 4.0887 36.100
 206 42.892 56.406 13.514 31.500
 308 25.6687 25.932 .2633 1.000
 413 17.5847 16.836 .7487 4.200
 518 13.9173 12.464 1.4533 10.400
 619 10.7937 9.894 .8997 8.300
 720 9.36967 8.203 1.16667 12.400
 720 27.5723 35.106 7.5337 27.300
 619 48.4417 61.440 12.9983 26.800
 720 40.3217 52.662 12.3403 30.600
 619 40.1777 61.440 21.2623 52.900
 720 34.077 52.662 18.585 54.500
 308 57.6677 122.880 65.2123 113.000
 413 38.3637 65.753 27.3893 71.300
 518 29.3897 42.833 13.4433 45.700
 619 23.882 31.761 7.879 32.900
 720 20.1817 25.238 5.0563 25.000
 413 60.3433 92.160 31.8167 52.700
 518 49.1723 69.201 20.0287 40.700
 619 32.7693 44.270 11.5007 35.000
 720 25.523 32.545 7.022 27.500
 308 71.4413 122.880 51.4387 72.000
 413 51.9903 82.642 30.6517 58.900
 518 40.954 49.411 8.457 20.600
 619 33.802 35.240 1.438 4.200
 720 28.9983 27.386 1.6123 5.500
 619 49.3707 61.440 12.0693 24.400
 720 40.5513 52.662 12.1107 29.800
 308 71.148 122.880 51.732 72.700
 413 49.3087 78.203 28.8943 58.500
 518 36.956 47.789 10.833 29.300
 619 30.0213 34.407 4.3857 14.600
 720 24.7613 26.880 2.1187 8.500
 308 48.082 81.918 33.836 70.300
 413 34.814 43.954 9.140 26.200
 518 27.4497 28.605 1.1553 4.200
 619 22.5237 21.202 1.3217 5.800
 720 19.2183 16.842 2.3763 12.300
 206 66.508 122.880 56.372 84.700
 308 36.1513 55.456 19.3047 53.300
 413 25.422 33.069 7.647 30.000
 518 19.6867 23.559 3.8723 19.600
 619 16.0877 18.297 2.2093 13.700
 720 13.6383 14.956 1.3177 9.600
 102 96.888 185.911 89.023 91.800
 206 46.2213 56.863 10.6417 23.000
 308 30.658 33.564 2.906 9.400
 413 22.9293 23.809 .8797 3.800
 518 18.318 18.447 .129 .700
 619 15.195 15.057 .138 .900
 720 13.0457 12.719 .3267 2.500
 206 53.5107 122.880 69.3693 129.600
 308 33.9337 61.247 27.3133 80.400
 413 23.684 35.045 11.361 47.900
 518 20.8827 24.545 3.6623 17.500
 619 15.1297 18.886 3.7563 24.800
 720 13.3027 15.347 2.0443 15.300
 102 120.867 245.760 124.893 103.300
 206 56.5843 74.744 18.1597 32.000
 308 36.833 39.083 2.250 6.100
 413 27.3917 26.459 .9327 3.400
 518 21.7583 20.000 1.7583 8.000
 619 18.093 16.075 2.018 11.100
 720 15.448 13.438 2.010 13.000
 308 52.672 81.918 29.246 55.500
 413 32.664 50.450 17.786 54.400
 518 23.3433 31.222 7.8787 33.700
 619 18.1473 22.606 4.4587 24.500
 720 15.152 17.717 2.565 16.900
 518 49.6907 49.152 .5387 1.000
 619 39.0557 40.959 1.9033 4.800
 720 20.0527 29.223 9.1703 45.700
 413 51.6597 61.440 9.7803 18.900
 518 39.1467 49.152 10.0053 25.500
 619 31.5883 39.639 8.0507 25.400
 720 26.4437 26.713 .2693 1.000
 619 40.7823 -631.708  
 720 35.0883 35.106 .0177 0
 413 44.051 61.440 17.389 39.400
 518 33.6753 45.837 12.1617 36.100
 619 26.9417 29.391 2.4493 9.000
 720 22.8313 21.630 1.2013 5.200
 619 40.2163 40.959 .7427 1.800
 720 33.9637 35.106 1.1423 3.300
 413 43.6317 61.440 17.8083 40.800
 518 34.3407 49.152 14.8113 43.100
 619 28.447 30.759 2.312 8.100
 720 23.9067 22.362 1.5447 6.400
 413 63.6613 61.440 2.2213 3.400
 518 50.347 49.152 1.195 2.300
 619 40.8047 35.125 5.6797 13.900
 720 31.1123 24.584 6.5283 20.900
