1 0
2 0
3 .200
4 .200
5 .300
6 .400
7 .400
8 .400
9 .400
10 .500
11 .500
12 .500
13 .500
14 .600
15 .600
16 .600
17 .700
18 .800
19 .900
20 1.000
21 1.100
22 1.300
23 1.300
24 1.500
25 1.600
26 1.700
27 1.700
28 1.800
29 2.000
30 2.100
31 2.300
32 2.300
33 2.500
34 2.600
35 2.600
36 2.700
37 2.700
38 2.800
39 2.800
40 2.900
41 3.100
42 3.200
43 3.300
44 3.300
45 3.300
46 3.400
47 3.500
48 3.500
49 3.900
50 3.900
51 4.200
52 4.400
53 4.400
54 4.500
55 4.500
56 4.600
57 4.700
58 4.900
59 4.900
60 5.100
61 5.300
62 5.400
63 5.400
64 5.600
65 5.700
66 6.300
67 6.300
68 6.400
69 6.600
70 6.600
71 6.600
72 7.000
73 7.000
74 7.100
75 7.100
76 7.400
77 7.700
78 7.800
79 8.000
80 8.300
81 8.400
82 8.500
83 8.600
84 8.800
85 9.100
86 9.200
87 9.200
88 9.900
89 10.000
90 10.000
91 10.000
92 10.400
93 11.000
94 11.100
95 11.100
96 11.100
97 11.200
98 11.600
99 11.700
100 11.700
101 12.100
102 12.100
103 12.400
104 12.400
105 12.500
106 12.700
107 12.700
108 12.800
109 13.200
110 13.200
111 13.400
112 13.700
113 13.700
114 13.800
115 14.000
116 14.300
117 14.400
118 14.800
119 14.800
120 15.000
121 15.200
122 15.300
123 15.400
124 15.500
125 15.900
126 16.100
127 17.300
128 17.600
129 17.700
130 18.500
131 18.800
132 19.200
133 19.400
134 19.700
135 20.500
136 21.200
137 22.200
138 22.400
139 22.700
140 22.800
141 23.000
142 23.200
143 23.300
144 23.400
145 24.500
146 25.200
147 25.300
148 25.300
149 25.500
150 25.600
151 26.800
152 27.700
153 28.100
154 28.300
155 29.100
156 29.800
157 29.900
158 30.300
159 30.800
160 31.500
161 31.800
162 32.000
163 33.500
164 33.600
165 34.100
166 34.200
167 34.500
168 34.500
169 35.000
170 35.200
171 35.600
172 37.100
173 37.300
174 40.100
175 40.600
176 41.000
177 41.000
178 41.000
179 42.600
180 43.000
181 45.400
182 46.800
183 48.600
184 49.700
185 53.300
186 56.400
187 60.800
188 65.400
189 66.700
190 68.400
191 69.200
192 70.200
193 70.900
194 70.900
195 71.500
196 76.600
197 100.000
198 100.000
199 100.000
200 100.000
201 100.000
202 100.000
203 100.000
204 100.000
205 100.000
206 100.000
207 100.000
208 100.000
209 100.000
210 100.000
211 100.000
212 100.000
213 100.000
214 100.000
215 100.000
216 100.000
217 100.000
218 100.000
219 100.000
220 100.000
221 100.000
222 100.000
223 100.000
224 100.000
225 100.000
226 100.000
227 100.000
228 100.000
229 100.000
230 100.000
231 100.000
232 100.000
233 100.000
234 100.000
235 100.000
236 100.000
237 100.000
238 100.000
239 100.000
240 100.000
241 100.000
242 100.000
243 100.000
244 100.000
245 100.000
246 100.000
247 100.000
248 100.000
249 100.000
250 100.000
251 100.000
252 100.000
253 100.000
254 100.000
255 100.000
256 100.000
257 100.000
258 100.000
259 100.000
260 100.000
261 100.000
262 100.000
263 100.000
264 100.000
265 100.000
266 100.000
267 100.000
268 100.000
269 100.000
270 100.000
271 100.000
272 100.000
273 100.000
274 100.000
275 100.000
276 100.000
277 100.000
278 100.000
279 100.000
280 100.000
281 100.000
282 100.000
283 100.000
284 100.000
285 100.000
286 100.000
287 100.000
288 100.000
289 100.000
290 100.000
291 100.000
292 100.000
293 100.000
294 100.000
295 100.000
296 100.000
297 100.000
298 100.000
299 100.000
300 100.000
301 100.000
302 100.000
303 100.000
304 100.000
305 100.000
306 100.000
307 100.000
308 100.000
309 100.000
310 100.000
311 100.000
312 100.000
313 100.000
314 100.000
315 100.000
316 100.000
317 100.000
318 100.000
319 100.000
320 100.000
321 100.000
322 100.000
323 100.000
324 100.000
325 100.000
326 100.000
327 100.000
328 100.000
329 100.000
330 100.000
331 100.000
332 100.000
333 100.000
334 100.000
335 100.000
336 100.000
337 100.000
338 100.000
339 100.000
340 100.000
341 100.000
342 100.000
343 100.000
344 100.000
345 100.000
346 100.000
347 100.000
348 100.000
349 100.000
350 100.000
351 100.000
352 100.000
353 100.000
354 100.000
355 100.000
356 100.000
357 100.000
358 100.000
359 100.000
360 100.000
361 100.000
362 100.000
363 100.000
364 100.000
365 100.000
366 100.000
367 100.000
368 100.000
369 100.000
370 100.000
371 100.000
372 100.000
373 100.000
374 100.000
375 100.000
376 100.000
377 100.000
378 100.000
379 100.000
380 100.000
381 100.000
382 100.000
383 100.000
384 100.000
385 100.000
