1 .645
2 .851
3 1.0337
4 1.0553
5 1.059
6 1.191
7 1.266
8 1.3437
9 1.376
10 1.43633
11 1.4767
12 1.542
13 1.583
14 1.6007
15 1.6227
16 1.69833
17 1.7677
18 1.7883
19 1.934
20 1.9363
21 2.0787
22 2.144
23 2.2023
24 2.2217
25 2.418
26 2.4227
27 2.4347
28 2.4493
29 2.51267
30 2.6277
31 2.6377
32 2.6887
33 2.763
34 2.786
35 2.7937
36 2.8933
37 2.938
38 3.204
39 3.3027
40 3.352
41 3.402
42 3.450
43 3.617
44 3.722
45 3.746
46 4.1353
47 4.1653
48 4.2097
49 4.2953
50 4.3173
51 4.3737
52 4.440
53 4.4613
54 4.4943
55 4.4987
56 4.7023
57 4.800
58 4.8137
59 4.9087
60 4.942
61 5.1527
62 5.1633
63 5.2613
64 5.3743
65 5.4393
66 5.5053
67 5.529
68 5.5847
69 5.607
70 5.6653
71 5.7223
72 5.7657
73 5.8793
74 6.1253
75 6.168
76 6.2267
77 6.6253
78 6.6277
79 6.9117
80 6.9593
81 7.2073
82 7.5163
83 7.6437
84 7.9137
85 7.969
86 8.014
87 8.1583
88 8.184
89 8.3507
90 8.6853
91 8.8277
92 8.8453
93 8.8707
94 9.527
95 9.5413
96 9.6687
97 9.8563
98 9.8837
99 10.058
100 10.2187
101 10.434
102 10.7087
103 10.783
104 11.0657
105 11.1293
106 11.1603
107 11.4443
108 11.750
109 11.8413
110 12.138
111 12.1513
112 12.184
113 12.2047
114 12.2893
115 12.380
116 12.5507
117 12.886
118 13.238
119 13.2887
120 13.322
121 13.5867
122 14.2183
123 14.334
124 14.7417
125 14.794
126 14.8187
127 14.8333
128 14.968
129 15.0857
130 15.2053
131 15.3507
132 15.392
133 15.465
134 15.468
135 15.6243
136 15.8703
137 16.378
138 16.523
139 16.7077
140 16.788
141 16.848
142 17.2913
143 17.6807
144 17.8517
145 17.9353
146 17.9567
147 18.029
148 18.142
149 18.5887
150 18.892
151 18.926
152 19.4103
153 19.6977
154 20.776
155 20.888
156 21.2703
157 21.3653
158 21.6147
159 21.7977
160 21.902
161 22.2617
162 22.5217
163 22.7627
164 22.7677
165 22.864
166 22.916
167 22.9973
168 23.1517
169 23.3113
170 23.3863
171 23.4157
172 23.4863
173 23.571
174 23.579
175 23.678
176 24.190
177 24.2403
178 24.3277
179 24.3607
180 24.5243
181 24.5963
182 24.7553
183 25.2477
184 25.3357
185 25.366
186 25.4027
187 25.523
188 25.548
189 25.8027
190 25.864
191 25.8737
192 26.1617
193 26.182
194 26.339
195 26.5633
196 26.7443
197 26.8393
198 26.8423
199 27.1207
200 27.1293
201 27.1517
202 27.2393
203 27.5207
204 27.8803
205 27.8837
206 27.9617
207 28.012
208 28.134
209 28.305
210 28.666
211 28.842
212 28.8907
213 29.6233
214 30.188
215 30.4813
216 30.8297
217 30.8743
218 31.1797
219 31.4563
220 31.6707
221 31.7327
222 32.025
223 32.0527
224 32.0873
225 32.304
226 32.7477
227 32.7797
228 32.7933
229 32.8357
230 33.0803
231 33.1233
232 33.200
233 33.2663
234 33.3067
235 33.8063
236 33.9547
237 33.963
238 34.061
239 34.1717
240 34.3553
241 34.9107
242 34.947
243 35.537
244 35.6053
245 35.7553
246 36.9437
247 38.010
248 38.2873
249 38.4043
250 38.947
251 39.9093
252 40.4497
253 40.619
254 40.625
255 40.9227
256 40.9257
257 41.4977
258 41.6717
259 41.975
260 41.9883
261 42.6737
262 43.1813
263 43.220
264 43.3837
265 43.764
266 44.1143
267 44.1347
268 45.308
269 45.3923
270 45.4707
271 45.617
272 46.300
273 46.4037
274 47.610
275 47.979
276 48.4583
277 49.659
278 50.031
279 50.305
280 50.5963
281 51.8093
282 53.817
283 53.970
284 54.3163
285 54.5403
286 54.5727
287 54.589
288 54.805
289 54.9873
290 54.9987
291 55.342
292 56.971
293 57.387
294 57.639
295 57.8223
296 58.188
297 58.3593
298 59.0763
299 59.4103
300 59.474
301 63.313
302 63.3483
303 63.769
304 64.1323
305 64.990
306 65.362
307 65.925
308 67.298
309 67.697
310 67.973
311 70.903
312 72.702
313 74.618
314 76.961
315 77.067
316 79.021
317 79.626
318 81.234
319 81.392
320 82.558
321 82.577
322 82.711
323 82.908
324 83.083
325 83.452
326 83.474
327 83.481
328 83.535
329 84.216
330 84.502
331 84.746
332 84.882
333 85.033
334 85.090
335 87.089
336 88.211
337 93.487
338 93.510
339 94.920
340 95.430
341 96.184
342 96.242
343 96.263
344 97.233
345 102.613
346 105.130
347 109.611
348 115.950
349 123.250
350 123.883
351 124.001
352 125.506
353 127.071
354 134.091
355 144.699
356 157.259
357 160.710
358 162.659
359 165.015
360 165.079
361 165.136
362 165.721
363 166.430
364 166.722
365 167.754
366 167.890
367 168.879
368 168.962
369 170.595
370 171.019
371 173.960
372 177.360
373 182.359
374 184.626
375 193.001
376 198.460
377 199.623
378 199.899
379 200.189
380 206.286
381 246.874
382 248.159
383 248.941
384 250.719
385 277.194
