1 
2 
3 .006
4 .0117
5 .0177
6 .0453
7 .0927
8 .129
9 .138
10 .248
11 .25933
12 .2633
13 .2693
14 .322
15 .3267
16 .3323
17 .40533
18 .4223
19 .429
20 .4637
21 .5387
22 .540
23 .630
24 .632
25 .6437
26 .658
27 .7427
28 .7467
29 .7487
30 .772
31 .8797
32 .8863
33 .8927
34 .8997
35 .9327
36 1.0163
37 1.021
38 1.022
39 1.0227
40 1.0397
41 1.1277
42 1.1423
43 1.1443
44 1.1553
45 1.16667
46 1.195
47 1.2013
48 1.3177
49 1.3217
50 1.3543
51 1.3887
52 1.438
53 1.4533
54 1.496
55 1.502
56 1.5447
57 1.5827
58 1.6123
59 1.651
60 1.7583
61 1.7607
62 1.9033
63 2.010
64 2.018
65 2.0353
66 2.0443
67 2.1187
68 2.153
69 2.2037
70 2.2093
71 2.2213
72 2.250
73 2.296
74 2.312
75 2.347
76 2.3683
77 2.3763
78 2.444
79 2.4493
80 2.4567
81 2.5153
82 2.565
83 2.5997
84 2.6273
85 2.717
86 2.7257
87 2.906
88 2.9407
89 3.371
90 3.6237
91 3.6623
92 3.7563
93 3.8217
94 3.8493
95 3.8723
96 3.953
97 3.9703
98 4.0887
99 4.102
100 4.3603
101 4.3857
102 4.4587
103 4.4823
104 4.631
105 4.6593
106 4.7257
107 5.0353
108 5.0563
109 5.3657
110 5.5083
111 5.540
112 5.6797
113 5.7233
114 6.418
115 6.418
116 6.5283
117 6.626
118 7.022
119 7.1753
120 7.4323
121 7.5203
122 7.5337
123 7.647
124 7.6867
125 7.8787
126 7.879
127 7.9407
128 8.0507
129 8.0937
130 8.380
131 8.457
132 9.140
133 9.1703
134 9.232
135 9.577
136 9.7803
137 10.0053
138 10.6417
139 10.833
140 10.892
141 10.969
142 11.361
143 11.4103
144 11.5007
145 12.0693
146 12.1107
147 12.1617
148 12.3403
149 12.9983
150 13.4433
151 13.505
152 13.514
153 14.420
154 14.8113
155 14.9163
156 15.528
157 15.920
158 17.0403
159 17.389
160 17.786
161 17.8083
162 18.1597
163 18.174
164 18.4383
165 18.585
166 18.6543
167 19.3047
168 19.3453
169 19.5733
170 20.0287
171 20.167
172 20.5217
173 21.2623
174 22.1973
175 27.288
176 27.3133
177 27.3893
178 27.7217
179 28.8943
180 29.246
181 30.0877
182 30.6517
183 31.8167
184 32.2543
185 33.836
186 39.5263
187 46.598
188 50.6077
189 51.4387
190 51.732
191 56.0463
192 56.372
193 65.2123
194 68.682
195 69.3693
196 72.0637
197 89.023
198 90.771
199 124.893
