1 .0063
2 .013
3 .038
4 .0693
5 .080
6 .1043
7 .116
8 .123
9 .1337
10 .158
11 .210
12 .273
13 .335
14 .337
15 .3557
16 .3663
17 .376
18 .3967
19 .397
20 .4197
21 .48233
22 .486
23 .4923
24 .528
25 .6027
26 .6043
27 .6493
28 .658
29 .696
30 .7143
31 .8387
32 .8607
33 .9257
34 .9313
35 .9403
36 1.0193
37 1.0307
38 1.061
39 1.114
40 1.1163
41 1.1287
42 1.1423
43 1.149
44 1.150
45 1.1723
46 1.175
47 1.181
48 1.195
49 1.2047
50 1.2283
51 1.239
52 1.2657
53 1.2683
54 1.2923
55 1.296
56 1.3297
57 1.4047
58 1.43633
59 1.502
60 1.5263
61 1.6127
62 1.634
63 1.661
64 1.6687
65 1.6773
66 1.726
67 1.745
68 1.881
69 1.8997
70 1.936
71 1.9573
72 2.0407
73 2.1193
74 2.1407
75 2.176
76 2.237
77 2.2837
78 2.294
79 2.3123
80 2.3183
81 2.3613
82 2.393
83 2.399
84 2.4253
85 2.439
86 2.4727
87 2.51267
88 2.531
89 2.5467
90 2.590
91 2.638
92 2.7083
93 2.7173
94 2.7353
95 2.773
96 2.8163
97 2.840
98 2.8467
99 2.882
100 2.9547
101 3.1363
102 3.181
103 3.225
104 3.3807
105 3.4067
106 3.4823
107 3.7283
108 3.8493
109 3.868
110 3.914
111 3.9473
112 3.9967
113 4.050
114 4.0707
115 4.4873
116 4.6917
117 4.741
118 4.814
119 4.861
120 4.959
121 5.110
122 5.122
123 5.1253
124 5.1603
125 5.1907
126 5.314
127 5.5083
128 5.5307
129 5.6553
130 5.6823
131 5.7583
132 5.9163
133 5.9847
134 6.4657
135 6.581
136 6.6237
137 6.755
138 7.056
139 7.179
140 7.203
141 7.390
142 8.1657
143 8.1733
144 8.838
145 9.1697
146 10.0053
147 10.120
148 10.5077
149 10.599
150 10.748
151 11.3563
152 11.511
153 11.9053
154 12.1107
155 13.233
156 13.2793
157 13.7177
158 13.985
159 14.3133
160 14.978
161 15.296
162 15.5657
163 16.4043
164 17.4233
165 17.5127
166 17.7747
167 18.1267
168 18.3053
169 18.519
170 19.141
171 20.449
172 24.0913
173 27.5723
174 29.749
175 30.441
176 30.907
177 31.434
178 34.2357
179 34.566
180 35.0133
181 35.0883
182 35.272
183 35.281
184 35.32
185 35.678
186 35.783
187 35.892
188 35.9423
189 36.0297
190 36.059
191 36.0627
192 36.4573
193 38.5413
194 39.176
195 39.2227
196 39.3
197 39.8147
198 39.957
199 40.1777
200 40.2163
201 40.374
202 40.3973
203 40.4953
204 40.7737
205 40.7823
206 41.5333
207 41.5367
208 41.6317
209 41.665
210 41.7197
211 41.787
212 41.8453
213 41.958
214 42.0947
215 42.3917
216 42.495
217 42.892
218 43.0017
219 43.6317
220 44.051
221 45.05
222 45.1093
223 45.3923
224 45.7403
225 46.344
226 47.6707
227 48.0623
228 48.082
229 48.1167
230 48.4417
231 49.1317
232 49.1637
233 49.1773
234 49.2197
235 49.3707
236 49.4643
237 49.5073
238 49.584
239 49.6907
240 49.8027
241 50.1903
242 50.3387
243 50.445
244 50.7393
245 50.8163
246 51.2947
247 51.6597
248 51.8303
249 51.898
250 52.505
251 52.672
252 53.1113
253 53.5107
254 54.198
255 54.229
256 54.394
257 54.5467
258 54.7883
259 55.7787
260 56.2353
261 56.971
262 57.6677
263 59.3587
264 60.1813
265 60.3433
266 60.3893
267 60.5723
268 60.9297
269 61.099
270 61.105
271 61.4027
272 61.4057
273 61.4777
274 61.5197
275 61.5943
276 61.9777
277 62.1517
278 62.455
279 62.4683
280 62.843
281 63.1537
282 63.6613
283 63.8637
284 64.6147
285 66.097
286 66.508
287 66.78
288 66.8337
289 68.09
290 68.1993
291 68.459
292 70.353
293 70.526
294 71.07
295 71.148
296 71.4413
297 71.7897
298 71.837
299 72.4583
300 72.7767
301 77.1237
302 79.013
303 79.2473
304 81.276
305 81.3163
306 81.6223
307 81.8463
308 81.8787
309 81.895
310 82.111
311 82.2933
312 82.3047
313 82.648
314 84.693
315 84.945
316 85.050
317 85.0743
318 85.1283
319 85.6653
320 86.3823
321 86.7163
322 86.78
323 87.544
324 90.619
325 90.6543
326 91.075
327 91.4383
328 92.668
329 92.7693
330 96.242
331 104.273
332 108.102
333 108.258
334 108.259
335 108.657
336 111.471
337 112.99
338 115.257
339 115.578
340 117.921
341 118.027
342 119.981
343 120.586
344 122.194
345 122.352
346 122.510
347 123.518
348 123.537
349 123.671
350 123.868
351 124.043
352 124.412
353 124.434
354 124.441
355 124.495
356 125.176
357 125.462
358 125.842
359 125.993
360 126.05
361 127.071
362 128.049
363 129.171
364 129.413
365 132.225
366 132.343
367 135.88
368 137.144
369 137.223
370 138.193
371 140.108
372 143.573
373 147.845
374 166.666
375 175.43
376 177.360
377 177.39
378 184.626
379 185.441
380 186.946
381 187.05
382 193.001
383 200.189
384 206.286
385 280.38
