1 
2 
3 0
4 0
5 0
6 .100
7 .200
8 .700
9 .900
10 .900
11 1.000
12 1.000
13 1.000
14 1.100
15 1.500
16 1.700
17 1.800
18 1.800
19 2.200
20 2.300
21 2.500
22 2.600
23 2.800
24 2.800
25 3.100
26 3.300
27 3.400
28 3.400
29 3.400
30 3.800
31 3.800
32 4.000
33 4.200
34 4.200
35 4.200
36 4.300
37 4.400
38 4.600
39 4.600
40 4.800
41 4.800
42 5.100
43 5.100
44 5.200
45 5.200
46 5.300
47 5.500
48 5.800
49 5.900
50 6.100
51 6.400
52 6.400
53 6.900
54 7.000
55 7.100
56 7.300
57 7.700
58 7.800
59 8.000
60 8.000
61 8.100
62 8.300
63 8.300
64 8.400
65 8.500
66 9.000
67 9.100
68 9.100
69 9.400
70 9.600
71 9.800
72 10.000
73 10.400
74 10.900
75 11.000
76 11.100
77 11.500
78 11.800
79 12.200
80 12.300
81 12.400
82 13.000
83 13.000
84 13.400
85 13.600
86 13.600
87 13.700
88 13.800
89 13.900
90 14.300
91 14.600
92 15.300
93 15.400
94 15.500
95 16.900
96 17.400
97 17.400
98 17.500
99 17.500
100 17.800
101 18.000
102 18.500
103 18.800
104 18.900
105 19.100
106 19.400
107 19.600
108 19.700
109 20.100
110 20.600
111 20.900
112 23.000
113 23.100
114 23.100
115 24.200
116 24.400
117 24.500
118 24.800
119 24.900
120 25.000
121 25.400
122 25.500
123 25.700
124 26.200
125 26.200
126 26.800
127 27.200
128 27.300
129 27.500
130 27.900
131 28.000
132 29.300
133 29.400
134 29.400
135 29.800
136 30.000
137 30.500
138 30.600
139 31.200
140 31.500
141 32.000
142 32.100
143 32.900
144 33.700
145 34.700
146 35.000
147 36.100
148 36.100
149 38.900
150 39.300
151 39.400
152 40.700
153 40.800
154 42.400
155 42.500
156 42.800
157 43.100
158 43.500
159 44.500
160 45.700
161 45.700
162 45.900
163 47.900
164 47.900
165 48.300
166 52.100
167 52.200
168 52.700
169 52.900
170 53.300
171 54.100
172 54.300
173 54.400
174 54.500
175 55.500
176 58.000
177 58.500
178 58.900
179 59.100
180 62.500
181 70.300
182 71.300
183 72.000
184 72.700
185 73.400
186 80.400
187 83.800
188 83.900
189 84.700
190 87.200
191 91.800
192 93.200
193 93.500
194 103.300
195 113.000
196 126.700
197 129.600
198 131.900
199 141.800
