.0063 0.0025974
.013 0.00519481
.038 0.00779221
.0693 0.0103896
.080 0.012987
.1043 0.0155844
.116 0.0181818
.123 0.0207792
.1337 0.0233766
.158 0.025974
.210 0.0285714
.273 0.0311688
.335 0.0337662
.337 0.0363636
.3557 0.038961
.3663 0.0415584
.376 0.0441558
.3967 0.0467532
.397 0.0493506
.4197 0.0519481
.48233 0.0545455
.486 0.0571429
.4923 0.0597403
.528 0.0623377
.6027 0.0649351
.6043 0.0675325
.6493 0.0701299
.658 0.0727273
.696 0.0753247
.7143 0.0779221
.8387 0.0805195
.8607 0.0831169
.9257 0.0857143
.9313 0.0883117
.9403 0.0909091
1.0193 0.0935065
1.0307 0.0961039
1.061 0.0987013
1.114 0.101299
1.1163 0.103896
1.1287 0.106494
1.1423 0.109091
1.149 0.111688
1.150 0.114286
1.1723 0.116883
1.175 0.119481
1.181 0.122078
1.195 0.124675
1.2047 0.127273
1.2283 0.12987
1.239 0.132468
1.2657 0.135065
1.2683 0.137662
1.2923 0.14026
1.296 0.142857
1.3297 0.145455
1.4047 0.148052
1.43633 0.150649
1.502 0.153247
1.5263 0.155844
1.6127 0.158442
1.634 0.161039
1.661 0.163636
1.6687 0.166234
1.6773 0.168831
1.726 0.171429
1.745 0.174026
1.881 0.176623
1.8997 0.179221
1.936 0.181818
1.9573 0.184416
2.0407 0.187013
2.1193 0.18961
2.1407 0.192208
2.176 0.194805
2.237 0.197403
2.2837 0.2
2.294 0.202597
2.3123 0.205195
2.3183 0.207792
2.3613 0.21039
2.393 0.212987
2.399 0.215584
2.4253 0.218182
2.439 0.220779
2.4727 0.223377
2.51267 0.225974
2.531 0.228571
2.5467 0.231169
2.590 0.233766
2.638 0.236364
2.7083 0.238961
2.7173 0.241558
2.7353 0.244156
2.773 0.246753
2.8163 0.249351
2.840 0.251948
2.8467 0.254545
2.882 0.257143
2.9547 0.25974
3.1363 0.262338
3.181 0.264935
3.225 0.267532
3.3807 0.27013
3.4067 0.272727
3.4823 0.275325
3.7283 0.277922
3.8493 0.280519
3.868 0.283117
3.914 0.285714
3.9473 0.288312
3.9967 0.290909
4.050 0.293506
4.0707 0.296104
4.4873 0.298701
4.6917 0.301299
4.741 0.303896
4.814 0.306494
4.861 0.309091
4.959 0.311688
5.110 0.314286
5.122 0.316883
5.1253 0.319481
5.1603 0.322078
5.1907 0.324675
5.314 0.327273
5.5083 0.32987
5.5307 0.332468
5.6553 0.335065
5.6823 0.337662
5.7583 0.34026
5.9163 0.342857
5.9847 0.345455
6.4657 0.348052
6.581 0.350649
6.6237 0.353247
6.755 0.355844
7.056 0.358442
7.179 0.361039
7.203 0.363636
7.390 0.366234
8.1657 0.368831
8.1733 0.371429
8.838 0.374026
9.1697 0.376623
10.0053 0.379221
10.120 0.381818
10.5077 0.384416
10.599 0.387013
10.748 0.38961
11.3563 0.392208
11.511 0.394805
11.9053 0.397403
12.1107 0.4
13.233 0.402597
13.2793 0.405195
13.7177 0.407792
13.985 0.41039
14.3133 0.412987
14.978 0.415584
15.296 0.418182
15.5657 0.420779
16.4043 0.423377
17.4233 0.425974
17.5127 0.428571
17.7747 0.431169
18.1267 0.433766
18.3053 0.436364
18.519 0.438961
19.141 0.441558
20.449 0.444156
24.0913 0.446753
27.5723 0.449351
29.749 0.451948
30.441 0.454545
30.907 0.457143
31.434 0.45974
34.2357 0.462338
34.566 0.464935
35.0133 0.467532
35.0883 0.47013
35.272 0.472727
35.281 0.475325
35.32 0.477922
35.678 0.480519
35.783 0.483117
35.892 0.485714
35.9423 0.488312
36.0297 0.490909
36.059 0.493506
36.0627 0.496104
36.4573 0.498701
38.5413 0.501299
39.176 0.503896
39.2227 0.506494
39.3 0.509091
39.8147 0.511688
39.957 0.514286
40.1777 0.516883
40.2163 0.519481
40.374 0.522078
40.3973 0.524675
40.4953 0.527273
40.7737 0.52987
40.7823 0.532468
41.5333 0.535065
41.5367 0.537662
41.6317 0.54026
41.665 0.542857
41.7197 0.545455
41.787 0.548052
41.8453 0.550649
41.958 0.553247
42.0947 0.555844
42.3917 0.558442
42.495 0.561039
42.892 0.563636
43.0017 0.566234
43.6317 0.568831
44.051 0.571429
45.05 0.574026
45.1093 0.576623
45.3923 0.579221
45.7403 0.581818
46.344 0.584416
47.6707 0.587013
48.0623 0.58961
48.082 0.592208
48.1167 0.594805
48.4417 0.597403
49.1317 0.6
49.1637 0.602597
49.1773 0.605195
49.2197 0.607792
49.3707 0.61039
49.4643 0.612987
49.5073 0.615584
49.584 0.618182
49.6907 0.620779
49.8027 0.623377
50.1903 0.625974
50.3387 0.628571
50.445 0.631169
50.7393 0.633766
50.8163 0.636364
51.2947 0.638961
51.6597 0.641558
51.8303 0.644156
51.898 0.646753
52.505 0.649351
52.672 0.651948
53.1113 0.654545
53.5107 0.657143
54.198 0.65974
54.229 0.662338
54.394 0.664935
54.5467 0.667532
54.7883 0.67013
55.7787 0.672727
56.2353 0.675325
56.971 0.677922
57.6677 0.680519
59.3587 0.683117
60.1813 0.685714
60.3433 0.688312
60.3893 0.690909
60.5723 0.693506
60.9297 0.696104
61.099 0.698701
61.105 0.701299
61.4027 0.703896
61.4057 0.706494
61.4777 0.709091
61.5197 0.711688
61.5943 0.714286
61.9777 0.716883
62.1517 0.719481
62.455 0.722078
62.4683 0.724675
62.843 0.727273
63.1537 0.72987
63.6613 0.732468
63.8637 0.735065
64.6147 0.737662
66.097 0.74026
66.508 0.742857
66.78 0.745455
66.8337 0.748052
68.09 0.750649
68.1993 0.753247
68.459 0.755844
70.353 0.758442
70.526 0.761039
71.07 0.763636
71.148 0.766234
71.4413 0.768831
71.7897 0.771429
71.837 0.774026
72.4583 0.776623
72.7767 0.779221
77.1237 0.781818
79.013 0.784416
79.2473 0.787013
81.276 0.78961
81.3163 0.792208
81.6223 0.794805
81.8463 0.797403
81.8787 0.8
81.895 0.802597
82.111 0.805195
82.2933 0.807792
82.3047 0.81039
82.648 0.812987
84.693 0.815584
84.945 0.818182
85.050 0.820779
85.0743 0.823377
85.1283 0.825974
85.6653 0.828571
86.3823 0.831169
86.7163 0.833766
86.78 0.836364
87.544 0.838961
90.619 0.841558
90.6543 0.844156
91.075 0.846753
91.4383 0.849351
92.668 0.851948
92.7693 0.854545
96.242 0.857143
104.273 0.85974
108.102 0.862338
108.258 0.864935
108.259 0.867532
108.657 0.87013
111.471 0.872727
112.99 0.875325
115.257 0.877922
115.578 0.880519
117.921 0.883117
118.027 0.885714
119.981 0.888312
120.586 0.890909
122.194 0.893506
122.352 0.896104
122.510 0.898701
123.518 0.901299
123.537 0.903896
123.671 0.906494
123.868 0.909091
124.043 0.911688
124.412 0.914286
124.434 0.916883
124.441 0.919481
124.495 0.922078
125.176 0.924675
125.462 0.927273
125.842 0.92987
125.993 0.932468
126.05 0.935065
127.071 0.937662
128.049 0.94026
129.171 0.942857
129.413 0.945455
132.225 0.948052
132.343 0.950649
135.88 0.953247
137.144 0.955844
137.223 0.958442
138.193 0.961039
140.108 0.963636
143.573 0.966234
147.845 0.968831
166.666 0.971429
175.43 0.974026
177.360 0.976623
177.39 0.979221
184.626 0.981818
185.441 0.984416
186.946 0.987013
187.05 0.98961
193.001 0.992208
200.189 0.994805
206.286 0.997403
280.38 1
