 0.0100503
 0.0100503
0 0.0251256
0 0.0251256
0 0.0251256
.100 0.0301508
.200 0.0351759
.700 0.040201
.900 0.0502513
.900 0.0502513
1.000 0.0653266
1.000 0.0653266
1.000 0.0653266
1.100 0.0703518
1.500 0.0753769
1.700 0.080402
1.800 0.0904523
1.800 0.0904523
2.200 0.0954774
2.300 0.100503
2.500 0.105528
2.600 0.110553
2.800 0.120603
2.800 0.120603
3.100 0.125628
3.300 0.130653
3.400 0.145729
3.400 0.145729
3.400 0.145729
3.800 0.155779
3.800 0.155779
4.000 0.160804
4.200 0.175879
4.200 0.175879
4.200 0.175879
4.300 0.180905
4.400 0.18593
4.600 0.19598
4.600 0.19598
4.800 0.20603
4.800 0.20603
5.100 0.21608
5.100 0.21608
5.200 0.226131
5.200 0.226131
5.300 0.231156
5.500 0.236181
5.800 0.241206
5.900 0.246231
6.100 0.251256
6.400 0.261307
6.400 0.261307
6.900 0.266332
7.000 0.271357
7.100 0.276382
7.300 0.281407
7.700 0.286432
7.800 0.291457
8.000 0.301508
8.000 0.301508
8.100 0.306533
8.300 0.316583
8.300 0.316583
8.400 0.321608
8.500 0.326633
9.000 0.331658
9.100 0.341709
9.100 0.341709
9.400 0.346734
9.600 0.351759
9.800 0.356784
10.000 0.361809
10.400 0.366834
10.900 0.371859
11.000 0.376884
11.100 0.38191
11.500 0.386935
11.800 0.39196
12.200 0.396985
12.300 0.40201
12.400 0.407035
13.000 0.417085
13.000 0.417085
13.400 0.422111
13.600 0.432161
13.600 0.432161
13.700 0.437186
13.800 0.442211
13.900 0.447236
14.300 0.452261
14.600 0.457286
15.300 0.462312
15.400 0.467337
15.500 0.472362
16.900 0.477387
17.400 0.487437
17.400 0.487437
17.500 0.497487
17.500 0.497487
17.800 0.502513
18.000 0.507538
18.500 0.512563
18.800 0.517588
18.900 0.522613
19.100 0.527638
19.400 0.532663
19.600 0.537688
19.700 0.542714
20.100 0.547739
20.600 0.552764
20.900 0.557789
23.000 0.562814
23.100 0.572864
23.100 0.572864
24.200 0.577889
24.400 0.582915
24.500 0.58794
24.800 0.592965
24.900 0.59799
25.000 0.603015
25.400 0.60804
25.500 0.613065
25.700 0.61809
26.200 0.628141
26.200 0.628141
26.800 0.633166
27.200 0.638191
27.300 0.643216
27.500 0.648241
27.900 0.653266
28.000 0.658291
29.300 0.663317
29.400 0.673367
29.400 0.673367
29.800 0.678392
30.000 0.683417
30.500 0.688442
30.600 0.693467
31.200 0.698492
31.500 0.703518
32.000 0.708543
32.100 0.713568
32.900 0.718593
33.700 0.723618
34.700 0.728643
35.000 0.733668
36.100 0.743719
36.100 0.743719
38.900 0.748744
39.300 0.753769
39.400 0.758794
40.700 0.763819
40.800 0.768844
42.400 0.773869
42.500 0.778894
42.800 0.78392
43.100 0.788945
43.500 0.79397
44.500 0.798995
45.700 0.809045
45.700 0.809045
45.900 0.81407
47.900 0.824121
47.900 0.824121
48.300 0.829146
52.100 0.834171
52.200 0.839196
52.700 0.844221
52.900 0.849246
53.300 0.854271
54.100 0.859296
54.300 0.864322
54.400 0.869347
54.500 0.874372
55.500 0.879397
58.000 0.884422
58.500 0.889447
58.900 0.894472
59.100 0.899497
62.500 0.904523
70.300 0.909548
71.300 0.914573
72.000 0.919598
72.700 0.924623
73.400 0.929648
80.400 0.934673
83.800 0.939698
83.900 0.944724
84.700 0.949749
87.200 0.954774
91.800 0.959799
93.200 0.964824
93.500 0.969849
103.300 0.974874
113.000 0.979899
126.700 0.984925
129.600 0.98995
131.900 0.994975
141.800 1
