0 0.00519481
0 0.00519481
.200 0.0103896
.200 0.0103896
.300 0.012987
.400 0.0233766
.400 0.0233766
.400 0.0233766
.400 0.0233766
.500 0.0337662
.500 0.0337662
.500 0.0337662
.500 0.0337662
.600 0.0415584
.600 0.0415584
.600 0.0415584
.700 0.0441558
.800 0.0467532
.900 0.0493506
1.000 0.0519481
1.100 0.0545455
1.300 0.0597403
1.300 0.0597403
1.500 0.0623377
1.600 0.0649351
1.700 0.0701299
1.700 0.0701299
1.800 0.0727273
2.000 0.0753247
2.100 0.0779221
2.300 0.0831169
2.300 0.0831169
2.500 0.0857143
2.600 0.0909091
2.600 0.0909091
2.700 0.0961039
2.700 0.0961039
2.800 0.101299
2.800 0.101299
2.900 0.103896
3.100 0.106494
3.200 0.109091
3.300 0.116883
3.300 0.116883
3.300 0.116883
3.400 0.119481
3.500 0.124675
3.500 0.124675
3.900 0.12987
3.900 0.12987
4.200 0.132468
4.400 0.137662
4.400 0.137662
4.500 0.142857
4.500 0.142857
4.600 0.145455
4.700 0.148052
4.900 0.153247
4.900 0.153247
5.100 0.155844
5.300 0.158442
5.400 0.163636
5.400 0.163636
5.600 0.166234
5.700 0.168831
6.300 0.174026
6.300 0.174026
6.400 0.176623
6.600 0.184416
6.600 0.184416
6.600 0.184416
7.000 0.18961
7.000 0.18961
7.100 0.194805
7.100 0.194805
7.400 0.197403
7.700 0.2
7.800 0.202597
8.000 0.205195
8.300 0.207792
8.400 0.21039
8.500 0.212987
8.600 0.215584
8.800 0.218182
9.100 0.220779
9.200 0.225974
9.200 0.225974
9.900 0.228571
10.000 0.236364
10.000 0.236364
10.000 0.236364
10.400 0.238961
11.000 0.241558
11.100 0.249351
11.100 0.249351
11.100 0.249351
11.200 0.251948
11.600 0.254545
11.700 0.25974
11.700 0.25974
12.100 0.264935
12.100 0.264935
12.400 0.27013
12.400 0.27013
12.500 0.272727
12.700 0.277922
12.700 0.277922
12.800 0.280519
13.200 0.285714
13.200 0.285714
13.400 0.288312
13.700 0.293506
13.700 0.293506
13.800 0.296104
14.000 0.298701
14.300 0.301299
14.400 0.303896
14.800 0.309091
14.800 0.309091
15.000 0.311688
15.200 0.314286
15.300 0.316883
15.400 0.319481
15.500 0.322078
15.900 0.324675
16.100 0.327273
17.300 0.32987
17.600 0.332468
17.700 0.335065
18.500 0.337662
18.800 0.34026
19.200 0.342857
19.400 0.345455
19.700 0.348052
20.500 0.350649
21.200 0.353247
22.200 0.355844
22.400 0.358442
22.700 0.361039
22.800 0.363636
23.000 0.366234
23.200 0.368831
23.300 0.371429
23.400 0.374026
24.500 0.376623
25.200 0.379221
25.300 0.384416
25.300 0.384416
25.500 0.387013
25.600 0.38961
26.800 0.392208
27.700 0.394805
28.100 0.397403
28.300 0.4
29.100 0.402597
29.800 0.405195
29.900 0.407792
30.300 0.41039
30.800 0.412987
31.500 0.415584
31.800 0.418182
32.000 0.420779
33.500 0.423377
33.600 0.425974
34.100 0.428571
34.200 0.431169
34.500 0.436364
34.500 0.436364
35.000 0.438961
35.200 0.441558
35.600 0.444156
37.100 0.446753
37.300 0.449351
40.100 0.451948
40.600 0.454545
41.000 0.462338
41.000 0.462338
41.000 0.462338
42.600 0.464935
43.000 0.467532
45.400 0.47013
46.800 0.472727
48.600 0.475325
49.700 0.477922
53.300 0.480519
56.400 0.483117
60.800 0.485714
65.400 0.488312
66.700 0.490909
68.400 0.493506
69.200 0.496104
70.200 0.498701
70.900 0.503896
70.900 0.503896
71.500 0.506494
76.600 0.509091
100.000 1
100.000 1
100.000 1
100.000 1
100.000 1
100.000 1
100.000 1
100.000 1
100.000 1
100.000 1
100.000 1
100.000 1
100.000 1
100.000 1
100.000 1
100.000 1
100.000 1
100.000 1
100.000 1
100.000 1
100.000 1
100.000 1
100.000 1
100.000 1
100.000 1
100.000 1
100.000 1
100.000 1
100.000 1
100.000 1
100.000 1
100.000 1
100.000 1
100.000 1
100.000 1
100.000 1
100.000 1
100.000 1
100.000 1
100.000 1
100.000 1
100.000 1
100.000 1
100.000 1
100.000 1
100.000 1
100.000 1
100.000 1
100.000 1
100.000 1
100.000 1
100.000 1
100.000 1
100.000 1
100.000 1
100.000 1
100.000 1
100.000 1
100.000 1
100.000 1
100.000 1
100.000 1
100.000 1
100.000 1
100.000 1
100.000 1
100.000 1
100.000 1
100.000 1
100.000 1
100.000 1
100.000 1
100.000 1
100.000 1
100.000 1
100.000 1
100.000 1
100.000 1
100.000 1
100.000 1
100.000 1
100.000 1
100.000 1
100.000 1
100.000 1
100.000 1
100.000 1
100.000 1
100.000 1
100.000 1
100.000 1
100.000 1
100.000 1
100.000 1
100.000 1
100.000 1
100.000 1
100.000 1
100.000 1
100.000 1
100.000 1
100.000 1
100.000 1
100.000 1
100.000 1
100.000 1
100.000 1
100.000 1
100.000 1
100.000 1
100.000 1
100.000 1
100.000 1
100.000 1
100.000 1
100.000 1
100.000 1
100.000 1
100.000 1
100.000 1
100.000 1
100.000 1
100.000 1
100.000 1
100.000 1
100.000 1
100.000 1
100.000 1
100.000 1
100.000 1
100.000 1
100.000 1
100.000 1
100.000 1
100.000 1
100.000 1
100.000 1
100.000 1
100.000 1
100.000 1
100.000 1
100.000 1
100.000 1
100.000 1
100.000 1
100.000 1
100.000 1
100.000 1
100.000 1
100.000 1
100.000 1
100.000 1
100.000 1
100.000 1
100.000 1
100.000 1
100.000 1
100.000 1
100.000 1
100.000 1
100.000 1
100.000 1
100.000 1
100.000 1
100.000 1
100.000 1
100.000 1
100.000 1
100.000 1
100.000 1
100.000 1
100.000 1
100.000 1
100.000 1
100.000 1
100.000 1
100.000 1
100.000 1
100.000 1
100.000 1
100.000 1
100.000 1
100.000 1
100.000 1
100.000 1
100.000 1
100.000 1
100.000 1
100.000 1
