 0.0100503
 0.0100503
.006 0.0150754
.0117 0.0201005
.0177 0.0251256
.0453 0.0301508
.0927 0.0351759
.129 0.040201
.138 0.0452261
.248 0.0502513
.25933 0.0552764
.2633 0.0603015
.2693 0.0653266
.322 0.0703518
.3267 0.0753769
.3323 0.080402
.40533 0.0854271
.4223 0.0904523
.429 0.0954774
.4637 0.100503
.5387 0.105528
.540 0.110553
.630 0.115578
.632 0.120603
.6437 0.125628
.658 0.130653
.7427 0.135678
.7467 0.140704
.7487 0.145729
.772 0.150754
.8797 0.155779
.8863 0.160804
.8927 0.165829
.8997 0.170854
.9327 0.175879
1.0163 0.180905
1.021 0.18593
1.022 0.190955
1.0227 0.19598
1.0397 0.201005
1.1277 0.20603
1.1423 0.211055
1.1443 0.21608
1.1553 0.221106
1.16667 0.226131
1.195 0.231156
1.2013 0.236181
1.3177 0.241206
1.3217 0.246231
1.3543 0.251256
1.3887 0.256281
1.438 0.261307
1.4533 0.266332
1.496 0.271357
1.502 0.276382
1.5447 0.281407
1.5827 0.286432
1.6123 0.291457
1.651 0.296482
1.7583 0.301508
1.7607 0.306533
1.9033 0.311558
2.010 0.316583
2.018 0.321608
2.0353 0.326633
2.0443 0.331658
2.1187 0.336683
2.153 0.341709
2.2037 0.346734
2.2093 0.351759
2.2213 0.356784
2.250 0.361809
2.296 0.366834
2.312 0.371859
2.347 0.376884
2.3683 0.38191
2.3763 0.386935
2.444 0.39196
2.4493 0.396985
2.4567 0.40201
2.5153 0.407035
2.565 0.41206
2.5997 0.417085
2.6273 0.422111
2.717 0.427136
2.7257 0.432161
2.906 0.437186
2.9407 0.442211
3.371 0.447236
3.6237 0.452261
3.6623 0.457286
3.7563 0.462312
3.8217 0.467337
3.8493 0.472362
3.8723 0.477387
3.953 0.482412
3.9703 0.487437
4.0887 0.492462
4.102 0.497487
4.3603 0.502513
4.3857 0.507538
4.4587 0.512563
4.4823 0.517588
4.631 0.522613
4.6593 0.527638
4.7257 0.532663
5.0353 0.537688
5.0563 0.542714
5.3657 0.547739
5.5083 0.552764
5.540 0.557789
5.6797 0.562814
5.7233 0.567839
6.418 0.577889
6.418 0.577889
6.5283 0.582915
6.626 0.58794
7.022 0.592965
7.1753 0.59799
7.4323 0.603015
7.5203 0.60804
7.5337 0.613065
7.647 0.61809
7.6867 0.623116
7.8787 0.628141
7.879 0.633166
7.9407 0.638191
8.0507 0.643216
8.0937 0.648241
8.380 0.653266
8.457 0.658291
9.140 0.663317
9.1703 0.668342
9.232 0.673367
9.577 0.678392
9.7803 0.683417
10.0053 0.688442
10.6417 0.693467
10.833 0.698492
10.892 0.703518
10.969 0.708543
11.361 0.713568
11.4103 0.718593
11.5007 0.723618
12.0693 0.728643
12.1107 0.733668
12.1617 0.738693
12.3403 0.743719
12.9983 0.748744
13.4433 0.753769
13.505 0.758794
13.514 0.763819
14.420 0.768844
14.8113 0.773869
14.9163 0.778894
15.528 0.78392
15.920 0.788945
17.0403 0.79397
17.389 0.798995
17.786 0.80402
17.8083 0.809045
18.1597 0.81407
18.174 0.819095
18.4383 0.824121
18.585 0.829146
18.6543 0.834171
19.3047 0.839196
19.3453 0.844221
19.5733 0.849246
20.0287 0.854271
20.167 0.859296
20.5217 0.864322
21.2623 0.869347
22.1973 0.874372
27.288 0.879397
27.3133 0.884422
27.3893 0.889447
27.7217 0.894472
28.8943 0.899497
29.246 0.904523
30.0877 0.909548
30.6517 0.914573
31.8167 0.919598
32.2543 0.924623
33.836 0.929648
39.5263 0.934673
46.598 0.939698
50.6077 0.944724
51.4387 0.949749
51.732 0.954774
56.0463 0.959799
56.372 0.964824
65.2123 0.969849
68.682 0.974874
69.3693 0.979899
72.0637 0.984925
89.023 0.98995
90.771 0.994975
124.893 1
