1 0.0853671
2 0.152621
3 0.173462
4 0.220068
5 0.289725
6 0.314766
7 0.352309
8 0.456563
9 0.478604
10 0.648966
11 0.66214
12 0.714118
13 1.01052
14 1.01365
15 1.03314
16 1.0576
17 1.12225
18 1.40023
19 1.47488
20 1.48365
21 1.67963
22 1.69095
23 1.71818
24 1.81518
25 1.81647
26 1.82595
27 1.93861
28 1.96758
29 2.00189
30 2.00643
31 2.0172
32 2.029
33 2.04481
34 2.06203
35 2.06277
36 2.08358
37 2.15453
38 2.15965
39 2.18138
40 2.21285
41 2.22215
42 2.2445
43 2.28363
44 2.30901
45 2.33917
46 2.4002
47 2.45595
48 2.49391
49 2.62478
50 2.63668
51 2.70565
52 2.70733
53 2.81897
54 2.88914
55 2.93064
56 3.00778
57 3.03434
58 3.07627
59 3.08603
60 3.08963
61 3.15636
62 3.21445
63 3.22892
64 3.23584
65 3.25055
66 3.26195
67 3.26282
68 3.32482
69 3.34525
70 3.39274
71 3.53825
72 3.58704
73 3.75508
74 3.79485
75 3.80022
76 3.85683
77 3.9359
78 3.96407
79 3.97224
80 4.02088
81 4.0693
82 4.07012
83 4.19337
84 4.36773
85 4.46822
86 4.48627
87 4.50998
88 4.69689
89 4.87892
90 4.89467
91 4.93135
92 4.93397
93 4.94587
94 5.02798
95 5.05204
96 5.06434
97 5.10269
98 5.14779
99 5.19339
100 5.43646
101 5.68371
102 5.72524
103 5.99005
104 6.07998
105 6.13497
106 6.14348
107 6.35687
108 6.49953
109 6.55847
110 6.6777
111 6.68222
112 6.68385
113 6.82609
114 6.89061
115 7.02857
116 7.06061
117 7.08997
118 7.2344
119 7.26987
120 7.32992
121 7.44104
122 7.59342
123 7.61601
124 7.64391
125 7.71226
126 7.71771
127 7.72252
128 7.74098
129 7.75451
130 7.76549
131 7.84785
132 7.8625
133 8.03084
134 8.10369
135 8.11483
136 8.19376
137 8.49242
138 8.74926
139 9.11687
140 9.20909
141 9.31107
142 9.39214
143 9.40404
144 9.59363
145 9.60109
146 9.6414
147 9.78072
148 9.79793
149 10.0196
150 10.0219
151 10.1252
152 10.2445
153 10.2913
154 10.3239
155 10.5471
156 10.5736
157 10.6248
158 10.7689
159 10.7823
160 10.7892
161 10.8249
162 10.8535
163 10.9599
164 11.0641
165 11.1148
166 11.1495
167 11.1592
168 11.1885
169 11.304
170 11.3633
171 11.4769
172 11.961
173 11.975
174 12.0987
175 12.1005
176 12.26
177 12.8511
178 12.9972
179 13.1577
180 13.1868
181 13.3554
182 13.3591
183 13.3617
184 13.4769
185 13.6383
186 13.7169
187 13.732
188 13.7362
189 13.936
190 13.997
191 14.0503
192 14.1452
193 14.2866
194 14.6119
195 14.6345
196 14.7265
197 14.9875
198 15.022
199 15.1771
200 15.2132
201 15.2336
202 15.5754
203 15.662
204 15.7472
205 15.8696
206 15.8916
207 16.0232
208 16.1263
209 16.1552
210 16.1943
211 16.6943
212 16.7783
213 16.8669
214 16.9162
215 17.3197
216 17.3983
217 17.4071
218 17.4194
219 17.8437
220 18.9748
221 19.4766
222 19.492
223 19.5503
224 19.5936
225 19.6291
226 19.6573
227 19.7574
228 19.79
229 19.8038
230 19.8147
231 19.8188
232 19.8945
233 19.9208
234 20.1713
235 20.4676
236 20.4841
237 21.0635
238 21.0748
239 21.474
240 22.0079
241 22.3803
242 22.466
243 22.5959
244 22.9722
245 23.0187
246 23.256
247 23.259
248 23.387
249 23.5759
250 23.633
251 23.8891
252 24.3189
253 24.7344
254 24.7534
255 24.8361
256 24.9216
257 25.0389
258 25.1847
259 25.3911
260 25.9343
261 26.039
262 27.2568
263 27.4437
264 27.477
265 27.491
266 27.5244
267 27.6933
268 27.8786
269 27.9404
270 28.3165
271 28.3483
272 28.5579
273 28.8912
274 29.4506
275 29.7651
276 29.8142
277 29.8973
278 29.9411
279 29.9756
280 30.3355
281 30.4137
282 31.2872
283 31.4285
284 31.8153
285 32.5968
286 32.7356
287 33.0478
288 33.0651
289 33.504
290 34.1936
291 34.6297
292 34.635
293 35.4392
294 35.725
295 36.3308
296 36.5182
297 37.49
298 38.1636
299 38.2104
300 39.014
301 40.2358
302 40.3764
303 40.5087
304 40.7126
305 40.8514
306 41.7597
307 41.8801
308 41.9401
309 43.6247
310 44.6509
311 45.0044
312 45.1913
313 45.5351
314 46.7674
315 46.9396
316 47.7664
317 47.8359
318 49.7813
319 49.9838
320 50.4451
321 50.9162
322 51.3193
323 51.5125
324 51.5642
325 51.8146
326 52.5538
327 53.372
328 54.1462
329 54.1911
330 55.2994
331 55.4578
332 57.2391
333 57.5012
334 58.2494
335 58.5017
336 63.6994
337 64.0478
338 70.4207
339 71.1619
340 71.2123
341 73.0445
342 75.1769
343 78.6627
344 80.3575
345 81.8445
346 83.8944
347 84.1465
348 89.4254
349 91.4479
350 91.5244
351 91.638
352 92.8517
353 94.0179
354 95.5721
355 112.821
356 113.375
357 118.503
358 125.7
359 126.909
360 129.513
361 5709.45
