.700 0.0142857
1.100 0.0285714
4.400 0.0571429
4.400 0.0571429
4.900 0.0714286
7.600 0.0857143
8.000 0.1
8.200 0.114286
10.600 0.128571
11.200 0.142857
11.400 0.157143
12.500 0.171429
14.200 0.185714
15.100 0.2
16.100 0.214286
16.900 0.228571
17.400 0.242857
17.600 0.257143
18.900 0.271429
21.400 0.285714
21.600 0.3
24.600 0.314286
26.700 0.328571
32.400 0.342857
33.000 0.357143
34.400 0.371429
57.400 0.385714
58.800 0.4
72.000 0.414286
76.800 0.428571
111.600 0.442857
159.600 0.457143
241.700 0.471429
255.100 0.485714
293.600 0.5
850.500 0.514286
1319.200 0.528571
3548.100 0.542857
5068.400 0.557143
9993.500 0.571429
11510.000 0.585714
13888.600 0.6
21041.400 0.614286
30169.700 0.628571
40359.100 0.642857
43108.100 0.657143
43925.100 0.671429
108147.000 0.685714
222473.100 0.7
482109.800 0.714286
780521.600 0.728571
1149252.500 0.742857
1456285.400 0.757143
2097483.200 0.771429
2990181.600 0.785714
8681246.300 0.8
59023573.500 0.814286
61583976.500 0.828571
237329654.900 0.842857
237827498.100 0.857143
6119815037.300 0.871429
244669116468.900 0.885714
616703576211.900 0.9
797617404798.600 0.914286
306722952482369.000 0.928571
34081907384256742.800 0.942857
83432776132135365.900 0.957143
609090192559883069.900 0.971429
20803513045477084894.200 0.985714
2391522357319320983227.100 1
