0.346873 0.0020202
0.484088 0.0040404
0.667891 0.00606061
0.799963 0.00808081
0.890244 0.010101
1.45872 0.0121212
1.46132 0.0141414
2.04026 0.0161616
2.35666 0.0181818
2.39011 0.020202
2.45649 0.0222222
2.58486 0.0242424
2.78535 0.0262626
3.50018 0.0282828
3.56598 0.030303
3.87606 0.0323232
4.51903 0.0343434
4.52259 0.0363636
4.89119 0.0383838
5.279 0.040404
5.66452 0.0424242
5.79119 0.0444444
7.35048 0.0464646
7.49001 0.0484848
8.01174 0.0505051
8.94489 0.0525253
9.06669 0.0545455
9.16073 0.0565657
9.31316 0.0585859
10.3579 0.0606061
10.5182 0.0626263
10.6703 0.0646465
10.9988 0.0666667
11.2673 0.0686869
11.4701 0.0707071
11.8215 0.0727273
11.9571 0.0747475
11.9756 0.0767677
12.0253 0.0787879
12.3619 0.0808081
12.4393 0.0828283
12.6939 0.0848485
12.8003 0.0868687
12.8787 0.0888889
13.0341 0.0909091
13.2291 0.0929293
13.2617 0.0949495
13.2734 0.0969697
13.3956 0.0989899
13.5114 0.10101
13.5997 0.10303
13.6489 0.105051
13.6558 0.107071
13.9971 0.109091
14.218 0.111111
14.4005 0.113131
16.5955 0.115152
16.6129 0.117172
16.6488 0.119192
16.672 0.121212
16.8705 0.123232
17.4837 0.125253
18.4544 0.127273
18.9492 0.129293
19.5138 0.131313
20.2274 0.133333
20.3581 0.135354
20.3657 0.137374
20.4696 0.139394
20.5367 0.141414
20.6305 0.143434
20.6465 0.145455
20.6766 0.147475
21.2827 0.149495
21.3544 0.151515
21.3841 0.153535
21.851 0.155556
21.9262 0.157576
22.9482 0.159596
23.337 0.161616
23.6018 0.163636
23.6875 0.165657
23.6985 0.167677
23.7581 0.169697
23.832 0.171717
23.882 0.173737
24.1753 0.175758
25.3837 0.177778
25.5909 0.179798
25.8448 0.181818
26.4741 0.183838
26.4919 0.185859
26.613 0.187879
27.4607 0.189899
27.8218 0.191919
27.8528 0.193939
28.033 0.19596
28.2134 0.19798
28.5487 0.2
28.5608 0.20202
28.7829 0.20404
29.2157 0.206061
29.5458 0.208081
29.7789 0.210101
30.0622 0.212121
30.211 0.214141
30.3476 0.216162
30.6954 0.218182
30.876 0.220202
30.9645 0.222222
31.0466 0.224242
31.5717 0.226263
31.6572 0.228283
31.944 0.230303
32.1843 0.232323
32.9179 0.234343
33.0908 0.236364
33.2359 0.238384
33.4399 0.240404
33.502 0.242424
34.0265 0.244444
34.0573 0.246465
34.1055 0.248485
34.1432 0.250505
34.1758 0.252525
34.3222 0.254545
34.5404 0.256566
34.9094 0.258586
35.1357 0.260606
35.3029 0.262626
35.6374 0.264646
35.9244 0.266667
36.0902 0.268687
36.5413 0.270707
36.5428 0.272727
37.2714 0.274747
37.8021 0.276768
38.0204 0.278788
38.304 0.280808
38.5842 0.282828
38.6945 0.284848
39.0994 0.286869
40.9215 0.288889
41.0923 0.290909
41.2237 0.292929
41.4728 0.294949
41.6086 0.29697
42.4448 0.29899
42.7277 0.30101
42.7839 0.30303
43.2552 0.305051
44.4931 0.307071
44.8944 0.309091
45.3239 0.311111
45.4191 0.313131
45.7265 0.315152
45.87 0.317172
46.4681 0.319192
46.7003 0.321212
46.857 0.323232
47.0693 0.325253
47.2322 0.327273
48.4826 0.329293
48.8454 0.331313
48.9317 0.333333
50.0283 0.335354
50.1728 0.337374
51.0815 0.339394
51.7263 0.341414
52.7289 0.343434
52.9399 0.345455
53.1966 0.347475
54.3739 0.349495
54.5461 0.351515
54.7181 0.353535
55.9146 0.355556
56.5855 0.357576
56.6952 0.359596
57.0582 0.361616
57.4199 0.363636
59.7744 0.365657
59.9298 0.367677
61.0343 0.369697
64.5054 0.371717
68.6373 0.373737
69.1382 0.375758
69.1442 0.377778
69.7216 0.379798
70.7037 0.381818
70.8644 0.383838
71.5428 0.385859
71.8072 0.387879
73.0187 0.389899
73.8769 0.391919
74.2671 0.393939
74.3102 0.39596
74.4079 0.39798
74.5778 0.4
74.8217 0.40202
75.5643 0.40404
75.7061 0.406061
76.1032 0.408081
77.0791 0.410101
77.269 0.412121
78.6078 0.414141
78.7627 0.416162
78.9051 0.418182
79.2789 0.420202
79.3938 0.422222
80.5781 0.424242
80.6013 0.426263
81.1812 0.428283
81.5071 0.430303
81.6952 0.432323
82.7187 0.434343
83.4047 0.436364
83.7026 0.438384
84.0324 0.440404
85.9202 0.442424
86.0852 0.444444
86.4267 0.446465
86.4846 0.448485
86.5823 0.450505
87.4612 0.452525
87.5008 0.454545
87.7007 0.456566
88.0444 0.458586
88.1406 0.460606
88.3691 0.462626
88.9506 0.464646
89.0352 0.466667
89.0526 0.468687
89.136 0.470707
90.0481 0.472727
90.7456 0.474747
91.0205 0.476768
91.1641 0.478788
91.1847 0.480808
91.8679 0.482828
93.374 0.484848
93.7112 0.486869
94.701 0.488889
95.6265 0.490909
99.5482 0.492929
103.027 0.494949
105.337 0.49697
107.814 0.49899
108.035 0.50101
109.244 0.50303
110.303 0.505051
113.492 0.507071
113.513 0.509091
115.811 0.511111
116.261 0.513131
118.843 0.515152
119.996 0.517172
120.007 0.519192
122.747 0.521212
124.641 0.523232
124.672 0.525253
125.681 0.527273
129.925 0.529293
132.422 0.531313
136.69 0.533333
139.368 0.535354
139.569 0.537374
141.112 0.539394
142.312 0.541414
145.097 0.543434
146.26 0.545455
146.407 0.547475
147.368 0.549495
155.615 0.551515
155.915 0.553535
156.556 0.555556
158.043 0.557576
158.678 0.559596
163.605 0.561616
166.872 0.563636
167.68 0.565657
168.009 0.567677
173.286 0.569697
173.889 0.571717
174.771 0.573737
183.269 0.575758
183.942 0.577778
184.631 0.579798
185.448 0.581818
187.022 0.583838
192.948 0.585859
209.06 0.587879
210.738 0.589899
216.205 0.591919
220.996 0.593939
223.188 0.59596
229.592 0.59798
231.526 0.6
236.596 0.60202
236.647 0.60404
237.253 0.606061
238.336 0.608081
239.051 0.610101
239.098 0.612121
243.065 0.614141
266.273 0.616162
266.338 0.618182
270.231 0.620202
272.708 0.622222
275.128 0.624242
275.537 0.626263
296.705 0.628283
305.188 0.630303
305.42 0.632323
306.556 0.634343
310.727 0.636364
310.94 0.638384
313.188 0.640404
313.955 0.642424
315.197 0.644444
315.914 0.646465
315.974 0.648485
316.348 0.650505
318.108 0.652525
318.139 0.654545
318.155 0.656566
318.844 0.658586
319.089 0.660606
319.4 0.662626
319.76 0.664646
320.188 0.666667
321.349 0.668687
324.606 0.670707
328.599 0.672727
329.942 0.674747
330.466 0.676768
332.461 0.678788
333.781 0.680808
336.76 0.682828
341.706 0.684848
344.126 0.686869
344.322 0.688889
346.816 0.690909
353.127 0.692929
357.893 0.694949
364.24 0.69697
365.083 0.69899
366.083 0.70101
367.375 0.70303
371.11 0.705051
375.721 0.707071
380.517 0.709091
388.236 0.711111
398.937 0.713131
399.053 0.715152
402.063 0.717172
407.525 0.719192
408.778 0.721212
420.936 0.723232
427.179 0.725253
432.622 0.727273
435.511 0.729293
438.562 0.731313
440.298 0.733333
442.139 0.735354
445.014 0.737374
453.515 0.739394
464.74 0.741414
468.782 0.743434
470.51 0.745455
475.414 0.747475
476.327 0.749495
478.327 0.751515
478.65 0.753535
481.032 0.755556
483.865 0.757576
486.039 0.759596
491.684 0.761616
500.734 0.763636
519.609 0.765657
520.955 0.767677
521.939 0.769697
525.853 0.771717
529.421 0.773737
535.596 0.775758
536.907 0.777778
536.93 0.779798
539.454 0.781818
539.602 0.783838
542.351 0.785859
542.891 0.787879
543.243 0.789899
546.541 0.791919
550.563 0.793939
555.181 0.79596
581.333 0.79798
589.347 0.8
590.812 0.80202
592.723 0.80404
607.155 0.806061
611.16 0.808081
625.103 0.810101
629.568 0.812121
634.955 0.814141
644.454 0.816162
645.503 0.818182
647.446 0.820202
652.779 0.822222
654.762 0.824242
656.251 0.826263
664.301 0.828283
667.817 0.830303
669.975 0.832323
672.632 0.834343
672.979 0.836364
675.092 0.838384
675.429 0.840404
676.207 0.842424
694.169 0.844444
695.43 0.846465
700.877 0.848485
702.201 0.850505
719.905 0.852525
731.125 0.854545
731.648 0.856566
732.66 0.858586
733.508 0.860606
744 0.862626
771.515 0.864646
779.886 0.866667
824.594 0.868687
837.912 0.870707
852.713 0.872727
893.485 0.874747
907.233 0.876768
908.638 0.878788
921.785 0.880808
929.569 0.882828
959.794 0.884848
964.708 0.886869
997.511 0.888889
1076.15 0.890909
1101.25 0.892929
1102.12 0.894949
1106.15 0.89697
1113.68 0.89899
1117.86 0.90101
1128.05 0.90303
1132.24 0.905051
1135.71 0.907071
1135.88 0.909091
1138.41 0.911111
1143.82 0.913131
1144.7 0.915152
1163.32 0.917172
1173.64 0.919192
1174.08 0.921212
1183.77 0.923232
1198.79 0.925253
1221.51 0.927273
1247 0.929293
1334.78 0.931313
1350.61 0.933333
1363.91 0.935354
1375.5 0.937374
1391.01 0.939394
1421.45 0.941414
1493.94 0.943434
1522.57 0.945455
1541.51 0.947475
1546.69 0.949495
1577.8 0.951515
1736.74 0.953535
1748.86 0.955556
1775.47 0.957576
1792.65 0.959596
1898.75 0.961616
1905.48 0.963636
2174.38 0.965657
2208.46 0.967677
2273.15 0.969697
2275.24 0.971717
2289.16 0.973737
2295.2 0.975758
2501.75 0.977778
2815.58 0.979798
2962.53 0.981818
3426.97 0.983838
3515.53 0.985859
3551.3 0.987879
3556.09 0.989899
3588.9 0.991919
3640.13 0.993939
3654.19 0.99596
3654.84 0.99798
3656.17 1
3680.74 1.00202
3682.62 1.00404
3780 1.00606
5297.79 1.00808
5647.86 1.0101
5803.34 1.01212
6804.13 1.01414
