120.007
91.8679
90.0481
88.3691
91.1641
119.996
91.0205
91.1847
88.9506
90.7456
13.5114
12.6939
12.8003
12.8787
8.94489
0.799963
3.56598
28.2134
23.6018
2.04026
55.9146
0.346873
45.7265
17.4837
13.3956
12.0253
13.9971
11.9756
10.3579
3.87606
7.49001
28.7829
23.832
3.50018
32.1843
50.1728
0.667891
74.4079
11.2673
10.6703
12.3619
1.46132
27.4607
34.5404
366.083
11.9571
11.4701
2.35666
5.279
20.6766
4.89119
57.0582
2962.53
676.207
1076.15
525.853
625.103
2815.58
1101.25
420.936
824.594
675.429
521.939
542.351
1522.57
333.781
108.035
132.422
1493.94
296.705
158.043
83.7026
139.368
1541.51
237.253
142.312
136.69
116.261
70.8644
1546.69
321.349
113.513
129.925
1577.8
315.914
113.492
73.8769
921.785
146.26
27.8218
31.6572
964.708
83.4047
56.6952
25.8448
34.1758
669.975
44.4931
2.45649
9.06669
656.251
36.5413
1.45872
5.66452
14.4005
539.454
0.484088
13.5997
23.6985
24.1753
529.421
26.4741
32.9179
20.5367
5297.79
3680.74
3640.13
3656.17
3556.09
5803.34
3780
3654.19
3588.9
3515.53
1898.75
1221.51
1138.41
1132.24
1905.48
1183.77
1163.32
1128.05
1117.86
672.632
652.779
629.568
664.301
1113.68
675.092
644.454
645.503
647.446
779.886
442.139
445.014
427.179
440.298
771.515
453.515
438.562
432.622
435.511
581.333
346.816
324.606
306.556
589.347
344.322
320.188
319.4
5647.86
2501.75
2208.46
2289.16
6804.13
2174.38
2275.24
2273.15
732.66
667.817
700.877
2295.2
744
672.979
694.169
1334.78
407.525
367.375
375.721
1350.61
408.778
353.127
371.11
907.233
270.231
239.051
231.526
236.596
929.569
266.273
229.592
236.647
719.905
192.948
158.678
167.68
731.125
183.942
163.605
168.009
399.053
266.338
33.0908
7.35048
38.5842
20.2274
4.51903
14.218
21.3544
402.063
272.708
34.0573
2.39011
38.0204
16.6129
9.16073
11.8215
34.0265
238.336
33.4399
38.6945
59.7744
74.5778
79.3938
78.7627
239.098
45.4191
51.0815
56.5855
69.7216
68.6373
70.7037
174.771
9.31316
73.0187
71.8072
87.4612
86.4846
166.872
0.890244
61.0343
78.9051
81.6952
125.681
35.9244
75.7061
84.0324
88.0444
89.0526
122.747
39.0994
75.5643
81.5071
86.0852
95.6265
46.857
77.0791
80.5781
107.814
59.9298
71.5428
76.1032
3682.62
1736.74
1173.64
1135.71
1143.82
3426.97
1748.86
1174.08
1135.88
1144.7
1198.79
520.955
329.942
305.42
313.188
1247
519.609
319.089
313.955
310.727
310.94
702.201
275.537
156.556
146.407
147.368
695.43
275.128
155.915
139.569
155.615
468.782
173.889
82.7187
81.1812
74.2671
74.8217
483.865
173.286
79.2789
80.6013
78.6078
74.3102
77.269
398.937
124.672
54.7181
52.9399
46.4681
48.9317
388.236
124.641
51.7263
53.1966
45.3239
45.87
1102.12
1775.47
908.638
590.812
555.181
542.891
536.907
536.93
535.596
550.563
1106.15
1792.65
893.485
607.155
543.243
539.602
546.541
328.599
243.065
57.4199
36.5428
30.876
29.2157
19.5138
30.3476
330.466
223.188
64.5054
36.0902
30.0622
26.4919
26.613
22.9482
25.3837
184.631
93.7112
4.52259
16.6488
34.1055
20.4696
183.269
99.5482
8.01174
20.6465
23.337
18.4544
34.9094
27.8528
3551.3
997.511
500.734
470.51
475.414
3654.84
959.794
491.684
478.327
478.65
464.74
476.327
1421.45
216.205
93.374
87.7007
89.0352
86.5823
88.1406
1375.5
220.996
94.701
85.9202
86.4267
852.713
87.5008
16.5955
13.2617
13.6489
837.912
89.136
16.8705
12.4393
13.6558
592.723
34.3222
13.2734
20.6305
16.672
611.16
35.6374
10.5182
21.2827
18.9492
481.032
13.0341
28.5608
29.5458
31.944
31.5717
486.039
2.58486
21.851
29.7789
30.9645
731.648
1391.01
634.955
365.083
344.126
315.974
318.844
316.348
318.108
305.188
318.155
733.508
1363.91
654.762
380.517
332.461
319.76
318.139
315.197
336.76
364.24
115.811
47.0693
41.2237
37.8021
33.2359
34.1432
341.706
357.893
118.843
48.8454
42.4448
35.3029
33.502
37.2714
209.06
187.022
23.6875
5.79119
13.2291
21.9262
30.6954
210.738
185.448
25.5909
2.78535
20.3657
20.3581
21.3841
23.7581
145.097
105.337
23.882
30.211
35.1357
41.0923
42.7277
42.7839
141.112
103.027
10.9988
31.0466
41.4728
41.6086
40.9215
43.2552
38.304
110.303
69.1442
28.033
44.8944
50.0283
54.3739
48.4826
109.244
69.1382
28.5487
47.2322
46.7003
54.5461
52.7289
