1 
2 
3 0
4 .100
5 .700
6 .900
7 1.000
8 1.000
9 1.700
10 2.200
11 2.500
12 2.600
13 2.800
14 3.100
15 3.400
16 3.400
17 3.800
18 3.800
19 4.000
20 4.200
21 4.200
22 4.200
23 4.300
24 4.600
25 4.600
26 4.800
27 5.100
28 5.100
29 5.200
30 5.200
31 5.300
32 5.500
33 5.800
34 5.900
35 6.100
36 6.400
37 6.400
38 6.900
39 7.000
40 7.100
41 7.300
42 7.700
43 7.800
44 8.000
45 8.000
46 8.100
47 8.300
48 8.300
49 8.400
50 8.500
51 9.000
52 9.100
53 9.400
54 9.600
55 9.800
56 10.000
57 10.400
58 10.900
59 11.000
60 11.100
61 11.500
62 11.800
63 12.200
64 12.300
65 12.400
66 13.000
67 13.000
68 13.400
69 13.600
70 13.600
71 13.700
72 13.800
73 13.900
74 14.300
75 14.600
76 15.300
77 16.300
78 16.900
79 17.400
80 17.400
81 17.500
82 17.500
83 18.800
84 19.100
85 19.500
86 19.600
87 19.700
88 20.100
89 20.600
90 20.900
91 22.100
92 23.000
93 23.100
94 23.100
95 24.200
96 24.500
97 24.800
98 24.900
99 25.000
100 25.400
101 26.200
102 26.200
103 27.200
104 27.500
105 27.900
106 28.000
107 29.300
108 29.400
109 29.400
110 30.000
111 30.500
112 31.200
113 31.500
114 32.000
115 32.100
116 32.900
117 33.700
118 34.700
119 35.000
120 36.100
121 36.100
122 38.900
123 39.300
124 40.400
125 40.700
126 42.400
127 42.500
128 43.400
129 45.700
130 45.700
131 47.900
132 48.300
133 52.100
134 52.200
135 52.600
136 53.300
137 54.300
138 54.400
139 58.500
140 58.900
141 59.100
142 60.000
143 61.800
144 62.500
145 71.300
146 71.500
147 72.400
148 73.400
149 73.500
150 77.200
151 79.800
152 80.400
153 83.900
154 87.200
155 91.800
156 93.500
157 96.100
158 97.200
159 105.200
160 107.200
161 136.200
162 140.500
163 145.200
164 145.600
165 148.600
166 149.300
167 158.100
168 162.500
169 163.700
170 166.300
171 168.200
172 169.600
173 179.000
174 183.100
175 195.600
176 200.700
177 202.300
178 218.800
179 226.700
180 253.200
181 255.300
182 256.200
183 287.300
184 301.700
185 313.200
186 342.400
187 353.400
188 353.500
189 384.100
190 447.600
191 448.300
192 496.800
193 504.300
194 517.700
195 606.000
196 1066.200
197 1130.100
198 2279.500
199 2794.000
