0.346873
0.484088
0.667891
0.799963
0.890244
1.45872
1.46132
2.04026
2.35666
2.39011
2.45649
2.58486
2.78535
3.50018
3.56598
3.87606
4.51903
4.52259
4.89119
5.279
5.66452
5.79119
7.35048
7.49001
8.01174
8.94489
9.06669
9.16073
9.31316
10.3579
10.5182
10.6703
10.9988
11.2673
11.4701
11.8215
11.9571
11.9756
12.0253
12.3619
12.4393
12.6939
12.8003
12.8787
13.0341
13.2291
13.2617
13.2734
13.3956
13.5114
13.5997
13.6489
13.6558
13.9971
14.218
14.4005
16.5955
16.6129
16.6488
16.672
16.8705
17.4837
18.4544
18.9492
19.5138
20.2274
20.3581
20.3657
20.4696
20.5367
20.6305
20.6465
20.6766
21.2827
21.3544
21.3841
21.851
21.9262
22.9482
23.337
23.6018
23.6875
23.6985
23.7581
23.832
23.882
24.1753
25.3837
25.5909
25.8448
26.4741
26.4919
26.613
27.4607
27.8218
27.8528
28.033
28.2134
28.5487
28.5608
28.7829
29.2157
29.5458
29.7789
30.0622
30.211
30.3476
30.6954
30.876
30.9645
31.0466
31.5717
31.6572
31.944
32.1843
32.9179
33.0908
33.2359
33.4399
33.502
34.0265
34.0573
34.1055
34.1432
34.1758
34.3222
34.5404
34.9094
35.1357
35.3029
35.6374
35.9244
36.0902
36.5413
36.5428
37.2714
37.8021
38.0204
38.304
38.5842
38.6945
39.0994
40.9215
41.0923
41.2237
41.4728
41.6086
42.4448
42.7277
42.7839
43.2552
44.4931
44.8944
45.3239
45.4191
45.7265
45.87
46.4681
46.7003
46.857
47.0693
47.2322
48.4826
48.8454
48.9317
50.0283
50.1728
51.0815
51.7263
52.7289
52.9399
53.1966
54.3739
54.5461
54.7181
55.9146
56.5855
56.6952
57.0582
57.4199
59.7744
59.9298
61.0343
64.5054
68.6373
69.1382
69.1442
69.7216
70.7037
70.8644
71.5428
71.8072
73.0187
73.8769
74.2671
74.3102
74.4079
74.5778
74.8217
75.5643
75.7061
76.1032
77.0791
77.269
78.6078
78.7627
78.9051
79.2789
79.3938
80.5781
80.6013
81.1812
81.5071
81.6952
82.7187
83.4047
83.7026
84.0324
85.9202
86.0852
86.4267
86.4846
86.5823
87.4612
87.5008
87.7007
88.0444
88.1406
88.3691
88.9506
89.0352
89.0526
89.136
90.0481
90.7456
91.0205
91.1641
91.1847
91.8679
93.374
93.7112
94.701
95.6265
99.5482
103.027
105.337
107.814
108.035
109.244
110.303
113.492
113.513
115.811
116.261
118.843
119.996
120.007
122.747
124.641
124.672
125.681
129.925
132.422
136.69
139.368
139.569
141.112
142.312
145.097
146.26
146.407
147.368
155.615
155.915
156.556
158.043
158.678
163.605
166.872
167.68
168.009
173.286
173.889
174.771
183.269
183.942
184.631
185.448
187.022
192.948
209.06
210.738
216.205
220.996
223.188
229.592
231.526
236.596
236.647
237.253
238.336
239.051
239.098
243.065
266.273
266.338
270.231
272.708
275.128
275.537
296.705
305.188
305.42
306.556
310.727
310.94
313.188
313.955
315.197
315.914
315.974
316.348
318.108
318.139
318.155
318.844
319.089
319.4
319.76
320.188
321.349
324.606
328.599
329.942
330.466
332.461
333.781
336.76
341.706
344.126
344.322
346.816
353.127
357.893
364.24
365.083
366.083
367.375
371.11
375.721
380.517
388.236
398.937
399.053
402.063
407.525
408.778
420.936
427.179
432.622
435.511
438.562
440.298
442.139
445.014
453.515
464.74
468.782
470.51
475.414
476.327
478.327
478.65
481.032
483.865
486.039
491.684
500.734
519.609
520.955
521.939
525.853
529.421
535.596
536.907
536.93
539.454
539.602
542.351
542.891
543.243
546.541
550.563
555.181
581.333
589.347
590.812
592.723
607.155
611.16
625.103
629.568
634.955
644.454
645.503
647.446
652.779
654.762
656.251
664.301
667.817
669.975
672.632
672.979
675.092
675.429
676.207
694.169
695.43
700.877
702.201
719.905
731.125
731.648
732.66
733.508
744
771.515
779.886
824.594
837.912
852.713
893.485
907.233
908.638
921.785
929.569
959.794
964.708
997.511
1076.15
1101.25
1102.12
1106.15
1113.68
1117.86
1128.05
1132.24
1135.71
1135.88
1138.41
1143.82
1144.7
1163.32
1173.64
1174.08
1183.77
1198.79
1221.51
1247
1334.78
1350.61
1363.91
1375.5
1391.01
1421.45
1493.94
1522.57
1541.51
1546.69
1577.8
1736.74
1748.86
1775.47
1792.65
1898.75
1905.48
2174.38
2208.46
2273.15
2275.24
2289.16
2295.2
2501.75
2815.58
2962.53
3426.97
3515.53
3551.3
3556.09
3588.9
3640.13
3654.19
3654.84
3656.17
3680.74
3682.62
3780
5297.79
5647.86
5803.34
6804.13
