file-server 100 351.258 2152.202 1800.944 512.700
file-server 300 59.7043 74.108 14.4037 24.100
file-server 500 23.6743 26.345 2.6707 11.200
file-server 700    
file-server 900    
kernel 100 129.247 216906.792 216777.545 167723.400
kernel 300 68.3677 37692.683 37624.3153 55032.200
kernel 500 20.416 113.082 92.666 453.800
kernel 700 14.7637 46.023 31.2593 211.700
kernel 900 11.7513 25.512 13.7607 117.000
mediawiki-ws/20C 100 303.431 162333399.531 162333096.100 53499179.700
mediawiki-ws/20C 300 79.595 56906.495 56826.900 71395.000
mediawiki-ws/20C 500 59.2203 58384.138 58324.9177 98488.000
mediawiki-ws/20C 700 45.8113 11565.262 11519.4507 25145.400
mediawiki-ws/20C 900 33.6117 848.643 815.0313 2424.800
mediawiki-ws/10C 100 156.281 47121.612 46965.331 30051.800
mediawiki-ws/10C 300 54.2415 14979.634 14925.3925 27516.500
mediawiki-ws/10C 500 33.4835 2147.549 2114.0655 6313.700
mediawiki-ws/10C 700 26.2495 623.131 596.8815 2273.800
mediawiki-ws/10C 900 19.969 255.957 235.988 1181.700
mediawiki-db 100 103.351 542.228 438.877 424.600
mediawiki-db 300 29.467 40.494 11.027 37.400
mediawiki-db 500 16.8437 20.348 3.5043 20.800
mediawiki-db 700 11.965 13.586 1.621 13.500
mediawiki-db 900 9.54133 10.203 .66167 6.900
rubis-ws/300C 100 163.824 2100009.451 2099845.627 1281769.200
rubis-ws/300C 300 56.11 10473.735 10417.625 18566.400
rubis-ws/300C 500 32.448 1024.638 992.190 3057.700
rubis-ws/300C 700 26.466 452.106 425.640 1608.200
rubis-ws/300C 900 21.2025 140.079 118.8765 560.600
rubis-db/300C 100 180.122 42609927.372 42609747.250 23656048.200
rubis-db/300C 300 29.988 10272.817 10242.829 34156.400
rubis-db/300C 500 15.394 270.008 254.614 1653.900
rubis-db/300C 700    
rubis-db/300C 900    
rubis-ws/100C 100 118.368 629023.784 628905.416 531313.700
rubis-ws/100C 300 38.495 1457.184 1418.689 3685.300
rubis-ws/100C 500 21.878 110.804 88.926 406.400
rubis-ws/100C 700 15.673 41.179 25.506 162.700
rubis-ws/100C 900 13.524 22.572 9.048 66.900
rubis-db/100C 100 164.096 10017275.904 10017111.808 6104421.600
rubis-db/100C 300 44.293 915.542 871.249 1967.000
rubis-db/100C 500 24.5405 71.188 46.6475 190.000
rubis-db/100C 700 17.472 28.564 11.092 63.400
rubis-db/100C 900 13.309 16.911 3.602 27.000
