1 .0653
2 .080
3 .097
4 .150
5 .2013
6 .232
7 .2513
8 .29833
9 .3497
10 .3543
11 .3613
12 .419
13 .42933
14 .612
15 .623
16 .6717
17 .675
18 .718
19 .7607
20 .7697
21 .8467
22 .8477
23 .8613
24 .9057
25 .954
26 .9593
27 .9937
28 1.000
29 1.0103
30 1.0127
31 1.0527
32 1.1067
33 1.16967
34 1.2413
35 1.2697
36 1.3657
37 1.3757
38 1.382
39 1.3833
40 1.4663
41 1.484
42 1.5797
43 1.6027
44 1.6143
45 1.642
46 1.7177
47 1.8853
48 1.914
49 1.933
50 1.9543
51 2.0263
52 2.050
53 2.0787
54 2.092
55 2.1113
56 2.146
57 2.1937
58 2.299
59 2.320
60 2.3433
61 2.4113
62 2.4177
63 2.4263
64 2.431
65 2.4873
66 2.529
67 2.5857
68 2.6327
69 2.6343
70 2.647
71 2.846
72 2.9567
73 3.317
74 3.3563
75 3.5907
76 3.6433
77 3.6603
78 3.7917
79 3.847
80 3.9723
81 4.0547
82 4.3227
83 4.3273
84 4.3797
85 4.4543
86 4.5677
87 4.598
88 4.6423
89 4.8323
90 4.9853
91 5.3587
92 5.529
93 5.6523
94 6.2993
95 6.359
96 6.3857
97 6.5853
98 6.607
99 6.846
100 7.1623
101 7.366
102 7.6807
103 7.698
104 7.7037
105 7.8857
106 7.9777
107 8.0897
108 8.394
109 8.4897
110 8.869
111 9.1203
112 9.220
113 9.559
114 10.292
115 10.5077
116 10.746
117 10.758
118 10.871
119 10.9723
120 11.4467
121 12.0847
122 13.076
123 13.2003
124 13.436
125 13.476
126 14.8603
127 14.913
128 16.386
129 16.7747
130 16.9893
131 17.614
132 17.9033
133 17.968
134 18.036
135 18.173
136 18.6433
137 18.7877
138 19.0593
139 19.8367
140 20.053
141 20.5167
142 20.8053
143 25.736
144 26.0423
145 26.4853
146 26.8513
147 27.248
148 27.2863
149 27.6617
150 28.7883
151 28.8423
152 30.5847
153 32.2063
154 32.560
155 36.419
156 37.3993
157 41.4497
158 43.584
159 49.1203
160 49.126
161 55.5973
162 55.6247
163 58.6873
164 59.803
165 59.814
166 61.3513
167 64.386
168 71.1797
169 73.618
170 79.1043
171 83.2753
172 88.824
173 90.022
174 90.717
175 92.4323
176 94.8227
177 96.6933
178 100.0277
179 101.2363
180 102.0047
181 104.3677
182 104.868
183 106.4073
184 116.5957
185 121.5113
186 130.948
187 142.868
188 144.1723
189 150.7973
190 151.7077
191 155.7037
192 158.3073
193 166.958
194 168.9723
195 178.5777
196 185.698
197 278.475
198 367.663
199 372.6397
200 382.8457
201 401.9567
202 405.0857
203 420.5673
204 435.3083
205 462.5553
206 475.525
207 563.492
208 784.427
209 790.5163
210 873.044
211 890.6153
212 970.057
213 1158.151
214 1262.7377
215 1327.7967
216 1344.5033
217 1534.7057
218 1628.802
219 1671.933
220 1703.975
221 1833.855
222 1890.130
223 2005.9507
224 2054.9867
225 2322.117
226 2479.8683
227 2711.465
228 2920.9467
229 2949.616
230 3521.7493
231 3668.751
232 3716.156
233 4267.6093
234 4809.343
235 4994.1893
236 5212.1137
237 5241.749
238 5500.399
239 5706.938
240 7321.373
241 7549.7413
242 8633.8447
243 9372.739
244 10429.7867
245 10623.0427
246 11135.4013
247 11171.660
248 14268.480
249 15226.7363
250 15274.554
251 15756.6863
252 16507.7797
253 17035.8063
254 21838.2467
255 26299.5507
256 26333.8173
257 26504.221
258 26601.595
259 27102.3187
260 29215.195
261 33108.111
262 43532.4647
263 47813.176
264 52014.876
265 52674.364
266 56042.676
267 56878.870
268 66984.0163
269 77713.4087
270 79085.670
271 89822.888
272 137989.6217
273 146750.8317
274 151600.863
275 155902.408
276 177849.673
277 191162.6287
278 199582.210
279 225770.3153
280 226717.7303
281 251492.865
282 262942.130
283 273971.4347
284 274961.9387
285 291061.9747
286 336150.851
287 338288.5943
288 350647.8423
289 438320.1123
290 458159.520
291 499241.341
292 517390.8933
293 609073.442
294 637348.790
295 660689.638
296 800905.469
297 806962.5813
298 1023036.671
299 1246158.431
300 2098526.5947
301 2642264.266
302 3100307.398
303 3496614.5223
304 3987427.2233
305 4552825.0493
306 4689405.3667
307 4699895.185
308 5102677.006
309 5352295.5557
310 5785294.327
311 6312943.691
312 7048228.7997
313 7197431.854
314 11157113.787
315 11496163.1863
316 23503538.670
317 29038504.014
318 41765813.2743
319 42008772.1857
320 44637844.756
321 52227780.7767
322 62590269.000
323 74332929.2577
324 76084038.239
325 79853268.974
326 97172995.5827
327 108153113.986
328 109955329.5747
329 114772590.169
330 129723583.319
331 146139408.006
332 168407818.763
333 170321095.091
334 210931553.3737
335 219527601.458
336 276879091.077
337 504638934.579
338 531748126.566
339 600013398.447
340 602056984.773
341 638616953.4457
342 1159450564.075
343 1599527122.0763
344 2076840603.610
345 4362411181.114
346 5841907120.283
347 7682326430.349
348 8453662424.8937
349 9271059076.958
350 13845374517.496
351 14826983953.378
352 17738457667.555
353 19869451682.201
354 34445834565.288
355 80867075505.799
356 92052916154.609
357 274463450616.110
358 385636301497.097
359 1090087147624.641
360 6568428759271.795
361 10963550129397.798
362 17020477689406.490
363 32750990861507.910
364 35013524040554.491
365 46639614217060.134
366 50376368793617.461
367 55398378363534.442
368 56882713928692.161
369 57274869546225.244
370 57780435819311.312
371 59006836626097.971
372 79154147952023.922
373 388133213133343.229
374 479399380071825.823
375 595207054296428.686
376 15236163956111576.922
377 18411763282421262.854
378 52296463632379577.931
379 81077525840433004.939
380 215514606316808249.358
381 405092100714939725.247
382 4942432438424125161.199
383 115282672939506526494.587
384 146956555166285398538.457
385 23369971568806618959279.162
