1 .700
2 1.100
3 4.400
4 4.400
5 4.900
6 7.600
7 8.000
8 8.200
9 10.600
10 11.200
11 11.400
12 12.500
13 14.200
14 15.100
15 16.100
16 16.900
17 17.400
18 17.600
19 18.900
20 21.400
21 21.600
22 24.600
23 26.700
24 32.400
25 33.000
26 34.400
27 57.400
28 58.800
29 72.000
30 76.800
31 111.600
32 159.600
33 241.700
34 255.100
35 293.600
36 850.500
37 1319.200
38 3548.100
39 5068.400
40 9993.500
41 11510.000
42 13888.600
43 21041.400
44 30169.700
45 40359.100
46 43108.100
47 43925.100
48 108147.000
49 222473.100
50 482109.800
51 780521.600
52 1149252.500
53 1456285.400
54 2097483.200
55 2990181.600
56 8681246.300
57 59023573.500
58 61583976.500
59 237329654.900
60 237827498.100
61 6119815037.300
62 244669116468.900
63 616703576211.900
64 797617404798.600
65 306722952482369.000
66 34081907384256742.800
67 83432776132135365.900
68 609090192559883069.900
69 20803513045477084894.200
70 2391522357319320983227.100
