4.35567
6.3577
1.93057
0.295467
0.0856935
0.0965862
4.37861
6.5164
1.79647
0.313733
0.0568157
0.142774
0.149873
2.3521
1.76078
0.135727
0.44789
0.563315
0.623208
0.630001
2.4523
1.62331
0.124707
0.396166
0.491398
0.595224
0.571545
1.57179
0.81563
0.404989
0.600466
0.658857
0.669105
1.55205
0.860498
0.401772
0.59157
0.662996
0.644021
1.19816
0.373657
0.523403
0.737932
0.737621
1.19214
0.476464
0.52712
0.699674
0.747566
0.719943
0.944463
0.197741
0.52939
0.738292
0.728906
1.1583
0.245408
0.524003
0.699411
0.735688
0.756725
0.785495
0.719972
