.0653 0.0025974
.080 0.00519481
.097 0.00779221
.150 0.0103896
.2013 0.012987
.232 0.0155844
.2513 0.0181818
.29833 0.0207792
.3497 0.0233766
.3543 0.025974
.3613 0.0285714
.419 0.0311688
.42933 0.0337662
.612 0.0363636
.623 0.038961
.6717 0.0415584
.675 0.0441558
.718 0.0467532
.7607 0.0493506
.7697 0.0519481
.8467 0.0545455
.8477 0.0571429
.8613 0.0597403
.9057 0.0623377
.954 0.0649351
.9593 0.0675325
.9937 0.0701299
1.000 0.0727273
1.0103 0.0753247
1.0127 0.0779221
1.0527 0.0805195
1.1067 0.0831169
1.16967 0.0857143
1.2413 0.0883117
1.2697 0.0909091
1.3657 0.0935065
1.3757 0.0961039
1.382 0.0987013
1.3833 0.101299
1.4663 0.103896
1.484 0.106494
1.5797 0.109091
1.6027 0.111688
1.6143 0.114286
1.642 0.116883
1.7177 0.119481
1.8853 0.122078
1.914 0.124675
1.933 0.127273
1.9543 0.12987
2.0263 0.132468
2.050 0.135065
2.0787 0.137662
2.092 0.14026
2.1113 0.142857
2.146 0.145455
2.1937 0.148052
2.299 0.150649
2.320 0.153247
2.3433 0.155844
2.4113 0.158442
2.4177 0.161039
2.4263 0.163636
2.431 0.166234
2.4873 0.168831
2.529 0.171429
2.5857 0.174026
2.6327 0.176623
2.6343 0.179221
2.647 0.181818
2.846 0.184416
2.9567 0.187013
3.317 0.18961
3.3563 0.192208
3.5907 0.194805
3.6433 0.197403
3.6603 0.2
3.7917 0.202597
3.847 0.205195
3.9723 0.207792
4.0547 0.21039
4.3227 0.212987
4.3273 0.215584
4.3797 0.218182
4.4543 0.220779
4.5677 0.223377
4.598 0.225974
4.6423 0.228571
4.8323 0.231169
4.9853 0.233766
5.3587 0.236364
5.529 0.238961
5.6523 0.241558
6.2993 0.244156
6.359 0.246753
6.3857 0.249351
6.5853 0.251948
6.607 0.254545
6.846 0.257143
7.1623 0.25974
7.366 0.262338
7.6807 0.264935
7.698 0.267532
7.7037 0.27013
7.8857 0.272727
7.9777 0.275325
8.0897 0.277922
8.394 0.280519
8.4897 0.283117
8.869 0.285714
9.1203 0.288312
9.220 0.290909
9.559 0.293506
10.292 0.296104
10.5077 0.298701
10.746 0.301299
10.758 0.303896
10.871 0.306494
10.9723 0.309091
11.4467 0.311688
12.0847 0.314286
13.076 0.316883
13.2003 0.319481
13.436 0.322078
13.476 0.324675
14.8603 0.327273
14.913 0.32987
16.386 0.332468
16.7747 0.335065
16.9893 0.337662
17.614 0.34026
17.9033 0.342857
17.968 0.345455
18.036 0.348052
18.173 0.350649
18.6433 0.353247
18.7877 0.355844
19.0593 0.358442
19.8367 0.361039
20.053 0.363636
20.5167 0.366234
20.8053 0.368831
25.736 0.371429
26.0423 0.374026
26.4853 0.376623
26.8513 0.379221
27.248 0.381818
27.2863 0.384416
27.6617 0.387013
28.7883 0.38961
28.8423 0.392208
30.5847 0.394805
32.2063 0.397403
32.560 0.4
36.419 0.402597
37.3993 0.405195
41.4497 0.407792
43.584 0.41039
49.1203 0.412987
49.126 0.415584
55.5973 0.418182
55.6247 0.420779
58.6873 0.423377
59.803 0.425974
59.814 0.428571
61.3513 0.431169
64.386 0.433766
71.1797 0.436364
73.618 0.438961
79.1043 0.441558
83.2753 0.444156
88.824 0.446753
90.022 0.449351
90.717 0.451948
92.4323 0.454545
94.8227 0.457143
96.6933 0.45974
100.0277 0.462338
101.2363 0.464935
102.0047 0.467532
104.3677 0.47013
104.868 0.472727
106.4073 0.475325
116.5957 0.477922
121.5113 0.480519
130.948 0.483117
142.868 0.485714
144.1723 0.488312
150.7973 0.490909
151.7077 0.493506
155.7037 0.496104
158.3073 0.498701
166.958 0.501299
168.9723 0.503896
178.5777 0.506494
185.698 0.509091
278.475 0.511688
367.663 0.514286
372.6397 0.516883
382.8457 0.519481
401.9567 0.522078
405.0857 0.524675
420.5673 0.527273
435.3083 0.52987
462.5553 0.532468
475.525 0.535065
563.492 0.537662
784.427 0.54026
790.5163 0.542857
873.044 0.545455
890.6153 0.548052
970.057 0.550649
1158.151 0.553247
1262.7377 0.555844
1327.7967 0.558442
1344.5033 0.561039
1534.7057 0.563636
1628.802 0.566234
1671.933 0.568831
1703.975 0.571429
1833.855 0.574026
1890.130 0.576623
2005.9507 0.579221
2054.9867 0.581818
2322.117 0.584416
2479.8683 0.587013
2711.465 0.58961
2920.9467 0.592208
2949.616 0.594805
3521.7493 0.597403
3668.751 0.6
3716.156 0.602597
4267.6093 0.605195
4809.343 0.607792
4994.1893 0.61039
5212.1137 0.612987
5241.749 0.615584
5500.399 0.618182
5706.938 0.620779
7321.373 0.623377
7549.7413 0.625974
8633.8447 0.628571
9372.739 0.631169
10429.7867 0.633766
10623.0427 0.636364
11135.4013 0.638961
11171.660 0.641558
14268.480 0.644156
15226.7363 0.646753
15274.554 0.649351
15756.6863 0.651948
16507.7797 0.654545
17035.8063 0.657143
21838.2467 0.65974
26299.5507 0.662338
26333.8173 0.664935
26504.221 0.667532
26601.595 0.67013
27102.3187 0.672727
29215.195 0.675325
33108.111 0.677922
43532.4647 0.680519
47813.176 0.683117
52014.876 0.685714
52674.364 0.688312
56042.676 0.690909
56878.870 0.693506
66984.0163 0.696104
77713.4087 0.698701
79085.670 0.701299
89822.888 0.703896
137989.6217 0.706494
146750.8317 0.709091
151600.863 0.711688
155902.408 0.714286
177849.673 0.716883
191162.6287 0.719481
199582.210 0.722078
225770.3153 0.724675
226717.7303 0.727273
251492.865 0.72987
262942.130 0.732468
273971.4347 0.735065
274961.9387 0.737662
291061.9747 0.74026
336150.851 0.742857
338288.5943 0.745455
350647.8423 0.748052
438320.1123 0.750649
458159.520 0.753247
499241.341 0.755844
517390.8933 0.758442
609073.442 0.761039
637348.790 0.763636
660689.638 0.766234
800905.469 0.768831
806962.5813 0.771429
1023036.671 0.774026
1246158.431 0.776623
2098526.5947 0.779221
2642264.266 0.781818
3100307.398 0.784416
3496614.5223 0.787013
3987427.2233 0.78961
4552825.0493 0.792208
4689405.3667 0.794805
4699895.185 0.797403
5102677.006 0.8
5352295.5557 0.802597
5785294.327 0.805195
6312943.691 0.807792
7048228.7997 0.81039
7197431.854 0.812987
11157113.787 0.815584
11496163.1863 0.818182
23503538.670 0.820779
29038504.014 0.823377
41765813.2743 0.825974
42008772.1857 0.828571
44637844.756 0.831169
52227780.7767 0.833766
62590269.000 0.836364
74332929.2577 0.838961
76084038.239 0.841558
79853268.974 0.844156
97172995.5827 0.846753
108153113.986 0.849351
109955329.5747 0.851948
114772590.169 0.854545
129723583.319 0.857143
146139408.006 0.85974
168407818.763 0.862338
170321095.091 0.864935
210931553.3737 0.867532
219527601.458 0.87013
276879091.077 0.872727
504638934.579 0.875325
531748126.566 0.877922
600013398.447 0.880519
602056984.773 0.883117
638616953.4457 0.885714
1159450564.075 0.888312
1599527122.0763 0.890909
2076840603.610 0.893506
4362411181.114 0.896104
5841907120.283 0.898701
7682326430.349 0.901299
8453662424.8937 0.903896
9271059076.958 0.906494
13845374517.496 0.909091
14826983953.378 0.911688
17738457667.555 0.914286
19869451682.201 0.916883
34445834565.288 0.919481
80867075505.799 0.922078
92052916154.609 0.924675
274463450616.110 0.927273
385636301497.097 0.92987
1090087147624.641 0.932468
6568428759271.795 0.935065
10963550129397.798 0.937662
17020477689406.490 0.94026
32750990861507.910 0.942857
35013524040554.491 0.945455
46639614217060.134 0.948052
50376368793617.461 0.950649
55398378363534.442 0.953247
56882713928692.161 0.955844
57274869546225.244 0.958442
57780435819311.312 0.961039
59006836626097.971 0.963636
79154147952023.922 0.966234
388133213133343.229 0.968831
479399380071825.823 0.971429
595207054296428.686 0.974026
15236163956111576.922 0.976623
18411763282421262.854 0.979221
52296463632379577.931 0.981818
81077525840433004.939 0.984416
215514606316808249.358 0.987013
405092100714939725.247 0.98961
4942432438424125161.199 0.992208
115282672939506526494.587 0.994805
146956555166285398538.457 0.997403
23369971568806618959279.162 1
