.500 0.0294118
1.300 0.0588235
4.400 0.0882353
4.500 0.117647
4.700 0.147059
7.700 0.176471
8.200 0.205882
8.300 0.235294
10.900 0.264706
11.600 0.323529
11.600 0.323529
12.600 0.352941
14.400 0.382353
15.200 0.411765
16.000 0.441176
16.800 0.470588
17.500 0.5
17.700 0.529412
19.100 0.558824
21.700 0.617647
21.700 0.617647
25.000 0.647059
26.900 0.676471
32.600 0.705882
33.200 0.735294
34.600 0.764706
57.900 0.794118
59.200 0.823529
77.200 0.852941
112.300 0.882353
162.400 0.911765
246.200 0.941176
289.500 0.970588
2658.700 1
