1.02249 0.00277008
1.92134 0.00554017
3.16569 0.00831025
4.5533 0.0110803
6.2382 0.0138504
6.4606 0.0166205
7.48146 0.0193906
8.9996 0.0221607
11.8551 0.0249307
15.0812 0.0277008
17.7954 0.0304709
18.0882 0.033241
21.9704 0.0360111
22.4747 0.0387812
24.6299 0.0415512
26.9302 0.0443213
28.3119 0.0470914
29.0737 0.0498615
29.6475 0.0526316
30.693 0.0554017
30.9579 0.0581717
34.7404 0.0609418
35.8112 0.0637119
39.8065 0.066482
42.2452 0.0692521
44.5142 0.0720222
50.7118 0.0747922
50.7419 0.0775623
51.7089 0.0803324
52.104 0.0831025
52.7003 0.0858726
52.7704 0.0886427
54.0096 0.0914127
54.0265 0.0941828
54.5255 0.0969529
56.9317 0.099723
59.8314 0.102493
60.286 0.105263
62.1464 0.108033
62.4326 0.110803
63.6102 0.113573
64.7874 0.116343
66.2926 0.119114
68.4615 0.121884
68.4716 0.124654
68.5422 0.127424
70.6751 0.130194
73.046 0.132964
73.192 0.135734
74.063 0.138504
74.5556 0.141274
75.9499 0.144044
76.0943 0.146814
76.2303 0.149584
77 0.152355
77.851 0.155125
79.1429 0.157895
82.3682 0.160665
87.6637 0.163435
90.607 0.166205
90.8383 0.168975
92.0287 0.171745
93.0746 0.174515
93.9377 0.177285
94.6728 0.180055
95.3994 0.182825
96.1051 0.185596
98.0889 0.188366
99.5722 0.191136
101.277 0.193906
107.331 0.196676
107.586 0.199446
109.214 0.202216
112.394 0.204986
112.96 0.207756
113.047 0.210526
115.008 0.213296
118.187 0.216066
119.369 0.218837
119.637 0.221607
122.643 0.224377
123.424 0.227147
126.851 0.229917
126.977 0.232687
130.007 0.235457
131.19 0.238227
131.242 0.240997
136.038 0.243767
136.795 0.246537
137.434 0.249307
140.115 0.252078
142.184 0.254848
144.899 0.257618
144.947 0.260388
145.225 0.263158
154.33 0.265928
155.9 0.268698
156.291 0.271468
160.597 0.274238
162.396 0.277008
168.386 0.279778
169.123 0.282548
172.273 0.285319
173.208 0.288089
176.304 0.290859
181.332 0.293629
181.755 0.296399
183.252 0.299169
184.818 0.301939
197.287 0.304709
199.264 0.307479
200.521 0.310249
204.985 0.313019
209.816 0.315789
217.403 0.31856
220.281 0.32133
227.411 0.3241
232.788 0.32687
233.177 0.32964
236.538 0.33241
236.786 0.33518
248.484 0.33795
250.037 0.34072
254.8 0.34349
259.368 0.34626
264.995 0.34903
265.826 0.351801
268.067 0.354571
268.81 0.357341
271.181 0.360111
272.22 0.362881
273.792 0.365651
274.035 0.368421
274.737 0.371191
282.187 0.373961
282.616 0.376731
288.406 0.379501
289.112 0.382271
290.927 0.385042
291.863 0.387812
293.854 0.390582
297.5 0.393352
297.576 0.396122
309.735 0.398892
317.169 0.401662
326.221 0.404432
341.653 0.407202
353.11 0.409972
354.683 0.412742
363.921 0.415512
370.586 0.418283
370.773 0.421053
371.865 0.423823
371.972 0.426593
373.084 0.429363
376.971 0.432133
379.023 0.434903
409.396 0.437673
411.151 0.440443
420.278 0.443213
422.313 0.445983
444.364 0.448753
447.214 0.451524
452.299 0.454294
454.12 0.457064
457.595 0.459834
459.572 0.462604
465.988 0.465374
468.253 0.468144
481.582 0.470914
482.252 0.473684
487.28 0.476454
499.042 0.479224
514.551 0.481994
522.203 0.484765
529.201 0.487535
537.372 0.490305
545.491 0.493075
546.339 0.495845
546.386 0.498615
547.549 0.501385
548.803 0.504155
549.108 0.506925
550.207 0.509695
551.611 0.512465
554.546 0.515235
561.906 0.518006
566.289 0.520776
571.532 0.523546
579.176 0.526316
579.649 0.529086
590.951 0.531856
600.552 0.534626
600.58 0.537396
603.06 0.540166
608.52 0.542936
613.802 0.545706
617.115 0.548476
617.188 0.551247
622.028 0.554017
624.232 0.556787
627.964 0.559557
641.889 0.562327
650.508 0.565097
652.852 0.567867
661.08 0.570637
661.101 0.573407
668.44 0.576177
669.647 0.578947
671.338 0.581717
675.19 0.584488
675.882 0.587258
678.916 0.590028
680.216 0.592798
691.308 0.595568
691.55 0.598338
695.561 0.601108
695.761 0.603878
698.25 0.606648
711.692 0.609418
718.84 0.612188
721.559 0.614958
721.841 0.617729
722.768 0.620499
727.013 0.623269
729.3 0.626039
730.233 0.628809
733.74 0.631579
734.943 0.634349
738.305 0.637119
751.336 0.639889
755.015 0.642659
762.059 0.645429
762.915 0.648199
763.47 0.65097
773.166 0.65374
776.816 0.65651
786.163 0.65928
786.506 0.66205
794.7 0.66482
795.112 0.66759
795.283 0.67036
796.056 0.67313
798.414 0.6759
805.728 0.67867
808.614 0.68144
809.248 0.684211
814.953 0.686981
832.908 0.689751
838.917 0.692521
843.849 0.695291
847.288 0.698061
849.886 0.700831
854.188 0.703601
862.502 0.706371
864.288 0.709141
865.54 0.711911
868.97 0.714681
871.404 0.717452
874.203 0.720222
877.123 0.722992
877.755 0.725762
880.844 0.728532
882.705 0.731302
890.478 0.734072
891.874 0.736842
892.425 0.739612
894.74 0.742382
895.566 0.745152
895.778 0.747922
896.488 0.750693
902.076 0.753463
906.258 0.756233
910.206 0.759003
911.875 0.761773
927.901 0.764543
931.098 0.767313
942.429 0.770083
946.69 0.772853
947.31 0.775623
948.412 0.778393
956.987 0.781163
960.941 0.783934
972.813 0.786704
972.843 0.789474
979.912 0.792244
983.189 0.795014
989.45 0.797784
990.074 0.800554
1031.33 0.803324
1076.57 0.806094
1076.62 0.808864
1088.6 0.811634
1107.16 0.814404
1113.67 0.817175
1129.44 0.819945
1142.52 0.822715
1147.75 0.825485
1155.35 0.828255
1169.99 0.831025
1186.92 0.833795
1191.11 0.836565
1212.22 0.839335
1218.19 0.842105
1220.59 0.844875
1225.24 0.847645
1225.84 0.850416
1229.42 0.853186
1238.27 0.855956
1244.4 0.858726
1250.61 0.861496
1256.54 0.864266
1293.45 0.867036
1301.15 0.869806
1310.12 0.872576
1310.25 0.875346
1322.78 0.878116
1329.67 0.880886
1333.17 0.883657
1348.5 0.886427
1376.23 0.889197
1384.28 0.891967
1398.08 0.894737
1413.53 0.897507
1415.76 0.900277
1424.28 0.903047
1426.2 0.905817
1430.76 0.908587
1435.8 0.911357
1448.29 0.914127
1464.41 0.916898
1485.43 0.919668
1511.24 0.922438
1531.7 0.925208
1546.68 0.927978
1586.94 0.930748
1621.26 0.933518
1637.14 0.936288
1647.87 0.939058
1654.99 0.941828
1665.25 0.944598
1681.78 0.947368
1691.83 0.950139
1717.05 0.952909
1729.63 0.955679
1735.5 0.958449
1759.48 0.961219
1805.17 0.963989
1820.81 0.966759
1859.19 0.969529
1867.21 0.972299
1872.7 0.975069
1923.87 0.977839
1937.73 0.980609
1949.32 0.98338
1979.86 0.98615
2129.96 0.98892
2267.84 0.99169
2347.81 0.99446
2580.22 0.99723
2846.9 1
