0.0132148 0.00277008
0.0213482 0.00554017
0.0717844 0.00831025
0.0822257 0.0110803
0.0966909 0.0138504
0.118267 0.0166205
0.162031 0.0193906
0.18309 0.0221607
0.249719 0.0249307
0.292129 0.0277008
0.349499 0.0304709
0.365906 0.033241
0.462217 0.0360111
0.469391 0.0387812
0.563172 0.0415512
0.594537 0.0443213
0.599669 0.0470914
0.614772 0.0498615
0.639738 0.0526316
0.669844 0.0554017
0.682009 0.0581717
0.693679 0.0609418
0.699485 0.0637119
0.702454 0.066482
0.70678 0.0692521
0.773265 0.0720222
0.785279 0.0747922
0.804695 0.0775623
0.806884 0.0803324
0.834385 0.0831025
0.853218 0.0858726
0.879255 0.0886427
0.902347 0.0914127
0.915202 0.0941828
0.945939 0.0969529
0.963562 0.099723
0.981582 0.102493
0.98231 0.105263
0.982893 0.108033
1.02382 0.110803
1.03416 0.113573
1.04619 0.116343
1.05732 0.119114
1.05748 0.121884
1.1253 0.124654
1.15136 0.127424
1.19257 0.130194
1.21406 0.132964
1.25496 0.135734
1.32632 0.138504
1.32769 0.141274
1.45259 0.144044
1.47662 0.146814
1.48637 0.149584
1.5378 0.152355
1.57982 0.155125
1.59514 0.157895
1.60998 0.160665
1.63944 0.163435
1.6867 0.166205
1.69551 0.168975
1.69618 0.171745
1.71478 0.174515
1.73222 0.177285
1.75958 0.180055
1.8616 0.182825
1.87914 0.185596
1.90003 0.188366
1.91414 0.191136
1.92372 0.193906
1.92453 0.196676
1.97647 0.199446
2 0.202216
2.00811 0.204986
2.05566 0.207756
2.084 0.210526
2.11266 0.213296
2.1175 0.216066
2.16393 0.218837
2.18978 0.221607
2.22801 0.224377
2.23856 0.227147
2.24285 0.229917
2.31742 0.232687
2.36836 0.235457
2.3886 0.238227
2.39036 0.240997
2.41345 0.243767
2.41376 0.246537
2.44757 0.249307
2.45903 0.252078
2.47791 0.254848
2.48027 0.257618
2.52679 0.260388
2.83674 0.263158
2.95363 0.265928
3.02467 0.268698
3.05703 0.271468
3.18553 0.274238
3.30555 0.277008
3.37681 0.279778
3.40442 0.282548
3.49131 0.285319
3.51872 0.288089
3.52069 0.290859
3.53851 0.293629
3.56971 0.296399
3.65692 0.299169
3.8459 0.301939
3.85984 0.304709
3.86158 0.307479
3.92345 0.310249
4.13336 0.313019
4.18812 0.315789
4.3581 0.31856
4.38678 0.32133
4.49309 0.3241
4.50922 0.32687
4.51675 0.32964
4.69237 0.33241
4.78356 0.33518
4.80601 0.33795
4.93115 0.34072
5.28305 0.34349
5.32428 0.34626
5.35092 0.34903
5.4744 0.351801
5.54491 0.354571
6.10596 0.357341
6.11341 0.360111
6.30663 0.362881
6.44055 0.365651
6.53928 0.368421
6.61797 0.371191
6.61819 0.373961
6.73684 0.376731
6.84675 0.379501
6.94504 0.382271
6.96279 0.385042
6.98209 0.387812
7.04203 0.390582
7.09277 0.393352
7.12906 0.396122
7.13602 0.398892
7.22787 0.401662
7.45931 0.404432
7.49106 0.407202
7.5098 0.409972
7.63258 0.412742
7.63749 0.415512
7.79399 0.418283
7.93018 0.421053
7.93283 0.423823
8.1482 0.426593
8.29582 0.429363
8.43839 0.432133
8.44283 0.434903
8.45636 0.437673
8.60754 0.440443
8.67809 0.443213
8.76124 0.445983
8.82675 0.448753
8.83648 0.451524
8.86382 0.454294
8.90211 0.457064
8.93764 0.459834
8.95253 0.462604
9.0264 0.465374
9.07028 0.468144
9.26959 0.470914
9.39799 0.473684
9.49845 0.476454
9.63046 0.479224
9.69049 0.481994
9.80784 0.484765
9.96709 0.487535
10.0231 0.490305
10.0827 0.493075
10.1649 0.495845
10.2101 0.498615
10.2761 0.501385
10.2883 0.504155
10.4588 0.506925
10.4714 0.509695
10.6421 0.512465
10.6792 0.515235
10.7453 0.518006
10.8094 0.520776
11.2276 0.523546
11.2983 0.526316
11.3319 0.529086
11.3442 0.531856
11.3841 0.534626
11.7693 0.537396
11.791 0.540166
11.9972 0.542936
12.1639 0.545706
12.3173 0.548476
12.3741 0.551247
12.5493 0.554017
12.5861 0.556787
12.7877 0.559557
12.7958 0.562327
12.8634 0.565097
12.9999 0.567867
13.1509 0.570637
13.1761 0.573407
13.3481 0.576177
13.7585 0.578947
13.7741 0.581717
13.8184 0.584488
13.8344 0.587258
13.9243 0.590028
13.9769 0.592798
14.0692 0.595568
14.1686 0.598338
14.3717 0.601108
14.3799 0.603878
14.3917 0.606648
14.6397 0.609418
14.7088 0.612188
14.7193 0.614958
14.7741 0.617729
14.778 0.620499
14.7797 0.623269
14.8336 0.626039
15.2914 0.628809
15.394 0.631579
15.4735 0.634349
15.5988 0.637119
15.5995 0.639889
15.6632 0.642659
15.9533 0.645429
16.029 0.648199
16.0308 0.65097
16.1566 0.65374
16.2396 0.65651
16.2502 0.65928
16.5048 0.66205
16.8162 0.66482
16.8323 0.66759
16.9338 0.67036
17.0189 0.67313
17.3621 0.6759
17.3675 0.67867
17.3934 0.68144
17.5374 0.684211
17.6327 0.686981
17.6451 0.689751
17.6634 0.692521
17.8432 0.695291
17.9561 0.698061
18.2974 0.700831
18.3378 0.703601
18.6139 0.706371
18.6864 0.709141
18.7216 0.711911
18.7491 0.714681
18.8137 0.717452
18.8508 0.720222
18.9235 0.722992
19.4889 0.725762
19.5313 0.728532
19.9773 0.731302
20.0822 0.734072
20.2312 0.736842
20.5515 0.739612
20.6416 0.742382
20.738 0.745152
20.784 0.747922
20.8262 0.750693
20.8546 0.753463
21.1585 0.756233
21.9182 0.759003
22.0263 0.761773
22.1912 0.764543
22.3539 0.767313
22.7396 0.770083
22.8912 0.772853
23.3301 0.775623
23.8144 0.778393
23.887 0.781163
24.1045 0.783934
24.2249 0.786704
24.242 0.789474
25.3777 0.792244
25.4497 0.795014
25.4523 0.797784
25.5374 0.800554
25.5859 0.803324
25.673 0.806094
25.824 0.808864
26.803 0.811634
27.1165 0.814404
27.6385 0.817175
27.963 0.819945
28.2335 0.822715
28.3223 0.825485
28.5428 0.828255
28.672 0.831025
28.8373 0.833795
29.1743 0.836565
29.1781 0.839335
30.5769 0.842105
30.8291 0.844875
31.4046 0.847645
32.9629 0.850416
33.0053 0.853186
33.8409 0.855956
34.063 0.858726
34.6359 0.861496
34.6573 0.864266
34.7793 0.867036
35.3478 0.869806
35.6173 0.872576
36.275 0.875346
36.3138 0.878116
36.8315 0.880886
37.6179 0.883657
37.7593 0.886427
37.8237 0.889197
40.9571 0.891967
42.8501 0.894737
42.9964 0.897507
43.0673 0.900277
43.2534 0.903047
43.4938 0.905817
45.4256 0.908587
47.582 0.911357
53.7586 0.914127
54.5538 0.916898
55.3119 0.919668
55.3236 0.922438
55.5636 0.925208
56.6877 0.927978
57.2731 0.930748
59.2169 0.933518
60.9821 0.936288
61.6599 0.939058
64.2716 0.941828
66.454 0.944598
66.9952 0.947368
67.6472 0.950139
67.8855 0.952909
69.8414 0.955679
70.3128 0.958449
71.079 0.961219
72.2015 0.963989
72.7765 0.966759
74.2988 0.969529
76.2991 0.972299
96.1444 0.975069
103.747 0.977839
110.559 0.980609
110.865 0.98338
114.856 0.98615
132.693 0.98892
150.892 0.99169
151.979 0.99446
177.87 0.99723
202.37 1
