.009 0.00277008
.0253 0.00554017
.032 0.00831025
.0393 0.0110803
.049 0.0138504
.0527 0.0166205
.0677 0.0193906
.0713 0.0221607
.1063 0.0249307
.175 0.0277008
.2057 0.0304709
.2213 0.033241
.242 0.0360111
.2827 0.0387812
.2957 0.0415512
.341 0.0443213
.3553 0.0470914
.360 0.0498615
.3773 0.0526316
.4547 0.0554017
.4583 0.0581717
.4673 0.0609418
.5103 0.0637119
.5227 0.066482
.528 0.0692521
.554 0.0720222
.5743 0.0747922
.5777 0.0775623
.625 0.0803324
.631 0.0831025
.6367 0.0858726
.638 0.0886427
.645 0.0914127
.6623 0.0941828
.673 0.0969529
.677 0.099723
.706 0.102493
.734 0.105263
.77133 0.108033
.786 0.110803
.78633 0.113573
.791 0.116343
.797 0.119114
.828 0.121884
.8363 0.124654
.8997 0.127424
.9053 0.130194
.9073 0.132964
.917 0.135734
.922 0.138504
.9237 0.141274
.928 0.144044
.9317 0.146814
.9567 0.149584
.9753 0.152355
.988 0.155125
.999 0.157895
1.0137 0.160665
1.0183 0.163435
1.0283 0.166205
1.0383 0.168975
1.050 0.171745
1.0633 0.174515
1.083 0.177285
1.1007 0.180055
1.121 0.182825
1.1317 0.185596
1.1553 0.188366
1.163 0.191136
1.1687 0.193906
1.170 0.196676
1.175 0.199446
1.1867 0.202216
1.220 0.204986
1.293 0.207756
1.296 0.210526
1.297 0.213296
1.3513 0.216066
1.4197 0.218837
1.449 0.221607
1.4503 0.224377
1.4957 0.227147
1.4967 0.229917
1.536 0.232687
1.546 0.235457
1.554 0.238227
1.561 0.240997
1.5873 0.243767
1.5917 0.246537
1.5963 0.249307
1.615 0.252078
1.6317 0.254848
1.7137 0.257618
1.734 0.260388
1.749 0.263158
1.839 0.265928
1.8833 0.268698
2.0903 0.271468
2.103 0.274238
2.1173 0.277008
2.1317 0.279778
2.1397 0.282548
2.1403 0.285319
2.1427 0.288089
2.14967 0.290859
2.1763 0.293629
2.1797 0.296399
2.208 0.299169
2.2677 0.301939
2.271 0.304709
2.294 0.307479
2.2977 0.310249
2.3427 0.313019
2.3723 0.315789
2.399 0.31856
2.4237 0.32133
2.4943 0.3241
2.582 0.32687
2.590 0.32964
2.803 0.33241
2.884 0.33518
2.899 0.33795
2.962 0.34072
3.027 0.34349
3.0303 0.34626
3.0913 0.34903
3.113 0.351801
3.170 0.354571
3.1747 0.357341
3.181 0.360111
3.2103 0.362881
3.2807 0.365651
3.286 0.368421
3.370 0.371191
3.4353 0.373961
3.5137 0.376731
3.5403 0.379501
3.6903 0.382271
3.7033 0.385042
3.7143 0.387812
3.7473 0.390582
3.761 0.393352
3.7853 0.396122
3.914 0.398892
4.1167 0.401662
4.1503 0.404432
4.3607 0.407202
4.464 0.409972
4.4643 0.412742
4.657 0.415512
4.6837 0.418283
4.687 0.421053
4.7383 0.423823
4.7533 0.426593
4.7813 0.429363
4.7983 0.432133
4.959 0.434903
5.More 0.836565
5.122 0.437673
5.169 0.440443
5.1713 0.443213
5.242 0.445983
5.3257 0.448753
5.340 0.451524
5.4123 0.454294
5.6363 0.457064
5.7423 0.459834
5.799 0.462604
6.291 0.468144
6.2917 0.470914
6.3313 0.473684
6.3657 0.476454
6.5403 0.479224
6.5497 0.481994
6.581 0.484765
6.650 0.487535
6.702 0.490305
6.7153 0.493075
6.755 0.495845
6.8457 0.498615
6.930 0.501385
6.9553 0.504155
6.9587 0.506925
7.019 0.509695
7.179 0.512465
7.240 0.515235
7.302 0.518006
7.4037 0.520776
7.4127 0.523546
7.565 0.526316
7.581 0.529086
7.6357 0.531856
7.6813 0.534626
7.7057 0.537396
7.7407 0.540166
7.8187 0.542936
7.863 0.545706
7.960 0.548476
8.0217 0.551247
8.1397 0.554017
8.153 0.556787
8.2037 0.559557
8.343 0.562327
8.347 0.565097
8.4917 0.567867
8.891 0.570637
9.157 0.573407
9.2867 0.576177
9.4913 0.578947
9.5203 0.581717
9.611 0.584488
9.7773 0.587258
9.8623 0.590028
9.873 0.592798
10.120 0.592798
10.2733 0.595568
10.276 0.598338
10.3797 0.601108
10.750 0.603878
10.8437 0.606648
10.950 0.609418
11.0027 0.612188
11.0227 0.614958
11.049 0.617729
11.2863 0.620499
11.7387 0.623269
11.7803 0.626039
11.8107 0.628809
11.9523 0.631579
12.255 0.634349
12.3437 0.637119
12.5457 0.639889
12.5537 0.642659
12.578 0.645429
12.6213 0.648199
12.918 0.65097
12.987 0.65374
13.000 0.65651
13.0913 0.65928
13.0973 0.66205
13.350 0.66482
13.420 0.66759
13.520 0.67036
13.6823 0.67313
13.7787 0.6759
13.8317 0.67867
13.9003 0.68144
14.083 0.684211
14.111 0.686981
14.1397 0.689751
14.2787 0.692521
14.284 0.695291
14.343 0.698061
14.622 0.700831
14.671 0.703601
14.8643 0.706371
15.0393 0.709141
15.2403 0.711911
15.2927 0.714681
15.313 0.717452
15.588 0.720222
15.6337 0.722992
15.7723 0.725762
15.9233 0.728532
15.974 0.731302
16.096 0.734072
16.2547 0.736842
16.3787 0.739612
16.5003 0.742382
16.7583 0.745152
16.8447 0.747922
16.917 0.750693
17.044 0.753463
17.2777 0.756233
17.582 0.759003
17.6413 0.761773
17.8267 0.764543
17.8583 0.767313
17.8977 0.770083
17.980 0.772853
18.1267 0.775623
18.1597 0.778393
18.519 0.781163
18.7257 0.783934
18.877 0.786704
19.141 0.789474
19.4083 0.792244
19.4937 0.795014
19.4957 0.797784
19.5197 0.800554
19.967 0.803324
20.0783 0.806094
20.2293 0.808864
20.266 0.811634
20.5497 0.814404
20.693 0.817175
20.786 0.819945
21.0073 0.822715
21.3683 0.825485
21.868 0.828255
22.1557 0.831025
22.3277 0.833795
22.438 0.836565
22.5087 0.839335
22.7207 0.842105
23.0993 0.844875
23.121 0.847645
23.3367 0.850416
24.139 0.853186
24.157 0.855956
24.173 0.858726
24.2223 0.861496
24.560 0.864266
26.089 0.867036
26.197 0.869806
26.516 0.872576
27.644 0.875346
27.827 0.878116
28.1667 0.880886
28.9657 0.883657
29.161 0.886427
29.3573 0.889197
29.5247 0.891967
30.1107 0.894737
31.010 0.897507
31.434 0.900277
31.576 0.903047
32.400 0.905817
32.430 0.908587
32.729 0.911357
34.132 0.914127
34.2077 0.916898
34.620 0.919668
35.6317 0.922438
36.059 0.925208
36.349 0.927978
37.8057 0.930748
38.028 0.933518
40.597 0.936288
42.446 0.939058
44.148 0.941828
45.107 0.944598
45.509 0.947368
47.3203 0.950139
47.324 0.952909
49.198 0.955679
51.977 0.961219
53.147 0.963989
54.229 0.966759
56.0463 0.969529
58.217 0.972299
58.710 0.975069
64.152 0.977839
66.630 0.980609
69.671 0.98338
70.353 0.98615
79.094 0.98892
85.050 0.99169
97.915 0.99446
113.583 0.99446
114.891 0.99723
