0 0.0110803
0 0.0110803
0 0.0110803
0 0.0110803
.100 0.0166205
.100 0.0166205
.300 0.0277008
.300 0.0277008
.300 0.0277008
.300 0.0277008
.400 0.0387812
.400 0.0387812
.400 0.0387812
.400 0.0387812
.500 0.0470914
.500 0.0470914
.500 0.0470914
.600 0.0554017
.600 0.0554017
.600 0.0554017
.700 0.066482
.700 0.066482
.700 0.066482
.700 0.066482
.800 0.0775623
.800 0.0775623
.800 0.0775623
.800 0.0775623
.900 0.0803324
1.000 0.0831025
1.100 0.0858726
1.200 0.0941828
1.200 0.0941828
1.200 0.0941828
1.300 0.105263
1.300 0.105263
1.300 0.105263
1.300 0.105263
1.500 0.108033
1.600 0.113573
1.600 0.113573
1.900 0.121884
1.900 0.121884
1.900 0.121884
2.000 0.132964
2.000 0.132964
2.000 0.132964
2.000 0.132964
2.100 0.135734
2.200 0.141274
2.200 0.141274
2.300 0.155125
2.300 0.155125
2.300 0.155125
2.300 0.155125
2.300 0.155125
2.400 0.160665
2.400 0.160665
2.500 0.171745
2.500 0.171745
2.500 0.171745
2.500 0.171745
2.600 0.180055
2.600 0.180055
2.600 0.180055
2.700 0.188366
2.700 0.188366
2.700 0.188366
2.800 0.196676
2.800 0.196676
2.800 0.196676
3.100 0.199446
3.200 0.202216
3.400 0.204986
3.500 0.207756
3.600 0.210526
3.700 0.221607
3.700 0.221607
3.700 0.221607
3.700 0.221607
3.900 0.227147
3.900 0.227147
4.000 0.229917
4.100 0.235457
4.100 0.235457
4.200 0.238227
4.300 0.246537
4.300 0.246537
4.300 0.246537
4.400 0.249307
4.600 0.252078
4.800 0.257618
4.800 0.257618
4.900 0.268698
4.900 0.268698
4.900 0.268698
4.900 0.268698
5.000 0.274238
5.000 0.274238
5.100 0.277008
5.200 0.285319
5.200 0.285319
5.200 0.285319
5.500 0.288089
5.600 0.290859
5.700 0.296399
5.700 0.296399
5.900 0.299169
6.100 0.310249
6.100 0.310249
6.100 0.310249
6.100 0.310249
6.200 0.313019
6.300 0.315789
6.500 0.31856
6.700 0.32133
6.800 0.3241
6.900 0.32687
7.000 0.33518
7.000 0.33518
7.200 0.33795
7.600 0.34072
7.700 0.34626
7.700 0.34626
7.800 0.351801
7.800 0.351801
7.900 0.357341
7.900 0.357341
8.100 0.362881
8.100 0.362881
8.200 0.368421
8.200 0.368421
8.400 0.371191
8.500 0.373961
8.900 0.379501
8.900 0.379501
9.000 0.382271
9.200 0.387812
9.200 0.387812
9.300 0.398892
9.300 0.398892
9.300 0.398892
9.300 0.398892
9.400 0.404432
9.400 0.404432
9.500 0.407202
9.600 0.412742
9.600 0.412742
9.700 0.415512
9.900 0.418283
10.000 0.418283
10.100 0.421053
10.200 0.429363
10.200 0.429363
10.200 0.429363
10.300 0.432133
10.400 0.443213
10.400 0.443213
10.400 0.443213
10.400 0.443213
10.600 0.445983
10.700 0.451524
10.700 0.451524
11.000 0.457064
11.000 0.457064
11.100 0.459834
11.300 0.468144
11.300 0.468144
11.300 0.468144
11.600 0.470914
11.800 0.473684
12.000 0.476454
12.300 0.481994
12.300 0.481994
12.500 0.484765
12.700 0.490305
12.700 0.490305
12.800 0.493075
13.300 0.498615
13.300 0.498615
13.500 0.501385
13.600 0.504155
14.200 0.506925
14.400 0.509695
14.700 0.515235
14.700 0.515235
14.900 0.518006
15.300 0.520776
15.600 0.523546
15.900 0.526316
16.000 0.529086
16.200 0.531856
16.500 0.534626
16.600 0.537396
16.900 0.540166
17.300 0.542936
18.000 0.545706
18.100 0.548476
18.200 0.556787
18.200 0.556787
18.200 0.556787
18.300 0.559557
18.600 0.562327
18.700 0.565097
18.900 0.567867
19.000 0.570637
19.400 0.573407
19.800 0.576177
20.400 0.578947
20.700 0.581717
20.800 0.587258
20.800 0.587258
21.200 0.590028
21.500 0.592798
22.000 0.601108
22.000 0.601108
22.000 0.601108
22.100 0.603878
22.300 0.606648
22.700 0.609418
22.900 0.612188
23.400 0.617729
23.400 0.617729
23.700 0.620499
23.800 0.623269
23.900 0.628809
23.900 0.628809
24.400 0.631579
24.700 0.637119
24.700 0.637119
25.000 0.639889
25.100 0.642659
25.200 0.648199
25.200 0.648199
25.400 0.65097
25.800 0.65374
26.200 0.65651
26.300 0.65928
26.400 0.66482
26.400 0.66482
26.600 0.66759
27.400 0.67036
27.600 0.67313
28.100 0.67867
28.100 0.67867
28.300 0.684211
28.300 0.684211
28.500 0.686981
28.600 0.689751
28.700 0.692521
28.800 0.695291
29.000 0.698061
29.300 0.703601
29.300 0.703601
29.400 0.706371
29.500 0.709141
29.900 0.714681
29.900 0.714681
30.300 0.717452
30.500 0.720222
31.100 0.722992
31.200 0.725762
31.300 0.731302
31.300 0.731302
31.700 0.734072
32.000 0.739612
32.000 0.739612
32.200 0.742382
32.400 0.747922
32.400 0.747922
32.600 0.750693
32.700 0.753463
32.800 0.759003
32.800 0.759003
32.900 0.761773
33.300 0.767313
33.300 0.767313
33.700 0.775623
33.700 0.775623
33.700 0.775623
34.500 0.781163
34.500 0.781163
34.600 0.783934
34.900 0.786704
35.100 0.792244
35.100 0.792244
35.800 0.795014
35.900 0.797784
36.300 0.803324
36.300 0.803324
36.800 0.806094
37.800 0.808864
38.100 0.811634
38.600 0.819945
38.600 0.819945
38.600 0.819945
39.000 0.822715
39.200 0.825485
39.300 0.828255
39.500 0.831025
40.100 0.836565
40.100 0.836565
40.500 0.839335
40.600 0.842105
40.800 0.847645
40.800 0.847645
40.900 0.850416
41.000 0.853186
41.100 0.855956
41.200 0.858726
41.500 0.861496
41.600 0.864266
42.300 0.867036
42.800 0.869806
43.000 0.872576
43.400 0.875346
43.500 0.878116
43.800 0.880886
44.000 0.883657
44.300 0.886427
44.400 0.891967
44.400 0.891967
44.700 0.894737
44.800 0.897507
45.000 0.900277
45.100 0.903047
45.200 0.905817
45.800 0.908587
46.100 0.911357
46.200 0.914127
46.300 0.916898
46.400 0.919668
46.500 0.922438
47.000 0.927978
47.000 0.927978
47.400 0.933518
47.400 0.933518
47.800 0.936288
48.700 0.939058
49.100 0.941828
49.300 0.944598
49.600 0.947368
50.300 0.950139
50.900 0.952909
51.100 0.955679
52.000 0.958449
52.100 0.961219
52.300 0.963989
52.600 0.966759
54.200 0.969529
54.600 0.972299
55.100 0.975069
55.300 0.977839
57.200 0.98338
57.200 0.98338
57.600 0.98615
58.200 0.98892
66.200 0.99446
83.800 0.99723
106.100 0.99723
