0.0317234 0.00277008
0.245218 0.00554017
0.289725 0.00831025
0.318731 0.0110803
0.342528 0.0138504
0.387461 0.0166205
0.714118 0.0193906
0.819177 0.0221607
0.962084 0.0249307
1.0576 0.0277008
1.12225 0.0304709
1.15477 0.033241
1.34737 0.0360111
1.40023 0.0387812
1.40083 0.0415512
1.498 0.0443213
1.59404 0.0470914
1.65875 0.0498615
1.67963 0.0526316
1.82595 0.0554017
1.94745 0.0581717
2.00643 0.0609418
2.04481 0.0637119
2.06277 0.066482
2.08358 0.0692521
2.11939 0.0720222
2.21285 0.0747922
2.30363 0.0775623
2.45595 0.0803324
2.54204 0.0831025
2.60798 0.0858726
2.70565 0.0886427
2.88426 0.0914127
3.00778 0.0941828
3.03434 0.0969529
3.07627 0.099723
3.08963 0.102493
3.13619 0.105263
3.15636 0.108033
3.21445 0.110803
3.25055 0.113573
3.26282 0.116343
3.38755 0.119114
3.58704 0.121884
3.7809 0.124654
3.79362 0.127424
3.79485 0.130194
3.85683 0.132964
4.17349 0.135734
4.19112 0.138504
4.36626 0.141274
4.36773 0.144044
4.3871 0.146814
4.50998 0.149584
4.57517 0.152355
4.87892 0.155125
4.89467 0.157895
4.9232 0.160665
4.93135 0.163435
4.93397 0.166205
4.96738 0.168975
4.98478 0.171745
5.02402 0.174515
5.06139 0.177285
5.10269 0.180055
5.13867 0.182825
5.23496 0.185596
5.32388 0.188366
5.43646 0.191136
5.46188 0.193906
5.46244 0.196676
5.55109 0.199446
5.72524 0.202216
5.95765 0.204986
5.99005 0.207756
5.99561 0.210526
6.03963 0.213296
6.07797 0.216066
6.07998 0.218837
6.14348 0.221607
6.25106 0.224377
6.49246 0.227147
6.64147 0.229917
6.68385 0.232687
6.69318 0.235457
6.73254 0.238227
6.78193 0.240997
7.08997 0.243767
7.23304 0.246537
7.2344 0.249307
7.26987 0.252078
7.37969 0.254848
7.61601 0.257618
7.72252 0.260388
7.84785 0.263158
7.8625 0.265928
7.99074 0.268698
8.03188 0.271468
8.07442 0.274238
8.08341 0.277008
8.10369 0.279778
8.19376 0.282548
8.2992 0.285319
8.49242 0.288089
8.50383 0.290859
8.57176 0.293629
8.5894 0.296399
8.70031 0.299169
8.74926 0.301939
8.94481 0.304709
9.18583 0.307479
9.20909 0.310249
9.31107 0.313019
9.32518 0.315789
9.52677 0.31856
9.6414 0.32133
9.69382 0.3241
9.78072 0.32687
9.87412 0.32964
10.0196 0.33241
10.1252 0.33518
10.1436 0.33795
10.1602 0.34072
10.2134 0.34349
10.2445 0.34626
10.2617 0.34903
10.2913 0.351801
10.3239 0.354571
10.6248 0.357341
10.7046 0.360111
10.7085 0.362881
10.7823 0.365651
10.8249 0.368421
10.8535 0.371191
10.9003 0.373961
11.0384 0.376731
11.0641 0.379501
11.1148 0.382271
11.1592 0.385042
11.2715 0.387812
11.304 0.390582
11.3633 0.393352
11.3732 0.396122
11.7526 0.398892
11.7598 0.401662
11.7606 0.404432
11.9922 0.407202
12.0479 0.409972
12.0987 0.412742
12.1005 0.415512
12.7255 0.418283
13.0912 0.421053
13.2499 0.423823
13.5689 0.426593
13.7049 0.429363
13.7169 0.432133
13.7441 0.434903
14.2866 0.437673
14.7265 0.440443
14.8271 0.443213
15.2132 0.445983
15.2464 0.448753
15.662 0.451524
15.746 0.454294
15.7472 0.457064
15.7783 0.459834
15.8695 0.462604
16.0439 0.465374
16.1943 0.468144
16.6768 0.470914
16.8976 0.473684
17.3648 0.476454
17.8074 0.479224
17.8437 0.481994
18.0064 0.484765
18.0086 0.487535
18.2346 0.490305
18.3043 0.493075
18.4403 0.495845
18.5 0.498615
18.5504 0.501385
18.5775 0.504155
18.7425 0.506925
18.9655 0.509695
19.0381 0.512465
19.4912 0.515235
19.6291 0.518006
19.6573 0.520776
19.7574 0.523546
19.79 0.526316
19.8038 0.529086
19.8188 0.531856
19.9208 0.534626
20.1838 0.537396
20.3852 0.540166
21.0748 0.542936
21.3609 0.545706
21.3894 0.548476
21.4195 0.551247
21.6094 0.554017
22.0841 0.556787
22.2138 0.559557
22.2936 0.562327
22.3172 0.565097
22.3803 0.567867
22.466 0.570637
22.5959 0.573407
22.6326 0.576177
22.847 0.578947
23.0187 0.581717
23.1945 0.584488
23.256 0.587258
23.259 0.590028
23.3149 0.592798
23.3865 0.595568
23.438 0.598338
23.5759 0.601108
23.6014 0.603878
24.319 0.606648
24.3787 0.609418
24.3952 0.612188
24.5921 0.614958
24.7493 0.617729
25.3247 0.620499
25.3456 0.623269
25.3911 0.626039
25.7053 0.628809
25.733 0.631579
25.7443 0.634349
25.9343 0.637119
26.039 0.639889
26.0451 0.642659
26.1647 0.645429
26.2448 0.648199
26.5071 0.65097
26.7453 0.65374
27.3023 0.65651
27.491 0.65928
27.5149 0.66205
27.585 0.66482
27.6294 0.66759
27.6447 0.67036
27.8786 0.67313
27.9404 0.6759
28.01 0.67867
28.5388 0.68144
28.6585 0.684211
28.8463 0.686981
28.8912 0.689751
28.9811 0.692521
29.3617 0.695291
29.4506 0.698061
29.8973 0.700831
29.9411 0.703601
30.0008 0.706371
30.1293 0.709141
30.3088 0.711911
30.3345 0.714681
30.5055 0.717452
30.5875 0.720222
30.8948 0.722992
31.6788 0.725762
31.7489 0.728532
31.8102 0.731302
31.9068 0.734072
32.0507 0.736842
32.1267 0.739612
32.2341 0.742382
33.1053 0.745152
33.1306 0.747922
33.3502 0.750693
33.4492 0.753463
33.6197 0.756233
33.6486 0.759003
33.7545 0.761773
33.9558 0.764543
34.0247 0.767313
34.1126 0.770083
34.2351 0.772853
34.7266 0.775623
35.0395 0.778393
35.1528 0.781163
35.4909 0.783934
35.531 0.786704
35.7896 0.789474
35.8595 0.792244
36.3308 0.795014
37.2582 0.797784
37.8349 0.800554
37.8559 0.803324
38.2124 0.806094
38.8416 0.808864
39.014 0.811634
39.2249 0.814404
39.5908 0.817175
39.6299 0.819945
39.6387 0.822715
39.9763 0.825485
40.1197 0.828255
41.1159 0.831025
41.1309 0.833795
41.5286 0.836565
41.529 0.839335
41.5869 0.842105
41.6128 0.844875
41.8367 0.847645
41.9401 0.850416
42.0476 0.853186
42.0831 0.855956
42.2056 0.858726
42.2208 0.861496
42.3496 0.864266
43.7095 0.867036
43.8429 0.869806
43.9335 0.872576
44.0599 0.875346
44.3507 0.878116
44.389 0.880886
44.6146 0.883657
44.6928 0.886427
45.0044 0.889197
45.2147 0.891967
45.2826 0.894737
45.6766 0.897507
45.9515 0.900277
46.063 0.903047
46.0804 0.905817
46.1334 0.908587
46.7925 0.911357
46.8646 0.914127
47.1503 0.916898
47.3844 0.919668
47.6268 0.922438
47.7727 0.925208
47.8557 0.927978
47.9637 0.930748
48.2914 0.933518
49.0734 0.936288
49.6848 0.939058
49.9274 0.941828
49.9508 0.944598
50.3473 0.947368
50.665 0.950139
51.172 0.952909
51.3863 0.955679
52.5308 0.958449
52.5345 0.961219
53.4772 0.963989
53.7402 0.966759
54.2795 0.969529
56.2654 0.972299
56.5911 0.975069
57.0794 0.977839
57.5512 0.980609
57.771 0.98338
58.4105 0.98615
58.4722 0.98892
59.5406 0.99169
64.0478 0.99446
81.8445 0.99723
106.52 1
