0.00460827 0.00277008
0.0303368 0.00554017
0.0435719 0.00831025
0.0695592 0.0110803
0.124031 0.0138504
0.127786 0.0166205
0.20165 0.0193906
0.246183 0.0221607
0.357048 0.0249307
0.370909 0.0277008
0.411663 0.0304709
0.451159 0.033241
0.561316 0.0360111
0.592764 0.0387812
0.61852 0.0415512
0.631326 0.0443213
0.646304 0.0470914
0.650276 0.0498615
0.652883 0.0526316
0.661328 0.0554017
0.681201 0.0581717
0.697336 0.0609418
0.743075 0.0637119
0.774709 0.066482
0.781039 0.0692521
0.784819 0.0720222
0.786197 0.0747922
0.787788 0.0775623
0.869839 0.0803324
0.872518 0.0831025
0.88382 0.0858726
0.885845 0.0886427
0.902039 0.0914127
0.912183 0.0941828
0.945033 0.0969529
0.949576 0.099723
0.961331 0.102493
0.968364 0.105263
0.968733 0.108033
1.00106 0.110803
1.00708 0.113573
1.01102 0.116343
1.02605 0.119114
1.0496 0.121884
1.07847 0.124654
1.17545 0.127424
1.17802 0.130194
1.18894 0.132964
1.23142 0.135734
1.3014 0.138504
1.30248 0.141274
1.43787 0.144044
1.45186 0.146814
1.46988 0.149584
1.51238 0.152355
1.59869 0.155125
1.61746 0.157895
1.67728 0.160665
1.69129 0.163435
1.69626 0.166205
1.72068 0.168975
1.72537 0.171745
1.83382 0.174515
1.85374 0.177285
1.87679 0.180055
1.88767 0.182825
1.90489 0.185596
1.94264 0.188366
2.09498 0.191136
2.10316 0.193906
2.10671 0.196676
2.11152 0.199446
2.13327 0.202216
2.14545 0.204986
2.20303 0.207756
2.21123 0.210526
2.21343 0.213296
2.28867 0.216066
2.35251 0.218837
2.35473 0.221607
2.36443 0.224377
2.37171 0.227147
2.38857 0.229917
2.42846 0.232687
2.43819 0.235457
2.52163 0.238227
2.54959 0.240997
2.57195 0.243767
2.6 0.246537
2.60979 0.249307
2.61478 0.252078
2.67894 0.254848
2.8493 0.257618
2.93716 0.260388
2.93795 0.263158
2.99575 0.265928
3.05255 0.268698
3.12865 0.271468
3.19422 0.274238
3.29014 0.277008
3.30523 0.279778
3.34787 0.282548
3.41716 0.285319
3.47873 0.288089
3.48815 0.290859
3.52056 0.293629
3.65522 0.296399
3.82577 0.299169
3.83027 0.301939
3.83358 0.304709
3.9134 0.307479
4.0811 0.310249
4.12848 0.313019
4.15455 0.315789
4.16865 0.31856
4.24269 0.32133
4.38684 0.3241
4.44731 0.32687
4.47413 0.32964
4.48413 0.33241
4.48761 0.33518
4.49112 0.33795
4.50618 0.34072
4.56328 0.34349
4.67309 0.34626
4.71536 0.34903
4.76043 0.351801
4.78923 0.354571
4.81678 0.357341
4.84705 0.360111
5.32805 0.362881
5.36117 0.365651
5.53547 0.368421
5.61219 0.371191
5.63865 0.373961
5.70198 0.376731
5.87636 0.379501
6.08954 0.382271
6.17394 0.385042
6.30135 0.387812
6.30272 0.390582
6.32412 0.393352
6.42056 0.396122
6.42644 0.398892
6.55574 0.401662
6.56674 0.404432
6.71135 0.407202
6.71633 0.409972
6.79782 0.412742
6.91159 0.415512
6.92797 0.418283
7.068 0.421053
7.10965 0.423823
7.22377 0.426593
7.3039 0.429363
7.49496 0.432133
7.50948 0.434903
7.60133 0.437673
7.60248 0.440443
7.62116 0.443213
7.76078 0.445983
7.92574 0.448753
7.92868 0.451524
7.95472 0.454294
8.24283 0.457064
8.36277 0.459834
8.42908 0.462604
8.45277 0.465374
8.6309 0.468144
8.67733 0.470914
8.6783 0.473684
8.78308 0.476454
8.79907 0.479224
8.80685 0.481994
8.89914 0.484765
8.92637 0.487535
9.02325 0.490305
9.14349 0.493075
9.28156 0.495845
9.34994 0.498615
9.35576 0.501385
9.50123 0.504155
9.60868 0.506925
9.80317 0.509695
9.92216 0.512465
9.94393 0.515235
10.0121 0.518006
10.1145 0.520776
10.1222 0.523546
10.2675 0.526316
10.2799 0.529086
10.4341 0.531856
10.6572 0.534626
10.8029 0.537396
11.2752 0.540166
11.277 0.542936
11.2973 0.545706
11.3014 0.548476
11.3619 0.551247
11.4097 0.554017
11.6072 0.556787
11.748 0.559557
11.7764 0.562327
11.7819 0.565097
11.8725 0.567867
11.9568 0.570637
12.0148 0.573407
12.0259 0.576177
12.0951 0.578947
12.2916 0.581717
12.3573 0.584488
12.5348 0.587258
12.5424 0.590028
12.7634 0.592798
12.769 0.595568
12.9861 0.598338
13.1439 0.601108
13.3177 0.603878
13.3215 0.606648
13.7016 0.609418
13.7377 0.612188
13.7744 0.614958
13.8435 0.617729
13.9459 0.620499
14.0498 0.623269
14.083 0.626039
14.2244 0.628809
14.3436 0.631579
14.3524 0.634349
14.3624 0.637119
14.5408 0.639889
14.5722 0.642659
14.6973 0.645429
14.7071 0.648199
14.7391 0.65097
14.7695 0.65374
14.8065 0.65651
14.9248 0.65928
15.0056 0.66205
15.2818 0.66482
15.287 0.66759
15.3705 0.67036
15.5264 0.67313
15.5551 0.6759
15.5644 0.67867
15.937 0.68144
16.1344 0.684211
16.2107 0.686981
16.2301 0.689751
16.4787 0.692521
16.7943 0.695291
16.8309 0.698061
16.9071 0.700831
17.0116 0.703601
17.2563 0.706371
17.4595 0.709141
17.5086 0.711911
17.601 0.714681
17.6119 0.717452
17.621 0.720222
17.8034 0.722992
18.2687 0.725762
18.3267 0.728532
18.5839 0.731302
18.6184 0.734072
18.6385 0.736842
18.6767 0.739612
18.6841 0.742382
18.7826 0.745152
18.81 0.747922
19.0134 0.750693
19.1326 0.753463
19.4981 0.756233
19.6092 0.759003
19.973 0.761773
20.17 0.764543
20.206 0.767313
20.2601 0.770083
20.4892 0.772853
20.5792 0.775623
20.6639 0.778393
20.7894 0.781163
20.8049 0.783934
21.1439 0.786704
21.9025 0.789474
21.9465 0.792244
22.1686 0.795014
22.3367 0.797784
22.7201 0.800554
22.9668 0.803324
23.3183 0.806094
23.7363 0.808864
23.7952 0.811634
23.8347 0.814404
24.0901 0.817175
24.1176 0.819945
24.2154 0.822715
24.8281 0.825485
25.2323 0.828255
25.3148 0.831025
25.4022 0.833795
25.4429 0.836565
25.5148 0.839335
25.8179 0.842105
26.7689 0.844875
27.3662 0.847645
27.8682 0.850416
28.1423 0.853186
28.3141 0.855956
28.598 0.858726
28.8232 0.861496
29.1593 0.864266
30.3179 0.867036
30.5463 0.869806
30.7666 0.872576
31.3919 0.875346
32.8095 0.878116
32.8118 0.880886
33.6893 0.883657
33.9448 0.886427
34.7004 0.889197
35.6972 0.891967
36.2448 0.894737
36.3083 0.897507
37.5114 0.900277
37.7208 0.903047
39.0699 0.905817
40.9629 0.908587
42.8335 0.911357
43.1771 0.914127
43.2206 0.916898
44.0963 0.919668
45.6268 0.922438
47.4993 0.925208
47.6455 0.927978
49.1194 0.930748
50.7728 0.933518
53.3772 0.936288
53.6424 0.939058
55.0875 0.941828
55.2378 0.944598
55.3058 0.947368
57.5322 0.950139
60.9336 0.952909
61.136 0.955679
63.6631 0.958449
64.2208 0.961219
66.6914 0.963989
67.8095 0.966759
68.9721 0.969529
69.2352 0.972299
72.0095 0.975069
75.814 0.977839
76.2755 0.980609
79.4901 0.98338
86.0534 0.98615
95.95 0.98892
102.592 0.99169
104.811 0.99446
115.37 0.99723
151.921 1
