0 0.0166205
0 0.0166205
0 0.0166205
0 0.0166205
0 0.0166205
0 0.0166205
.100 0.0221607
.100 0.0221607
.200 0.0249307
.300 0.0277008
.400 0.0387812
.400 0.0387812
.400 0.0387812
.400 0.0387812
.500 0.0498615
.500 0.0498615
.500 0.0498615
.500 0.0498615
.600 0.0581717
.600 0.0581717
.600 0.0581717
.700 0.066482
.700 0.066482
.700 0.066482
.800 0.0775623
.800 0.0775623
.800 0.0775623
.800 0.0775623
.900 0.0831025
.900 0.0831025
1.000 0.0858726
1.200 0.0969529
1.200 0.0969529
1.200 0.0969529
1.200 0.0969529
1.300 0.108033
1.300 0.108033
1.300 0.108033
1.300 0.108033
1.500 0.110803
1.600 0.116343
1.600 0.116343
1.900 0.121884
1.900 0.121884
2.000 0.135734
2.000 0.135734
2.000 0.135734
2.000 0.135734
2.000 0.135734
2.100 0.138504
2.200 0.144044
2.200 0.144044
2.300 0.157895
2.300 0.157895
2.300 0.157895
2.300 0.157895
2.300 0.157895
2.400 0.163435
2.400 0.163435
2.500 0.174515
2.500 0.174515
2.500 0.174515
2.500 0.174515
2.600 0.182825
2.600 0.182825
2.600 0.182825
2.700 0.193906
2.700 0.193906
2.700 0.193906
2.700 0.193906
2.800 0.196676
3.000 0.199446
3.100 0.202216
3.200 0.204986
3.300 0.207756
3.500 0.210526
3.600 0.213296
3.700 0.224377
3.700 0.224377
3.700 0.224377
3.700 0.224377
3.900 0.232687
3.900 0.232687
3.900 0.232687
4.000 0.235457
4.100 0.246537
4.100 0.246537
4.100 0.246537
4.100 0.246537
4.200 0.249307
4.300 0.252078
4.700 0.260388
4.700 0.260388
4.700 0.260388
4.800 0.271468
4.800 0.271468
4.800 0.271468
4.800 0.271468
4.900 0.277008
4.900 0.277008
5.000 0.282548
5.000 0.282548
5.100 0.285319
5.200 0.288089
5.300 0.290859
5.400 0.293629
5.500 0.296399
5.600 0.299169
5.800 0.304709
5.800 0.304709
6.000 0.307479
6.100 0.315789
6.100 0.315789
6.100 0.315789
6.300 0.31856
6.500 0.3241
6.500 0.3241
6.600 0.32687
6.800 0.32964
7.000 0.33518
7.000 0.33518
7.300 0.33795
7.600 0.34626
7.600 0.34626
7.600 0.34626
7.700 0.34903
7.800 0.360111
7.800 0.360111
7.800 0.360111
7.800 0.360111
7.900 0.362881
8.100 0.365651
8.300 0.371191
8.300 0.371191
8.400 0.373961
8.700 0.376731
8.900 0.382271
8.900 0.382271
9.100 0.390582
9.100 0.390582
9.100 0.390582
9.200 0.398892
9.200 0.398892
9.200 0.398892
9.300 0.401662
9.400 0.404432
9.500 0.407202
9.600 0.412742
9.600 0.412742
9.700 0.415512
9.800 0.418283
10.000 0.423823
10.000 0.423823
10.100 0.429363
10.100 0.429363
10.200 0.434903
10.200 0.434903
10.400 0.445983
10.400 0.445983
10.400 0.445983
10.400 0.445983
10.600 0.454294
10.600 0.454294
10.600 0.454294
10.800 0.457064
11.000 0.462604
11.000 0.462604
11.100 0.465374
11.200 0.470914
11.200 0.470914
11.600 0.473684
11.900 0.476454
12.000 0.479224
12.200 0.481994
12.300 0.484765
12.500 0.487535
12.700 0.493075
12.700 0.493075
12.800 0.495845
13.200 0.498615
13.300 0.501385
13.500 0.506925
13.500 0.506925
14.100 0.509695
14.400 0.512465
14.700 0.518006
14.700 0.518006
14.800 0.520776
15.200 0.523546
15.600 0.526316
15.800 0.529086
16.100 0.534626
16.100 0.534626
16.400 0.537396
16.500 0.540166
16.700 0.542936
17.100 0.545706
17.900 0.548476
18.100 0.559557
18.100 0.559557
18.100 0.559557
18.100 0.559557
18.200 0.562327
18.600 0.565097
18.800 0.573407
18.800 0.573407
18.800 0.573407
19.300 0.576177
19.700 0.578947
20.200 0.581717
20.600 0.587258
20.600 0.587258
20.700 0.590028
20.900 0.592798
21.400 0.595568
21.900 0.601108
21.900 0.601108
22.000 0.606648
22.000 0.606648
22.200 0.609418
22.600 0.614958
22.600 0.614958
23.300 0.617729
23.400 0.620499
23.600 0.623269
23.700 0.626039
23.800 0.628809
23.900 0.631579
24.400 0.634349
24.600 0.637119
24.700 0.639889
24.900 0.645429
24.900 0.645429
25.100 0.648199
25.200 0.65097
25.400 0.65374
25.700 0.65651
26.200 0.66205
26.200 0.66205
26.400 0.66482
26.500 0.67036
26.500 0.67036
27.400 0.67313
27.600 0.6759
27.900 0.67867
28.000 0.68144
28.300 0.684211
28.400 0.686981
28.500 0.689751
28.600 0.692521
28.700 0.698061
28.700 0.698061
29.000 0.700831
29.200 0.703601
29.300 0.709141
29.300 0.709141
29.500 0.711911
29.800 0.714681
29.900 0.717452
30.200 0.720222
30.400 0.722992
30.900 0.725762
31.100 0.728532
31.300 0.734072
31.300 0.734072
31.600 0.736842
31.800 0.739612
31.900 0.742382
32.100 0.745152
32.300 0.747922
32.400 0.750693
32.500 0.753463
32.600 0.756233
32.700 0.761773
32.700 0.761773
32.800 0.764543
33.200 0.770083
33.200 0.770083
33.600 0.772853
33.700 0.775623
33.900 0.778393
34.300 0.781163
34.400 0.783934
34.700 0.789474
34.700 0.789474
35.000 0.792244
35.100 0.795014
35.700 0.797784
35.900 0.800554
36.300 0.806094
36.300 0.806094
36.800 0.808864
37.700 0.811634
38.200 0.814404
38.500 0.819945
38.500 0.819945
38.600 0.822715
39.000 0.825485
39.100 0.828255
39.200 0.831025
39.400 0.833795
40.000 0.836565
40.100 0.839335
40.400 0.842105
40.500 0.844875
40.700 0.850416
40.700 0.850416
40.800 0.853186
41.000 0.855956
41.100 0.858726
41.200 0.861496
41.500 0.864266
41.600 0.867036
42.200 0.869806
42.700 0.872576
43.000 0.875346
43.300 0.878116
43.400 0.880886
43.700 0.883657
44.000 0.886427
44.200 0.889197
44.300 0.891967
44.400 0.894737
44.700 0.900277
44.700 0.900277
44.900 0.903047
45.100 0.905817
45.200 0.908587
45.700 0.911357
46.000 0.914127
46.100 0.916898
46.200 0.919668
46.300 0.922438
46.500 0.925208
46.900 0.927978
47.000 0.930748
47.400 0.936288
47.400 0.936288
47.700 0.939058
48.600 0.941828
49.000 0.944598
49.300 0.947368
49.500 0.950139
50.200 0.952909
51.100 0.955679
51.200 0.958449
51.900 0.961219
52.100 0.963989
52.300 0.966759
52.600 0.969529
54.200 0.972299
54.500 0.975069
55.100 0.977839
55.200 0.980609
57.100 0.98338
57.200 0.98615
57.500 0.98892
58.200 0.99169
66.200 0.99446
83.800 0.99723
106.600 1
