.0014227762 0.00277008
.0017995697 0.00554017
.0035908837 0.00831025
.0037919622 0.0110803
.0053663833 0.0138504
.0069864600 0.0166205
.0074771659 0.0193906
.0074914694 0.0221607
.0075932910 0.0249307
.0081429919 0.0277008
.0091717332 0.0304709
.0096091092 0.033241
.0109256597 0.0360111
.0111147549 0.0387812
.0113943978 0.0415512
.0122853793 0.0443213
.0134778596 0.0470914
.0136954503 0.0498615
.0139486249 0.0526316
.0144131200 0.0554017
.0146909184 0.0581717
.0155024123 0.0609418
.0173399433 0.0637119
.0179390401 0.066482
.0190016624 0.0692521
.0194580694 0.0720222
.0204619415 0.0747922
.0205535802 0.0775623
.0222147862 0.0803324
.0224848097 0.0831025
.0225624320 0.0858726
.0226097797 0.0886427
.0227844043 0.0914127
.0228030616 0.0941828
.0242323186 0.0969529
.0245999128 0.099723
.0246709039 0.102493
.0248543980 0.105263
.0267303340 0.108033
.0280452547 0.110803
.0284190606 0.113573
.0293172931 0.116343
.0299930439 0.119114
.0302550457 0.121884
.0304632205 0.124654
.0305613914 0.127424
.0313307072 0.130194
.0313517678 0.132964
.0324862053 0.135734
.0331443738 0.138504
.0337800059 0.141274
.0346410561 0.144044
.0351224836 0.146814
.0355355765 0.149584
.0360654707 0.152355
.0370089867 0.155125
.0373853407 0.157895
.0390205640 0.160665
.0392648980 0.163435
.0410951307 0.166205
.0414601546 0.168975
.0415620077 0.171745
.0440570994 0.174515
.0472609727 0.177285
.0497155325 0.180055
.0501646921 0.182825
.0506101792 0.185596
.0527536362 0.188366
.0569152377 0.191136
.0608688003 0.193906
.0677111440 0.196676
.0684914284 0.199446
.0762195546 0.202216
.0762819380 0.204986
.0783358149 0.207756
.0830796224 0.210526
.0855344437 0.213296
.0908102720 0.216066
.0909023093 0.218837
.0920720350 0.221607
.0934374597 0.224377
.0942345856 0.227147
.0992086047 0.229917
.1114840972 0.232687
.1126880388 0.235457
.1142834193 0.238227
.1145293612 0.240997
.1166196103 0.243767
.1255512265 0.246537
.1326083388 0.249307
.1375689047 0.252078
.1381498962 0.254848
.1472761533 0.257618
.1485179376 0.260388
.1488496000 0.263158
.1506277313 0.265928
.1510263920 0.268698
.1555960529 0.271468
.1644325350 0.274238
.1678795365 0.277008
.1796159803 0.279778
.1979689075 0.282548
.2106554008 0.285319
.2144823149 0.288089
.2198764170 0.290859
.2293642849 0.293629
.2297358204 0.296399
.2366588472 0.299169
.2424744702 0.301939
.2457668917 0.304709
.2643938939 0.307479
.2698006662 0.310249
.2833612857 0.313019
.2853898690 0.315789
.2951635097 0.31856
.2969192858 0.32133
.3015913127 0.3241
.3031349376 0.32687
.3064548041 0.32964
.3144119370 0.33241
.3165356723 0.33518
.3199102137 0.33795
.3379624926 0.34072
.3447792689 0.34349
.3540867368 0.34626
.3610781845 0.34903
.3613969036 0.351801
.3667817707 0.354571
.3678270527 0.357341
.3818947699 0.360111
.3907740427 0.362881
.3945174147 0.365651
.4059406960 0.368421
.4137902504 0.371191
.4217827380 0.373961
.4252462091 0.376731
.4271227786 0.379501
.4296718118 0.382271
.4346628914 0.385042
.4462042403 0.387812
.4528456428 0.390582
.4689352395 0.393352
.4779174776 0.396122
.4795160341 0.398892
.4795944084 0.401662
.4797456445 0.404432
.4898422495 0.407202
.5047362547 0.409972
.5297194925 0.412742
.5327216236 0.415512
.5399887674 0.418283
.5495820654 0.421053
.5722109681 0.423823
.5984347136 0.426593
.6060168946 0.429363
.6095311651 0.432133
.6203896894 0.434903
.6203950871 0.437673
.6269225021 0.440443
.6331293306 0.443213
.6338731659 0.445983
.6400196239 0.448753
.6402356197 0.451524
.6597362736 0.454294
.6601175947 0.457064
.6630856845 0.459834
.6705635288 0.462604
.6790957484 0.465374
.6803857586 0.468144
.6870335428 0.470914
.6911186744 0.473684
.7202020569 0.476454
.7343506558 0.479224
.7510266691 0.481994
.7665571757 0.484765
.7690441538 0.487535
.7770820598 0.490305
.7887315088 0.493075
.7897863980 0.495845
.8056476908 0.498615
.8072090251 0.501385
.8187376418 0.504155
.8213924008 0.506925
.8229469132 0.509695
.8583428624 0.512465
.8592497527 0.515235
.8710534872 0.518006
.8744134163 0.520776
.8881793561 0.523546
.8949176512 0.526316
.9162761308 0.529086
.9291690989 0.531856
.9406430840 0.534626
.9438603449 0.537396
.9469461037 0.540166
.9773883247 0.542936
.9778786669 0.545706
.9850822906 0.548476
.9856067442 0.551247
.9904410336 0.554017
.9945397803 0.556787
.9985231900 0.559557
1.0008191064 0.562327
1.0052106818 0.565097
1.0189540532 0.567867
1.0197282509 0.570637
1.0208374849 0.573407
1.0280271760 0.576177
1.0807195608 0.578947
1.1002756026 0.581717
1.1210190288 0.584488
1.1218650065 0.587258
1.1227290383 0.590028
1.1553527473 0.592798
1.1662770995 0.595568
1.1942859377 0.598338
1.1970736463 0.601108
1.2039786407 0.603878
1.2554648144 0.606648
1.2717924673 0.609418
1.2743871782 0.612188
1.2926600312 0.614958
1.2943987764 0.617729
1.3044272420 0.620499
1.3200576576 0.623269
1.3429150590 0.626039
1.3608606048 0.628809
1.3686526621 0.631579
1.3869468995 0.634349
1.4129220409 0.637119
1.4409152891 0.639889
1.4469512750 0.642659
1.4867171482 0.645429
1.4919055863 0.648199
1.5134902477 0.65097
1.5164831924 0.65374
1.6112348083 0.65651
1.6229037720 0.65928
1.6330216159 0.66205
1.6615670236 0.66482
1.6850494530 0.66759
1.7041439082 0.67036
1.7051156228 0.67313
1.7216591901 0.6759
1.7883706496 0.67867
1.8025382061 0.68144
1.8172964689 0.684211
1.8357045232 0.686981
1.8917152676 0.689751
1.8984062823 0.692521
1.9551528568 0.695291
1.9847913013 0.698061
2.0472859096 0.703601
2.0502710513 0.706371
2.0672975396 0.709141
2.1445068836 0.711911
2.1765888630 0.714681
2.3047449823 0.717452
2.3541304941 0.720222
2.3557192305 0.722992
2.4983337375 0.725762
2.5361129923 0.728532
2.6371526248 0.731302
2.6563704967 0.734072
2.6889180926 0.736842
2.7664162563 0.739612
2.7949433938 0.742382
3.0896903716 0.745152
3.2170494019 0.747922
3.2484989983 0.750693
3.6272573561 0.753463
4.2976452771 0.756233
4.5605626568 0.759003
4.9683965323 0.761773
5.0151200000 0.764543
5.6894482607 0.767313
5.8464800000 0.770083
6.2710468085 0.772853
6.8705898046 0.775623
6.9287040000 0.778393
7.1278122615 0.781163
7.1413714286 0.783934
8.2956114286 0.786704
8.3198133334 0.789474
8.5116000000 0.792244
8.5791657143 0.795014
9.6436400000 0.797784
9.7908586451 0.800554
9.9944000000 0.803324
10.9928533334 0.803324
11.More 0.720222
11.0344533334 0.806094
11.0364800000 0.808864
11.5030560000 0.811634
11.6349066667 0.814404
11.6699520000 0.817175
12.2972666667 0.822715
12.3690400931 0.825485
12.4934000000 0.828255
12.8880480000 0.831025
13.1838560000 0.833795
13.2645400000 0.836565
13.6617845125 0.839335
13.9017440000 0.842105
14.1537200000 0.844875
14.1897120000 0.847645
14.3197066667 0.850416
14.4102800000 0.853186
15.8063200000 0.855956
16.3479600000 0.858726
16.3508000000 0.861496
16.6563200000 0.864266
17.3769200000 0.867036
18.7626479473 0.869806
19.2411466667 0.872576
19.5548000000 0.875346
20.8272533334 0.878116
21.1482000000 0.880886
21.7033600000 0.883657
21.8263733334 0.886427
23.1092266667 0.889197
24.6249600000 0.891967
24.9851200000 0.894737
25.1565600000 0.897507
27.0944992666 0.900277
28.6350000000 0.903047
30.2865200000 0.905817
30.4866400000 0.908587
31.2982155889 0.911357
32.2690329846 0.914127
32.2910800000 0.916898
32.8075200000 0.919668
34.5662800000 0.922438
36.2112800000 0.925208
36.2508800000 0.927978
37.9145200000 0.930748
37.9298120000 0.933518
38.3958636381 0.936288
42.9456800000 0.939058
43.7358160000 0.941828
49.3288000000 0.944598
49.9449600000 0.947368
56.3700800000 0.950139
56.6846400000 0.952909
58.5824080000 0.955679
63.8667200000 0.958449
64.6738400000 0.961219
68.1701600000 0.963989
68.4148800000 0.966759
74.2268000000 0.969529
75.3665120000 0.972299
75.5948400000 0.975069
77.0033520000 0.977839
77.0160880000 0.980609
78.4638080000 0.98338
79.9550000000 0.98615
80.5390560000 0.98892
90.6508800000 0.99169
108.7064000000 0.99169
114.0461600000 0.99723
117.3201120000 1
