.006 0.00277008
.0147 0.00554017
.0253 0.00831025
.027 0.0110803
.0393 0.0138504
.0573 0.0166205
.063 0.0193906
.0717 0.0221607
.0757 0.0249307
.1353 0.0277008
.175 0.0304709
.2163 0.033241
.2247 0.0360111
.242 0.0387812
.2957 0.0415512
.2967 0.0443213
.341 0.0470914
.3553 0.0498615
.360 0.0526316
.3843 0.0554017
.4357 0.0581717
.4583 0.0609418
.4673 0.0637119
.4987 0.066482
.5103 0.0692521
.528 0.0720222
.551 0.0747922
.5743 0.0775623
.5777 0.0803324
.6127 0.0831025
.615 0.0858726
.626 0.0886427
.638 0.0914127
.647 0.0941828
.651 0.0969529
.664 0.099723
.6863 0.102493
.703 0.105263
.706 0.108033
.747 0.110803
.76033 0.113573
.76333 0.116343
.765 0.119114
.786 0.121884
.828 0.124654
.8363 0.127424
.8697 0.130194
.8913 0.132964
.892 0.135734
.893 0.138504
.8987 0.141274
.901 0.144044
.9237 0.146814
.9313 0.149584
.9533 0.152355
.9567 0.155125
.9703 0.157895
.9857 0.160665
.988 0.163435
.991 0.166205
.999 0.168975
1.0283 0.171745
1.0373 0.174515
1.0383 0.177285
1.0517 0.180055
1.083 0.182825
1.121 0.185596
1.1277 0.188366
1.132 0.191136
1.163 0.193906
1.175 0.196676
1.1867 0.199446
1.1947 0.202216
1.240 0.204986
1.2463 0.207756
1.271 0.210526
1.293 0.213296
1.296 0.216066
1.3513 0.218837
1.3947 0.221607
1.4333 0.224377
1.434 0.227147
1.4707 0.229917
1.4837 0.232687
1.523 0.235457
1.536 0.238227
1.5517 0.240997
1.554 0.243767
1.561 0.246537
1.5873 0.249307
1.5913 0.252078
1.6127 0.254848
1.615 0.257618
1.699 0.260388
1.7137 0.263158
1.725 0.265928
1.819 0.268698
1.8753 0.271468
2.0853 0.274238
2.0863 0.277008
2.1207 0.279778
2.12367 0.282548
2.1257 0.285319
2.1303 0.288089
2.132 0.290859
2.1427 0.293629
2.1567 0.296399
2.1633 0.299169
2.180 0.301939
2.2367 0.304709
2.2597 0.307479
2.294 0.310249
2.2987 0.313019
2.341 0.315789
2.3453 0.31856
2.399 0.32133
2.4237 0.3241
2.4883 0.32687
2.582 0.32964
2.590 0.33241
2.786 0.33518
2.898 0.33795
2.899 0.34072
2.962 0.34349
3.0243 0.34626
3.027 0.34903
3.0333 0.351801
3.113 0.354571
3.170 0.357341
3.1747 0.360111
3.181 0.362881
3.2103 0.365651
3.256 0.368421
3.2647 0.371191
3.334 0.373961
3.4353 0.376731
3.4697 0.379501
3.5383 0.382271
3.6723 0.385042
3.6833 0.387812
3.6963 0.390582
3.740 0.393352
3.7473 0.396122
3.7743 0.398892
3.914 0.401662
4.1167 0.404432
4.1503 0.407202
4.3417 0.409972
4.429 0.412742
4.4643 0.415512
4.657 0.418283
4.666 0.421053
4.7203 0.423823
4.7293 0.426593
4.7477 0.429363
4.7813 0.432133
4.7983 0.434903
4.959 0.437673
5.122 0.440443
5.1463 0.443213
5.169 0.445983
5.242 0.448753
5.340 0.451524
5.3677 0.454294
5.4023 0.457064
5.6363 0.459834
5.7133 0.462604
5.774 0.465374
6.2767 0.468144
6.291 0.470914
6.3277 0.473684
6.4493 0.476454
6.4903 0.479224
6.4957 0.481994
6.581 0.484765
6.650 0.487535
6.676 0.490305
6.6813 0.493075
6.755 0.495845
6.8247 0.498615
6.8727 0.501385
6.9193 0.504155
6.930 0.506925
7.019 0.509695
7.179 0.512465
7.224 0.515235
7.302 0.518006
7.3537 0.520776
7.3787 0.523546
7.440 0.526316
7.5117 0.529086
7.560 0.531856
7.5817 0.534626
7.6473 0.537396
7.780 0.540166
7.8127 0.542936
7.8417 0.545706
7.981 0.548476
8.0157 0.551247
8.0587 0.554017
8.142 0.556787
8.1587 0.559557
8.315 0.562327
8.326 0.565097
8.4527 0.567867
8.887 0.570637
9.157 0.573407
9.2387 0.576177
9.4863 0.578947
9.5203 0.581717
9.586 0.584488
9.7653 0.587258
9.834 0.590028
9.8533 0.592798
10.120 0.595568
10.2493 0.598338
10.266 0.601108
10.3727 0.603878
10.750 0.606648
10.8437 0.609418
10.918 0.612188
10.9787 0.614958
10.9997 0.617729
11.000 0.620499
11.2703 0.623269
11.6687 0.626039
11.7643 0.628809
11.7767 0.631579
11.9343 0.634349
12.235 0.637119
12.3337 0.639889
12.4567 0.642659
12.533 0.645429
12.5387 0.648199
12.5753 0.65097
12.814 0.65374
12.956 0.65651
13.000 0.65928
13.0423 0.66205
13.0703 0.66482
13.318 0.66759
13.342 0.67036
13.520 0.67313
13.6603 0.6759
13.7627 0.67867
13.8117 0.68144
13.8803 0.684211
14.007 0.686981
14.075 0.689751
14.1287 0.692521
14.2317 0.695291
14.256 0.698061
14.343 0.700831
14.622 0.703601
14.660 0.706371
14.8403 0.709141
14.8983 0.711911
15.2163 0.714681
15.2807 0.717452
15.313 0.720222
15.6067 0.722992
15.688 0.725762
15.7303 0.728532
15.9053 0.731302
15.970 0.734072
16.073 0.736842
16.2257 0.739612
16.3697 0.742382
16.4583 0.745152
16.7363 0.747922
16.7987 0.750693
16.886 0.753463
16.929 0.756233
17.2467 0.759003
17.5943 0.761773
17.681 0.764543
17.7877 0.767313
17.8433 0.770083
17.8867 0.772853
17.948 0.775623
18.0937 0.778393
18.1177 0.781163
18.519 0.783934
18.6907 0.786704
18.871 0.789474
19.141 0.792244
19.3823 0.795014
19.4407 0.797784
19.4547 0.800554
19.5917 0.803324
19.929 0.806094
20.0013 0.808864
20.2133 0.811634
20.395 0.814404
20.4847 0.817175
20.693 0.819945
20.786 0.822715
20.9263 0.825485
21.3503 0.828255
21.849 0.831025
22.1317 0.833795
22.3057 0.836565
22.418 0.839335
22.4947 0.842105
22.6657 0.844875
22.992 0.847645
23.0813 0.850416
23.3247 0.853186
24.026 0.855956
24.108 0.858726
24.130 0.861496
24.1573 0.864266
24.533 0.867036
25.992 0.869806
26.161 0.872576
26.417 0.875346
27.566 0.878116
27.716 0.880886
28.1507 0.883657
28.9337 0.886427
29.161 0.889197
29.3423 0.891967
29.4587 0.894737
30.1107 0.897507
31.010 0.900277
31.408 0.903047
31.434 0.905817
32.241 0.908587
32.308 0.911357
32.645 0.914127
34.091 0.916898
34.1757 0.919668
34.620 0.922438
35.7227 0.925208
36.059 0.927978
36.349 0.930748
37.8057 0.933518
37.860 0.936288
40.562 0.939058
42.446 0.941828
44.267 0.944598
44.909 0.947368
45.451 0.950139
47.2683 0.952909
47.540 0.955679
49.077 0.958449
51.977 0.961219
53.056 0.963989
54.229 0.966759
56.0463 0.969529
58.486 0.972299
58.710 0.975069
63.534 0.977839
66.547 0.980609
69.919 0.98338
70.353 0.98615
79.094 0.98892
85.050 0.99169
97.915 0.99446
113.516 0.99723
115.419 1
