4.5036919900 0.00554017
9.7173273400 0.00831025
11.6810120600 0.00831025
21.7768311900 0.0138504
31.3553071200 0.0166205
39.9847510500 0.0193906
42.9792177400 0.0221607
47.2478385300 0.0249307
49.1716684200 0.0277008
50.1518461400 0.0304709
52.1730481600 0.033241
52.8000155100 0.0360111
56.5387125900 0.0387812
56.9770232400 0.0415512
59.2740587000 0.0443213
63.9437713700 0.0470914
71.1172754900 0.0498615
71.7836644000 0.0526316
73.2785520400 0.0554017
74.2443837100 0.0581717
74.3474621200 0.0609418
74.8922695300 0.0637119
74.9994018100 0.066482
75.1925827700 0.0692521
75.6374075300 0.0720222
75.9441845200 0.0747922
77.0679316200 0.0775623
77.3312406000 0.0803324
79.9294255700 0.0831025
80.6963823200 0.0858726
82.9862177400 0.0886427
85.0920879400 0.0914127
85.2727133900 0.0941828
85.3873653200 0.0969529
85.8084852100 0.099723
85.8316630300 0.102493
86.3945753600 0.105263
86.8344981600 0.108033
88.3653761000 0.110803
88.9043968800 0.113573
89.1223203400 0.116343
90.0980341500 0.119114
90.3504387400 0.121884
91.5593431300 0.124654
91.9031979400 0.127424
92.6200330300 0.130194
92.6966942000 0.132964
92.7933350900 0.135734
92.8833767800 0.138504
93.5143255500 0.141274
93.6212004000 0.144044
93.7912810400 0.146814
93.7994422200 0.149584
94.3876027200 0.152355
94.5392741400 0.155125
94.5476380800 0.157895
94.6081486500 0.160665
94.6588091900 0.163435
95.0330734500 0.166205
95.0997326100 0.168975
95.3773851100 0.171745
95.6449063200 0.174515
95.6590378200 0.177285
95.6926513100 0.180055
95.7136684700 0.182825
95.7255268900 0.185596
95.8224582400 0.188366
95.8227672700 0.191136
95.8442511700 0.193906
95.8876282300 0.196676
96.0224456600 0.199446
96.3249991800 0.202216
96.4189984600 0.204986
96.4431778000 0.207756
96.8480100900 0.210526
97.0078831900 0.213296
97.0427272800 0.216066
97.1940991000 0.218837
97.3466649300 0.221607
97.4698667400 0.224377
97.5835917500 0.227147
97.6933772000 0.229917
97.6976667800 0.232687
97.8513118300 0.235457
97.8828296000 0.238227
97.8979155300 0.240997
97.9456460300 0.243767
97.9743954700 0.246537
97.9790242200 0.249307
97.9879278900 0.252078
98.0011666800 0.254848
98.0762544100 0.257618
98.0898101000 0.260388
98.2380189600 0.263158
98.2544449600 0.265928
98.4737353100 0.268698
98.4984635400 0.271468
98.5106591500 0.274238
98.5929779500 0.277008
98.5980858300 0.279778
98.6211392400 0.282548
98.6258830300 0.285319
98.6312215500 0.288089
98.7135667300 0.290859
98.7641856200 0.293629
98.7702968600 0.296399
98.8260042600 0.299169
98.8270109800 0.301939
98.8423317300 0.304709
98.8444656600 0.307479
98.8871420800 0.310249
98.9006430800 0.313019
98.9187452000 0.315789
98.9422902000 0.31856
98.9620391800 0.32133
98.9641474500 0.3241
98.9850073300 0.32687
99.0870384800 0.32964
99.1140935400 0.33241
99.1310446300 0.33518
99.1616838100 0.33795
99.1643555200 0.34072
99.1674259300 0.34349
99.1882396100 0.34626
99.2047405800 0.34903
99.2097659500 0.351801
99.2177327300 0.354571
99.2250956600 0.357341
99.2380764600 0.360111
99.2831499700 0.362881
99.2996637300 0.365651
99.3173715300 0.368421
99.3481731600 0.371191
99.3840096000 0.373961
99.3867633100 0.376731
99.3953446600 0.379501
99.3992177500 0.382271
99.4065073600 0.385042
99.4123764000 0.387812
99.4263344800 0.390582
99.4417606100 0.393352
99.4424425100 0.396122
99.4502636200 0.398892
99.4523862300 0.401662
99.4675267400 0.404432
99.4782945000 0.407202
99.4811676600 0.409972
99.4876388500 0.412742
99.4883650300 0.415512
99.4990289000 0.418283
99.5019264500 0.421053
99.5207466400 0.423823
99.5303970000 0.426593
99.5403317100 0.429363
99.5410621700 0.432133
99.5415966600 0.434903
99.5499030800 0.437673
99.5538991500 0.440443
99.5658720400 0.443213
99.5674039400 0.445983
99.5696872800 0.448753
99.5711755400 0.451524
99.5733983500 0.454294
99.5805876000 0.457064
99.5912500400 0.459834
99.5913999100 0.462604
99.5924669800 0.465374
99.6064089900 0.468144
99.6075924400 0.470914
99.6078152300 0.473684
99.6196699000 0.476454
99.6269000800 0.479224
99.6312954400 0.481994
99.6408744900 0.484765
99.6412345000 0.487535
99.6430627700 0.490305
99.6471239300 0.493075
99.6482256400 0.495845
99.6483479400 0.498615
99.6513893200 0.501385
99.6545247200 0.504155
99.6626157600 0.506925
99.6723720500 0.509695
99.6818923000 0.512465
99.6872557900 0.515235
99.6885222800 0.518006
99.6918287700 0.520776
99.6971472100 0.523546
99.6997396900 0.526316
99.7020536300 0.529086
99.7022743900 0.531856
99.7025236300 0.534626
99.7030724000 0.537396
99.7083719100 0.540166
99.7103415800 0.542936
99.7123023300 0.545706
99.7148075100 0.548476
99.7189676100 0.551247
99.7229293400 0.554017
99.7279211000 0.556787
99.7292916900 0.559557
99.7294111300 0.562327
99.7310897600 0.565097
99.7351900500 0.567867
99.7354719800 0.570637
99.7366397800 0.573407
99.7373175900 0.576177
99.7388705000 0.578947
99.7402147000 0.581717
99.7424132800 0.584488
99.7451624100 0.587258
99.7480457400 0.590028
99.7527942300 0.592798
99.7561202400 0.595568
99.7576984600 0.598338
99.7596445700 0.601108
99.7616510400 0.603878
99.7618858200 0.606648
99.7646095800 0.609418
99.7656796300 0.612188
99.7674536200 0.614958
99.7675659100 0.617729
99.7681544700 0.620499
99.7683270500 0.623269
99.7684399000 0.626039
99.7685559200 0.628809
99.7704156300 0.631579
99.7745997600 0.634349
99.7746048500 0.637119
99.7754788500 0.639889
99.7771946600 0.642659
99.7777650500 0.645429
99.7780257100 0.648199
99.7801415300 0.65097
99.7887958500 0.65374
99.7938725300 0.65651
99.7971400300 0.65928
99.8037669300 0.66205
99.8048760000 0.66482
99.8076096200 0.66759
99.8139728600 0.67036
99.8145309700 0.67313
99.8163843900 0.6759
99.8179416300 0.67867
99.8188401600 0.68144
99.8227871100 0.684211
99.8260793100 0.686981
99.8269912300 0.689751
99.8298530600 0.692521
99.8305384700 0.695291
99.8308364400 0.698061
99.8314735900 0.700831
99.8347697800 0.703601
99.8350734500 0.706371
99.8358805000 0.709141
99.8365881500 0.711911
99.8368317600 0.714681
99.8392849300 0.717452
99.8444295600 0.720222
99.8447895500 0.722992
99.8465489100 0.725762
99.8469681200 0.728532
99.8479673100 0.731302
99.8503876700 0.734072
99.8555679500 0.736842
99.8611128400 0.739612
99.8676117600 0.742382
99.8744263200 0.745152
99.8751104900 0.747922
99.8780186400 0.750693
99.8834557900 0.753463
99.8837266400 0.756233
99.8870955100 0.759003
99.8879202600 0.761773
99.8911062500 0.764543
99.8940433800 0.767313
99.8960218500 0.770083
99.8977885100 0.772853
99.9000770400 0.775623
99.9030975000 0.778393
99.9128638900 0.781163
99.9138525100 0.783934
99.9162042600 0.786704
99.9169417100 0.789474
99.9294002400 0.792244
99.9386667000 0.795014
99.9537739300 0.797784
99.9621089800 0.800554
99.9740304800 0.803324
99.9758981000 0.806094
99.9779312600 0.808864
106.7454749100 0.808864
110.1896838700 0.811634
110.2678516400 0.814404
118.5633198300 0.817175
151.3561943100 0.822715
156.0007900200 0.825485
156.1291163000 0.828255
156.1998358700 0.831025
156.4020702900 0.833795
156.4025520000 0.836565
156.4166771000 0.839335
156.4295194400 0.842105
156.5874378200 0.844875
183.8349876500 0.847645
202.7428372400 0.850416
220.6272270100 0.853186
232.3326572000 0.855956
235.6727714900 0.858726
237.4125989300 0.861496
238.5802428300 0.864266
240.5281640900 0.867036
243.5309787600 0.869806
247.5569192300 0.872576
274.7236942200 0.875346
281.2701060400 0.878116
283.7548765700 0.880886
321.4704078600 0.883657
338.1985929700 0.886427
341.4537754700 0.889197
353.7679579500 0.891967
368.6563202200 0.894737
372.4925365500 0.897507
375.0042908100 0.900277
387.3773792300 0.903047
395.6389579900 0.905817
395.9798508100 0.908587
398.3186202500 0.911357
402.4238023200 0.914127
411.9769610300 0.916898
413.2423776200 0.919668
421.3960925000 0.922438
421.7999480200 0.925208
495.7887509900 0.927978
506.5847619200 0.930748
540.6286168300 0.933518
550.6427159900 0.936288
559.9894298500 0.939058
560.0447335000 0.941828
646.6658888800 0.944598
762.5482235200 0.947368
766.9639329400 0.950139
769.8015765100 0.952909
907.0564516300 0.955679
964.8364789600 0.958449
1025.6549904900 0.958449
1150.0213626600 0.961219
1170.3774006200 0.963989
1192.0157464400 0.966759
1195.1451030400 0.969529
1244.9439825500 0.975069
1251.7313117200 0.977839
1291.0145531200 0.980609
1566.1758173400 0.98338
1570.5030595900 0.98615
2050.0620102500 0.98892
2110.1164627700 0.99169
2270.2386904400 0.99446
4068.9567430000 0.99723
5832.1739331900 1
