0.356565 0.00277008
2.67803 0.00554017
2.73031 0.00831025
3.92147 0.0110803
4.91975 0.0138504
9.19399 0.0166205
9.59692 0.0193906
13.0568 0.0221607
15.849 0.0249307
20.2855 0.0277008
22.1565 0.0304709
22.3983 0.033241
22.7584 0.0360111
25.0356 0.0387812
25.4611 0.0415512
28.6991 0.0443213
28.978 0.0470914
30.2679 0.0498615
31.9311 0.0526316
32.5922 0.0554017
32.7924 0.0581717
36 0.0609418
37.2962 0.0637119
38.3814 0.066482
40.6043 0.0692521
45.0437 0.0720222
49.0218 0.0747922
49.6287 0.0775623
50.5168 0.0803324
50.5723 0.0831025
50.9063 0.0858726
54.1854 0.0886427
54.9318 0.0914127
57.4538 0.0941828
57.4954 0.0969529
58.1674 0.099723
58.407 0.102493
60.7254 0.105263
61.3081 0.108033
62.5329 0.110803
63.572 0.113573
64.5752 0.116343
64.8184 0.119114
65.4636 0.121884
66.4268 0.124654
66.4366 0.127424
67.2407 0.130194
67.3307 0.132964
69.7238 0.135734
70.5802 0.138504
70.6019 0.141274
71.369 0.144044
73.122 0.146814
73.3694 0.149584
74.7917 0.152355
74.9272 0.155125
74.9524 0.157895
79.726 0.160665
80.6567 0.163435
85.1097 0.166205
87.9918 0.168975
88.8302 0.171745
90.637 0.174515
91.1496 0.177285
91.3109 0.180055
96.8891 0.182825
97.062 0.185596
97.1698 0.188366
97.9267 0.191136
100.1 0.193906
105.088 0.196676
106.308 0.199446
107.005 0.202216
108.576 0.204986
109.007 0.207756
111.255 0.210526
113.732 0.213296
114.518 0.216066
116.579 0.218837
117.126 0.221607
118.153 0.224377
118.34 0.227147
120.453 0.229917
124.811 0.232687
125.151 0.235457
128.893 0.238227
130.864 0.240997
136.41 0.243767
138.918 0.246537
143.177 0.249307
143.32 0.252078
143.882 0.254848
144.514 0.257618
147.992 0.260388
151.316 0.263158
152.663 0.265928
153.189 0.268698
154.66 0.271468
157.873 0.274238
162.295 0.277008
162.846 0.279778
165.086 0.282548
165.329 0.285319
169.891 0.288089
171.44 0.290859
175.044 0.293629
175.686 0.296399
179.59 0.299169
181.36 0.301939
182.025 0.304709
182.197 0.307479
182.948 0.310249
190.292 0.313019
197.505 0.315789
198.272 0.31856
198.447 0.32133
201.933 0.3241
204.834 0.32687
206.405 0.32964
215.341 0.33241
226.947 0.33518
227.956 0.33795
231.493 0.34072
231.854 0.34349
236.191 0.34626
236.676 0.34903
241.105 0.351801
243.941 0.354571
247.153 0.357341
248.224 0.360111
248.666 0.362881
250.017 0.365651
252.819 0.368421
258.317 0.371191
258.387 0.373961
264.345 0.376731
264.416 0.379501
266.727 0.382271
269.617 0.385042
269.895 0.387812
269.92 0.390582
278.115 0.393352
284.048 0.396122
289.115 0.398892
290.573 0.401662
292.696 0.404432
294.365 0.407202
296.113 0.409972
296.367 0.412742
303.384 0.415512
308.238 0.418283
316.51 0.421053
321.458 0.423823
321.712 0.426593
324.397 0.429363
338.44 0.432133
343.028 0.434903
346.731 0.437673
348.919 0.440443
352.206 0.443213
352.816 0.445983
356.47 0.448753
359.973 0.451524
364.851 0.454294
365.103 0.457064
365.797 0.459834
369.348 0.462604
369.934 0.465374
370.566 0.468144
371.781 0.470914
374.425 0.473684
377.064 0.476454
378.707 0.479224
381.842 0.481994
382.841 0.484765
393.64 0.487535
399.763 0.490305
402.672 0.493075
408.012 0.495845
409.166 0.498615
410.301 0.501385
418.321 0.504155
420.579 0.506925
434.093 0.509695
434.166 0.512465
448.017 0.515235
449.583 0.518006
453.427 0.520776
455.139 0.523546
459.418 0.526316
465.825 0.529086
479.524 0.531856
489.594 0.534626
498.141 0.537396
498.192 0.540166
512.232 0.542936
522.277 0.545706
527.597 0.548476
534.784 0.551247
542.197 0.554017
545.783 0.556787
546.887 0.559557
547.317 0.562327
548.059 0.565097
550.109 0.567867
550.509 0.570637
558.85 0.573407
561.029 0.576177
562.228 0.578947
570.244 0.581717
578.379 0.584488
581.741 0.587258
588.153 0.590028
589.027 0.592798
591.395 0.595568
597.768 0.598338
598.871 0.601108
600.491 0.603878
605.785 0.606648
612.916 0.609418
613.482 0.612188
621.029 0.614958
621.176 0.617729
624.41 0.620499
637.789 0.623269
647.353 0.626039
664.369 0.628809
674.08 0.631579
674.546 0.634349
678.555 0.637119
680.559 0.639889
702.366 0.642659
717.581 0.645429
719.956 0.648199
724.665 0.65097
729.088 0.65374
731.766 0.65651
733.536 0.65928
736.397 0.66205
760.684 0.66482
762.52 0.66759
774.664 0.67036
776.544 0.67313
778.677 0.6759
779.485 0.67867
780.685 0.68144
780.96 0.684211
782.608 0.686981
791.916 0.689751
792.3 0.692521
794.451 0.695291
795.407 0.698061
795.56 0.700831
803.373 0.703601
811.705 0.706371
812.119 0.709141
836.878 0.711911
843.246 0.714681
844.904 0.717452
850.315 0.720222
862.324 0.722992
864.571 0.725762
867.5 0.728532
868.896 0.731302
874.079 0.734072
874.128 0.736842
879.128 0.739612
879.394 0.742382
882.285 0.745152
882.749 0.747922
891.889 0.750693
893.534 0.753463
901.087 0.756233
909.683 0.759003
910.996 0.761773
913.847 0.764543
925.159 0.767313
929.963 0.770083
939.073 0.772853
946.114 0.775623
951.65 0.778393
955.882 0.781163
956.323 0.783934
959.394 0.786704
961.175 0.789474
966.629 0.792244
972.261 0.795014
972.513 0.797784
982.319 0.800554
987.568 0.803324
988.003 0.806094
1013.5 0.808864
1031.11 0.811634
1072.92 0.814404
1074.05 0.817175
1087.11 0.819945
1097.18 0.822715
1102.96 0.825485
1112.16 0.828255
1128.13 0.831025
1139.66 0.833795
1145.65 0.836565
1152.77 0.839335
1168.75 0.842105
1184.51 0.844875
1189.3 0.847645
1209.79 0.850416
1216.18 0.853186
1217.95 0.855956
1223.11 0.858726
1223.36 0.861496
1226.87 0.864266
1228.43 0.867036
1236.39 0.869806
1243.65 0.872576
1250.12 0.875346
1255.81 0.878116
1264.82 0.880886
1291.71 0.883657
1299.46 0.886427
1306.87 0.889197
1308.04 0.891967
1308.19 0.894737
1326.52 0.897507
1332.85 0.900277
1336.34 0.903047
1346.12 0.905817
1375.37 0.908587
1381.29 0.911357
1397.87 0.914127
1413.54 0.916898
1421.04 0.919668
1424.12 0.922438
1434.33 0.925208
1444.19 0.927978
1470.97 0.930748
1483.09 0.933518
1508.67 0.936288
1531.05 0.939058
1543.3 0.941828
1585.07 0.944598
1620.61 0.947368
1636.01 0.950139
1644.79 0.952909
1653.68 0.955679
1663.99 0.958449
1680.9 0.961219
1715.29 0.963989
1728.3 0.966759
1733.29 0.969529
1757.97 0.972299
1804.26 0.975069
1818.54 0.977839
1854.24 0.980609
1866.3 0.98338
1871.14 0.98615
1936.99 0.98892
1947.34 0.99169
1977.88 0.99446
2126.65 0.99723
2345.94 1
