0.0909709 0.00277008
0.156164 0.00554017
0.193828 0.00831025
0.283599 0.0110803
0.358601 0.0138504
0.404902 0.0166205
0.468813 0.0193906
0.580248 0.0221607
0.638604 0.0249307
1.04849 0.0277008
1.08023 0.0304709
1.11636 0.033241
1.24569 0.0360111
1.24909 0.0387812
1.25503 0.0415512
1.43564 0.0443213
1.51951 0.0470914
1.56358 0.0498615
1.60016 0.0526316
1.67418 0.0554017
1.74007 0.0581717
1.88387 0.0609418
1.89877 0.0637119
2.04038 0.066482
2.27255 0.0692521
2.27977 0.0720222
2.32131 0.0747922
2.3253 0.0775623
2.45278 0.0803324
2.48994 0.0831025
2.50685 0.0858726
2.6417 0.0886427
2.69556 0.0914127
2.73963 0.0941828
2.75487 0.0969529
2.90948 0.099723
3.20543 0.102493
3.24265 0.105263
3.25263 0.108033
3.37867 0.110803
3.493 0.113573
3.52444 0.116343
3.66119 0.119114
3.80616 0.121884
3.83807 0.124654
3.85319 0.127424
3.98432 0.130194
4.16115 0.132964
4.28512 0.135734
4.31736 0.138504
4.45961 0.141274
4.58281 0.144044
4.58441 0.146814
4.63388 0.149584
4.82837 0.152355
5.03139 0.155125
5.07379 0.157895
5.07964 0.160665
5.11883 0.163435
5.1692 0.166205
5.22502 0.168975
5.23092 0.171745
5.23354 0.174515
5.24574 0.177285
5.33629 0.180055
5.52379 0.182825
5.55757 0.185596
5.76972 0.188366
5.8053 0.191136
5.90119 0.193906
6.01301 0.196676
6.03247 0.199446
6.16093 0.202216
6.20261 0.204986
6.21748 0.207756
6.35763 0.210526
6.42377 0.213296
6.44444 0.216066
6.52969 0.218837
6.7458 0.221607
6.77231 0.224377
6.84263 0.227147
6.88474 0.229917
6.90827 0.232687
6.92828 0.235457
6.94665 0.238227
6.99007 0.240997
7.00669 0.243767
7.09728 0.246537
7.12365 0.249307
7.16117 0.252078
7.47107 0.254848
8.17408 0.257618
8.18935 0.260388
8.19102 0.263158
8.30143 0.265928
8.33774 0.268698
8.52785 0.271468
8.5819 0.274238
8.61562 0.277008
8.73589 0.279778
9.03641 0.282548
9.19704 0.285319
9.45241 0.288089
9.54171 0.290859
9.69997 0.293629
9.82555 0.296399
9.94388 0.299169
10.1855 0.301939
10.2312 0.304709
10.3211 0.307479
10.3501 0.310249
10.5517 0.313019
10.8469 0.315789
10.8573 0.31856
10.9417 0.32133
11.1379 0.3241
11.1748 0.32687
11.4623 0.32964
11.496 0.33241
11.7409 0.33518
11.7721 0.33795
11.7794 0.34072
11.889 0.34349
11.9628 0.34626
12.1552 0.34903
12.4507 0.351801
12.8171 0.354571
13.0491 0.357341
13.2262 0.360111
13.4097 0.362881
13.698 0.365651
13.6986 0.368421
13.8046 0.371191
13.8193 0.373961
14.2846 0.376731
14.7251 0.379501
15.0441 0.382271
15.3846 0.385042
15.3924 0.387812
15.8014 0.390582
15.8531 0.393352
15.9501 0.396122
16.0183 0.398892
16.7547 0.401662
16.9923 0.404432
17.1994 0.407202
17.2017 0.409972
17.3222 0.412742
17.8671 0.415512
17.8982 0.418283
18.0969 0.421053
18.1822 0.423823
18.2613 0.426593
18.276 0.429363
18.3797 0.432133
18.4544 0.434903
18.5811 0.437673
18.588 0.440443
18.6018 0.443213
18.6613 0.445983
18.7209 0.448753
18.819 0.451524
18.9002 0.454294
18.957 0.457064
19.0577 0.459834
19.1451 0.462604
19.1669 0.465374
19.4192 0.468144
19.5682 0.470914
19.5825 0.473684
19.6116 0.476454
19.674 0.479224
19.8331 0.481994
19.9739 0.484765
20.2924 0.487535
20.3136 0.490305
20.4781 0.493075
20.5471 0.495845
20.9186 0.498615
21.0545 0.501385
21.4525 0.504155
21.49 0.506925
21.53 0.509695
21.6677 0.512465
21.9409 0.515235
22.0101 0.518006
22.1409 0.520776
22.2592 0.523546
22.4083 0.526316
22.426 0.529086
22.4528 0.531856
22.5284 0.534626
22.6576 0.537396
22.8695 0.540166
22.9576 0.542936
23.1787 0.545706
23.2995 0.548476
23.4959 0.551247
23.5139 0.554017
23.5792 0.556787
23.6402 0.559557
23.6875 0.562327
23.7023 0.565097
24.3891 0.567867
24.4215 0.570637
24.4354 0.573407
24.4575 0.576177
24.6558 0.578947
24.7576 0.581717
25.2267 0.584488
25.4041 0.587258
25.4099 0.590028
25.4268 0.592798
25.6997 0.595568
25.8085 0.598338
25.8601 0.601108
25.893 0.603878
26.0268 0.606648
26.0572 0.609418
26.0847 0.612188
26.3368 0.614958
26.5704 0.617729
26.6501 0.620499
26.7547 0.623269
26.7582 0.626039
26.8071 0.628809
26.8281 0.631579
27.32 0.634349
27.3639 0.637119
27.5097 0.639889
27.514 0.642659
27.6029 0.645429
27.6922 0.648199
27.6931 0.65097
27.9032 0.65374
28.0707 0.65651
28.5506 0.65928
28.6256 0.66205
28.7613 0.66482
28.9251 0.66759
28.9993 0.67036
29.0053 0.67313
29.1249 0.6759
29.2138 0.67867
29.2875 0.68144
29.323 0.684211
29.478 0.686981
29.9498 0.689751
30.0167 0.692521
30.1477 0.695291
30.3246 0.698061
30.3698 0.700831
30.3829 0.703601
30.6145 0.706371
30.6295 0.709141
30.9701 0.711911
31.838 0.714681
31.8464 0.717452
31.8801 0.720222
31.9851 0.722992
32.0182 0.725762
32.1623 0.728532
32.3075 0.731302
33.2312 0.734072
33.268 0.736842
33.4637 0.739612
33.5155 0.742382
33.563 0.745152
33.7104 0.747922
33.782 0.750693
34.0025 0.753463
34.1278 0.756233
34.1832 0.759003
34.2727 0.761773
34.8483 0.764543
35.118 0.767313
35.178 0.770083
35.5108 0.772853
35.6101 0.775623
35.8794 0.778393
35.9897 0.781163
37.2662 0.783934
37.2781 0.786704
37.8655 0.789474
37.9031 0.792244
38.1269 0.795014
38.9518 0.797784
39.2479 0.800554
39.6583 0.803324
39.6629 0.806094
39.7342 0.808864
40.0117 0.811634
40.2902 0.814404
41.1258 0.817175
41.2331 0.819945
41.5246 0.822715
41.5465 0.825485
41.6134 0.828255
41.654 0.831025
41.694 0.833795
41.936 0.836565
41.9465 0.839335
42.099 0.842105
42.1083 0.844875
42.2501 0.847645
42.2776 0.850416
42.3698 0.853186
43.7782 0.855956
43.9598 0.858726
44.0218 0.861496
44.1245 0.864266
44.4156 0.867036
44.4469 0.869806
44.6499 0.872576
44.7745 0.875346
45.0183 0.878116
45.276 0.880886
45.3628 0.883657
45.7591 0.886427
46.0229 0.889197
46.0669 0.891967
46.0983 0.894737
46.2063 0.897507
46.8664 0.900277
46.9171 0.903047
47.2284 0.905817
47.4884 0.908587
47.6889 0.911357
47.792 0.914127
47.9288 0.916898
48.0283 0.919668
48.3429 0.922438
49.1314 0.925208
49.7259 0.927978
49.7602 0.930748
50.0208 0.933518
50.3788 0.936288
50.7034 0.939058
51.2242 0.941828
51.4218 0.944598
52.5507 0.947368
52.6014 0.950139
53.5183 0.952909
53.7681 0.955679
54.3349 0.958449
56.3355 0.961219
56.6383 0.963989
57.1376 0.966759
57.6005 0.969529
57.7991 0.972299
58.457 0.975069
58.5017 0.977839
59.6003 0.980609
68.0521 0.98338
69.988 0.98615
81.7744 0.98892
81.8536 0.99169
85.352 0.99446
106.046 0.99723
118.73 1
