.0693 0.00277008
.3837 0.00554017
.645 0.00831025
.851 0.0110803
1.0337 0.0138504
1.0553 0.0166205
1.059 0.0193906
1.191 0.0221607
1.266 0.0249307
1.2803 0.0277008
1.3437 0.0304709
1.376 0.033241
1.4767 0.0360111
1.542 0.0387812
1.583 0.0415512
1.6007 0.0443213
1.6207 0.0470914
1.6227 0.0498615
1.6373 0.0526316
1.7387 0.0554017
1.7677 0.0581717
1.7883 0.0609418
1.931 0.0637119
1.932 0.066482
1.934 0.0692521
1.9363 0.0720222
2.0787 0.0747922
2.2023 0.0775623
2.2217 0.0803324
2.33233 0.0831025
2.418 0.0858726
2.4227 0.0886427
2.4347 0.0914127
2.4493 0.0941828
2.4667 0.0969529
2.6377 0.099723
2.6887 0.102493
2.763 0.105263
2.8593 0.108033
2.8933 0.110803
2.8953 0.113573
2.938 0.116343
3.204 0.119114
3.3027 0.121884
3.352 0.124654
3.40867 0.127424
3.450 0.130194
3.5273 0.132964
3.617 0.135734
3.95467 0.138504
4.1353 0.141274
4.1653 0.144044
4.2097 0.146814
4.3737 0.149584
4.4943 0.152355
4.4987 0.155125
4.640 0.157895
4.7023 0.160665
4.800 0.163435
4.9087 0.166205
4.942 0.168975
5.1527 0.171745
5.2613 0.174515
5.4393 0.177285
5.5053 0.180055
5.529 0.182825
5.607 0.185596
5.6653 0.188366
5.694 0.191136
5.7657 0.193906
5.8793 0.196676
6.168 0.199446
6.2267 0.202216
6.6253 0.204986
6.6277 0.207756
6.9593 0.210526
7.0107 0.213296
7.9137 0.216066
8.014 0.218837
8.1323 0.221607
8.1583 0.224377
8.184 0.227147
8.3507 0.229917
8.4797 0.232687
8.5667 0.235457
8.6853 0.238227
8.8427 0.240997
8.8453 0.243767
9.8563 0.246537
9.8837 0.249307
10.058 0.252078
10.229 0.254848
10.434 0.257618
10.7087 0.260388
10.783 0.263158
11.1293 0.265928
11.1603 0.268698
11.4723 0.271468
11.750 0.274238
11.8413 0.277008
12.138 0.279778
12.1513 0.282548
12.184 0.285319
12.2047 0.288089
12.5507 0.290859
12.886 0.293629
13.0057 0.296399
13.0593 0.299169
13.238 0.301939
13.2887 0.304709
13.5867 0.307479
13.821 0.310249
14.2183 0.313019
14.7417 0.315789
14.794 0.31856
14.8187 0.32133
14.968 0.3241
15.0857 0.32687
15.198 0.32964
15.2053 0.33241
15.392 0.33518
15.465 0.33795
15.468 0.34072
15.8703 0.34349
16.3683 0.34626
16.788 0.34903
16.848 0.351801
17.2913 0.354571
17.2963 0.357341
17.6807 0.360111
17.8517 0.362881
17.8837 0.365651
17.9353 0.368421
17.9567 0.371191
18.029 0.373961
18.142 0.376731
18.926 0.379501
19.1163 0.382271
19.4103 0.385042
20.149 0.387812
20.3647 0.390582
20.572 0.393352
20.888 0.396122
21.3653 0.398892
21.6147 0.401662
21.7977 0.404432
21.902 0.407202
22.2617 0.409972
22.375 0.412742
22.5217 0.415512
22.7627 0.418283
22.864 0.421053
22.916 0.423823
23.1457 0.426593
23.1517 0.429363
23.3113 0.432133
23.3863 0.434903
23.571 0.437673
23.579 0.440443
24.190 0.443213
24.2403 0.445983
24.3277 0.448753
24.3607 0.451524
24.5243 0.454294
24.570 0.457064
24.7553 0.459834
25.2477 0.462604
25.3357 0.465374
25.366 0.468144
25.4027 0.470914
25.523 0.473684
25.548 0.476454
25.864 0.479224
25.8737 0.481994
26.1617 0.484765
26.182 0.487535
26.339 0.490305
26.5247 0.493075
26.5633 0.495845
26.7443 0.498615
26.7747 0.501385
26.8393 0.504155
27.1207 0.506925
27.1293 0.509695
27.1517 0.512465
27.2393 0.515235
27.5207 0.518006
27.8803 0.520776
27.8837 0.523546
28.012 0.526316
28.134 0.529086
28.305 0.531856
28.6197 0.534626
28.666 0.537396
28.8287 0.540166
28.842 0.542936
28.8493 0.545706
30.3617 0.548476
30.8297 0.551247
31.070 0.554017
31.1797 0.556787
31.4563 0.559557
31.4983 0.562327
31.5103 0.565097
31.6783 0.567867
32.025 0.570637
32.0527 0.573407
32.0873 0.576177
32.304 0.578947
32.4783 0.581717
32.7477 0.584488
32.7797 0.587258
32.7883 0.590028
32.7933 0.592798
32.8357 0.595568
33.0803 0.598338
33.1233 0.601108
33.200 0.603878
33.2663 0.606648
33.3067 0.609418
33.8063 0.612188
33.9547 0.614958
33.963 0.617729
34.061 0.620499
34.1717 0.623269
34.3553 0.626039
34.7887 0.628809
34.9107 0.631579
34.947 0.634349
35.537 0.637119
35.7177 0.639889
35.7553 0.642659
38.010 0.645429
38.2873 0.648199
38.4043 0.65097
39.8633 0.65374
39.9093 0.65651
40.4497 0.65928
40.4927 0.66205
40.619 0.66482
40.625 0.66759
40.9227 0.67036
41.1143 0.67313
41.4977 0.6759
41.6717 0.67867
41.975 0.68144
41.9883 0.684211
42.6737 0.686981
43.1813 0.689751
43.220 0.692521
43.3837 0.695291
43.764 0.698061
43.7973 0.700831
43.842 0.703601
44.1347 0.706371
44.1353 0.709141
45.1357 0.711911
45.308 0.714681
45.4707 0.717452
45.617 0.720222
46.300 0.722992
47.610 0.725762
47.979 0.728532
49.659 0.731302
50.305 0.734072
51.8093 0.736842
54.252 0.739612
54.3163 0.742382
54.5403 0.745152
54.5727 0.747922
54.589 0.750693
54.805 0.753463
54.9873 0.756233
54.9987 0.759003
55.342 0.761773
56.6437 0.764543
56.971 0.767313
57.387 0.770083
57.639 0.772853
57.7683 0.775623
57.8223 0.778393
58.188 0.781163
58.3593 0.783934
59.0763 0.786704
59.4103 0.789474
59.474 0.792244
60.8363 0.795014
61.510 0.797784
62.322 0.800554
63.313 0.803324
63.3483 0.806094
63.769 0.808864
64.1323 0.811634
65.362 0.814404
65.925 0.817175
67.298 0.819945
70.511 0.822715
74.297 0.825485
76.961 0.828255
79.021 0.831025
79.626 0.833795
81.351 0.836565
81.392 0.839335
82.558 0.842105
82.577 0.844875
82.908 0.847645
83.003 0.850416
83.083 0.853186
83.452 0.855956
83.474 0.858726
83.481 0.861496
83.535 0.864266
84.216 0.867036
84.502 0.869806
84.746 0.872576
84.882 0.875346
85.033 0.878116
85.090 0.880886
87.089 0.883657
88.211 0.886427
88.272 0.889197
88.453 0.891967
90.721 0.894737
91.383 0.897507
93.487 0.900277
94.920 0.903047
96.184 0.905817
96.263 0.908587
97.233 0.911357
102.613 0.914127
105.130 0.916898
109.611 0.919668
136.430 0.922438
144.481 0.925208
144.699 0.927978
145.986 0.930748
157.259 0.933518
164.210 0.936288
165.015 0.939058
165.136 0.941828
166.430 0.944598
167.754 0.947368
168.879 0.950139
168.962 0.952909
170.595 0.955679
171.019 0.958449
173.960 0.961219
177.360 0.963989
182.359 0.966759
184.626 0.969529
193.001 0.972299
198.460 0.975069
199.899 0.977839
200.189 0.980609
201.670 0.98338
206.286 0.98615
287.834 0.98892
289.119 0.99169
289.901 0.99446
291.679 0.99723
318.154 1
