1 0.0909709
2 0.156164
3 0.193828
4 0.283599
5 0.358601
6 0.404902
7 0.468813
8 0.580248
9 0.638604
10 1.04849
11 1.08023
12 1.11636
13 1.24569
14 1.24909
15 1.25503
16 1.43564
17 1.51951
18 1.56358
19 1.60016
20 1.67418
21 1.74007
22 1.88387
23 1.89877
24 2.04038
25 2.27255
26 2.27977
27 2.32131
28 2.3253
29 2.45278
30 2.48994
31 2.50685
32 2.6417
33 2.69556
34 2.73963
35 2.75487
36 2.90948
37 3.20543
38 3.24265
39 3.25263
40 3.37867
41 3.493
42 3.52444
43 3.66119
44 3.80616
45 3.83807
46 3.85319
47 3.98432
48 4.16115
49 4.28512
50 4.31736
51 4.45961
52 4.58281
53 4.58441
54 4.63388
55 4.82837
56 5.03139
57 5.07379
58 5.07964
59 5.11883
60 5.1692
61 5.22502
62 5.23092
63 5.23354
64 5.24574
65 5.33629
66 5.52379
67 5.55757
68 5.76972
69 5.8053
70 5.90119
71 6.01301
72 6.03247
73 6.16093
74 6.20261
75 6.21748
76 6.35763
77 6.42377
78 6.44444
79 6.52969
80 6.7458
81 6.77231
82 6.84263
83 6.88474
84 6.90827
85 6.92828
86 6.94665
87 6.99007
88 7.00669
89 7.09728
90 7.12365
91 7.16117
92 7.47107
93 8.17408
94 8.18935
95 8.19102
96 8.30143
97 8.33774
98 8.52785
99 8.5819
100 8.61562
101 8.73589
102 9.03641
103 9.19704
104 9.45241
105 9.54171
106 9.69997
107 9.82555
108 9.94388
109 10.1855
110 10.2312
111 10.3211
112 10.3501
113 10.5517
114 10.8469
115 10.8573
116 10.9417
117 11.1379
118 11.1748
119 11.4623
120 11.496
121 11.7409
122 11.7721
123 11.7794
124 11.889
125 11.9628
126 12.1552
127 12.4507
128 12.8171
129 13.0491
130 13.2262
131 13.4097
132 13.698
133 13.6986
134 13.8046
135 13.8193
136 14.2846
137 14.7251
138 15.0441
139 15.3846
140 15.3924
141 15.8014
142 15.8531
143 15.9501
144 16.0183
145 16.7547
146 16.9923
147 17.1994
148 17.2017
149 17.3222
150 17.8671
151 17.8982
152 18.0969
153 18.1822
154 18.2613
155 18.276
156 18.3797
157 18.4544
158 18.5811
159 18.588
160 18.6018
161 18.6613
162 18.7209
163 18.819
164 18.9002
165 18.957
166 19.0577
167 19.1451
168 19.1669
169 19.4192
170 19.5682
171 19.5825
172 19.6116
173 19.674
174 19.8331
175 19.9739
176 20.2924
177 20.3136
178 20.4781
179 20.5471
180 20.9186
181 21.0545
182 21.4525
183 21.49
184 21.53
185 21.6677
186 21.9409
187 22.0101
188 22.1409
189 22.2592
190 22.4083
191 22.426
192 22.4528
193 22.5284
194 22.6576
195 22.8695
196 22.9576
197 23.1787
198 23.2995
199 23.4959
200 23.5139
201 23.5792
202 23.6402
203 23.6875
204 23.7023
205 24.3891
206 24.4215
207 24.4354
208 24.4575
209 24.6558
210 24.7576
211 25.2267
212 25.4041
213 25.4099
214 25.4268
215 25.6997
216 25.8085
217 25.8601
218 25.893
219 26.0268
220 26.0572
221 26.0847
222 26.3368
223 26.5704
224 26.6501
225 26.7547
226 26.7582
227 26.8071
228 26.8281
229 27.32
230 27.3639
231 27.5097
232 27.514
233 27.6029
234 27.6922
235 27.6931
236 27.9032
237 28.0707
238 28.5506
239 28.6256
240 28.7613
241 28.9251
242 28.9993
243 29.0053
244 29.1249
245 29.2138
246 29.2875
247 29.323
248 29.478
249 29.9498
250 30.0167
251 30.1477
252 30.3246
253 30.3698
254 30.3829
255 30.6145
256 30.6295
257 30.9701
258 31.838
259 31.8464
260 31.8801
261 31.9851
262 32.0182
263 32.1623
264 32.3075
265 33.2312
266 33.268
267 33.4637
268 33.5155
269 33.563
270 33.7104
271 33.782
272 34.0025
273 34.1278
274 34.1832
275 34.2727
276 34.8483
277 35.118
278 35.178
279 35.5108
280 35.6101
281 35.8794
282 35.9897
283 37.2662
284 37.2781
285 37.8655
286 37.9031
287 38.1269
288 38.9518
289 39.2479
290 39.6583
291 39.6629
292 39.7342
293 40.0117
294 40.2902
295 41.1258
296 41.2331
297 41.5246
298 41.5465
299 41.6134
300 41.654
301 41.694
302 41.936
303 41.9465
304 42.099
305 42.1083
306 42.2501
307 42.2776
308 42.3698
309 43.7782
310 43.9598
311 44.0218
312 44.1245
313 44.4156
314 44.4469
315 44.6499
316 44.7745
317 45.0183
318 45.276
319 45.3628
320 45.7591
321 46.0229
322 46.0669
323 46.0983
324 46.2063
325 46.8664
326 46.9171
327 47.2284
328 47.4884
329 47.6889
330 47.792
331 47.9288
332 48.0283
333 48.3429
334 49.1314
335 49.7259
336 49.7602
337 50.0208
338 50.3788
339 50.7034
340 51.2242
341 51.4218
342 52.5507
343 52.6014
344 53.5183
345 53.7681
346 54.3349
347 56.3355
348 56.6383
349 57.1376
350 57.6005
351 57.7991
352 58.457
353 58.5017
354 59.6003
355 68.0521
356 69.988
357 81.7744
358 81.8536
359 85.352
360 106.046
361 118.73
