.100 0.00831025
.100 0.00831025
.100 0.00831025
.200 0.0110803
.300 0.0166205
.300 0.0166205
.400 0.0277008
.400 0.0277008
.400 0.0277008
.400 0.0277008
.500 0.0304709
.600 0.0387812
.600 0.0387812
.600 0.0387812
.700 0.0443213
.700 0.0443213
.900 0.0470914
1.000 0.0554017
1.000 0.0554017
1.000 0.0554017
1.100 0.0637119
1.100 0.0637119
1.100 0.0637119
1.200 0.066482
1.300 0.0692521
1.400 0.0747922
1.400 0.0747922
1.600 0.0886427
1.600 0.0886427
1.600 0.0886427
1.600 0.0886427
1.600 0.0886427
1.800 0.0914127
2.000 0.0941828
2.100 0.099723
2.100 0.099723
2.200 0.102493
2.300 0.105263
2.400 0.108033
2.500 0.113573
2.500 0.113573
2.600 0.121884
2.600 0.121884
2.600 0.121884
2.700 0.130194
2.700 0.130194
2.700 0.130194
2.800 0.135734
2.800 0.135734
2.900 0.138504
3.000 0.144044
3.000 0.144044
3.100 0.149584
3.100 0.149584
3.200 0.160665
3.200 0.160665
3.200 0.160665
3.200 0.160665
3.300 0.168975
3.300 0.168975
3.300 0.168975
3.400 0.180055
3.400 0.180055
3.400 0.180055
3.400 0.180055
3.600 0.188366
3.600 0.188366
3.600 0.188366
3.900 0.193906
3.900 0.193906
4.200 0.196676
4.300 0.199446
4.400 0.204986
4.400 0.204986
4.500 0.216066
4.500 0.216066
4.500 0.216066
4.500 0.216066
4.600 0.224377
4.600 0.224377
4.600 0.224377
4.700 0.229917
4.700 0.229917
4.800 0.235457
4.800 0.235457
4.900 0.240997
4.900 0.240997
5.000 0.243767
5.100 0.249307
5.100 0.249307
5.200 0.252078
5.400 0.254848
5.600 0.260388
5.600 0.260388
5.800 0.263158
6.200 0.265928
6.400 0.271468
6.400 0.271468
6.500 0.274238
6.800 0.277008
7.000 0.282548
7.000 0.282548
7.100 0.285319
7.200 0.293629
7.200 0.293629
7.200 0.293629
7.300 0.301939
7.300 0.301939
7.300 0.301939
7.400 0.304709
7.600 0.315789
7.600 0.315789
7.600 0.315789
7.600 0.315789
7.800 0.31856
7.900 0.32133
8.300 0.3241
8.500 0.32964
8.500 0.32964
8.600 0.33518
8.600 0.33518
8.700 0.33795
9.000 0.34626
9.000 0.34626
9.000 0.34626
9.100 0.351801
9.100 0.351801
9.200 0.360111
9.200 0.360111
9.200 0.360111
9.300 0.362881
9.500 0.365651
9.800 0.368421
10.200 0.371191
10.400 0.373961
10.500 0.376731
10.600 0.379501
10.700 0.385042
10.700 0.385042
11.000 0.387812
11.100 0.390582
11.500 0.393352
11.600 0.396122
11.700 0.398892
11.800 0.404432
11.800 0.404432
11.900 0.407202
12.000 0.409972
12.200 0.415512
12.200 0.415512
12.300 0.418283
12.400 0.423823
12.400 0.423823
12.600 0.426593
12.700 0.429363
13.000 0.434903
13.000 0.434903
13.200 0.437673
13.300 0.440443
13.500 0.443213
13.600 0.448753
13.600 0.448753
13.700 0.451524
14.300 0.454294
14.500 0.459834
14.500 0.459834
14.600 0.462604
14.700 0.465374
15.100 0.468144
15.600 0.470914
16.000 0.473684
16.100 0.476454
16.300 0.479224
16.600 0.481994
16.800 0.484765
16.900 0.487535
17.300 0.490305
17.500 0.495845
17.500 0.495845
18.000 0.501385
18.000 0.501385
18.600 0.504155
18.800 0.506925
18.900 0.509695
19.200 0.512465
19.500 0.515235
19.900 0.518006
20.300 0.520776
20.600 0.523546
20.700 0.526316
21.200 0.529086
21.800 0.534626
21.800 0.534626
21.900 0.537396
22.000 0.542936
22.000 0.542936
22.100 0.545706
22.500 0.548476
22.900 0.551247
23.200 0.554017
23.300 0.556787
23.400 0.562327
23.400 0.562327
23.500 0.565097
23.800 0.567867
24.300 0.570637
24.600 0.576177
24.600 0.576177
24.800 0.578947
25.100 0.581717
25.700 0.584488
25.900 0.587258
26.200 0.590028
26.700 0.595568
26.700 0.595568
27.100 0.598338
27.500 0.606648
27.500 0.606648
27.500 0.606648
27.600 0.609418
27.700 0.614958
27.700 0.614958
27.900 0.617729
28.200 0.620499
28.400 0.623269
29.000 0.626039
29.600 0.628809
29.800 0.631579
30.000 0.634349
30.100 0.637119
30.600 0.639889
30.800 0.642659
32.300 0.645429
32.500 0.648199
32.700 0.65097
33.800 0.65374
34.000 0.65928
34.000 0.65928
34.500 0.66205
34.600 0.66482
34.700 0.66759
35.100 0.67036
35.400 0.67313
36.200 0.6759
36.400 0.67867
36.900 0.68144
37.400 0.684211
37.600 0.686981
37.900 0.689751
38.200 0.692521
38.500 0.695291
39.700 0.698061
40.300 0.700831
40.600 0.706371
40.600 0.706371
41.200 0.709141
42.300 0.711911
42.500 0.714681
43.000 0.717452
43.500 0.720222
43.600 0.722992
43.700 0.725762
43.800 0.728532
44.800 0.731302
45.200 0.734072
46.900 0.736842
47.200 0.739612
47.700 0.742382
54.200 0.745152
54.300 0.747922
57.300 0.750693
58.000 0.753463
59.200 0.756233
59.700 0.759003
60.600 0.761773
61.800 0.770083
61.800 0.770083
61.800 0.770083
63.500 0.772853
64.200 0.778393
64.200 0.778393
66.300 0.781163
66.800 0.783934
69.400 0.786704
71.600 0.789474
72.200 0.792244
72.700 0.795014
73.300 0.797784
75.300 0.800554
77.100 0.806094
77.100 0.806094
77.500 0.808864
80.700 0.811634
81.700 0.814404
82.700 0.817175
86.300 0.819945
86.700 0.822715
87.200 0.828255
87.200 0.828255
89.000 0.831025
90.600 0.833795
91.500 0.836565
93.600 0.839335
95.100 0.842105
95.300 0.844875
96.400 0.847645
98.200 0.850416
98.500 0.853186
100.200 0.855956
101.400 0.858726
101.600 0.861496
101.900 0.864266
102.700 0.867036
103.800 0.869806
104.700 0.872576
105.500 0.875346
108.000 0.878116
108.200 0.880886
110.900 0.883657
112.400 0.886427
112.900 0.889197
113.100 0.891967
114.200 0.897507
114.200 0.897507
117.100 0.900277
117.800 0.903047
119.100 0.905817
120.900 0.908587
121.200 0.911357
122.000 0.914127
122.900 0.916898
123.100 0.919668
123.200 0.922438
124.400 0.925208
128.600 0.927978
128.700 0.930748
129.700 0.933518
132.300 0.936288
132.600 0.939058
132.800 0.941828
135.800 0.944598
138.400 0.947368
139.600 0.950139
141.900 0.952909
145.300 0.955679
145.600 0.958449
146.700 0.961219
147.600 0.963989
149.500 0.966759
150.800 0.969529
152.500 0.972299
153.500 0.975069
155.500 0.977839
158.700 0.980609
159.800 0.98338
161.400 0.98615
162.600 0.98892
164.000 0.99169
166.400 0.99446
167.100 0.99723
178.000 1
