0.0184835 0.00277008
0.0358144 0.00554017
0.0628621 0.00831025
0.124256 0.0110803
0.183853 0.0138504
0.535708 0.0166205
0.646689 0.0193906
0.841886 0.0221607
0.922702 0.0249307
1.00293 0.0277008
1.02223 0.0304709
1.02547 0.033241
1.13577 0.0360111
1.151 0.0387812
1.18493 0.0415512
1.19244 0.0443213
1.40058 0.0470914
1.44936 0.0498615
1.50217 0.0526316
1.54454 0.0554017
1.59365 0.0581717
1.63748 0.0609418
1.6736 0.0637119
1.69132 0.066482
1.83203 0.0692521
1.87211 0.0720222
1.90503 0.0747922
2.13999 0.0775623
2.16918 0.0803324
2.18734 0.0831025
2.25201 0.0858726
2.25706 0.0886427
2.26767 0.0914127
2.30337 0.0941828
2.32419 0.0969529
2.34149 0.099723
2.39908 0.102493
2.50645 0.105263
2.51585 0.108033
2.53259 0.110803
2.55666 0.113573
2.62833 0.116343
2.6898 0.119114
2.70434 0.121884
2.76067 0.124654
2.905 0.127424
2.94439 0.130194
2.95452 0.132964
2.97291 0.135734
3.00566 0.138504
3.0204 0.141274
3.08777 0.144044
3.09906 0.146814
3.20304 0.149584
3.22377 0.152355
3.23995 0.155125
3.27675 0.157895
3.3183 0.160665
3.32654 0.163435
3.42444 0.166205
3.47235 0.168975
3.58697 0.171745
3.59675 0.174515
3.61558 0.177285
3.62372 0.180055
3.6988 0.182825
3.73346 0.185596
3.88195 0.188366
3.90808 0.191136
4.16808 0.193906
4.29777 0.196676
4.32601 0.199446
4.42395 0.202216
4.44715 0.204986
4.46703 0.207756
4.48095 0.210526
4.56763 0.213296
4.62614 0.216066
4.72865 0.218837
4.75121 0.221607
4.87001 0.224377
4.92803 0.227147
5.06958 0.229917
5.2557 0.232687
5.28126 0.235457
5.31759 0.238227
5.39679 0.240997
5.44571 0.243767
5.56261 0.246537
5.663 0.249307
5.72013 0.252078
5.7223 0.254848
5.76681 0.257618
6.02495 0.260388
6.11261 0.263158
6.12415 0.265928
6.16045 0.268698
6.25207 0.271468
6.28866 0.274238
6.33759 0.277008
6.34685 0.279778
6.36993 0.282548
6.43148 0.285319
6.45676 0.288089
6.49026 0.290859
6.56863 0.293629
6.61698 0.296399
6.76667 0.299169
7.01756 0.301939
7.03178 0.304709
7.15132 0.307479
7.17444 0.310249
7.20867 0.313019
7.26177 0.315789
7.26332 0.31856
7.34423 0.32133
7.35742 0.3241
7.38998 0.32687
7.40844 0.32964
7.44387 0.33241
7.52588 0.33518
8.1256 0.33795
8.23996 0.34072
8.2565 0.34349
8.43701 0.34626
8.6922 0.34903
8.69334 0.351801
8.6982 0.354571
8.88419 0.357341
8.90305 0.360111
9.10215 0.362881
9.2287 0.365651
9.28307 0.368421
9.98061 0.371191
9.98336 0.373961
10.0866 0.376731
10.3774 0.379501
10.5034 0.382271
10.7571 0.385042
10.9479 0.387812
11.1319 0.390582
11.3889 0.393352
11.6075 0.396122
11.6319 0.398892
11.6494 0.401662
11.6538 0.404432
11.7828 0.407202
11.7865 0.409972
11.8124 0.412742
11.8835 0.415512
11.989 0.418283
12.0272 0.421053
12.0641 0.423823
12.0813 0.426593
12.3296 0.429363
12.3803 0.432133
12.4617 0.434903
12.4969 0.437673
12.5259 0.440443
12.5781 0.443213
12.582 0.445983
12.8809 0.448753
12.9414 0.451524
13.1726 0.454294
13.519 0.457064
13.8219 0.459834
13.9732 0.462604
14.161 0.465374
14.4742 0.468144
14.6382 0.470914
14.6556 0.473684
14.7546 0.476454
15.1427 0.479224
15.1566 0.481994
15.184 0.484765
15.2697 0.487535
15.5413 0.490305
15.7527 0.493075
16.5979 0.495845
17.4466 0.498615
17.4838 0.501385
17.8655 0.504155
18.1458 0.506925
18.3134 0.509695
18.4422 0.512465
18.4674 0.515235
18.5179 0.518006
18.5735 0.520776
18.8266 0.523546
19.119 0.526316
19.1328 0.529086
19.2074 0.531856
19.292 0.534626
19.4356 0.537396
19.6765 0.540166
19.8131 0.542936
19.8894 0.545706
20.17 0.548476
21.4479 0.551247
21.8713 0.554017
22.1019 0.556787
22.2832 0.559557
22.3244 0.562327
22.4455 0.565097
22.5785 0.567867
22.647 0.570637
22.9553 0.573407
23.1423 0.576177
23.1456 0.578947
23.223 0.581717
23.4076 0.584488
23.5513 0.587258
23.584 0.590028
23.5911 0.592798
24.3365 0.595568
24.7481 0.598338
24.8032 0.601108
25.0186 0.603878
25.0938 0.606648
25.2266 0.609418
25.3176 0.612188
25.6038 0.614958
25.9004 0.617729
26.0797 0.620499
26.5437 0.623269
26.8175 0.626039
27.2726 0.628809
27.6166 0.631579
27.6317 0.634349
28.0076 0.637119
28.1957 0.639889
28.3957 0.642659
29.0406 0.645429
29.8425 0.648199
30.0257 0.65097
30.1109 0.65374
30.1442 0.65651
30.9138 0.65928
31.0614 0.66205
31.229 0.66482
32.4115 0.66759
32.455 0.67036
32.7571 0.67313
32.8284 0.6759
33.801 0.67867
34.539 0.68144
34.6583 0.684211
34.9022 0.686981
35.0465 0.689751
35.6378 0.692521
36.0836 0.695291
36.1865 0.698061
37.5658 0.700831
37.714 0.703601
37.9666 0.706371
38.0254 0.709141
38.0299 0.711911
38.059 0.714681
38.267 0.717452
38.5113 0.720222
38.9797 0.722992
40.6977 0.725762
41.0484 0.728532
41.1065 0.731302
43.4268 0.734072
43.5348 0.736842
43.9414 0.739612
44.8323 0.742382
44.8821 0.745152
46.5839 0.747922
49.0538 0.750693
50.4362 0.753463
51.6188 0.756233
52.8458 0.759003
55.0666 0.761773
56.0356 0.764543
56.148 0.767313
57.6399 0.770083
58.8003 0.772853
59.1561 0.775623
60.8097 0.778393
61.6073 0.781163
61.6675 0.783934
62.3664 0.786704
62.8818 0.789474
64.2358 0.792244
65.3164 0.795014
66.6123 0.797784
66.9953 0.800554
68.7596 0.803324
70.3331 0.806094
70.6543 0.808864
70.8039 0.811634
72.8495 0.814404
77.6105 0.817175
78.4718 0.819945
78.5918 0.822715
79.4197 0.825485
79.6413 0.828255
79.8016 0.831025
80.8409 0.833795
80.9115 0.836565
81.0841 0.839335
81.6008 0.842105
83.6514 0.844875
85.5351 0.847645
88.0506 0.850416
88.3717 0.853186
88.4292 0.855956
90.0855 0.858726
93.4 0.861496
93.6866 0.864266
93.8578 0.867036
94.3558 0.869806
95.655 0.872576
96.6459 0.875346
97.8208 0.878116
98.1156 0.880886
98.3155 0.883657
98.9821 0.886427
102.746 0.889197
102.808 0.891967
103.093 0.894737
105.455 0.897507
106.712 0.900277
106.999 0.903047
107.11 0.905817
109.56 0.908587
109.984 0.911357
110.474 0.914127
111.588 0.916898
114.194 0.919668
115.273 0.922438
115.541 0.925208
116.012 0.927978
116.882 0.930748
119.634 0.933518
123.022 0.936288
123.25 0.939058
125.27 0.941828
125.675 0.944598
127.133 0.947368
129.666 0.950139
129.724 0.952909
132.12 0.955679
139.317 0.958449
142.616 0.961219
142.942 0.963989
143.793 0.966759
144.322 0.969529
144.599 0.972299
145.303 0.975069
147.593 0.977839
148.39 0.980609
150.376 0.98338
151.104 0.98615
151.46 0.98892
159.795 0.99169
160.352 0.99446
162.307 0.99723
178.012 1
