.0005829866 0.00277008
.0020045247 0.00554017
.0022724593 0.00831025
.0032112533 0.0110803
.0032793594 0.0138504
.0035706446 0.0166205
.0038285529 0.0193906
.0050349419 0.0221607
.0053223281 0.0249307
.0055592605 0.0277008
.0074938687 0.0304709
.0079158233 0.033241
.0080648840 0.0360111
.0088064332 0.0387812
.0092895445 0.0415512
.0095706556 0.0443213
.0100299830 0.0470914
.0100746254 0.0498615
.0111486821 0.0526316
.0114454992 0.0554017
.0124182616 0.0581717
.0128306176 0.0609418
.0130977805 0.0637119
.0131733106 0.066482
.0139353636 0.0692521
.0141543470 0.0720222
.0145659723 0.0747922
.0147687415 0.0775623
.0148560012 0.0803324
.0157718694 0.0831025
.0172021703 0.0858726
.0177105000 0.0886427
.0182390310 0.0914127
.0182998177 0.0941828
.0184275424 0.0969529
.0192810041 0.099723
.0200385260 0.102493
.0204787734 0.105263
.0210997185 0.108033
.0223945625 0.110803
.0226189463 0.113573
.0249961549 0.116343
.0252454744 0.119114
.0253164552 0.121884
.0256938529 0.124654
.0257281561 0.127424
.0258954007 0.130194
.0262893374 0.132964
.0267068571 0.135734
.0267809136 0.138504
.0272950987 0.141274
.0274815747 0.144044
.0275612704 0.146814
.0279846205 0.149584
.0287884997 0.152355
.0288732254 0.155125
.0294521072 0.157895
.0296376028 0.160665
.0298029118 0.163435
.0299286074 0.166205
.0304948786 0.168975
.0305405746 0.171745
.0305941127 0.174515
.0319591599 0.177285
.0320064008 0.180055
.0320377266 0.182825
.0322625481 0.185596
.0326934097 0.188366
.0328060376 0.191136
.0338400153 0.193906
.0342209657 0.196676
.0345941660 0.199446
.0347349664 0.202216
.0349270432 0.204986
.0352380558 0.207756
.0355568864 0.210526
.0363268888 0.213296
.0385157096 0.216066
.0408338561 0.218837
.0424203146 0.221607
.0447579325 0.224377
.0449979033 0.227147
.0459022957 0.229917
.0504314362 0.232687
.0541493727 0.235457
.0579408907 0.238227
.0593406764 0.240997
.0611574190 0.243767
.0618976003 0.246537
.0641371149 0.249307
.0667376427 0.252078
.0733261006 0.254848
.0737247439 0.257618
.0737380105 0.260388
.0763690047 0.263158
.0773839652 0.265928
.0784946458 0.268698
.0818437150 0.271468
.0852862408 0.274238
.0857728437 0.277008
.0868319093 0.279778
.0915239930 0.282548
.0925636713 0.285319
.0931767365 0.288089
.0961495617 0.290859
.0990638972 0.293629
.1076853703 0.296399
.1119622665 0.299169
.1130318939 0.301939
.1150040596 0.304709
.1277142661 0.307479
.1327841376 0.310249
.1433549920 0.313019
.1476295447 0.315789
.1540643942 0.31856
.1555261350 0.32133
.1713115786 0.3241
.1798638204 0.32687
.1866545295 0.32964
.1931564675 0.33241
.1931924170 0.33518
.2052330690 0.33795
.2064667369 0.34072
.2082769102 0.34349
.2083280345 0.34626
.2160593760 0.34903
.2168613862 0.351801
.2204090849 0.354571
.2256275703 0.357341
.2386475097 0.360111
.2511762106 0.362881
.2686822495 0.365651
.2768716689 0.368421
.2803224926 0.371191
.2897725845 0.373961
.2916775951 0.376731
.2943433655 0.379501
.2959093306 0.382271
.2963221261 0.385042
.2966831368 0.387812
.2978453707 0.390582
.2979241533 0.393352
.3053147481 0.396122
.3068292428 0.398892
.3102424084 0.401662
.3215438118 0.404432
.3244257193 0.407202
.3262648624 0.409972
.3316689171 0.412742
.3353822091 0.415512
.3450701592 0.418283
.3490664816 0.421053
.3576287321 0.423823
.3577650251 0.426593
.3803684914 0.429363
.3815432395 0.432133
.3843155699 0.434903
.3890994776 0.437673
.3983128858 0.440443
.3983282902 0.443213
.4013262400 0.445983
.4038564598 0.448753
.4163911659 0.451524
.4172991428 0.454294
.4175877919 0.457064
.4195282547 0.459834
.4199264151 0.462604
.4453040445 0.465374
.4472403560 0.468144
.4657892967 0.470914
.4739460239 0.473684
.4747190483 0.476454
.4918338744 0.479224
.5067051064 0.481994
.5151709681 0.484765
.5154797365 0.487535
.5161212083 0.490305
.5228086275 0.493075
.5233627136 0.495845
.5264570241 0.498615
.5273246960 0.501385
.5277616580 0.504155
.5348925021 0.506925
.5365789280 0.509695
.5418488014 0.512465
.5508897586 0.515235
.5781601527 0.518006
.5816048630 0.520776
.5946738006 0.523546
.5976029403 0.526316
.6008294163 0.529086
.6016833561 0.531856
.6022691054 0.534626
.6033565416 0.537396
.6122263659 0.540166
.6186160341 0.542936
.6248593903 0.545706
.6333382906 0.548476
.6384116418 0.551247
.6398107442 0.554017
.6810366818 0.556787
.6840226301 0.559557
.6844567980 0.562327
.6867235608 0.565097
.6902724532 0.567867
.6909277656 0.570637
.7072986669 0.573407
.7189992144 0.576177
.7210562509 0.578947
.7214106558 0.581717
.7228910513 0.584488
.7283023782 0.587258
.7368974642 0.590028
.7457308182 0.592798
.7584856512 0.595568
.7770712666 0.598338
.7820808312 0.601108
.7891510840 0.603878
.7904303900 0.606648
.8087931137 0.609418
.8141927473 0.612188
.8171990288 0.614958
.8208112420 0.617729
.8262930383 0.620499
.8393752891 0.623269
.8413723449 0.626039
.8766764530 0.628809
.8934222823 0.631579
.8978890065 0.634349
.9071461037 0.637119
.9071631760 0.639889
.9201730995 0.642659
.9222190590 0.645429
.9286846084 0.648199
.9495906048 0.65097
.9827816026 0.65374
1.0486364689 0.65651
1.0560356228 0.65928
1.0792339955 0.66205
1.0828944460 0.66482
1.0950714530 0.66759
1.1074075377 0.67036
1.1183776463 0.67313
1.1328776159 0.6759
1.1421355396 0.67867
1.1460242061 0.68144
1.1745307764 0.684211
1.1764511482 0.686981
1.1831098807 0.689751
1.2292549909 0.692521
1.2673826407 0.695291
1.2860005257 0.698061
1.3024746496 0.700831
1.3103392676 0.703601
1.3350709197 0.706371
1.4376169923 0.709141
1.4417472305 0.711911
1.4588031901 0.714681
1.4765162477 0.717452
1.5019610510 0.720222
1.5122828836 0.722992
1.6020398275 0.725762
1.6240270708 0.728532
1.6305593013 0.731302
1.6381365232 0.734072
1.7019962563 0.736842
1.7505789983 0.739612
1.8557534019 0.742382
1.8663848568 0.745152
1.9014343716 0.747922
2.0509169823 0.753463
2.1346238301 0.756233
2.3865433938 0.759003
2.5339066568 0.761773
2.9726858046 0.764543
2.9890765323 0.767313
4.1060655212 0.770083
4.3585806248 0.772853
5.2444533309 0.775623
5.6748079473 0.778393
5.8025052771 0.781163
6.6199028085 0.783934
7.7481485715 0.786704
8.3809866667 0.789474
8.4504228572 0.792244
9.3532236381 0.795014
9.7625866667 0.797784
10.0037028572 0.797784
10.0040800000 0.800554
11.More 0.767313
11.0848133334 0.803324
11.6272133334 0.806094
11.6839912000 0.808864
11.8887840000 0.811634
12.1705600000 0.817175
12.5075400000 0.819945
12.7768786667 0.822715
12.8140720931 0.825485
13.6392086667 0.828255
13.8473920000 0.831025
13.8520800000 0.833795
14.2352960000 0.836565
14.6062400000 0.839335
14.7857344000 0.842105
15.1674200000 0.844875
15.2698240000 0.847645
15.4578155889 0.850416
16.3627542400 0.853186
16.6773333334 0.855956
16.9750400000 0.858726
17.0449600000 0.861496
17.7331400000 0.864266
17.8821929846 0.867036
17.8984800000 0.869806
18.6077500000 0.872576
19.4097866667 0.875346
20.4700893400 0.878116
22.0208533334 0.880886
22.1983466667 0.883657
22.6138400000 0.886427
23.6036533334 0.889197
24.9914800000 0.891967
25.9894693334 0.894737
27.2934119467 0.897507
29.1162000000 0.900277
31.1458000000 0.903047
33.1324800000 0.905817
33.6326000000 0.908587
35.1921200000 0.911357
35.2241200000 0.914127
37.5162000000 0.916898
37.9539200000 0.919668
38.2069880000 0.922438
38.3425640000 0.925208
40.9494685600 0.927978
44.1405600000 0.930748
44.5902400000 0.933518
50.0337600000 0.936288
56.4916000000 0.939058
57.7271200000 0.941828
58.0246400000 0.944598
58.2202400000 0.947368
59.3673720000 0.950139
63.6391200000 0.952909
66.1216000000 0.955679
66.3532000000 0.958449
70.0829600000 0.961219
75.4926000000 0.963989
76.1860880000 0.966759
76.2770320000 0.969529
76.4225920000 0.972299
77.6012880000 0.975069
78.2452560000 0.977839
78.2831440000 0.980609
79.4590320000 0.98338
80.2041360000 0.98615
80.8016480000 0.98892
111.4971200000 0.99169
117.3748080000 0.99446
118.7481120000 0.99723
122.8703115200 1
