.0173 0.00277008
.0227 0.00554017
.03333 0.00831025
.051 0.0110803
.054 0.0138504
.0827 0.0166205
.0853 0.0193906
.095 0.0221607
.0987 0.0249307
.111 0.0277008
.113 0.0304709
.1303 0.033241
.1307 0.0360111
.146 0.0387812
.147 0.0415512
.164 0.0443213
.1733 0.0470914
.190 0.0498615
.2073 0.0526316
.2157 0.0554017
.2193 0.0581717
.223 0.0609418
.2307 0.0637119
.2393 0.066482
.243 0.0692521
.2557 0.0720222
.2603 0.0747922
.269 0.0775623
.2753 0.0803324
.286 0.0831025
.288 0.0858726
.308 0.0886427
.3093 0.0914127
.3277 0.0941828
.331 0.0969529
.362 0.099723
.379 0.102493
.388 0.105263
.3883 0.108033
.3923 0.113573
.3923 0.113573
.397 0.116343
.4317 0.119114
.4457 0.121884
.4627 0.124654
.4793 0.127424
.501 0.132964
.501 0.132964
.5353 0.135734
.547 0.138504
.5677 0.141274
.603 0.144044
.606 0.146814
.6073 0.149584
.6077 0.152355
.6217 0.155125
.6593 0.157895
.6873 0.160665
.710 0.163435
.72367 0.166205
.731 0.168975
.76467 0.171745
.777 0.174515
.7797 0.177285
.782 0.180055
.7937 0.182825
.808 0.185596
.8313 0.188366
.843 0.191136
.8437 0.193906
.9007 0.196676
.933 0.199446
.946 0.202216
.960 0.204986
.9703 0.207756
1.0157 0.210526
1.0253 0.213296
1.0297 0.216066
1.0313 0.218837
1.033 0.221607
1.0637 0.224377
1.0793 0.227147
1.085 0.229917
1.0937 0.232687
1.1133 0.235457
1.1553 0.238227
1.167 0.240997
1.1767 0.243767
1.205 0.246537
1.2333 0.249307
1.234 0.252078
1.242 0.254848
1.2663 0.257618
1.272 0.260388
1.29967 0.263158
1.403 0.265928
1.4087 0.268698
1.4223 0.271468
1.470 0.274238
1.4717 0.277008
1.499 0.279778
1.5167 0.282548
1.5547 0.285319
1.5623 0.288089
1.5957 0.290859
1.607 0.293629
1.639 0.296399
1.766 0.301939
1.766 0.301939
1.844 0.304709
1.8547 0.307479
1.8713 0.310249
1.8857 0.313019
1.9133 0.315789
1.9233 0.31856
1.952 0.32133
1.9983 0.3241
2.0003 0.32687
2.0083 0.32964
2.0463 0.33241
2.0603 0.33518
2.1063 0.33795
2.110 0.34072
2.1233 0.34349
2.162 0.34626
2.1667 0.34903
2.221 0.351801
2.2267 0.354571
2.258 0.357341
2.3023 0.360111
2.3323 0.362881
2.3477 0.365651
2.380 0.368421
2.3983 0.371191
2.4213 0.373961
2.5473 0.376731
2.606 0.379501
2.633 0.382271
2.770 0.385042
2.808 0.387812
2.8357 0.390582
2.9787 0.393352
2.9813 0.396122
3.2587 0.398892
3.3163 0.401662
3.3827 0.404432
3.3847 0.407202
3.588 0.409972
3.764 0.412742
3.9427 0.415512
4.0273 0.418283
4.074 0.421053
4.188 0.423823
4.1947 0.426593
4.336 0.429363
4.370 0.432133
4.4823 0.434903
4.587 0.437673
4.598 0.440443
4.925 0.443213
5.0003 0.445983
5.1563 0.448753
5.170 0.451524
5.1843 0.454294
5.246 0.457064
5.2583 0.459834
5.2587 0.462604
5.2907 0.465374
5.5937 0.468144
5.615 0.470914
5.6937 0.473684
6.0353 0.476454
6.0577 0.479224
6.1307 0.481994
6.1817 0.484765
6.2877 0.487535
6.526 0.490305
6.5543 0.493075
6.619 0.495845
6.737 0.498615
6.7533 0.501385
6.8057 0.504155
6.824 0.506925
6.839 0.509695
7.022 0.512465
7.0703 0.515235
7.232 0.518006
7.2713 0.520776
7.329 0.523546
7.3623 0.526316
7.394 0.529086
7.4167 0.531856
7.4457 0.534626
7.5473 0.537396
7.6383 0.540166
8.0547 0.542936
8.095 0.545706
8.1583 0.548476
8.5067 0.551247
8.5173 0.554017
8.713 0.556787
8.814 0.559557
8.8447 0.562327
8.916 0.565097
8.955 0.567867
9.143 0.570637
9.2223 0.573407
9.248 0.576177
9.3033 0.578947
9.574 0.581717
9.5927 0.584488
9.713 0.587258
9.8347 0.590028
10.1457 0.592798
10.196 0.595568
10.1977 0.598338
10.3307 0.601108
10.3397 0.603878
10.5127 0.606648
10.5423 0.609418
10.554 0.612188
10.6647 0.614958
10.8963 0.617729
11.216 0.620499
11.442 0.623269
11.5213 0.626039
11.6413 0.628809
11.732 0.631579
12.0403 0.634349
12.1553 0.637119
12.192 0.639889
12.3713 0.642659
12.6203 0.645429
13.019 0.648199
13.3623 0.65097
13.3923 0.65374
13.874 0.65651
14.084 0.65928
14.1323 0.66205
14.304 0.66482
14.5543 0.66759
14.6313 0.67036
14.8577 0.67313
15.169 0.6759
15.6717 0.67867
15.812 0.68144
15.9387 0.684211
16.4983 0.686981
16.5577 0.689751
16.676 0.692521
16.7317 0.695291
16.8443 0.698061
17.2517 0.700831
17.498 0.703601
17.695 0.706371
18.6347 0.709141
18.650 0.711911
18.697 0.714681
18.9257 0.717452
18.9373 0.720222
19.750 0.722992
20.5133 0.725762
21.541 0.728532
21.6177 0.731302
21.6467 0.734072
21.7287 0.736842
22.019 0.739612
22.6073 0.742382
22.8413 0.745152
24.198 0.747922
24.753 0.750693
24.905 0.753463
25.069 0.756233
26.011 0.759003
26.2123 0.761773
26.587 0.764543
27.6243 0.767313
27.998 0.770083
28.3647 0.772853
28.463 0.775623
28.733 0.778393
28.918 0.781163
28.9453 0.783934
29.120 0.786704
29.994 0.789474
31.0177 0.792244
32.1847 0.795014
33.6027 0.797784
33.883 0.800554
34.234 0.803324
35.1313 0.806094
35.330 0.808864
35.6807 0.811634
35.7733 0.814404
35.7853 0.817175
36.635 0.819945
36.7233 0.822715
37.115 0.825485
39.4857 0.828255
42.066 0.831025
43.4507 0.833795
43.738 0.836565
44.3173 0.839335
46.3783 0.842105
46.6997 0.844875
47.7603 0.847645
48.536 0.850416
49.2197 0.853186
50.4543 0.855956
52.7833 0.858726
53.504 0.861496
56.5033 0.864266
58.7407 0.867036
59.4253 0.869806
60.8937 0.872576
60.9797 0.875346
65.5387 0.878116
67.066 0.880886
67.341 0.883657
67.549 0.886427
68.129 0.889197
69.1493 0.891967
70.097 0.894737
71.3383 0.897507
73.6407 0.900277
75.8783 0.903047
76.6077 0.905817
76.7617 0.908587
78.1857 0.911357
78.294 0.914127
78.691 0.916898
86.5867 0.919668
93.9353 0.922438
97.8267 0.925208
102.597 0.927978
106.1843 0.930748
112.1867 0.933518
113.884 0.936288
114.161 0.939058
114.485 0.941828
114.795 0.944598
119.778 0.947368
119.827 0.950139
122.821 0.952909
123.788 0.955679
124.532 0.958449
125.713 0.961219
137.608 0.963989
143.202 0.966759
144.186 0.969529
145.702 0.972299
146.180 0.975069
148.4627 0.977839
148.8463 0.980609
152.207 0.98338
152.6703 0.98615
153.7747 0.98892
177.869 0.99169
203.488 0.99446
208.179 0.99723
226.172 1
