0.015608 0.00277008
0.026314 0.00554017
0.049487 0.00831025
0.054932 0.0110803
0.089960 0.0138504
0.102964 0.0166205
0.167961 0.0193906
0.172010 0.0221607
0.188644 0.0249307
0.190012 0.0277008
0.198956 0.0304709
0.218951 0.033241
0.231461 0.0360111
0.245522 0.0387812
0.247461 0.0415512
0.252851 0.0443213
0.278265 0.0470914
0.290110 0.0498615
0.291460 0.0526316
0.291919 0.0554017
0.318021 0.0581717
0.319652 0.0609418
0.328707 0.0637119
0.335043 0.066482
0.353887 0.0692521
0.358007 0.0720222
0.374596 0.0747922
0.383550 0.0775623
0.402252 0.0803324
0.424026 0.0831025
0.428295 0.0858726
0.453981 0.0886427
0.465128 0.0914127
0.466043 0.0941828
0.511703 0.0969529
0.559425 0.099723
0.571063 0.102493
0.571662 0.105263
0.632534 0.108033
0.633999 0.110803
0.656456 0.113573
0.658216 0.116343
0.691385 0.119114
0.692265 0.121884
0.721488 0.124654
0.722654 0.127424
0.725256 0.130194
0.731165 0.132964
0.731644 0.135734
0.759781 0.138504
0.774042 0.141274
0.780684 0.144044
0.799065 0.146814
0.802683 0.149584
0.803108 0.152355
0.825531 0.155125
0.832588 0.157895
0.845375 0.160665
0.855487 0.163435
0.856182 0.166205
0.882558 0.168975
0.895900 0.171745
0.896826 0.174515
0.920696 0.177285
0.949094 0.180055
0.951258 0.182825
0.952381 0.185596
0.957906 0.188366
0.958369 0.191136
0.962066 0.193906
1.016849 0.196676
1.017982 0.199446
1.023441 0.202216
1.031666 0.204986
1.036600 0.207756
1.061510 0.210526
1.062900 0.213296
1.085803 0.216066
1.102978 0.218837
1.134445 0.221607
1.141445 0.224377
1.159210 0.227147
1.161366 0.229917
1.166503 0.232687
1.172525 0.235457
1.199570 0.238227
1.205503 0.240997
1.223936 0.243767
1.225539 0.246537
1.226734 0.249307
1.270298 0.252078
1.281594 0.254848
1.293835 0.257618
1.343929 0.260388
1.378672 0.263158
1.382421 0.265928
1.388459 0.268698
1.399835 0.271468
1.414460 0.274238
1.427855 0.277008
1.502951 0.279778
1.525711 0.282548
1.565435 0.285319
1.569377 0.288089
1.590115 0.290859
1.618546 0.293629
1.620048 0.296399
1.655910 0.299169
1.676588 0.301939
1.681118 0.304709
1.688572 0.307479
1.762200 0.310249
1.847935 0.313019
1.862452 0.315789
1.872913 0.31856
1.882887 0.32133
1.887728 0.3241
1.894915 0.32687
1.902937 0.32964
1.927479 0.33241
1.932613 0.33518
1.935635 0.33795
1.942503 0.34072
1.965805 0.34349
1.977289 0.34626
2.003619 0.34903
2.065264 0.351801
2.140029 0.354571
2.186743 0.357341
2.246403 0.360111
2.305264 0.362881
2.318287 0.365651
2.366203 0.368421
2.372595 0.371191
2.390768 0.373961
2.400272 0.376731
2.418755 0.379501
2.489569 0.382271
2.520588 0.385042
2.582944 0.387812
2.605206 0.390582
2.688848 0.393352
2.689081 0.396122
2.705410 0.398892
2.875435 0.401662
2.882395 0.404432
2.900143 0.407202
2.900855 0.409972
2.985399 0.412742
3.001662 0.415512
3.014977 0.418283
3.028882 0.421053
3.052227 0.423823
3.056763 0.426593
3.132065 0.429363
3.181919 0.432133
3.216816 0.434903
3.224533 0.437673
3.237159 0.440443
3.261923 0.443213
3.272209 0.445983
3.466726 0.448753
3.480605 0.451524
3.482416 0.454294
3.497265 0.457064
3.528275 0.459834
3.592529 0.462604
3.608597 0.465374
3.708918 0.468144
3.791885 0.470914
3.810066 0.473684
3.852177 0.476454
3.881147 0.479224
3.893314 0.481994
3.943510 0.484765
4.014248 0.487535
4.072759 0.490305
4.117145 0.493075
4.165634 0.495845
4.316849 0.498615
4.377911 0.501385
4.400449 0.504155
4.524975 0.506925
4.543514 0.509695
4.613224 0.512465
4.627037 0.515235
4.660488 0.518006
4.699120 0.520776
4.734598 0.523546
4.770903 0.526316
4.811726 0.529086
4.836311 0.531856
4.860168 0.534626
5.008354 0.537396
5.072344 0.540166
5.146946 0.542936
5.149063 0.545706
5.162994 0.548476
5.200443 0.551247
5.244045 0.554017
5.268505 0.556787
5.411202 0.559557
5.448481 0.562327
5.482286 0.565097
5.583540 0.567867
5.720531 0.570637
5.730154 0.573407
5.746887 0.576177
5.823790 0.578947
5.959553 0.581717
5.975746 0.584488
6.026234 0.587258
6.079983 0.590028
6.219503 0.592798
6.225288 0.595568
6.244751 0.598338
6.273973 0.601108
6.303110 0.603878
6.550615 0.606648
6.645397 0.609418
6.820600 0.612188
7.198563 0.614958
7.386129 0.617729
7.465565 0.620499
7.665890 0.623269
7.722164 0.626039
7.761436 0.628809
7.830252 0.631579
8.121956 0.634349
8.276814 0.637119
8.311272 0.639889
8.415947 0.642659
8.431702 0.645429
8.507904 0.648199
8.788733 0.65097
8.797192 0.65374
8.995182 0.65651
9.484868 0.65928
9.490906 0.66205
9.740288 0.66482
9.910408 0.66759
10.284330 0.67036
10.526272 0.67313
10.597097 0.6759
10.646097 0.67867
10.780622 0.68144
11.133539 0.684211
11.269852 0.686981
11.494034 0.689751
11.632465 0.692521
11.932526 0.695291
11.957588 0.698061
11.978889 0.700831
11.999054 0.703601
12.777252 0.706371
13.064545 0.709141
13.685562 0.711911
13.726292 0.714681
13.829592 0.717452
13.922314 0.720222
14.379320 0.722992
14.431351 0.725762
14.433239 0.728532
14.794350 0.731302
14.803909 0.734072
15.355942 0.736842
15.495888 0.739612
15.558960 0.742382
15.939634 0.745152
16.264614 0.747922
16.587849 0.750693
16.668705 0.753463
17.005207 0.756233
17.022018 0.759003
17.192543 0.761773
17.391048 0.764543
17.453365 0.767313
18.370422 0.770083
19.326080 0.772853
19.886353 0.775623
19.991940 0.778393
20.638065 0.781163
20.755753 0.783934
22.116180 0.786704
22.520416 0.789474
22.582603 0.792244
22.751373 0.795014
23.183575 0.797784
23.247009 0.800554
23.994726 0.803324
24.046349 0.806094
24.315079 0.808864
24.463882 0.811634
25.511856 0.814404
25.726669 0.817175
28.854599 0.819945
29.851395 0.822715
30.044655 0.825485
30.225304 0.828255
30.443439 0.831025
30.991974 0.833795
31.986694 0.836565
32.255909 0.839335
32.989834 0.842105
33.116138 0.844875
34.990364 0.847645
35.654633 0.850416
36.262955 0.853186
40.930298 0.855956
41.288994 0.858726
44.671799 0.861496
46.083252 0.864266
46.230885 0.867036
47.724133 0.869806
52.296078 0.872576
53.881142 0.875346
53.933563 0.878116
56.309532 0.880886
58.694794 0.883657
63.095757 0.886427
64.251617 0.889197
65.334053 0.891967
66.015396 0.894737
69.585785 0.897507
71.442459 0.900277
74.383118 0.903047
78.067238 0.905817
80.416199 0.908587
80.735115 0.911357
81.396637 0.914127
82.472565 0.916898
84.240540 0.919668
86.413399 0.922438
89.183426 0.925208
102.393921 0.927978
109.115761 0.930748
110.981308 0.933518
113.566246 0.936288
126.565414 0.939058
129.811386 0.941828
139.119141 0.944598
140.299316 0.947368
142.318024 0.950139
143.001892 0.952909
144.238449 0.955679
156.373199 0.958449
156.980438 0.961219
168.358673 0.963989
173.337708 0.966759
187.257584 0.969529
195.108856 0.972299
199.133957 0.975069
213.675644 0.977839
218.214630 0.980609
233.023438 0.98338
288.154419 0.98615
381.990143 0.98892
402.656250 0.99169
594.636963 0.99446
609.341492 0.99723
641.009399 1
