0.00237783 0.00277008
0.00535413 0.00554017
0.0056132 0.00831025
0.0179226 0.0110803
0.029256 0.0138504
0.0961488 0.0166205
0.13058 0.0193906
0.131863 0.0221607
0.168233 0.0249307
0.176455 0.0277008
0.177604 0.0304709
0.179962 0.033241
0.192968 0.0360111
0.212283 0.0387812
0.227409 0.0415512
0.22762 0.0443213
0.236412 0.0470914
0.267386 0.0498615
0.268454 0.0526316
0.290792 0.0554017
0.293424 0.0581717
0.297738 0.0609418
0.302218 0.0637119
0.303404 0.066482
0.313612 0.0692521
0.327225 0.0720222
0.337017 0.0747922
0.3462 0.0775623
0.366277 0.0803324
0.369648 0.0831025
0.38335 0.0858726
0.406284 0.0886427
0.406836 0.0914127
0.410442 0.0941828
0.424937 0.0969529
0.427319 0.099723
0.441615 0.102493
0.444914 0.105263
0.44938 0.108033
0.451945 0.110803
0.451993 0.113573
0.471689 0.116343
0.478782 0.119114
0.514458 0.121884
0.517324 0.124654
0.537234 0.127424
0.560411 0.130194
0.57199 0.132964
0.5763 0.135734
0.581429 0.138504
0.584481 0.141274
0.602184 0.144044
0.61165 0.146814
0.612982 0.149584
0.651685 0.152355
0.658454 0.155125
0.718512 0.157895
0.729689 0.160665
0.736886 0.163435
0.747753 0.166205
0.759165 0.168975
0.763699 0.171745
0.78616 0.174515
0.798225 0.177285
0.812409 0.180055
0.818054 0.182825
0.831775 0.185596
0.836228 0.188366
0.839017 0.191136
0.85956 0.193906
0.885361 0.196676
0.93532 0.199446
0.943123 0.202216
0.950049 0.204986
0.988898 0.207756
1.00377 0.210526
1.01115 0.213296
1.02461 0.216066
1.03461 0.218837
1.05199 0.221607
1.08074 0.224377
1.10476 0.227147
1.15802 0.229917
1.17663 0.232687
1.20042 0.235457
1.23242 0.238227
1.24795 0.240997
1.2527 0.243767
1.28101 0.246537
1.36569 0.249307
1.37451 0.252078
1.37841 0.254848
1.38406 0.257618
1.39171 0.260388
1.39759 0.263158
1.41058 0.265928
1.43689 0.268698
1.45477 0.271468
1.45993 0.274238
1.46361 0.277008
1.50851 0.279778
1.52709 0.282548
1.54074 0.285319
1.56213 0.288089
1.57044 0.290859
1.5762 0.293629
1.58837 0.296399
1.66312 0.299169
1.67033 0.301939
1.68341 0.304709
1.70325 0.307479
1.72337 0.310249
1.77188 0.313019
1.77387 0.315789
1.7919 0.31856
1.84722 0.32133
1.86325 0.3241
1.88204 0.32687
1.88267 0.32964
1.94749 0.33241
1.96581 0.33518
2.00782 0.33795
2.04462 0.34072
2.04495 0.34349
2.0518 0.34626
2.0657 0.34903
2.07898 0.351801
2.08139 0.354571
2.13312 0.357341
2.16372 0.360111
2.17803 0.362881
2.20922 0.365651
2.29048 0.368421
2.3036 0.371191
2.39033 0.373961
2.43825 0.376731
2.51041 0.379501
2.57249 0.382271
2.61841 0.385042
2.64799 0.387812
2.78423 0.390582
3.01699 0.393352
3.05107 0.396122
3.27479 0.398892
3.27691 0.401662
3.36753 0.404432
3.46451 0.407202
3.56534 0.409972
3.61402 0.412742
3.73812 0.415512
3.75669 0.418283
3.7817 0.421053
3.82704 0.423823
3.84735 0.426593
4.10514 0.429363
4.25984 0.432133
4.26789 0.434903
4.30401 0.437673
4.30875 0.440443
4.31585 0.443213
4.3161 0.445983
4.46648 0.448753
4.65216 0.451524
4.76159 0.454294
4.91123 0.457064
4.98005 0.459834
5.13596 0.462604
5.21093 0.465374
5.31189 0.468144
5.34873 0.470914
5.39091 0.473684
5.50465 0.476454
5.59524 0.479224
5.59971 0.481994
5.6468 0.484765
5.65663 0.487535
5.77562 0.490305
5.82892 0.493075
5.88024 0.495845
5.93846 0.498615
6.12971 0.501385
6.13408 0.504155
6.13688 0.506925
6.15692 0.509695
6.18923 0.512465
6.21482 0.515235
6.23615 0.518006
6.27003 0.520776
6.5246 0.523546
7.00236 0.526316
7.00988 0.529086
7.21342 0.531856
7.27073 0.534626
7.30687 0.537396
7.32323 0.540166
7.39694 0.542936
7.58271 0.545706
7.83774 0.548476
8.04308 0.551247
8.12809 0.554017
8.26162 0.556787
8.36946 0.559557
8.45702 0.562327
8.51043 0.565097
8.53889 0.567867
8.63422 0.570637
8.72851 0.573407
8.85056 0.576177
8.88009 0.578947
8.89708 0.581717
8.95378 0.584488
9.41386 0.587258
9.58487 0.590028
9.6242 0.592798
9.725 0.595568
9.74963 0.598338
10.0151 0.601108
10.1405 0.603878
10.163 0.606648
10.1819 0.609418
10.2115 0.612188
10.2269 0.614958
10.6148 0.617729
10.7945 0.620499
11.0657 0.623269
11.1342 0.626039
11.223 0.628809
12.0588 0.631579
12.2203 0.634349
12.2851 0.637119
12.377 0.639889
12.6628 0.642659
12.7023 0.645429
12.7658 0.648199
13.033 0.65097
13.1994 0.65374
14.1183 0.65651
14.3136 0.65928
14.5526 0.66205
14.5615 0.66482
14.7636 0.66759
15.2053 0.67036
15.421 0.67313
15.7729 0.6759
15.8914 0.67867
16.1845 0.68144
16.3756 0.684211
16.4205 0.686981
16.7669 0.689751
16.7725 0.692521
16.7777 0.695291
17.0826 0.698061
17.8752 0.700831
18.2506 0.703601
18.5685 0.706371
18.9193 0.709141
18.9581 0.711911
19.6702 0.714681
19.701 0.717452
19.7806 0.720222
20.2128 0.722992
20.4686 0.725762
21.7809 0.728532
22.2143 0.731302
22.5935 0.734072
23.8623 0.736842
23.8655 0.739612
24.189 0.742382
24.6497 0.745152
25.0612 0.747922
25.298 0.750693
25.4196 0.753463
25.7752 0.756233
26.0184 0.759003
26.457 0.761773
26.9008 0.764543
27.4654 0.767313
27.8891 0.770083
27.9768 0.772853
28.2911 0.775623
28.4391 0.778393
28.4996 0.781163
28.7139 0.783934
29.1177 0.786704
29.7467 0.789474
31.1361 0.792244
31.5869 0.795014
31.7918 0.797784
32.1136 0.800554
32.3526 0.803324
33.1434 0.806094
33.6132 0.808864
33.9157 0.811634
35.088 0.814404
35.3607 0.817175
36.0322 0.819945
36.6251 0.822715
38.9644 0.825485
39.0509 0.828255
40.7495 0.831025
41.5261 0.833795
42.8276 0.836565
42.9974 0.839335
43.8558 0.842105
46.4667 0.844875
48.5234 0.847645
49.4025 0.850416
49.4199 0.853186
50.739 0.855956
51.7893 0.858726
53.6949 0.861496
55.1879 0.864266
55.5722 0.867036
55.9706 0.869806
57.5359 0.872576
57.6672 0.875346
59.4373 0.878116
64.3611 0.880886
64.8048 0.883657
65.5116 0.886427
65.7989 0.889197
66.6536 0.891967
67.8386 0.894737
68.3322 0.897507
72.3001 0.900277
73.8018 0.903047
74.4346 0.905817
75.9118 0.908587
76.0341 0.911357
77.3344 0.914127
78.6805 0.916898
84.9335 0.919668
93.0271 0.922438
94.3986 0.925208
94.6069 0.927978
97.0996 0.930748
98.5942 0.933518
104.064 0.936288
108.058 0.939058
108.15 0.941828
109.915 0.944598
110.114 0.947368
111.81 0.950139
119.769 0.952909
120.151 0.955679
120.784 0.958449
121.711 0.961219
132.183 0.963989
133.865 0.966759
137.559 0.969529
137.58 0.972299
143.068 0.975069
144.464 0.977839
145.172 0.980609
145.285 0.98338
147.888 0.98615
151.365 0.98892
176.003 0.99169
197.983 0.99446
208.169 0.99723
222.04 1
