1.972512 0.00277008
9.018908 0.00554017
14.775427 0.00831025
15.084068 0.0110803
43.502012 0.0138504
43.800637 0.0166205
56.494325 0.0193906
65.690339 0.0221607
74.832916 0.0249307
75.165129 0.0277008
76.674521 0.0304709
80.301052 0.033241
83.081651 0.0360111
83.322465 0.0387812
85.042447 0.0415512
85.152650 0.0443213
85.770124 0.0470914
85.994440 0.0498615
86.034232 0.0526316
87.025839 0.0554017
88.887167 0.0581717
89.290124 0.0609418
89.679432 0.0637119
89.860004 0.066482
91.889018 0.0692521
92.106313 0.0720222
92.201519 0.0747922
92.303890 0.0775623
92.473799 0.0803324
93.012184 0.0831025
93.073165 0.0858726
93.275601 0.0886427
93.392134 0.0914127
93.814272 0.0941828
94.003421 0.0969529
94.433290 0.099723
94.501293 0.102493
94.567055 0.105263
94.739211 0.108033
94.788760 0.110803
95.124614 0.113573
95.215875 0.116343
95.354521 0.119114
95.422083 0.121884
95.553094 0.124654
95.641088 0.127424
95.752895 0.130194
95.885581 0.132964
95.897418 0.135734
95.909059 0.138504
95.954734 0.141274
95.956057 0.144044
96.062398 0.146814
96.081203 0.149584
96.121389 0.152355
96.142799 0.155125
96.172863 0.157895
96.223092 0.160665
96.439308 0.163435
96.441281 0.166205
96.488684 0.168975
96.519554 0.171745
96.538949 0.174515
96.835190 0.177285
96.836895 0.180055
96.903288 0.182825
96.928614 0.185596
97.002518 0.188366
97.123760 0.191136
97.210854 0.193906
97.449428 0.196676
97.549802 0.199446
97.604966 0.202216
97.615892 0.204986
97.621900 0.207756
97.622138 0.210526
97.637057 0.213296
97.670889 0.216066
97.770578 0.218837
97.802049 0.221607
98.043805 0.224377
98.160833 0.227147
98.180759 0.229917
98.361695 0.232687
98.361856 0.235457
98.363334 0.238227
98.436409 0.240997
98.448807 0.243767
98.465562 0.246537
98.519897 0.249307
98.549342 0.252078
98.574317 0.254848
98.581129 0.257618
98.624998 0.260388
98.648876 0.263158
98.687905 0.265928
98.733634 0.268698
98.776680 0.271468
98.839670 0.274238
98.840904 0.277008
98.847526 0.279778
98.892921 0.282548
98.908329 0.285319
98.981684 0.288089
99.001157 0.290859
99.015534 0.293629
99.021065 0.296399
99.028206 0.299169
99.098897 0.301939
99.107414 0.304709
99.107629 0.307479
99.152625 0.310249
99.169105 0.313019
99.175042 0.315789
99.183798 0.31856
99.205834 0.32133
99.221325 0.3241
99.227554 0.32687
99.241453 0.32964
99.247575 0.33241
99.248600 0.33518
99.258828 0.33795
99.266660 0.34072
99.271679 0.34349
99.276829 0.34626
99.277830 0.34903
99.292433 0.351801
99.293441 0.354571
99.298847 0.357341
99.307358 0.360111
99.308980 0.362881
99.320465 0.365651
99.339682 0.368421
99.367344 0.371191
99.368536 0.373961
99.373662 0.376731
99.421066 0.379501
99.430424 0.382271
99.432343 0.385042
99.446279 0.387812
99.467176 0.390582
99.480242 0.393352
99.487531 0.396122
99.491346 0.398892
99.502891 0.401662
99.505615 0.404432
99.510008 0.407202
99.530137 0.409972
99.552625 0.412742
99.554473 0.415512
99.560779 0.418283
99.571103 0.421053
99.578601 0.423823
99.586481 0.426593
99.587703 0.429363
99.595147 0.432133
99.595231 0.434903
99.600536 0.437673
99.601567 0.440443
99.601966 0.443213
99.607474 0.445983
99.611366 0.448753
99.621260 0.451524
99.622846 0.454294
99.639714 0.457064
99.639988 0.459834
99.640477 0.462604
99.643332 0.465374
99.645215 0.468144
99.651843 0.470914
99.653590 0.473684
99.654645 0.476454
99.657667 0.479224
99.657774 0.481994
99.658924 0.484765
99.663585 0.487535
99.664867 0.490305
99.665755 0.493075
99.667907 0.495845
99.668831 0.498615
99.674672 0.501385
99.675095 0.504155
99.677670 0.506925
99.679536 0.509695
99.686384 0.512465
99.692339 0.515235
99.694610 0.518006
99.697274 0.520776
99.701101 0.523546
99.712342 0.526316
99.712396 0.529086
99.713951 0.531856
99.714059 0.534626
99.715519 0.537396
99.720311 0.540166
99.720383 0.542936
99.723357 0.545706
99.723685 0.548476
99.727345 0.551247
99.728411 0.554017
99.732339 0.556787
99.734640 0.559557
99.737686 0.562327
99.737716 0.565097
99.738371 0.567867
99.739236 0.570637
99.739242 0.573407
99.741757 0.576177
99.742657 0.578947
99.744916 0.581717
99.747628 0.584488
99.750751 0.587258
99.760938 0.590028
99.761653 0.592798
99.764895 0.595568
99.766773 0.598338
99.768651 0.601108
99.770772 0.603878
99.774700 0.606648
99.775863 0.609418
99.781281 0.612188
99.782777 0.614958
99.782813 0.617729
99.783301 0.620499
99.783736 0.623269
99.791181 0.626039
99.791539 0.628809
99.793458 0.631579
99.794531 0.634349
99.797982 0.637119
99.798644 0.639889
99.802786 0.642659
99.803692 0.645429
99.806350 0.648199
99.806631 0.65097
99.807912 0.65374
99.809039 0.65651
99.812812 0.65928
99.815005 0.66205
99.815565 0.66482
99.817449 0.66759
99.817985 0.67036
99.822026 0.67313
99.822146 0.6759
99.822634 0.67867
99.823272 0.68144
99.824166 0.684211
99.831307 0.686981
99.831527 0.689751
99.833727 0.692521
99.837852 0.695291
99.839813 0.698061
99.840224 0.700831
99.840605 0.703601
99.841797 0.706371
99.842113 0.709141
99.845606 0.711911
99.847698 0.714681
99.850166 0.717452
99.853963 0.720222
99.853998 0.722992
99.854285 0.725762
99.854290 0.728532
99.860358 0.731302
99.864137 0.734072
99.865186 0.736842
99.868512 0.739612
99.870700 0.742382
99.873269 0.745152
99.881577 0.747922
99.883342 0.750693
99.886769 0.753463
99.887097 0.756233
99.891484 0.759003
99.891526 0.761773
99.892604 0.764543
99.892771 0.767313
99.893475 0.770083
99.897128 0.772853
99.897277 0.775623
99.898535 0.778393
99.898636 0.781163
99.899048 0.783934
99.899191 0.786704
99.901795 0.789474
99.903792 0.792244
99.904341 0.795014
99.906927 0.797784
99.907768 0.800554
99.909979 0.803324
99.916893 0.806094
99.918872 0.808864
99.921149 0.811634
99.922621 0.814404
99.924374 0.817175
99.925131 0.819945
99.925715 0.822715
99.938971 0.825485
99.940443 0.828255
99.942487 0.831025
99.950272 0.833795
99.958932 0.836565
99.976104 0.839335
99.978131 0.842105
111.868346 0.844875
181.237984 0.847645
189.194489 0.850416
196.711588 0.853186
264.046931 0.855956
289.387417 0.858726
298.202968 0.861496
401.272202 0.864266
402.249146 0.867036
419.663954 0.869806
454.980135 0.872576
503.052235 0.875346
532.968378 0.878116
552.114677 0.880886
590.230560 0.883657
660.593653 0.886427
698.639393 0.889197
745.138788 0.891967
748.201036 0.894737
751.624489 0.897507
819.758415 0.900277
843.386459 0.903047
843.481350 0.905817
1003.600311 0.908587
1013.804913 0.911357
1314.376736 0.914127
1362.959480 0.916898
1386.536980 0.919668
1409.236050 0.922438
1511.674500 0.925208
1574.059105 0.927978
1947.086143 0.930748
2028.154755 0.933518
2185.609245 0.936288
2388.236618 0.939058
2422.317505 0.941828
2463.984489 0.944598
3497.076797 0.947368
3782.492447 0.950139
4290.358353 0.952909
4794.060516 0.955679
5538.788986 0.958449
5572.460938 0.961219
5745.788574 0.963989
5825.544357 0.966759
5880.646896 0.969529
10217.906189 0.972299
14595.188904 0.975069
21325.054932 0.977839
34670.520020 0.980609
192153.112793 0.98338
460818.603516 0.98615
612563.623047 0.98892
1294204.394531 0.99169
2442868.164062 0.99446
4119737.500000 0.99723
9791346.875000 1
