0.051912 0.00277008
0.063314 0.00554017
0.324410 0.00831025
0.353660 0.0110803
0.433601 0.0138504
0.477152 0.0166205
0.598301 0.0193906
0.607410 0.0221607
0.822513 0.0249307
0.895016 0.0277008
0.925626 0.0304709
0.940721 0.033241
1.116054 0.0360111
1.132863 0.0387812
1.401298 0.0415512
1.476294 0.0443213
1.526605 0.0470914
1.580302 0.0498615
1.623157 0.0526316
1.687586 0.0554017
1.732499 0.0581717
1.739845 0.0609418
1.740642 0.0637119
1.834472 0.066482
1.844460 0.0692521
1.853159 0.0720222
1.858077 0.0747922
1.905785 0.0775623
1.968723 0.0803324
2.026197 0.0831025
2.096555 0.0858726
2.108796 0.0886427
2.148424 0.0914127
2.242194 0.0941828
2.254693 0.0969529
2.277973 0.099723
2.328840 0.102493
2.333009 0.105263
2.408139 0.108033
2.567315 0.110803
2.569607 0.113573
2.660046 0.116343
2.682600 0.119114
2.686277 0.121884
2.703201 0.124654
2.756571 0.127424
2.829994 0.130194
2.939519 0.132964
3.003854 0.135734
3.274405 0.138504
3.343129 0.141274
3.358902 0.144044
3.467181 0.146814
3.518328 0.149584
3.601460 0.152355
3.744909 0.155125
3.766569 0.157895
3.767139 0.160665
3.793625 0.163435
3.811776 0.166205
4.114571 0.168975
4.137146 0.171745
4.169580 0.174515
4.169859 0.177285
4.179772 0.180055
4.196807 0.182825
4.301166 0.185596
4.347971 0.188366
4.437057 0.191136
4.437562 0.193906
4.469994 0.196676
4.590173 0.199446
4.854085 0.202216
4.916399 0.204986
5.020333 0.207756
5.092311 0.210526
5.125337 0.213296
5.162542 0.216066
5.196652 0.218837
5.208173 0.221607
5.241561 0.224377
5.285024 0.227147
5.310473 0.229917
5.481542 0.232687
5.577755 0.235457
5.604083 0.238227
5.621303 0.240997
5.780713 0.243767
5.806941 0.246537
5.865942 0.249307
5.876251 0.252078
5.969047 0.254848
6.102248 0.257618
6.435814 0.260388
6.439059 0.263158
6.570287 0.265928
6.629279 0.268698
6.699352 0.271468
6.747250 0.274238
6.807948 0.277008
6.814497 0.279778
6.852191 0.282548
6.905230 0.285319
6.916694 0.288089
7.264207 0.290859
7.392757 0.293629
7.402954 0.296399
7.509261 0.299169
7.525714 0.301939
7.543834 0.304709
7.721737 0.307479
7.725036 0.310249
7.905532 0.313019
8.026461 0.315789
8.046774 0.31856
8.166746 0.32133
8.183364 0.3241
8.219169 0.32687
8.228565 0.32964
8.486920 0.33241
8.534866 0.33518
8.598328 0.33795
8.631895 0.34072
8.677647 0.34349
8.772940 0.34626
9.017178 0.34903
9.144700 0.351801
9.228453 0.354571
9.422585 0.357341
9.715423 0.360111
9.798679 0.362881
10.038926 0.365651
10.114843 0.368421
10.282407 0.371191
10.342744 0.373961
10.375337 0.376731
10.407227 0.379501
10.526567 0.382271
10.777938 0.385042
10.878427 0.387812
11.070462 0.390582
11.101593 0.393352
11.391770 0.396122
11.416943 0.398892
11.436685 0.401662
11.510454 0.404432
11.530000 0.407202
11.577301 0.409972
11.604220 0.412742
11.651475 0.415512
11.733632 0.418283
11.756819 0.421053
11.938636 0.423823
12.079939 0.426593
12.129898 0.429363
12.255768 0.432133
12.390439 0.434903
12.458730 0.437673
12.469384 0.440443
12.469885 0.443213
12.679201 0.445983
12.724966 0.448753
13.176379 0.451524
13.280523 0.454294
13.306734 0.457064
13.308495 0.459834
13.400216 0.462604
13.605392 0.465374
13.721581 0.468144
13.740978 0.470914
13.776252 0.473684
13.936302 0.476454
13.987267 0.479224
14.157133 0.481994
14.166856 0.484765
14.256279 0.487535
14.275295 0.490305
14.393108 0.493075
14.637037 0.495845
14.680913 0.498615
14.902215 0.501385
14.918336 0.504155
15.208930 0.506925
15.334658 0.509695
15.336300 0.512465
15.507151 0.515235
15.510061 0.518006
15.645598 0.520776
15.651369 0.523546
15.915427 0.526316
16.010898 0.529086
16.264412 0.531856
17.153330 0.534626
17.423655 0.537396
17.451972 0.540166
17.672426 0.542936
17.833620 0.545706
17.888403 0.548476
17.899570 0.551247
18.122198 0.554017
18.443672 0.556787
18.490249 0.559557
18.576907 0.562327
18.609603 0.565097
18.614244 0.567867
18.676366 0.570637
18.688732 0.573407
18.839078 0.576177
18.864708 0.578947
18.870515 0.581717
18.904544 0.584488
18.951163 0.587258
19.163758 0.590028
19.227053 0.592798
19.620234 0.595568
19.732645 0.598338
19.804737 0.601108
19.905981 0.603878
20.056751 0.606648
20.205353 0.609418
20.586602 0.612188
20.713632 0.614958
20.974337 0.617729
21.102953 0.620499
21.139783 0.623269
21.149532 0.626039
21.246649 0.628809
21.623583 0.631579
21.649571 0.634349
21.787116 0.637119
21.839297 0.639889
22.146021 0.642659
22.245508 0.645429
22.398999 0.648199
22.430053 0.65097
22.443525 0.65374
23.101886 0.65651
23.117383 0.65928
23.563370 0.66205
23.876287 0.66482
24.097700 0.66759
24.899697 0.67036
25.407472 0.67313
25.550646 0.6759
25.762200 0.67867
25.811487 0.68144
25.887248 0.684211
26.243266 0.686981
26.390073 0.689751
26.746306 0.692521
27.317306 0.695291
28.056282 0.698061
28.459468 0.700831
28.933024 0.703601
29.042855 0.706371
29.855528 0.709141
30.098945 0.711911
30.197811 0.714681
30.774269 0.717452
32.047269 0.720222
33.031774 0.722992
33.625567 0.725762
33.728606 0.728532
33.933493 0.731302
34.079871 0.734072
34.099585 0.736842
34.445915 0.739612
34.751457 0.742382
34.912512 0.745152
34.928647 0.747922
35.057062 0.750693
35.117126 0.753463
35.128623 0.756233
35.290906 0.759003
35.338655 0.761773
35.421053 0.764543
35.518959 0.767313
35.683006 0.770083
35.968751 0.772853
36.461756 0.775623
36.826301 0.778393
36.873010 0.781163
37.279302 0.783934
39.173034 0.786704
40.330330 0.789474
40.964684 0.792244
41.394582 0.795014
42.195663 0.797784
43.035224 0.800554
43.076593 0.803324
43.459088 0.806094
44.159573 0.808864
44.886518 0.811634
46.051505 0.814404
46.231771 0.817175
47.176406 0.819945
47.176844 0.822715
47.182751 0.825485
47.286111 0.828255
48.565570 0.831025
48.743138 0.833795
50.239468 0.836565
50.394350 0.839335
51.398200 0.842105
52.140558 0.844875
52.383620 0.847645
54.123414 0.850416
54.282916 0.853186
54.328144 0.855956
55.657113 0.858726
56.104213 0.861496
56.361651 0.864266
59.762299 0.867036
60.325193 0.869806
60.352951 0.872576
62.561852 0.875346
63.608372 0.878116
67.425936 0.880886
74.224329 0.883657
80.939251 0.886427
82.754594 0.889197
84.155798 0.891967
85.074335 0.894737
87.910092 0.897507
99.042279 0.900277
103.904796 0.903047
113.360107 0.905817
118.383670 0.908587
120.173228 0.911357
120.576179 0.914127
122.873282 0.916898
129.282081 0.919668
132.041669 0.922438
136.090672 0.925208
136.799967 0.927978
142.585957 0.930748
144.316399 0.933518
144.846809 0.936288
145.402467 0.939058
151.180398 0.941828
165.817845 0.944598
167.149317 0.947368
173.720193 0.950139
180.091918 0.952909
181.851041 0.955679
185.511661 0.958449
194.110167 0.961219
202.259040 0.963989
213.551784 0.966759
216.408038 0.969529
239.784431 0.972299
247.056985 0.975069
249.387264 0.977839
250.937152 0.980609
253.209233 0.98338
266.821861 0.98615
293.602991 0.98892
421.591330 0.99169
441.532660 0.99446
483.861685 0.99723
638.778543 1
