.0017 0.00277008
.01033 0.00554017
.0117 0.00831025
.033 0.0110803
.0653 0.0138504
.066 0.0166205
.073 0.0193906
.0767 0.0221607
.0937 0.0249307
.108 0.0277008
.1083 0.0304709
.1347 0.033241
.142 0.0360111
.1593 0.0387812
.162 0.0415512
.175 0.0443213
.186 0.0470914
.190 0.0498615
.1977 0.0526316
.223 0.0554017
.2243 0.0581717
.2273 0.0609418
.2303 0.0637119
.2327 0.066482
.246 0.0692521
.2493 0.0720222
.2543 0.0747922
.2547 0.0775623
.259 0.0803324
.262 0.0831025
.284 0.0858726
.316 0.0886427
.3277 0.0914127
.3303 0.0941828
.335 0.0969529
.3493 0.099723
.353 0.102493
.362 0.105263
.3773 0.108033
.394 0.110803
.397 0.113573
.4007 0.116343
.4157 0.119114
.4343 0.121884
.4537 0.124654
.4983 0.127424
.499 0.130194
.527 0.132964
.529 0.135734
.556 0.138504
.5663 0.141274
.577 0.144044
.5893 0.146814
.5947 0.149584
.6003 0.152355
.6237 0.155125
.6357 0.157895
.6663 0.160665
.677 0.163435
.751 0.166205
.76167 0.168975
.764 0.171745
.7677 0.174515
.768 0.177285
.7687 0.180055
.79067 0.182825
.797 0.185596
.8153 0.188366
.819 0.191136
.8207 0.193906
.842 0.196676
.8687 0.199446
.930 0.202216
.9383 0.204986
.957 0.207756
.9793 0.210526
.9933 0.213296
.9987 0.216066
1.0047 0.218837
1.014 0.221607
1.0307 0.224377
1.0687 0.227147
1.0693 0.229917
1.1233 0.232687
1.129 0.235457
1.1313 0.238227
1.1547 0.240997
1.185 0.243767
1.211 0.246537
1.2373 0.249307
1.242 0.252078
1.243 0.254848
1.265 0.257618
1.2733 0.260388
1.30967 0.263158
1.396 0.265928
1.4103 0.268698
1.464 0.271468
1.472 0.274238
1.4987 0.277008
1.5083 0.279778
1.5307 0.282548
1.5497 0.285319
1.5517 0.288089
1.574 0.290859
1.603 0.293629
1.6067 0.296399
1.745 0.299169
1.782 0.301939
1.823 0.304709
1.8597 0.307479
1.8663 0.310249
1.8887 0.313019
1.8893 0.315789
1.9113 0.31856
1.927 0.32133
1.9653 0.3241
1.9783 0.32687
1.9813 0.32964
2.0023 0.33241
2.0683 0.33518
2.0703 0.33795
2.0743 0.34072
2.091 0.34349
2.113 0.34626
2.1437 0.34903
2.167 0.351801
2.2027 0.354571
2.218 0.357341
2.2513 0.360111
2.3083 0.362881
2.3143 0.365651
2.3297 0.368421
2.390 0.371191
2.4573 0.373961
2.5333 0.376731
2.575 0.379501
2.621 0.382271
2.747 0.385042
2.794 0.387812
2.8097 0.390582
2.9813 0.393352
2.9947 0.396122
3.2237 0.398892
3.2763 0.401662
3.3077 0.404432
3.3767 0.407202
3.592 0.409972
3.764 0.412742
3.9427 0.415512
3.9913 0.418283
4.094 0.421053
4.110 0.423823
4.1947 0.426593
4.307 0.429363
4.412 0.432133
4.4743 0.434903
4.533 0.437673
4.548 0.440443
4.844 0.443213
4.9193 0.445983
5.More 0.811634
5.1063 0.448753
5.1573 0.451524
5.170 0.454294
5.246 0.457064
5.2863 0.459834
5.3127 0.462604
5.3287 0.465374
5.581 0.468144
5.5877 0.470914
5.6677 0.473684
6.0353 0.479224
6.0367 0.481994
6.0897 0.484765
6.1427 0.487535
6.1567 0.490305
6.526 0.493075
6.5303 0.495845
6.595 0.498615
6.7113 0.501385
6.746 0.504155
6.774 0.506925
6.776 0.509695
6.8377 0.512465
6.999 0.515235
7.0703 0.518006
7.223 0.520776
7.2893 0.523546
7.3153 0.526316
7.329 0.529086
7.394 0.531856
7.4167 0.534626
7.4457 0.537396
7.5783 0.540166
7.6243 0.542936
8.029 0.545706
8.0657 0.548476
8.1583 0.551247
8.4713 0.554017
8.5257 0.556787
8.762 0.559557
8.852 0.562327
8.891 0.565097
8.9097 0.567867
8.955 0.570637
9.136 0.573407
9.2003 0.576177
9.248 0.578947
9.2873 0.581717
9.608 0.584488
9.6397 0.587258
9.707 0.590028
9.8687 0.592798
10.1557 0.592798
10.1737 0.595568
10.241 0.598338
10.2417 0.601108
10.4227 0.603878
10.4783 0.606648
10.4927 0.609418
10.554 0.612188
10.6647 0.614958
10.8963 0.617729
11.216 0.620499
11.389 0.623269
11.4823 0.626039
11.5213 0.628809
11.649 0.631579
12.0553 0.634349
12.1803 0.637119
12.233 0.639889
12.2803 0.642659
12.6723 0.645429
13.019 0.648199
13.3243 0.65097
13.3923 0.65374
13.874 0.65651
14.0333 0.65928
14.195 0.66205
14.325 0.66482
14.5663 0.66759
14.6313 0.67036
14.8577 0.67313
15.193 0.6759
15.6267 0.67867
15.812 0.68144
15.9707 0.684211
16.3803 0.686981
16.4357 0.689751
16.7467 0.692521
16.7913 0.695291
16.844 0.698061
17.2517 0.700831
17.448 0.703601
17.695 0.706371
18.568 0.709141
18.6137 0.711911
18.650 0.714681
18.9373 0.717452
18.9617 0.720222
19.695 0.722992
20.4843 0.725762
21.5317 0.728532
21.541 0.731302
21.6467 0.734072
21.7637 0.736842
22.019 0.739612
22.6073 0.742382
22.7263 0.745152
24.030 0.747922
24.632 0.750693
24.905 0.753463
24.922 0.756233
26.011 0.759003
26.2123 0.761773
26.511 0.764543
27.4833 0.767313
27.998 0.770083
28.2607 0.772853
28.363 0.775623
28.592 0.778393
28.918 0.781163
28.9453 0.783934
29.019 0.786704
29.994 0.789474
31.0177 0.792244
32.0857 0.795014
33.6027 0.797784
33.883 0.800554
34.234 0.803324
35.0343 0.806094
35.330 0.808864
35.6443 0.811634
35.6807 0.814404
35.7853 0.817175
36.5293 0.819945
36.635 0.822715
37.045 0.825485
39.3897 0.828255
42.066 0.831025
43.4507 0.833795
43.796 0.836565
46.3783 0.839335
46.6997 0.842105
47.7603 0.844875
48.536 0.847645
49.2197 0.850416
50.4543 0.855956
52.7833 0.858726
53.504 0.861496
56.4083 0.864266
58.7407 0.867036
59.4253 0.869806
60.8937 0.872576
60.9797 0.875346
65.5387 0.878116
66.975 0.880886
67.341 0.883657
67.549 0.886427
68.129 0.889197
69.1493 0.891967
70.097 0.894737
71.3383 0.897507
73.6407 0.900277
75.8783 0.903047
76.4887 0.905817
76.7617 0.908587
77.9167 0.911357
78.294 0.914127
78.691 0.916898
86.5867 0.919668
93.7193 0.922438
97.8267 0.925208
102.597 0.925208
106.1843 0.927978
112.1867 0.930748
113.884 0.933518
114.161 0.936288
114.485 0.939058
114.795 0.941828
119.160 0.944598
119.827 0.947368
122.888 0.950139
123.788 0.952909
124.532 0.955679
125.713 0.958449
137.080 0.961219
143.202 0.963989
144.186 0.966759
145.702 0.969529
146.180 0.972299
148.4627 0.975069
148.8463 0.977839
152.207 0.980609
152.6703 0.98338
153.7747 0.98615
177.621 0.98892
203.488 0.99169
208.179 0.99446
226.172 0.99723
