0.677612 0.00277008
1.207520 0.00554017
3.463379 0.00831025
3.829102 0.0110803
4.943848 0.0138504
5.315552 0.0166205
6.466431 0.0193906
8.880127 0.0221607
9.527222 0.0249307
11.690002 0.0277008
11.949219 0.0304709
12.214722 0.033241
12.655212 0.0360111
15.046631 0.0387812
15.897583 0.0415512
16.903687 0.0443213
17.101074 0.0470914
17.906006 0.0498615
19.452881 0.0526316
19.564331 0.0581717
19.564331 0.0581717
19.700562 0.0609418
19.705566 0.0637119
20.766235 0.066482
21.693970 0.0692521
21.768433 0.0720222
21.890381 0.0747922
22.046631 0.0775623
22.587158 0.0803324
23.180908 0.0831025
24.012207 0.0858726
24.059448 0.0886427
24.255005 0.0914127
24.352539 0.0941828
25.043945 0.0969529
26.109863 0.099723
26.652222 0.102493
27.381958 0.105263
27.732056 0.108033
28.149902 0.110803
28.401733 0.113573
28.621826 0.116343
28.768555 0.119114
29.677124 0.121884
30.888916 0.124654
33.316284 0.127424
35.446777 0.130194
35.692749 0.132964
36.222778 0.135734
38.700989 0.138504
39.402527 0.141274
39.959961 0.144044
41.051392 0.146814
41.251709 0.149584
41.677612 0.152355
42.619507 0.155125
43.676147 0.157895
43.945557 0.160665
44.232300 0.163435
46.791870 0.166205
48.227539 0.168975
49.842590 0.171745
50.549316 0.174515
51.395630 0.177285
51.973755 0.180055
53.078857 0.182825
53.453125 0.185596
54.800415 0.188366
55.825073 0.191136
56.610901 0.193906
58.069458 0.196676
59.360596 0.199446
60.269287 0.202216
61.662964 0.204986
61.967163 0.207756
62.140503 0.210526
62.234131 0.213296
62.282837 0.216066
63.185669 0.218837
63.330200 0.221607
64.421509 0.224377
65.010010 0.227147
65.273071 0.229917
66.193359 0.232687
71.145508 0.235457
71.367554 0.238227
72.677612 0.240997
73.690552 0.243767
74.117920 0.246537
74.405640 0.249307
74.678589 0.252078
76.125610 0.254848
77.519775 0.257618
77.635620 0.260388
78.594849 0.263158
78.678589 0.265928
78.766357 0.268698
79.430176 0.271468
80.630981 0.274238
81.019043 0.277008
82.089661 0.279778
84.014038 0.282548
85.418457 0.285319
85.613159 0.288089
86.253174 0.290859
86.585815 0.293629
86.787842 0.296399
87.019409 0.299169
89.693848 0.301939
90.054565 0.304709
90.258179 0.307479
90.639343 0.310249
92.410400 0.313019
92.849854 0.315789
93.293945 0.31856
95.660889 0.32133
98.239136 0.3241
98.289368 0.32687
99.163452 0.32964
104.522949 0.33241
105.527222 0.33518
106.619263 0.33795
107.220154 0.34072
108.475708 0.34349
108.559082 0.34626
109.443970 0.34903
110.298462 0.351801
116.518066 0.354571
119.146240 0.357341
121.009033 0.360111
122.695679 0.362881
124.144531 0.365651
124.961426 0.368421
128.506958 0.371191
128.523926 0.373961
132.588379 0.376731
138.312378 0.379501
138.811768 0.382271
138.931030 0.385042
141.168884 0.387812
141.591675 0.390582
145.688354 0.393352
145.804321 0.396122
148.308838 0.398892
148.803589 0.401662
150.109009 0.404432
150.301147 0.407202
152.988037 0.409972
153.625488 0.412742
154.548584 0.415512
154.802124 0.418283
158.598022 0.421053
160.376953 0.423823
161.692871 0.426593
163.208008 0.429363
165.584717 0.432133
167.620667 0.434903
168.927856 0.437673
173.473022 0.440443
174.925293 0.443213
175.175293 0.445983
176.922363 0.448753
178.969727 0.451524
180.325684 0.454294
183.084961 0.457064
183.999634 0.459834
185.251343 0.462604
185.362915 0.465374
186.184326 0.468144
188.627930 0.470914
191.472900 0.473684
193.304688 0.476454
195.788208 0.479224
196.694702 0.481994
198.775269 0.484765
200.364258 0.487535
201.577759 0.490305
202.176270 0.493075
202.837402 0.495845
206.029297 0.498615
224.453613 0.501385
232.253540 0.504155
232.464966 0.506925
241.547974 0.509695
242.017212 0.512465
245.524536 0.515235
252.391357 0.518006
265.711060 0.520776
268.472900 0.523546
269.311768 0.526316
269.451904 0.529086
272.599487 0.531856
273.000244 0.534626
275.108643 0.537396
279.515991 0.540166
287.135254 0.542936
287.928223 0.545706
288.250244 0.548476
289.513428 0.551247
290.198608 0.554017
291.344360 0.556787
295.136719 0.559557
297.303345 0.562327
298.706299 0.565097
299.536011 0.567867
300.653198 0.570637
301.245239 0.573407
301.766479 0.576177
304.268066 0.578947
305.128906 0.581717
306.565186 0.584488
307.661987 0.587258
308.456421 0.590028
308.915894 0.592798
311.104370 0.595568
319.983887 0.598338
324.620605 0.601108
325.398071 0.603878
328.434204 0.606648
336.411987 0.609418
338.740845 0.612188
352.789062 0.614958
366.548340 0.617729
367.895996 0.620499
370.542969 0.623269
372.111084 0.626039
383.069397 0.628809
385.372681 0.631579
387.521362 0.634349
396.040405 0.637119
399.019043 0.639889
400.684082 0.642659
403.087402 0.645429
404.236694 0.648199
405.758057 0.65097
430.289551 0.65374
434.473389 0.65651
437.884033 0.65928
442.626221 0.66205
443.370728 0.66482
447.819580 0.66759
462.352539 0.67036
462.373413 0.67313
481.234131 0.6759
487.008301 0.67867
506.853882 0.68144
511.624878 0.684211
525.896729 0.686981
526.434692 0.689751
528.462158 0.692521
534.460571 0.695291
562.027588 0.698061
569.070557 0.700831
569.950562 0.703601
577.648193 0.706371
613.853882 0.709141
617.310547 0.711911
619.193481 0.714681
626.187622 0.717452
630.683594 0.720222
640.418457 0.722992
641.745117 0.725762
661.912842 0.728532
664.751709 0.731302
665.910400 0.734072
687.652832 0.736842
696.002197 0.739612
720.896729 0.742382
742.332520 0.745152
744.054199 0.747922
748.358521 0.750693
768.673340 0.753463
783.918579 0.756233
791.747314 0.759003
803.231201 0.761773
819.950439 0.764543
823.741699 0.767313
841.696411 0.770083
849.488159 0.772853
853.638062 0.775623
875.927979 0.778393
892.567627 0.781163
895.466187 0.783934
901.029907 0.786704
901.469727 0.789474
923.279175 0.792244
934.552124 0.795014
936.130615 0.797784
941.859375 0.800554
947.364380 0.803324
970.256104 0.806094
988.640015 0.808864
1025.306641 0.811634
1026.632812 0.814404
1029.372803 0.817175
1032.083984 0.819945
1034.463013 0.822715
1037.806885 0.825485
1053.955322 0.828255
1065.440063 0.831025
1101.770874 0.833795
1102.175659 0.836565
1186.643677 0.839335
1193.190918 0.842105
1200.126953 0.844875
1228.896362 0.847645
1231.487793 0.850416
1231.700562 0.853186
1241.852539 0.855956
1328.139282 0.858726
1372.703247 0.861496
1415.011597 0.864266
1421.411499 0.867036
1434.567017 0.869806
1492.906494 0.872576
1553.658447 0.875346
1624.715576 0.878116
1651.892578 0.880886
1709.620605 0.883657
1711.239502 0.886427
1788.816162 0.889197
1791.833862 0.891967
1814.554688 0.894737
1839.040283 0.897507
1839.643433 0.900277
1915.365479 0.903047
1993.758301 0.905817
2001.500732 0.908587
2010.231323 0.911357
2013.399048 0.914127
2146.572998 0.916898
2167.916992 0.919668
2169.193848 0.922438
2210.055664 0.925208
2306.181641 0.927978
2387.534180 0.930748
2515.361084 0.933518
2538.958008 0.936288
2636.643799 0.939058
2724.364502 0.941828
2782.236328 0.944598
2809.730957 0.947368
2924.331055 0.950139
2971.048828 0.952909
2993.449951 0.955679
3149.132812 0.958449
3175.193848 0.961219
3259.059570 0.963989
3316.989502 0.966759
3342.643311 0.969529
3582.317871 0.972299
3673.968994 0.975069
3682.298828 0.977839
4169.053223 0.980609
4870.374512 0.98338
5024.053223 0.98615
5133.867188 0.98892
5774.626953 0.99169
7581.622070 0.99446
7769.104492 0.99723
8172.869141 1
