1.4188 0.00277008
1.5133 0.00554017
2.49975 0.00831025
3.825 0.0110803
4.1350 0.0138504
4.162 0.0166205
4.725 0.0193906
4.750 0.0221607
5.3308 0.0249307
7.125 0.0277008
7.4025 0.0304709
8.475 0.033241
11.4008 0.0360111
11.4367 0.0387812
12.775 0.0415512
12.863 0.0443213
12.9975 0.0470914
13.938 0.0498615
14.350 0.0526316
16.1775 0.0554017
17.3025 0.0581717
18.000 0.0609418
18.1387 0.0637119
18.225 0.066482
19.1775 0.0692521
19.1892 0.0720222
19.850 0.0747922
20.175 0.0775623
20.9392 0.0803324
22.7763 0.0831025
23.1975 0.0858726
23.9650 0.0886427
24.0888 0.0914127
24.5187 0.0941828
24.5775 0.0969529
25.025 0.099723
26.950 0.102493
28.425 0.105263
28.963 0.108033
29.100 0.110803
31.050 0.113573
31.675 0.116343
32.3775 0.119114
33.4275 0.121884
33.4562 0.124654
33.9758 0.127424
34.188 0.130194
34.3258 0.132964
34.7025 0.135734
34.987 0.138504
36.7925 0.141274
37.575 0.144044
37.875 0.146814
37.9817 0.149584
38.8567 0.152355
39.6850 0.155125
41.2058 0.157895
42.9563 0.160665
43.837 0.163435
44.375 0.166205
45.5475 0.168975
48.000 0.171745
49.6742 0.174515
50.500 0.177285
51.2650 0.180055
51.4850 0.182825
51.9563 0.185596
52.688 0.188366
52.762 0.191136
53.1850 0.193906
53.9650 0.196676
54.250 0.199446
54.27525 0.202216
56.2938 0.204986
57.7650 0.207756
58.275 0.210526
58.5863 0.213296
58.650 0.216066
58.8350 0.218837
59.9575 0.221607
60.6438 0.224377
61.6650 0.227147
61.700 0.229917
63.963 0.232687
64.4558 0.235457
64.563 0.238227
64.625 0.240997
65.575 0.243767
66.90862 0.246537
68.2233 0.249307
69.5512 0.252078
70.4350 0.254848
71.1150 0.257618
71.7488 0.260388
73.200 0.263158
73.8238 0.265928
75.3108 0.268698
76.1775 0.271468
77.2613 0.274238
77.7350 0.277008
80.350 0.279778
81.575 0.282548
82.775 0.285319
83.4975 0.288089
86.3363 0.290859
90.375 0.293629
90.7992 0.296399
92.425 0.299169
93.688 0.301939
94.2850 0.304709
95.400 0.307479
95.5238 0.310249
95.6988 0.313019
100.0150 0.315789
102.113 0.31856
103.875 0.32133
104.700 0.3241
105.225 0.32687
105.300 0.32964
105.3150 0.33241
110.8012 0.33518
112.900 0.33795
113.72112 0.34072
113.7525 0.34349
115.250 0.34626
115.600 0.34903
117.3850 0.351801
122.2008 0.354571
123.125 0.357341
124.3608 0.360111
126.9263 0.362881
127.8937 0.365651
128.625 0.368421
128.9075 0.371191
129.2467 0.373961
131.875 0.376731
132.450 0.379501
132.7063 0.382271
135.125 0.385042
139.1688 0.387812
139.6242 0.390582
142.3425 0.393352
143.412 0.396122
145.7688 0.398892
154.525 0.401662
157.1925 0.404432
162.5025 0.407202
163.7388 0.409972
166.575 0.412742
168.2888 0.415512
174.8508 0.418283
175.550 0.421053
178.500 0.423823
179.400 0.426593
186.1692 0.429363
186.3313 0.432133
190.9575 0.434903
194.4113 0.437673
195.450 0.440443
197.475 0.443213
201.3650 0.445983
212.6775 0.448753
216.800 0.451524
218.500 0.454294
221.1175 0.457064
229.900 0.459834
232.5825 0.462604
245.7863 0.465374
248.213 0.468144
253.7025 0.470914
256.463 0.473684
262.8175 0.476454
262.9350 0.479224
263.5575 0.481994
263.850 0.484765
275.238 0.487535
276.0858 0.490305
280.1433 0.493075
286.688 0.495845
291.0325 0.498615
295.7025 0.501385
302.475 0.504155
303.563 0.506925
305.550 0.509695
309.2825 0.512465
312.5183 0.515235
313.362 0.518006
319.0012 0.520776
329.350 0.523546
335.813 0.526316
341.200 0.529086
349.6063 0.531856
353.5150 0.534626
355.788 0.537396
361.475 0.540166
361.600 0.542936
367.0363 0.545706
372.2850 0.548476
382.4133 0.551247
383.1692 0.554017
387.4008 0.556787
412.4575 0.559557
413.9425 0.562327
416.900 0.565097
421.125 0.567867
422.0813 0.570637
425.3567 0.573407
429.075 0.576177
432.0488 0.578947
445.800 0.581717
447.1658 0.584488
454.3275 0.587258
458.063 0.590028
460.1012 0.592798
461.1150 0.595568
462.9362 0.598338
467.425 0.601108
471.7062 0.603878
473.2612 0.606648
485.650 0.609418
488.213 0.612188
493.750 0.614958
503.4187 0.617729
520.275 0.620499
528.0888 0.623269
528.150 0.626039
529.9613 0.628809
532.3308 0.631579
540.8988 0.634349
556.2525 0.637119
571.438 0.639889
586.600 0.642659
589.487 0.645429
599.5437 0.648199
602.0150 0.65097
609.600 0.65374
611.8725 0.65651
618.825 0.65928
636.2392 0.66205
637.250 0.66482
653.475 0.66759
661.050 0.67036
666.5438 0.67313
698.8008 0.6759
709.1175 0.67867
718.050 0.68144
737.6025 0.684211
769.2483 0.686981
790.600 0.689751
796.9350 0.692521
804.6175 0.695291
814.8262 0.698061
817.2225 0.700831
836.5850 0.703601
837.0188 0.706371
838.325 0.709141
840.0675 0.711911
842.2150 0.714681
855.850 0.717452
856.5488 0.720222
878.2825 0.722992
883.250 0.725762
887.7487 0.728532
914.4563 0.731302
932.500 0.734072
933.938 0.736842
957.5958 0.739612
977.3213 0.742382
978.675 0.745152
979.4808 0.747922
981.400 0.750693
987.1425 0.753463
997.012 0.756233
1002.1725 0.759003
1035.9108 0.761773
1063.5892 0.764543
1077.487 0.767313
1080.8850 0.770083
1082.3338 0.772853
1082.3350 0.775623
1093.450 0.778393
1093.625 0.781163
1137.675 0.783934
1159.4575 0.786704
1174.1913 0.789474
1182.8562 0.792244
1194.0075 0.795014
1230.4925 0.797784
1251.600 0.800554
1273.5017 0.803324
1282.463 0.806094
1293.8775 0.808864
1300.0488 0.811634
1319.5825 0.814404
1337.600 0.817175
1338.0263 0.819945
1341.9488 0.822715
1377.1233 0.825485
1391.812 0.828255
1423.550 0.831025
1427.013 0.833795
1431.063 0.836565
1434.938 0.839335
1447.2650 0.842105
1456.000 0.844875
1468.5175 0.847645
1485.6325 0.850416
1497.225 0.853186
1497.838 0.855956
1499.700 0.858726
1522.3425 0.861496
1524.4925 0.864266
1535.263 0.867036
1547.350 0.869806
1548.313 0.872576
1550.8850 0.875346
1556.650 0.878116
1571.413 0.880886
1577.475 0.883657
1615.575 0.886427
1625.688 0.889197
1629.4013 0.891967
1638.2688 0.894737
1638.4675 0.897507
1657.0138 0.900277
1661.8988 0.903047
1688.725 0.905817
1694.150 0.908587
1695.5475 0.911357
1703.225 0.914127
1720.100 0.916898
1728.7325 0.919668
1749.875 0.922438
1751.2388 0.925208
1752.425 0.927978
1783.4575 0.930748
1790.025 0.933518
1802.325 0.936288
1820.100 0.939058
1821.275 0.941828
1827.250 0.944598
1831.750 0.947368
1855.7838 0.950139
1860.5788 0.952909
1896.9575 0.955679
1902.588 0.958449
1908.3788 0.961219
1919.0425 0.963989
1922.1838 0.966759
1967.275 0.969529
2118.8738 0.972299
2223.362 0.975069
2445.6675 0.977839
2522.7150 0.980609
2525.288 0.98338
2543.600 0.98615
2602.238 0.98892
2654.6075 0.99169
2761.5263 0.99446
2804.6675 0.99723
2827.150 1
