 0.00277008
0.00113633 0.00554017
0.00707243 0.00831025
0.0158543 0.0110803
0.0164509 0.0138504
0.0223639 0.0166205
0.082931 0.0193906
0.122031 0.0221607
0.150384 0.0249307
0.154476 0.0277008
0.183861 0.0304709
0.188173 0.033241
0.194806 0.0360111
0.196598 0.0387812
0.198262 0.0415512
0.216426 0.0443213
0.226851 0.0470914
0.241806 0.0498615
0.244798 0.0526316
0.244942 0.0554017
0.259701 0.0581717
0.260395 0.0609418
0.278678 0.0637119
0.289293 0.066482
0.303562 0.0692521
0.313073 0.0720222
0.3282 0.0747922
0.332521 0.0775623
0.340888 0.0803324
0.344571 0.0831025
0.353926 0.0858726
0.355545 0.0886427
0.395772 0.0914127
0.397129 0.0941828
0.410955 0.0969529
0.412489 0.099723
0.41514 0.102493
0.421561 0.105263
0.442111 0.108033
0.462246 0.110803
0.464211 0.113573
0.482322 0.116343
0.490935 0.119114
0.492529 0.121884
0.494988 0.124654
0.531172 0.127424
0.547071 0.130194
0.553984 0.132964
0.553995 0.135734
0.563606 0.138504
0.58924 0.141274
0.595265 0.144044
0.59977 0.146814
0.61637 0.149584
0.631084 0.152355
0.638979 0.155125
0.706909 0.157895
0.711535 0.160665
0.731385 0.163435
0.735994 0.166205
0.737156 0.168975
0.739715 0.171745
0.756738 0.174515
0.774357 0.177285
0.808617 0.180055
0.809551 0.182825
0.848502 0.185596
0.863996 0.188366
0.864224 0.191136
0.886629 0.193906
0.926134 0.196676
0.948194 0.199446
0.949928 0.202216
0.972411 0.204986
0.985212 0.207756
0.9864 0.210526
0.999643 0.213296
1.01925 0.216066
1.04981 0.218837
1.10007 0.221607
1.13646 0.224377
1.14671 0.227147
1.14813 0.229917
1.19533 0.232687
1.22061 0.235457
1.2369 0.238227
1.27872 0.240997
1.30976 0.243767
1.33092 0.246537
1.36198 0.249307
1.3777 0.252078
1.38248 0.254848
1.38671 0.257618
1.38735 0.260388
1.41215 0.263158
1.42958 0.265928
1.43174 0.268698
1.47668 0.271468
1.51795 0.274238
1.51884 0.277008
1.53941 0.279778
1.54455 0.282548
1.56356 0.285319
1.59141 0.288089
1.59484 0.290859
1.6137 0.293629
1.63042 0.296399
1.64866 0.299169
1.68384 0.301939
1.71385 0.304709
1.74667 0.307479
1.80732 0.310249
1.84368 0.313019
1.84638 0.315789
1.85196 0.31856
1.85394 0.32133
1.86026 0.3241
1.91487 0.32687
1.94934 0.32964
1.97888 0.33241
1.98773 0.33518
2.06051 0.33795
2.07816 0.34072
2.08189 0.34349
2.10452 0.34626
2.12482 0.34903
2.1568 0.351801
2.21893 0.354571
2.24127 0.357341
2.28082 0.360111
2.47307 0.362881
2.49774 0.365651
2.55384 0.368421
2.59364 0.371191
2.63847 0.373961
2.7101 0.376731
3.01723 0.379501
3.03103 0.382271
3.20284 0.385042
3.23547 0.387812
3.3636 0.390582
3.47289 0.393352
3.617 0.396122
3.71881 0.398892
3.72262 0.401662
3.78951 0.404432
4.12459 0.407202
4.22903 0.409972
4.25389 0.412742
4.28857 0.415512
4.62954 0.418283
4.8011 0.421053
4.83117 0.423823
4.85219 0.426593
4.94766 0.429363
5.08702 0.432133
5.20733 0.434903
5.31263 0.437673
5.3294 0.440443
5.33274 0.443213
5.61934 0.445983
5.6227 0.448753
5.66408 0.451524
5.78908 0.454294
5.80178 0.457064
5.8581 0.459834
5.87611 0.462604
6.08605 0.465374
6.12793 0.468144
6.21464 0.470914
6.22511 0.473684
6.503 0.476454
6.98658 0.479224
7.20819 0.481994
7.22072 0.484765
7.32314 0.487535
7.35292 0.490305
7.35382 0.493075
7.38615 0.495845
7.57015 0.498615
7.86807 0.501385
8.02385 0.504155
8.05329 0.506925
8.27093 0.509695
8.45154 0.512465
8.49815 0.515235
8.55457 0.518006
8.61068 0.520776
8.72422 0.523546
8.88659 0.526316
8.94239 0.529086
9.00065 0.531856
9.61807 0.534626
9.63943 0.537396
9.79376 0.540166
10.0486 0.542936
10.08 0.545706
10.1261 0.548476
10.1949 0.551247
10.2089 0.554017
10.2271 0.556787
10.6429 0.559557
10.6586 0.562327
11.0837 0.565097
11.1417 0.567867
11.1423 0.570637
11.2507 0.573407
11.9735 0.576177
12.1105 0.578947
12.2587 0.581717
12.308 0.584488
12.6451 0.587258
12.6739 0.590028
12.7296 0.592798
12.7508 0.595568
13.1046 0.598338
13.7677 0.601108
14.2248 0.603878
14.3329 0.606648
14.5193 0.609418
14.7746 0.612188
15.0275 0.614958
15.2279 0.617729
15.3028 0.620499
15.8417 0.623269
16.193 0.626039
16.3066 0.628809
16.7197 0.631579
16.7852 0.634349
16.8334 0.637119
17.1128 0.639889
17.7508 0.642659
17.9209 0.645429
18.2322 0.648199
18.5205 0.65097
18.9638 0.65374
18.9922 0.65651
19.0439 0.65928
19.6755 0.66205
19.8331 0.66482
20.3857 0.66759
20.6278 0.67036
20.7953 0.67313
21.6703 0.6759
22.0981 0.67867
22.5988 0.68144
22.6131 0.684211
23.0669 0.686981
23.8983 0.689751
24.0356 0.692521
24.0453 0.695291
24.5121 0.698061
24.9182 0.700831
25.225 0.703601
25.2811 0.706371
25.4219 0.709141
25.8813 0.711911
26.8019 0.714681
27.4688 0.717452
28.1927 0.720222
28.3481 0.722992
28.4362 0.725762
28.5772 0.728532
29.417 0.731302
29.6963 0.734072
29.6981 0.736842
29.7503 0.739612
30.0286 0.742382
30.6213 0.745152
31.1533 0.747922
31.3358 0.750693
31.7725 0.753463
32.0216 0.756233
32.3676 0.759003
32.857 0.761773
33.522 0.764543
33.5422 0.767313
33.9501 0.770083
34.0567 0.772853
34.8987 0.775623
35.2404 0.778393
35.9658 0.781163
36.2465 0.783934
36.2529 0.786704
37.2578 0.789474
38.0642 0.792244
38.8745 0.795014
40.2463 0.797784
40.5745 0.800554
43.3654 0.803324
44.3608 0.806094
47.5188 0.808864
48.7766 0.811634
49.4057 0.814404
49.4708 0.817175
50.3331 0.819945
51.3457 0.822715
51.6161 0.825485
51.802 0.828255
55.098 0.831025
55.1951 0.833795
57.1051 0.836565
57.299 0.839335
57.6747 0.842105
65.2523 0.844875
66.5737 0.847645
66.7352 0.850416
67.8468 0.853186
68.0555 0.855956
68.2177 0.858726
70.3034 0.861496
72.3056 0.864266
72.7518 0.867036
73.8274 0.869806
74.1689 0.872576
75.802 0.875346
75.8294 0.878116
76.0403 0.880886
77.0753 0.883657
80.0109 0.886427
84.9486 0.889197
85.6581 0.891967
87.4267 0.894737
92.8259 0.897507
94.6549 0.900277
98.4959 0.903047
105.321 0.905817
106.472 0.908587
108.377 0.911357
109.292 0.914127
111.822 0.916898
111.987 0.919668
116.743 0.922438
119.162 0.925208
119.64 0.927978
122.435 0.930748
122.631 0.933518
132.241 0.936288
137.066 0.939058
151.388 0.941828
156.047 0.944598
161.277 0.947368
171.554 0.950139
175.765 0.952909
176.319 0.955679
179.02 0.958449
180.514 0.961219
189.978 0.963989
190.07 0.966759
191.835 0.969529
202.071 0.972299
202.704 0.975069
215.785 0.977839
219.479 0.980609
224.988 0.98338
226.384 0.98615
227.092 0.98892
229.808 0.99169
320.863 0.99446
331.049 0.99723
344.92 1
