0.002016 0.00277008
0.016311 0.00554017
0.071048 0.00831025
0.080713 0.0110803
0.085986 0.0138504
0.109527 0.0166205
0.112415 0.0193906
0.13637 0.0221607
0.14437 0.0249307
0.154952 0.0277008
0.158926 0.0304709
0.159547 0.033241
0.168072 0.0360111
0.193598 0.0387812
0.200176 0.0415512
0.217333 0.0443213
0.224498 0.0470914
0.242101 0.0498615
0.247257 0.0526316
0.256671 0.0554017
0.259208 0.0581717
0.273064 0.0609418
0.300108 0.0637119
0.308847 0.066482
0.316666 0.0692521
0.323921 0.0720222
0.351348 0.0747922
0.358092 0.0775623
0.36292 0.0803324
0.371257 0.0831025
0.377995 0.0858726
0.404467 0.0886427
0.420774 0.0914127
0.435361 0.0941828
0.460539 0.0969529
0.471083 0.099723
0.471583 0.102493
0.482884 0.105263
0.565289 0.108033
0.568769 0.110803
0.575917 0.113573
0.581837 0.116343
0.582298 0.119114
0.659836 0.121884
0.700627 0.124654
0.70408 0.127424
0.707156 0.130194
0.737003 0.132964
0.73792 0.135734
0.757481 0.138504
0.800585 0.141274
0.832996 0.144044
0.842301 0.146814
0.859348 0.149584
0.861535 0.152355
0.879835 0.155125
0.891241 0.157895
0.899618 0.160665
0.913255 0.163435
0.915797 0.166205
0.925555 0.168975
0.930472 0.171745
0.943437 0.174515
0.944776 0.177285
0.957299 0.180055
0.964807 0.182825
0.96943 0.185596
0.971675 0.188366
1.022 0.191136
1.02606 0.193906
1.03731 0.196676
1.06004 0.199446
1.0667 0.202216
1.08397 0.204986
1.08924 0.207756
1.10736 0.210526
1.10872 0.213296
1.11073 0.216066
1.11479 0.218837
1.14795 0.221607
1.19865 0.224377
1.2447 0.227147
1.26049 0.229917
1.26533 0.232687
1.29571 0.235457
1.30793 0.238227
1.32524 0.240997
1.33853 0.243767
1.35612 0.246537
1.36815 0.249307
1.40954 0.252078
1.45036 0.254848
1.48068 0.257618
1.50368 0.260388
1.51315 0.263158
1.53601 0.265928
1.53944 0.268698
1.564 0.271468
1.5892 0.274238
1.60947 0.277008
1.60982 0.279778
1.63081 0.282548
1.63358 0.285319
1.68689 0.288089
1.69788 0.290859
1.71672 0.293629
1.72265 0.296399
1.74957 0.299169
1.80723 0.301939
1.89742 0.304709
1.90664 0.307479
1.90749 0.310249
1.91639 0.313019
1.91785 0.315789
1.93928 0.31856
1.94616 0.32133
2.00523 0.3241
2.03201 0.32687
2.06465 0.32964
2.09364 0.33241
2.126 0.33518
2.14787 0.33795
2.15396 0.34072
2.16651 0.34349
2.25297 0.34626
2.2536 0.34903
2.27763 0.351801
2.394 0.354571
2.48256 0.357341
2.49383 0.360111
2.51292 0.362881
2.65495 0.365651
2.69171 0.368421
2.70015 0.371191
2.76185 0.373961
2.8519 0.376731
2.89581 0.379501
2.89829 0.382271
2.92267 0.385042
2.92566 0.387812
2.99203 0.390582
3.02748 0.393352
3.08159 0.396122
3.09129 0.398892
3.11501 0.401662
3.16229 0.404432
3.18209 0.407202
3.2019 0.409972
3.21565 0.412742
3.25674 0.415512
3.27757 0.418283
3.30488 0.421053
3.357 0.423823
3.42509 0.426593
3.52169 0.429363
3.5374 0.432133
3.55641 0.434903
3.78136 0.437673
3.82751 0.440443
3.88638 0.443213
3.89346 0.445983
3.93647 0.448753
3.94791 0.451524
4.10205 0.454294
4.12266 0.457064
4.18525 0.459834
4.18907 0.462604
4.27132 0.465374
4.39417 0.468144
4.46966 0.470914
4.5475 0.473684
4.59282 0.476454
4.59995 0.479224
4.60766 0.481994
4.65746 0.484765
4.70315 0.487535
4.72801 0.490305
4.76661 0.493075
4.76865 0.495845
4.83249 0.498615
4.87623 0.501385
4.88303 0.504155
4.97812 0.506925
4.99099 0.509695
4.99625 0.512465
5.02176 0.515235
5.04731 0.518006
5.17987 0.520776
5.19147 0.523546
5.25472 0.526316
5.28425 0.529086
5.32656 0.531856
5.32956 0.534626
5.50307 0.537396
5.54638 0.540166
5.58988 0.542936
5.62422 0.545706
5.67612 0.548476
5.68845 0.551247
5.71711 0.554017
5.74217 0.556787
5.77428 0.559557
5.88938 0.562327
5.90529 0.565097
5.92982 0.567867
6.0762 0.570637
6.24864 0.573407
6.25017 0.576177
6.25969 0.578947
6.33497 0.581717
6.38667 0.584488
6.4853 0.587258
6.52707 0.590028
6.6207 0.592798
6.69753 0.595568
6.69833 0.598338
6.74741 0.601108
6.84071 0.603878
7.4291 0.606648
7.59977 0.609418
7.73881 0.612188
7.8547 0.614958
7.97509 0.617729
8.37817 0.620499
8.48782 0.623269
8.7942 0.626039
8.8449 0.628809
8.86786 0.631579
9.06781 0.634349
9.2951 0.637119
9.48658 0.639889
9.51911 0.642659
10.2336 0.645429
10.2373 0.648199
10.3633 0.65097
10.5643 0.65374
10.6814 0.65651
10.8304 0.65928
11.0288 0.66205
11.2428 0.66482
11.3114 0.66759
11.3324 0.67036
11.5277 0.67313
11.7576 0.6759
11.8542 0.67867
11.9982 0.68144
12.0885 0.684211
12.107 0.686981
12.7862 0.689751
13.6896 0.692521
13.7178 0.695291
13.7467 0.698061
13.7566 0.700831
13.8116 0.703601
13.9441 0.706371
13.9672 0.709141
14.1839 0.711911
14.4924 0.714681
14.5843 0.717452
14.9622 0.720222
14.992 0.722992
15.3736 0.725762
15.5245 0.728532
15.9818 0.731302
16.1417 0.734072
16.304 0.736842
16.5965 0.739612
16.6957 0.742382
17.425 0.745152
17.4796 0.747922
17.879 0.750693
18.4048 0.753463
18.7455 0.756233
19.7649 0.759003
20.4875 0.761773
21.2531 0.764543
21.3868 0.767313
21.5886 0.770083
21.6989 0.772853
21.7449 0.775623
23.1803 0.778393
23.2622 0.781163
24.0236 0.783934
25.7642 0.786704
29.501 0.789474
30.2049 0.792244
30.7483 0.795014
30.9778 0.797784
31.1978 0.800554
31.2565 0.803324
32.3137 0.806094
33.0721 0.808864
33.1686 0.811634
33.2586 0.814404
33.5508 0.817175
33.6907 0.819945
34.4434 0.822715
35.6834 0.825485
38.8792 0.828255
38.9341 0.831025
43.6272 0.833795
50.057 0.836565
50.4599 0.839335
50.6252 0.842105
55.5933 0.844875
56.8478 0.847645
62.4606 0.850416
62.8227 0.853186
63.9165 0.855956
68.3338 0.858726
68.6336 0.861496
69.4367 0.864266
71.5877 0.867036
75.0988 0.869806
77.648 0.872576
80.5145 0.875346
84.5539 0.878116
85.3278 0.880886
88.2892 0.883657
92.547 0.886427
94.7651 0.889197
99.7694 0.891967
107.378 0.894737
108.543 0.897507
112.442 0.900277
115.483 0.903047
129.819 0.905817
133.59 0.908587
161.293 0.911357
166.15 0.914127
168.899 0.916898
180.813 0.919668
185.793 0.922438
187.6 0.925208
189.623 0.927978
190.674 0.930748
191.082 0.933518
214.805 0.936288
217.007 0.939058
236.578 0.941828
238.599 0.944598
239.51 0.947368
311.306 0.950139
314.407 0.952909
317.097 0.955679
320.931 0.958449
381.995 0.961219
482.356 0.963989
655.733 0.966759
779.898 0.969529
793.97 0.972299
880.471 0.975069
932.696 0.977839
1107.28 0.980609
1141.04 0.98338
1143.85 0.98615
1196.24 0.98892
1757.43 0.99169
5157.24 0.99446
5925.64 0.99723
8864.34 1
