.1487 0.00277008
.7308 0.00554017
.77475 0.00831025
2.475 0.0110803
3.8350 0.0138504
4.0808 0.0166205
4.750 0.0193906
4.950 0.0221607
5.325 0.0249307
6.387 0.0277008
7.0275 0.0304709
8.100 0.033241
9.4758 0.0360111
11 0.0387812
11.7867 0.0415512
11.9475 0.0443213
13.938 0.0470914
14.175 0.0498615
14.8275 0.0526316
15.312 0.0554017
16.275 0.0581717
16.375 0.0609418
17.4525 0.0637119
18.450 0.066482
19.1025 0.0692521
19.425 0.0720222
19.6262 0.0747922
19.850 0.0775623
19.8887 0.0803324
20.1513 0.0831025
21.8138 0.0858726
22.2512 0.0886427
24.5775 0.0914127
24.7725 0.0941828
24.850 0.0969529
24.9150 0.099723
26.475 0.102493
27.1437 0.105263
27.650 0.108033
29.313 0.110803
29.550 0.113573
30.0525 0.116343
30.5638 0.119114
31.050 0.121884
31.1775 0.124654
31.188 0.127424
31.575 0.130194
31.675 0.132964
33.0138 0.135734
34.0275 0.138504
34.750 0.141274
35.3942 0.144044
37.5188 0.146814
38.3850 0.149584
38.7425 0.152355
38.9817 0.155125
39.675 0.157895
39.7317 0.160665
41.6433 0.163435
42.313 0.166205
44.1975 0.168975
46.112 0.171745
47.750 0.174515
47.850 0.177285
48.9650 0.180055
50.2350 0.182825
50.487 0.185596
50.9563 0.188366
51.188 0.191136
51.5350 0.193906
52.0362 0.196676
53.4650 0.199446
54.2938 0.202216
56.1650 0.204986
56.450 0.207756
56.5613 0.210526
57.12525 0.213296
57.600 0.216066
57.7350 0.218837
57.8575 0.221607
58.6438 0.224377
59.775 0.227147
61.8650 0.229917
62.0808 0.232687
63.250 0.235457
63.375 0.238227
64.625 0.240997
65.575 0.243767
65.713 0.246537
67.2613 0.249307
69.18362 0.252078
70.5150 0.254848
70.8262 0.257618
70.8488 0.260388
71.8108 0.263158
72.262 0.265928
74.1858 0.268698
74.9025 0.271468
74.9350 0.274238
75.0863 0.277008
76.5350 0.279778
78.700 0.282548
81.375 0.285319
81.575 0.288089
84.4233 0.290859
84.8475 0.293629
90.825 0.296399
92.000 0.299169
92.1492 0.301939
92.425 0.304709
92.9850 0.307479
93.225 0.310249
93.5108 0.313019
94.9988 0.315789
98.2650 0.31856
102.750 0.32133
103.013 0.3241
103.688 0.32687
103.7150 0.32964
104.700 0.33241
104.775 0.33518
110.900 0.33795
111.4142 0.34072
113.937 0.34349
114.59612 0.34626
115.600 0.34903
116.3775 0.351801
116.4850 0.354571
120.8888 0.357341
121.100 0.360111
122.8608 0.362881
124.0383 0.365651
127.6575 0.368421
128.100 0.371191
129.2683 0.373961
129.3937 0.376731
130.2837 0.379501
130.687 0.382271
130.875 0.385042
132.062 0.387812
137.6688 0.390582
140.262 0.393352
140.5862 0.396122
141.6925 0.398892
144.2688 0.401662
152.2425 0.404432
155.925 0.407202
160.7775 0.409972
162.525 0.412742
163.3008 0.415512
167.2388 0.418283
173.3638 0.421053
174.975 0.423823
179.250 0.426593
179.600 0.429363
186.3313 0.432133
187.1692 0.434903
190.6075 0.437673
193.125 0.440443
193.3983 0.443213
196.575 0.445983
199.5650 0.448753
210.7275 0.451524
215.350 0.454294
220.600 0.457064
222.7425 0.459834
226.650 0.462604
232.1825 0.465374
244.8863 0.468144
247.313 0.470914
253.2525 0.473684
254.025 0.476454
261.9575 0.479224
262.3175 0.481994
263.850 0.484765
266.4350 0.487535
274.3238 0.490305
275.238 0.493075
279.6433 0.495845
284.250 0.498615
287.0575 0.501385
295.7025 0.504155
300.375 0.506925
301.088 0.509695
307.0075 0.512465
307.050 0.515235
307.4563 0.518006
311.525 0.520776
319.7142 0.523546
329.350 0.526316
335.813 0.529086
338.800 0.531856
349.2313 0.534626
353.5150 0.537396
354.538 0.540166
361.150 0.542936
361.475 0.545706
367.0363 0.548476
372.2850 0.551247
380.8383 0.554017
384.0638 0.556787
384.7942 0.559557
409.5075 0.562327
410.8925 0.565097
418.575 0.567867
419.4563 0.570637
421.100 0.573407
427.088 0.576177
427.3567 0.578947
432.0488 0.581717
444.550 0.584488
445.5538 0.587258
452.7525 0.590028
458.063 0.592798
460.0150 0.595568
462.5512 0.598338
464.200 0.601108
464.8612 0.603878
473.6442 0.606648
475.2112 0.609418
485.350 0.612188
488.213 0.614958
492.375 0.617729
504.1067 0.620499
520.275 0.623269
526.2483 0.626039
528.0888 0.628809
529.4558 0.631579
532.313 0.634349
537.4858 0.637119
556.2525 0.639889
571.000 0.642659
582.450 0.645429
590.275 0.648199
602.4817 0.65097
602.7650 0.65374
611.650 0.65651
611.8725 0.65928
615.800 0.66205
637.8142 0.66482
640.062 0.66759
657.150 0.67036
663.900 0.67313
666.5438 0.6759
698.0138 0.67867
706.5175 0.68144
720.600 0.684211
740.1525 0.686981
768.1613 0.689751
790.600 0.692521
798.5350 0.695291
802.1425 0.698061
816.1392 0.700831
817.2225 0.703601
837.0188 0.706371
837.188 0.709141
837.3350 0.711911
839.5650 0.714681
840.0675 0.717452
852.2358 0.720222
855.850 0.722992
875.8575 0.725762
883.250 0.728532
890.1987 0.731302
914.4563 0.734072
932.500 0.736842
933.938 0.739612
956.1088 0.742382
973.9583 0.745152
976.6688 0.747922
978.675 0.750693
981.400 0.753463
984.7425 0.756233
994.162 0.759003
999.3225 0.761773
1030.6238 0.764543
1065.7762 0.767313
1072.200 0.770083
1076.5850 0.772853
1082.3338 0.775623
1082.3350 0.778393
1090.500 0.781163
1094.900 0.783934
1139.475 0.786704
1159.4575 0.789474
1171.4913 0.792244
1185.1062 0.795014
1194.0075 0.797784
1230.4925 0.800554
1253.437 0.803324
1274.5517 0.806094
1282.463 0.808864
1293.8775 0.811634
1300.0488 0.814404
1319.5825 0.817175
1337.600 0.819945
1338.0263 0.822715
1341.9488 0.825485
1369.8483 0.828255
1389.187 0.831025
1423.550 0.833795
1427.013 0.836565
1431.063 0.839335
1434.938 0.842105
1447.2650 0.844875
1450.950 0.847645
1468.5175 0.850416
1485.6325 0.853186
1489.500 0.855956
1497.838 0.858726
1499.700 0.861496
1522.3425 0.864266
1524.4925 0.867036
1536.100 0.869806
1547.350 0.872576
1548.313 0.875346
1550.8850 0.878116
1556.650 0.880886
1571.413 0.883657
1577.475 0.886427
1615.575 0.889197
1625.688 0.891967
1629.4013 0.894737
1638.2688 0.897507
1638.4675 0.900277
1657.0138 0.903047
1688.725 0.905817
1694.150 0.908587
1695.5475 0.911357
1703.225 0.914127
1713.500 0.916898
1728.7325 0.919668
1749.875 0.922438
1751.2388 0.925208
1752.425 0.927978
1783.4575 0.930748
1790.025 0.933518
1802.325 0.936288
1820.100 0.939058
1821.275 0.941828
1827.250 0.944598
1831.750 0.947368
1855.7838 0.950139
1860.5788 0.952909
1896.9575 0.955679
1902.588 0.958449
1908.3788 0.961219
1919.0425 0.963989
1922.1838 0.966759
1967.275 0.969529
2115.3108 0.972299
2220.262 0.975069
2445.6675 0.977839
2522.7150 0.980609
2525.288 0.98338
2543.600 0.98615
2602.238 0.98892
2654.6075 0.99169
2761.5263 0.99446
2804.6675 0.99723
2827.150 1
