0 0.00554017
0 0.00554017
.100 0.0138504
.100 0.0138504
.100 0.0138504
.200 0.0166205
.300 0.0221607
.300 0.0221607
.400 0.0249307
.500 0.0360111
.500 0.0360111
.500 0.0360111
.500 0.0360111
.600 0.0415512
.600 0.0415512
.700 0.0443213
1.000 0.0609418
1.000 0.0609418
1.000 0.0609418
1.000 0.0609418
1.000 0.0609418
1.000 0.0609418
1.200 0.0637119
1.300 0.066482
1.400 0.0747922
1.400 0.0747922
1.400 0.0747922
1.500 0.0775623
1.600 0.0831025
1.600 0.0831025
1.700 0.0886427
1.700 0.0886427
1.800 0.0914127
1.900 0.0941828
2.000 0.0969529
2.100 0.099723
2.200 0.102493
2.300 0.105263
2.400 0.110803
2.400 0.110803
2.500 0.116343
2.500 0.116343
2.600 0.124654
2.600 0.124654
2.600 0.124654
2.800 0.130194
2.800 0.130194
2.900 0.146814
2.900 0.146814
2.900 0.146814
2.900 0.146814
2.900 0.146814
2.900 0.146814
3.000 0.155125
3.000 0.155125
3.000 0.155125
3.200 0.160665
3.200 0.160665
3.300 0.174515
3.300 0.174515
3.300 0.174515
3.300 0.174515
3.300 0.174515
3.400 0.177285
3.600 0.191136
3.600 0.191136
3.600 0.191136
3.600 0.191136
3.600 0.191136
3.700 0.193906
4.100 0.196676
4.200 0.199446
4.300 0.207756
4.300 0.207756
4.300 0.207756
4.400 0.210526
4.500 0.213296
4.600 0.224377
4.600 0.224377
4.600 0.224377
4.600 0.224377
4.700 0.227147
4.800 0.235457
4.800 0.235457
4.800 0.235457
4.900 0.249307
4.900 0.249307
4.900 0.249307
4.900 0.249307
4.900 0.249307
5.200 0.252078
5.300 0.254848
5.500 0.257618
5.600 0.260388
5.900 0.263158
6.000 0.265928
6.300 0.271468
6.300 0.271468
6.400 0.274238
6.800 0.277008
6.900 0.282548
6.900 0.282548
7.000 0.288089
7.100 0.296399
7.100 0.296399
7.100 0.296399
7.200 0.304709
7.200 0.304709
7.200 0.304709
7.300 0.307479
7.400 0.310249
7.500 0.31856
7.500 0.31856
7.500 0.31856
7.900 0.32133
8.100 0.3241
8.200 0.32687
8.400 0.33241
8.400 0.33241
8.500 0.33795
8.500 0.33795
8.600 0.34072
8.800 0.34349
8.900 0.34626
9.000 0.354571
9.000 0.354571
9.000 0.354571
9.200 0.362881
9.200 0.362881
9.200 0.362881
9.300 0.365651
9.800 0.371191
9.800 0.371191
10.100 0.371191
10.200 0.373961
10.500 0.376731
10.600 0.382271
10.600 0.382271
10.800 0.385042
11.000 0.387812
11.100 0.390582
11.600 0.398892
11.600 0.398892
11.600 0.398892
11.700 0.401662
11.800 0.404432
11.900 0.407202
12.000 0.409972
12.200 0.412742
12.300 0.418283
12.300 0.418283
12.400 0.423823
12.400 0.423823
12.500 0.426593
12.600 0.429363
13.000 0.434903
13.000 0.434903
13.100 0.437673
13.300 0.440443
13.400 0.443213
13.500 0.448753
13.500 0.448753
13.700 0.451524
14.300 0.459834
14.300 0.459834
14.300 0.459834
14.700 0.462604
14.800 0.465374
15.000 0.468144
15.500 0.470914
15.900 0.473684
16.300 0.479224
16.300 0.479224
16.500 0.481994
16.600 0.484765
17.000 0.487535
17.400 0.493075
17.400 0.493075
17.500 0.495845
17.900 0.498615
18.000 0.501385
18.500 0.504155
18.700 0.506925
18.800 0.509695
19.400 0.512465
19.600 0.515235
19.800 0.518006
20.300 0.520776
20.400 0.523546
20.700 0.526316
21.300 0.529086
21.700 0.531856
21.800 0.534626
21.900 0.540166
21.900 0.540166
22.100 0.545706
22.100 0.545706
22.600 0.548476
22.700 0.551247
23.200 0.556787
23.200 0.556787
23.300 0.559557
23.400 0.565097
23.400 0.565097
23.600 0.567867
24.200 0.570637
24.600 0.573407
24.800 0.578947
24.800 0.578947
25.000 0.581717
25.500 0.584488
25.900 0.587258
26.000 0.590028
26.400 0.592798
26.600 0.595568
27.000 0.598338
27.500 0.601108
27.600 0.606648
27.600 0.606648
27.700 0.612188
27.700 0.612188
27.800 0.614958
28.000 0.620499
28.000 0.620499
28.300 0.623269
28.800 0.626039
29.600 0.628809
29.700 0.631579
29.900 0.634349
30.100 0.637119
30.500 0.639889
30.700 0.642659
32.400 0.648199
32.400 0.648199
32.800 0.65097
33.700 0.65651
33.700 0.65651
34.100 0.65928
34.600 0.66482
34.600 0.66482
34.700 0.66759
34.900 0.67036
35.400 0.67313
36.200 0.6759
36.500 0.67867
36.800 0.68144
37.400 0.684211
37.600 0.689751
37.600 0.689751
38.300 0.692521
38.400 0.695291
39.600 0.698061
40.300 0.700831
40.500 0.703601
40.700 0.706371
41.100 0.709141
42.300 0.714681
42.300 0.714681
43.100 0.717452
43.400 0.720222
43.500 0.722992
43.600 0.725762
43.900 0.728532
44.800 0.731302
45.200 0.734072
46.900 0.736842
47.200 0.739612
47.500 0.742382
53.900 0.745152
54.300 0.747922
57.100 0.750693
57.900 0.753463
58.900 0.756233
59.600 0.759003
60.600 0.764543
61.600 0.772853
61.600 0.772853
61.600 0.772853
63.500 0.775623
63.900 0.781163
63.900 0.781163
66.200 0.783934
66.800 0.786704
69.100 0.789474
71.600 0.792244
71.900 0.795014
72.700 0.797784
73.300 0.800554
75.300 0.803324
77.100 0.808864
77.100 0.808864
77.500 0.811634
80.600 0.814404
81.500 0.817175
82.400 0.819945
86.300 0.822715
86.700 0.825485
86.900 0.828255
87.200 0.831025
89.000 0.833795
90.600 0.836565
91.500 0.839335
93.600 0.842105
95.100 0.844875
95.300 0.847645
95.900 0.850416
98.200 0.853186
98.500 0.855956
100.000 0.855956
101.400 0.858726
101.600 0.861496
101.900 0.864266
102.700 0.867036
103.600 0.869806
104.700 0.872576
105.500 0.875346
107.900 0.878116
108.000 0.880886
110.900 0.883657
112.400 0.886427
112.900 0.889197
113.100 0.891967
114.200 0.897507
114.200 0.897507
117.100 0.900277
119.100 0.903047
120.900 0.905817
121.200 0.908587
122.000 0.911357
122.900 0.914127
123.100 0.916898
123.200 0.919668
124.400 0.922438
128.500 0.925208
128.600 0.927978
129.700 0.930748
132.300 0.933518
132.600 0.936288
132.800 0.939058
135.800 0.941828
138.400 0.944598
139.600 0.947368
141.900 0.950139
145.300 0.952909
145.600 0.955679
146.700 0.958449
147.600 0.961219
149.500 0.963989
150.800 0.966759
152.500 0.969529
153.500 0.972299
155.500 0.975069
158.700 0.977839
159.200 0.980609
161.400 0.98338
162.600 0.98615
164.000 0.98892
166.400 0.99169
167.100 0.99446
178.000 0.99723
