0.0158402 0.00277008
0.0392314 0.00554017
0.193214 0.00831025
0.279952 0.0110803
0.283929 0.0138504
0.29095 0.0166205
0.440318 0.0193906
0.453188 0.0221607
0.506895 0.0249307
0.560061 0.0277008
0.653534 0.0304709
0.784644 0.033241
0.817534 0.0360111
0.893379 0.0387812
0.894266 0.0415512
0.952683 0.0443213
0.955821 0.0470914
1.16672 0.0498615
1.25015 0.0526316
1.2786 0.0554017
1.43908 0.0581717
1.4836 0.0609418
1.63912 0.0637119
1.68316 0.066482
1.69737 0.0692521
1.81077 0.0720222
1.86165 0.0747922
1.89921 0.0775623
1.91675 0.0803324
2.04731 0.0831025
2.13974 0.0858726
2.27021 0.0886427
2.27364 0.0914127
2.27466 0.0941828
2.32578 0.0969529
2.43936 0.099723
2.50702 0.102493
2.56032 0.105263
2.59703 0.108033
2.61085 0.110803
2.61296 0.113573
2.64151 0.116343
2.67938 0.119114
2.70478 0.121884
2.73434 0.124654
2.84241 0.127424
2.90251 0.130194
2.91119 0.132964
2.94077 0.135734
3.04429 0.138504
3.35151 0.141274
3.41307 0.144044
3.47055 0.146814
3.60302 0.149584
3.85835 0.152355
3.98216 0.155125
4.00716 0.157895
4.12493 0.160665
4.25439 0.163435
4.34713 0.166205
4.38687 0.168975
4.46031 0.171745
4.52028 0.174515
4.60436 0.177285
4.61365 0.180055
4.71315 0.182825
4.73962 0.185596
4.79947 0.188366
4.89771 0.191136
4.91558 0.193906
5.08793 0.196676
5.14318 0.199446
5.27396 0.202216
5.33601 0.204986
5.3585 0.207756
5.44179 0.210526
5.45206 0.213296
5.47947 0.216066
5.80174 0.218837
5.87782 0.221607
5.97069 0.224377
6.02659 0.227147
6.32682 0.229917
6.3366 0.232687
6.43504 0.235457
6.63767 0.238227
6.77592 0.240997
6.79112 0.243767
6.80842 0.246537
6.90228 0.249307
6.9548 0.252078
7.0638 0.254848
7.18581 0.257618
7.2185 0.260388
7.26346 0.263158
7.40865 0.265928
7.41241 0.268698
7.44592 0.271468
7.49993 0.274238
7.58053 0.277008
7.62405 0.279778
7.82524 0.282548
7.86472 0.285319
7.86704 0.288089
7.93688 0.290859
7.95687 0.293629
8.0058 0.296399
8.08529 0.299169
8.21803 0.301939
8.46316 0.304709
8.48382 0.307479
8.61236 0.310249
8.61706 0.313019
8.63556 0.315789
8.69465 0.31856
8.77657 0.32133
8.78491 0.3241
8.88253 0.32687
8.88778 0.32964
9.10833 0.33241
9.25002 0.33518
9.25358 0.33795
9.57067 0.34072
9.79593 0.34349
9.95246 0.34626
10.0882 0.34903
10.2704 0.351801
10.2939 0.354571
10.3987 0.357341
10.5716 0.360111
11.0214 0.362881
11.151 0.365651
11.3144 0.368421
11.4107 0.371191
11.6525 0.373961
11.6977 0.376731
11.7086 0.379501
11.7106 0.382271
11.7725 0.385042
11.9381 0.387812
12.1057 0.390582
12.1368 0.393352
12.193 0.396122
12.2248 0.398892
12.2575 0.401662
12.3338 0.404432
12.3431 0.407202
12.5606 0.409972
12.846 0.412742
12.9316 0.415512
13.4508 0.418283
13.4614 0.421053
13.5406 0.423823
13.7229 0.426593
13.8659 0.429363
13.8724 0.432133
13.8785 0.434903
13.8844 0.437673
13.9088 0.440443
13.999 0.443213
14.0868 0.445983
14.0969 0.448753
14.2558 0.451524
14.3526 0.454294
14.3943 0.457064
14.5138 0.459834
14.647 0.462604
14.7315 0.465374
14.8554 0.468144
14.997 0.470914
15.0926 0.473684
15.2526 0.476454
15.3106 0.479224
15.3156 0.481994
15.3991 0.484765
15.4586 0.487535
15.4794 0.490305
15.5489 0.493075
15.5954 0.495845
15.8258 0.498615
15.9403 0.501385
15.9436 0.504155
15.98 0.506925
16.0394 0.509695
16.1791 0.512465
16.3464 0.515235
16.5238 0.518006
16.6318 0.520776
17.219 0.523546
17.2746 0.526316
17.4448 0.529086
17.9806 0.531856
18.4393 0.534626
18.5938 0.537396
18.8413 0.540166
18.8925 0.542936
19.1605 0.545706
19.4181 0.548476
19.4357 0.551247
19.8069 0.554017
19.9645 0.556787
20.0348 0.559557
20.1465 0.562327
20.2199 0.565097
20.2296 0.567867
20.3343 0.570637
20.5213 0.573407
20.5927 0.576177
20.6083 0.578947
20.6785 0.581717
20.8095 0.584488
21.0511 0.587258
21.1617 0.590028
21.2413 0.592798
21.2604 0.595568
21.3701 0.598338
21.4413 0.601108
21.4444 0.603878
21.6219 0.606648
21.8086 0.609418
22.1395 0.612188
22.6233 0.614958
22.6658 0.617729
22.7317 0.620499
22.9368 0.623269
23.286 0.626039
23.6702 0.628809
23.6754 0.631579
23.7946 0.634349
24.1301 0.637119
24.1937 0.639889
24.5421 0.642659
24.5548 0.645429
24.6007 0.648199
24.7086 0.65097
24.8637 0.65374
25.0949 0.65651
25.1729 0.65928
25.2078 0.66205
25.6094 0.66482
25.7951 0.66759
25.9334 0.67036
25.9903 0.67313
27.348 0.6759
27.9577 0.67867
28.2175 0.68144
28.7734 0.684211
29.3844 0.686981
29.4851 0.689751
29.4882 0.692521
29.6016 0.695291
29.6767 0.698061
29.952 0.700831
30.253 0.703601
30.5715 0.706371
31.1419 0.709141
32.1939 0.711911
33.8025 0.714681
34.1131 0.720222
34.1131 0.720222
34.8192 0.722992
34.9672 0.725762
34.9864 0.728532
35.0823 0.731302
35.1056 0.734072
35.2941 0.736842
35.5855 0.739612
35.9805 0.742382
36.0899 0.745152
36.3034 0.747922
36.4806 0.750693
36.8409 0.753463
36.8767 0.756233
37.1533 0.759003
37.2593 0.761773
37.7697 0.764543
37.9598 0.767313
38.2422 0.770083
39.2409 0.772853
41.2664 0.775623
41.4759 0.778393
42.283 0.781163
43.0709 0.783934
43.2236 0.786704
43.3013 0.789474
44.0989 0.792244
45.7828 0.795014
46.6295 0.797784
46.6318 0.800554
47.1888 0.803324
47.4885 0.806094
47.6989 0.808864
48.4816 0.811634
48.485 0.814404
48.7602 0.817175
49.7546 0.819945
50.1882 0.822715
50.4287 0.825485
53.3714 0.828255
54.3279 0.831025
55.365 0.833795
55.6836 0.836565
56.7315 0.839335
57.1537 0.842105
58.2254 0.844875
61.7009 0.847645
63.5839 0.850416
64.2267 0.853186
68.0321 0.855956
74.5653 0.858726
75.3089 0.861496
83.1084 0.864266
83.1597 0.867036
93.6491 0.869806
103.789 0.872576
109.767 0.875346
121.116 0.878116
129.953 0.880886
136.439 0.883657
137.975 0.886427
142.578 0.889197
143.574 0.891967
144.212 0.894737
154.103 0.897507
159.282 0.900277
171.961 0.903047
172.342 0.905817
173.029 0.908587
185.927 0.911357
188.649 0.914127
195.406 0.916898
200.765 0.919668
208.357 0.922438
217.785 0.925208
228.15 0.927978
247.399 0.930748
267.103 0.933518
267.784 0.936288
321.342 0.939058
329.211 0.941828
376.014 0.944598
410.458 0.947368
424.025 0.950139
443.297 0.952909
472.16 0.955679
494.776 0.958449
608.353 0.961219
627.856 0.963989
628.821 0.966759
680.642 0.969529
723.582 0.972299
753.97 0.975069
788.508 0.977839
843.952 0.980609
1014.45 0.98338
1132.91 0.98615
1143.89 0.98892
2706.48 0.99169
3201.6 0.99446
3927.83 0.99723
4147.34 1
