 0.00277008
0.00760104 0.00554017
0.0444451 0.00831025
0.12324 0.0110803
0.155047 0.0138504
0.184233 0.0166205
0.402934 0.0193906
0.557787 0.0221607
0.786768 0.0249307
1.03734 0.0277008
1.07482 0.0304709
1.09609 0.033241
1.1695 0.0360111
1.17347 0.0387812
1.22334 0.0415512
1.25083 0.0443213
1.28882 0.0470914
1.29079 0.0498615
1.5292 0.0526316
1.53042 0.0554017
1.63984 0.0581717
1.65932 0.0609418
1.68284 0.0637119
1.78366 0.066482
1.81016 0.0692521
2.04114 0.0720222
2.09164 0.0747922
2.14727 0.0775623
2.22648 0.0803324
2.23696 0.0831025
2.24971 0.0858726
2.28558 0.0886427
2.35752 0.0914127
2.37578 0.0941828
2.38611 0.0969529
2.41953 0.099723
2.43674 0.102493
2.44045 0.105263
2.54946 0.108033
2.62701 0.110803
2.7098 0.113573
2.74155 0.116343
2.78682 0.119114
2.80222 0.121884
2.84087 0.124654
2.88011 0.127424
2.93861 0.130194
2.94595 0.132964
2.98848 0.135734
2.99178 0.138504
3.1382 0.141274
3.18646 0.144044
3.33374 0.146814
3.46202 0.149584
3.46656 0.152355
3.49485 0.155125
3.50128 0.157895
3.55225 0.160665
3.56974 0.163435
3.68298 0.166205
3.78209 0.168975
3.7942 0.171745
3.90859 0.174515
4.04031 0.177285
4.11053 0.180055
4.2006 0.182825
4.28071 0.185596
4.51477 0.188366
4.53679 0.191136
4.54423 0.193906
4.5546 0.196676
4.62206 0.199446
4.65429 0.202216
4.75079 0.204986
4.80182 0.207756
4.91183 0.210526
5.09855 0.213296
5.13787 0.216066
5.23537 0.218837
5.27429 0.221607
5.45904 0.224377
5.52304 0.227147
5.56994 0.229917
5.89449 0.232687
5.91355 0.235457
6.12546 0.238227
6.18381 0.240997
6.23959 0.243767
6.24737 0.246537
6.26499 0.249307
6.27478 0.252078
6.28425 0.254848
6.48621 0.257618
6.53592 0.260388
6.5839 0.263158
6.60631 0.265928
6.84554 0.268698
6.87419 0.271468
7.05732 0.274238
7.09364 0.277008
7.13735 0.279778
7.15711 0.282548
7.18439 0.285319
7.2525 0.288089
7.2769 0.290859
7.28433 0.293629
7.31496 0.296399
7.31677 0.299169
7.35099 0.301939
7.37473 0.304709
8.00999 0.307479
8.07912 0.310249
8.37586 0.313019
8.56549 0.315789
8.66209 0.31856
8.708 0.32133
8.97275 0.3241
8.98609 0.32687
9.07837 0.32964
9.19552 0.33241
9.38622 0.33518
9.80388 0.33795
9.86994 0.34072
10.2346 0.34349
10.5463 0.34626
10.6345 0.34903
10.6864 0.351801
11.46 0.354571
11.6199 0.357341
11.645 0.360111
11.7038 0.362881
11.7496 0.365651
11.7925 0.368421
12.1015 0.371191
12.1344 0.373961
12.2623 0.376731
12.3214 0.379501
12.3509 0.382271
12.4537 0.385042
12.5842 0.387812
12.6684 0.390582
12.8562 0.393352
13.1006 0.396122
13.143 0.398892
13.3345 0.401662
13.4614 0.404432
13.7547 0.407202
14.0896 0.409972
14.5494 0.412742
14.6911 0.415512
14.8582 0.418283
15.0403 0.421053
15.1704 0.423823
15.4003 0.426593
15.6207 0.429363
15.7528 0.432133
16.7018 0.434903
17.2971 0.437673
17.3002 0.440443
17.348 0.443213
17.4787 0.445983
17.4887 0.448753
17.8359 0.451524
18.1481 0.454294
18.2204 0.457064
18.2873 0.459834
18.3964 0.462604
18.4551 0.465374
18.4908 0.468144
18.6713 0.470914
18.7362 0.473684
18.7847 0.476454
18.9315 0.479224
19.0608 0.481994
19.1069 0.484765
19.3658 0.487535
19.4375 0.490305
19.7698 0.493075
19.8695 0.495845
19.9965 0.498615
21.3013 0.501385
21.9559 0.504155
22.1911 0.506925
22.2856 0.509695
22.3083 0.512465
22.5418 0.515235
22.7334 0.518006
22.9755 0.520776
23.11 0.523546
23.1462 0.526316
23.169 0.529086
23.3803 0.531856
23.415 0.534626
23.536 0.537396
23.6489 0.540166
23.6979 0.542936
24.2485 0.545706
24.5303 0.548476
24.7861 0.551247
24.9622 0.554017
25.1414 0.556787
25.4514 0.559557
25.8384 0.562327
26.1376 0.565097
26.1886 0.567867
26.6277 0.570637
27.0636 0.573407
27.7123 0.576177
27.7402 0.578947
28.1216 0.581717
28.3433 0.584488
28.5128 0.587258
28.8563 0.590028
29.9721 0.592798
30.126 0.595568
30.2056 0.598338
30.8383 0.601108
30.8692 0.603878
31.0231 0.606648
31.15 0.609418
32.2938 0.612188
32.5272 0.614958
32.8532 0.617729
33.6929 0.620499
34.5636 0.623269
34.7505 0.626039
35.0293 0.628809
35.3927 0.631579
35.476 0.634349
36.2362 0.637119
37.0142 0.639889
37.3409 0.642659
37.4524 0.645429
37.8375 0.648199
37.9064 0.65097
37.9262 0.65374
37.9631 0.65651
38.1263 0.65928
38.129 0.66205
38.3064 0.66482
38.5829 0.66759
38.8788 0.67036
39.904 0.67313
40.7525 0.6759
40.7531 0.67867
41.0224 0.68144
41.3054 0.684211
41.5473 0.686981
41.6694 0.689751
43.4591 0.692521
43.5395 0.695291
44.0204 0.698061
44.3199 0.700831
44.7061 0.703601
44.9489 0.706371
45.2217 0.709141
48.8426 0.711911
49.0752 0.714681
49.4189 0.717452
50.18 0.720222
52.6323 0.722992
52.6516 0.725762
53.5421 0.728532
54.9069 0.731302
55.9631 0.734072
56.0913 0.736842
57.4836 0.739612
58.5621 0.742382
58.8746 0.745152
59.7507 0.747922
61.4328 0.750693
61.4907 0.753463
62.5504 0.756233
62.8025 0.759003
63.9106 0.761773
66.9689 0.764543
68.5205 0.767313
68.7249 0.770083
70.948 0.772853
71.1741 0.775623
72.8674 0.778393
73.1233 0.781163
77.0095 0.783934
79.3047 0.786704
79.3853 0.789474
79.4114 0.792244
79.6175 0.795014
79.8696 0.797784
80.8124 0.800554
80.8509 0.803324
81.4448 0.806094
81.6387 0.808864
83.4211 0.811634
85.5801 0.814404
85.6367 0.817175
87.8951 0.819945
88.4408 0.822715
91.8811 0.825485
92.2659 0.828255
93.8693 0.831025
95.4453 0.833795
97.6406 0.836565
98.1029 0.839335
98.191 0.842105
98.8567 0.844875
102.158 0.847645
102.852 0.850416
102.925 0.853186
106.584 0.855956
107.119 0.858726
107.362 0.861496
114.413 0.864266
115.549 0.867036
116.488 0.869806
119.51 0.872576
120.422 0.875346
122.15 0.878116
122.66 0.880886
123.265 0.883657
125.505 0.886427
127.712 0.889197
136.814 0.891967
137.962 0.894737
138.122 0.897507
139.538 0.900277
141.215 0.903047
142.953 0.905817
143.819 0.908587
150.428 0.911357
150.734 0.914127
159.141 0.916898
159.198 0.919668
160.377 0.922438
160.515 0.925208
160.873 0.927978
162.194 0.930748
162.32 0.933518
165.309 0.936288
170.329 0.939058
173.94 0.941828
175.999 0.944598
179.978 0.947368
180.633 0.950139
185.593 0.952909
188.016 0.955679
189.176 0.958449
192.846 0.961219
197.362 0.963989
200.361 0.966759
202.844 0.969529
206.299 0.972299
209.493 0.975069
219.089 0.977839
223.488 0.980609
225.763 0.98338
227.071 0.98615
230.124 0.98892
231.186 0.99169
234.806 0.99446
235.28 0.99723
270.683 1
