0 0.00554017
0 0.00554017
.100 0.0138504
.100 0.0138504
.100 0.0138504
.200 0.0166205
.300 0.0221607
.300 0.0221607
.400 0.0249307
.500 0.0360111
.500 0.0360111
.500 0.0360111
.500 0.0360111
.600 0.0415512
.600 0.0415512
.700 0.0443213
1.000 0.0609418
1.000 0.0609418
1.000 0.0609418
1.000 0.0609418
1.000 0.0609418
1.000 0.0609418
1.200 0.0637119
1.300 0.066482
1.400 0.0747922
1.400 0.0747922
1.400 0.0747922
1.500 0.0775623
1.600 0.0831025
1.600 0.0831025
1.700 0.0886427
1.700 0.0886427
1.800 0.0914127
1.900 0.0941828
2.000 0.0969529
2.100 0.099723
2.200 0.102493
2.300 0.105263
2.400 0.110803
2.400 0.110803
2.500 0.116343
2.500 0.116343
2.600 0.124654
2.600 0.124654
2.600 0.124654
2.800 0.130194
2.800 0.130194
2.900 0.146814
2.900 0.146814
2.900 0.146814
2.900 0.146814
2.900 0.146814
2.900 0.146814
3.000 0.155125
3.000 0.155125
3.000 0.155125
3.200 0.160665
3.200 0.160665
3.300 0.174515
3.300 0.174515
3.300 0.174515
3.300 0.174515
3.300 0.174515
3.400 0.177285
3.600 0.191136
3.600 0.191136
3.600 0.191136
3.600 0.191136
3.600 0.191136
3.700 0.193906
4.100 0.196676
4.200 0.199446
4.300 0.207756
4.300 0.207756
4.300 0.207756
4.400 0.210526
4.500 0.213296
4.600 0.224377
4.600 0.224377
4.600 0.224377
4.600 0.224377
4.700 0.227147
4.800 0.235457
4.800 0.235457
4.800 0.235457
4.900 0.249307
4.900 0.249307
4.900 0.249307
4.900 0.249307
4.900 0.249307
5.200 0.252078
5.300 0.254848
5.500 0.257618
5.600 0.260388
5.900 0.263158
6.000 0.265928
6.300 0.271468
6.300 0.271468
6.400 0.274238
6.800 0.277008
6.900 0.282548
6.900 0.282548
7.000 0.285319
7.100 0.293629
7.100 0.293629
7.100 0.293629
7.200 0.301939
7.200 0.301939
7.200 0.301939
7.300 0.304709
7.400 0.307479
7.500 0.315789
7.500 0.315789
7.500 0.315789
7.900 0.31856
8.100 0.32133
8.200 0.3241
8.400 0.32964
8.400 0.32964
8.500 0.33518
8.500 0.33518
8.600 0.33795
8.800 0.34072
8.900 0.34349
9.000 0.351801
9.000 0.351801
9.000 0.351801
9.200 0.360111
9.200 0.360111
9.200 0.360111
9.300 0.362881
9.800 0.368421
9.800 0.368421
10.100 0.371191
10.200 0.373961
10.500 0.376731
10.600 0.382271
10.600 0.382271
10.800 0.385042
11.000 0.387812
11.100 0.390582
11.600 0.398892
11.600 0.398892
11.600 0.398892
11.700 0.401662
11.800 0.404432
11.900 0.407202
12.000 0.409972
12.200 0.412742
12.300 0.418283
12.300 0.418283
12.400 0.423823
12.400 0.423823
12.500 0.426593
12.600 0.429363
13 0.437673
13.000 0.437673
13.000 0.437673
13.100 0.440443
13.300 0.443213
13.400 0.445983
13.500 0.451524
13.500 0.451524
13.700 0.454294
14.300 0.462604
14.300 0.462604
14.300 0.462604
14.700 0.465374
14.800 0.468144
15.000 0.470914
15.500 0.473684
15.900 0.476454
16.300 0.481994
16.300 0.481994
16.500 0.484765
16.600 0.487535
17.000 0.490305
17.400 0.495845
17.400 0.495845
17.500 0.498615
17.900 0.501385
18.000 0.504155
18.500 0.506925
18.700 0.509695
18.800 0.512465
19.400 0.515235
19.600 0.518006
19.800 0.520776
20.300 0.523546
20.400 0.526316
20.700 0.529086
21.300 0.531856
21.700 0.534626
21.800 0.537396
21.900 0.542936
21.900 0.542936
22.100 0.548476
22.100 0.548476
22.600 0.551247
22.700 0.554017
23.200 0.559557
23.200 0.559557
23.300 0.562327
23.400 0.567867
23.400 0.567867
23.600 0.570637
24.200 0.573407
24.600 0.576177
24.800 0.581717
24.800 0.581717
25.000 0.584488
25.500 0.587258
25.900 0.590028
26.000 0.592798
26.400 0.595568
26.600 0.598338
27.000 0.601108
27.500 0.603878
27.600 0.609418
27.600 0.609418
27.700 0.614958
27.700 0.614958
27.800 0.617729
28.000 0.623269
28.000 0.623269
28.300 0.626039
28.800 0.628809
29.600 0.631579
29.700 0.634349
29.900 0.637119
30.100 0.639889
30.500 0.642659
30.700 0.645429
32.400 0.65097
32.400 0.65097
32.800 0.65374
33.700 0.65928
33.700 0.65928
34.100 0.66205
34.600 0.66759
34.600 0.66759
34.700 0.67036
34.900 0.67313
35.400 0.6759
36.200 0.67867
36.500 0.68144
36.800 0.684211
37.400 0.686981
37.600 0.692521
37.600 0.692521
38.300 0.695291
38.400 0.698061
39.600 0.700831
40.300 0.703601
40.500 0.706371
40.700 0.709141
41.100 0.711911
42.300 0.717452
42.300 0.717452
43.100 0.720222
43.400 0.722992
43.500 0.725762
43.600 0.728532
43.900 0.731302
44.800 0.734072
45.200 0.736842
46.900 0.739612
47.200 0.742382
47.500 0.745152
53.900 0.747922
54.300 0.750693
57.100 0.753463
57.900 0.756233
58.900 0.759003
59.600 0.761773
60.600 0.764543
61.600 0.772853
61.600 0.772853
61.600 0.772853
63.500 0.775623
63.900 0.781163
63.900 0.781163
66.200 0.783934
66.800 0.786704
69.100 0.789474
71.600 0.792244
71.900 0.795014
72.700 0.797784
73.300 0.800554
75.300 0.803324
77.100 0.808864
77.100 0.808864
77.500 0.811634
80.600 0.814404
81.500 0.817175
82.400 0.819945
86.300 0.822715
86.700 0.825485
86.900 0.828255
87.200 0.831025
89.000 0.833795
90.600 0.836565
91.500 0.839335
93.600 0.842105
95.100 0.844875
95.300 0.847645
95.900 0.850416
98.200 0.853186
98.500 0.855956
100.000 0.858726
101.400 0.861496
101.600 0.864266
101.900 0.867036
102.700 0.869806
103.600 0.872576
104.700 0.875346
105.500 0.878116
107.900 0.880886
108.000 0.883657
110.900 0.886427
112.400 0.889197
112.900 0.891967
113.100 0.894737
114.200 0.900277
114.200 0.900277
117.100 0.903047
119.100 0.905817
120.900 0.908587
121.200 0.911357
122.000 0.914127
122.900 0.916898
123.100 0.919668
123.200 0.922438
124.400 0.925208
128.500 0.927978
128.600 0.930748
129.700 0.933518
132.300 0.936288
132.600 0.939058
132.800 0.941828
135.800 0.944598
138.400 0.947368
139.600 0.950139
141.900 0.952909
145.300 0.955679
145.600 0.958449
146.700 0.961219
147.600 0.963989
149.500 0.966759
150.800 0.969529
152.500 0.972299
153.500 0.975069
155.500 0.977839
158.700 0.980609
159.200 0.98338
161.400 0.98615
162.600 0.98892
164.000 0.99169
166.400 0.99446
167.100 0.99723
178.000 1
