0.000205 0.00277008
0.000838 0.00554017
0.002505 0.00831025
0.003400 0.0110803
0.003820 0.0138504
0.003821 0.0166205
0.004205 0.0193906
0.004326 0.0221607
0.005546 0.0249307
0.005900 0.0277008
0.007067 0.0304709
0.008636 0.033241
0.008960 0.0360111
0.009241 0.0387812
0.009246 0.0415512
0.009342 0.0443213
0.010003 0.0470914
0.010175 0.0498615
0.010641 0.0526316
0.011061 0.0554017
0.011235 0.0581717
0.012664 0.0609418
0.013009 0.0637119
0.013549 0.066482
0.014331 0.0692521
0.015744 0.0720222
0.015899 0.0747922
0.016649 0.0775623
0.016770 0.0803324
0.017101 0.0831025
0.017387 0.0858726
0.017756 0.0886427
0.018521 0.0914127
0.019005 0.0941828
0.020080 0.0969529
0.020109 0.099723
0.020443 0.102493
0.020917 0.105263
0.021561 0.108033
0.021843 0.110803
0.022581 0.113573
0.024446 0.116343
0.024748 0.119114
0.024824 0.121884
0.024929 0.124654
0.025813 0.127424
0.025838 0.132964
0.025838 0.132964
0.025999 0.135734
0.026276 0.138504
0.026336 0.141274
0.026340 0.144044
0.026485 0.146814
0.026962 0.149584
0.027542 0.152355
0.028166 0.155125
0.028380 0.157895
0.028633 0.160665
0.028769 0.163435
0.028866 0.166205
0.029135 0.168975
0.029455 0.171745
0.029655 0.174515
0.029719 0.177285
0.030465 0.180055
0.030884 0.182825
0.031225 0.185596
0.031696 0.188366
0.032012 0.191136
0.032146 0.193906
0.033712 0.196676
0.034213 0.199446
0.034246 0.202216
0.034331 0.204986
0.034398 0.207756
0.035305 0.210526
0.037484 0.213296
0.040120 0.216066
0.040131 0.218837
0.044519 0.221607
0.044792 0.224377
0.045864 0.227147
0.050020 0.229917
0.051618 0.232687
0.052477 0.235457
0.056167 0.238227
0.056948 0.240997
0.058427 0.243767
0.059934 0.246537
0.065680 0.249307
0.066899 0.252078
0.072119 0.254848
0.072172 0.257618
0.072176 0.260388
0.073676 0.263158
0.074742 0.265928
0.078665 0.268698
0.078673 0.271468
0.083127 0.274238
0.085822 0.277008
0.087950 0.279778
0.089374 0.282548
0.090634 0.285319
0.091729 0.288089
0.096780 0.290859
0.103843 0.293629
0.109873 0.296399
0.110342 0.299169
0.113085 0.301939
0.126070 0.304709
0.128501 0.307479
0.139213 0.310249
0.142093 0.313019
0.151041 0.315789
0.154265 0.31856
0.164276 0.32133
0.174514 0.3241
0.181616 0.32687
0.188834 0.32964
0.190794 0.33241
0.198840 0.33518
0.199307 0.33795
0.202081 0.34072
0.202197 0.34349
0.208943 0.34626
0.211453 0.34903
0.213637 0.351801
0.219123 0.354571
0.232706 0.357341
0.233254 0.360111
0.243111 0.362881
0.260970 0.365651
0.269808 0.368421
0.272124 0.371191
0.280017 0.373961
0.284534 0.376731
0.286592 0.379501
0.287608 0.382271
0.290254 0.385042
0.290893 0.387812
0.291992 0.390582
0.295076 0.393352
0.298527 0.396122
0.300035 0.398892
0.300940 0.401662
0.312868 0.404432
0.314800 0.407202
0.317587 0.409972
0.321682 0.412742
0.323181 0.415512
0.333941 0.418283
0.339596 0.421053
0.346283 0.423823
0.346904 0.426593
0.367813 0.429363
0.368504 0.432133
0.371604 0.434903
0.372634 0.437673
0.378251 0.440443
0.386823 0.443213
0.388523 0.445983
0.390511 0.448753
0.391530 0.451524
0.402081 0.454294
0.402443 0.457064
0.403025 0.459834
0.405640 0.462604
0.408198 0.465374
0.429446 0.468144
0.436162 0.470914
0.452784 0.473684
0.456880 0.476454
0.462170 0.479224
0.474033 0.481994
0.491770 0.484765
0.496983 0.487535
0.500232 0.490305
0.502572 0.493075
0.508520 0.495845
0.509298 0.498615
0.509526 0.501385
0.512567 0.504155
0.516545 0.506925
0.517148 0.509695
0.520013 0.512465
0.527934 0.515235
0.535426 0.518006
0.558659 0.520776
0.569699 0.523546
0.576951 0.526316
0.580472 0.529086
0.584102 0.531856
0.584704 0.534626
0.585705 0.537396
0.586005 0.540166
0.595798 0.542936
0.601181 0.545706
0.606092 0.548476
0.614438 0.551247
0.619630 0.554017
0.621253 0.556787
0.661271 0.559557
0.661515 0.562327
0.665002 0.565097
0.666073 0.567867
0.669397 0.570637
0.674768 0.573407
0.685985 0.576177
0.699509 0.578947
0.700897 0.581717
0.701204 0.584488
0.703599 0.587258
0.704464 0.590028
0.718521 0.592798
0.731655 0.595568
0.754372 0.598338
0.755614 0.601108
0.762774 0.603878
0.765948 0.606648
0.787853 0.609418
0.788954 0.612188
0.792826 0.614958
0.801283 0.617729
0.801625 0.620499
0.818668 0.623269
0.827133 0.626039
0.846367 0.628809
0.847718 0.631579
0.874296 0.634349
0.879513 0.637119
0.881022 0.639889
0.883685 0.642659
0.889844 0.645429
0.890756 0.648199
0.905383 0.65097
0.921139 0.65374
0.951983 0.65651
0.959851 0.65928
1.015193 0.66205
1.018882 0.66482
1.030852 0.66759
1.049160 0.67036
1.050623 0.67313
1.059730 0.6759
1.069997 0.67867
1.078587 0.68144
1.085630 0.684211
1.099245 0.686981
1.106787 0.689751
1.109839 0.692521
1.140929 0.695291
1.144739 0.698061
1.198656 0.700831
1.229084 0.703601
1.252212 0.706371
1.269167 0.709141
1.278088 0.711911
1.279220 0.714681
1.302441 0.717452
1.409234 0.720222
1.419463 0.722992
1.431014 0.725762
1.434749 0.728532
1.447085 0.731302
1.466940 0.734072
1.468015 0.736842
1.498287 0.739612
1.561338 0.742382
1.588727 0.745152
1.609277 0.747922
1.649167 0.750693
1.659025 0.753463
1.681685 0.756233
1.703904 0.759003
1.704426 0.761773
1.715280 0.764543
1.819602 0.767313
1.823219 0.770083
1.872078 0.772853
1.961778 0.775623
1.977667 0.778393
2.005774 0.781163
2.010288 0.783934
2.051055 0.786704
2.071945 0.789474
2.080090 0.792244
2.354942 0.795014
2.401920 0.797784
2.445834 0.800554
2.456035 0.803324
2.462302 0.806094
2.659580 0.808864
2.683788 0.811634
2.755540 0.814404
2.901079 0.817175
2.914287 0.819945
3.101447 0.822715
3.264905 0.825485
3.554751 0.828255
5.513061 0.831025
6.029634 0.833795
6.149166 0.836565
6.422462 0.839335
7.072450 0.842105
9.169473 0.844875
10.011591 0.847645
10.150023 0.850416
10.221955 0.853186
10.364985 0.855956
11.150412 0.858726
14.383084 0.861496
17.054424 0.864266
17.418787 0.867036
19.034313 0.869806
19.219809 0.872576
20.505775 0.875346
21.264179 0.878116
21.593203 0.880886
28.201759 0.883657
28.343748 0.886427
31.929813 0.889197
32.864449 0.891967
33.643234 0.894737
34.708828 0.897507
38.358776 0.900277
46.075893 0.903047
49.403156 0.905817
61.146912 0.908587
61.602295 0.911357
63.240597 0.914127
69.859482 0.916898
74.773201 0.919668
76.618523 0.922438
76.707687 0.925208
77.280922 0.927978
112.944199 0.930748
117.962738 0.933518
121.541138 0.936288
124.226830 0.939058
125.621429 0.941828
156.497589 0.944598
175.287369 0.947368
181.494858 0.950139
185.525162 0.952909
186.303268 0.955679
194.201202 0.958449
211.815170 0.961219
299.522278 0.963989
391.313660 0.966759
542.166443 0.969529
550.705872 0.972299
636.896179 0.975069
666.795410 0.977839
889.069458 0.980609
910.831482 0.98338
998.720520 0.98615
1001.135742 0.98892
1570.177002 0.99169
4562.604980 0.99446
5316.294434 0.99723
8223.331055 1
