3.500 0.00554017
4.400 0.00831025
23.900 0.0110803
30.600 0.0138504
33.700 0.0166205
42.300 0.0193906
49.000 0.0221607
49.100 0.0249307
50.200 0.0277008
52.000 0.0304709
52.500 0.033241
56.800 0.0360111
62.000 0.0387812
62.200 0.0415512
63.200 0.0443213
66.100 0.0470914
67.400 0.0498615
68.300 0.0526316
70.300 0.0554017
77.100 0.0581717
78.600 0.0609418
81.500 0.066482
81.500 0.066482
82.000 0.0692521
82.300 0.0720222
82.500 0.0747922
83.000 0.0775623
84.800 0.0803324
85.200 0.0831025
86.300 0.0858726
86.800 0.0886427
88.000 0.0914127
88.400 0.0941828
89.600 0.099723
89.600 0.099723
90.100 0.102493
90.900 0.105263
91.000 0.108033
91.800 0.110803
92.000 0.116343
92.000 0.116343
92.300 0.119114
92.500 0.121884
92.600 0.124654
92.800 0.127424
93.000 0.130194
93.100 0.138504
93.100 0.138504
93.100 0.138504
93.200 0.141274
93.400 0.146814
93.400 0.146814
93.900 0.149584
94.100 0.152355
94.200 0.155125
94.300 0.160665
94.300 0.160665
94.400 0.163435
94.500 0.166205
94.600 0.171745
94.600 0.171745
94.700 0.177285
94.700 0.177285
94.800 0.182825
94.800 0.182825
95.100 0.185596
95.200 0.188366
95.300 0.191136
95.500 0.193906
95.600 0.199446
95.600 0.199446
95.700 0.202216
95.900 0.207756
95.900 0.207756
96.000 0.210526
96.200 0.213296
96.300 0.216066
96.500 0.221607
96.500 0.221607
96.600 0.224377
96.700 0.227147
96.800 0.229917
97.100 0.235457
97.100 0.235457
97.300 0.238227
97.400 0.252078
97.400 0.252078
97.400 0.252078
97.400 0.252078
97.400 0.252078
97.500 0.254848
97.600 0.260388
97.600 0.260388
97.700 0.271468
97.700 0.271468
97.700 0.271468
97.700 0.271468
97.800 0.277008
97.800 0.277008
98.000 0.285319
98.000 0.285319
98.000 0.285319
98.100 0.293629
98.100 0.293629
98.100 0.293629
98.200 0.296399
98.300 0.310249
98.300 0.310249
98.300 0.310249
98.300 0.310249
98.300 0.310249
98.400 0.315789
98.400 0.315789
98.600 0.3241
98.600 0.3241
98.600 0.3241
98.700 0.33241
98.700 0.33241
98.700 0.33241
98.800 0.34903
98.800 0.34903
98.800 0.34903
98.800 0.34903
98.800 0.34903
98.800 0.34903
98.900 0.357341
98.900 0.357341
98.900 0.357341
99.000 0.373961
99.000 0.373961
99.000 0.373961
99.000 0.373961
99.000 0.373961
99.000 0.373961
99.100 0.401662
99.100 0.401662
99.100 0.401662
99.100 0.401662
99.100 0.401662
99.100 0.401662
99.100 0.401662
99.100 0.401662
99.100 0.401662
99.100 0.401662
99.200 0.421053
99.200 0.421053
99.200 0.421053
99.200 0.421053
99.200 0.421053
99.200 0.421053
99.200 0.421053
99.300 0.448753
99.300 0.448753
99.300 0.448753
99.300 0.448753
99.300 0.448753
99.300 0.448753
99.300 0.448753
99.300 0.448753
99.300 0.448753
99.300 0.448753
99.400 0.490305
99.400 0.490305
99.400 0.490305
99.400 0.490305
99.400 0.490305
99.400 0.490305
99.400 0.490305
99.400 0.490305
99.400 0.490305
99.400 0.490305
99.400 0.490305
99.400 0.490305
99.400 0.490305
99.400 0.490305
99.400 0.490305
99.500 0.545706
99.500 0.545706
99.500 0.545706
99.500 0.545706
99.500 0.545706
99.500 0.545706
99.500 0.545706
99.500 0.545706
99.500 0.545706
99.500 0.545706
99.500 0.545706
99.500 0.545706
99.500 0.545706
99.500 0.545706
99.500 0.545706
99.500 0.545706
99.500 0.545706
99.500 0.545706
99.500 0.545706
99.500 0.545706
99.600 0.612188
99.600 0.612188
99.600 0.612188
99.600 0.612188
99.600 0.612188
99.600 0.612188
99.600 0.612188
99.600 0.612188
99.600 0.612188
99.600 0.612188
99.600 0.612188
99.600 0.612188
99.600 0.612188
99.600 0.612188
99.600 0.612188
99.600 0.612188
99.600 0.612188
99.600 0.612188
99.600 0.612188
99.600 0.612188
99.600 0.612188
99.600 0.612188
99.600 0.612188
99.600 0.612188
99.700 0.706371
99.700 0.706371
99.700 0.706371
99.700 0.706371
99.700 0.706371
99.700 0.706371
99.700 0.706371
99.700 0.706371
99.700 0.706371
99.700 0.706371
99.700 0.706371
99.700 0.706371
99.700 0.706371
99.700 0.706371
99.700 0.706371
99.700 0.706371
99.700 0.706371
99.700 0.706371
99.700 0.706371
99.700 0.706371
99.700 0.706371
99.700 0.706371
99.700 0.706371
99.700 0.706371
99.700 0.706371
99.700 0.706371
99.700 0.706371
99.700 0.706371
99.700 0.706371
99.700 0.706371
99.700 0.706371
99.700 0.706371
99.700 0.706371
99.700 0.706371
99.800 0.775623
99.800 0.775623
99.800 0.775623
99.800 0.775623
99.800 0.775623
99.800 0.775623
99.800 0.775623
99.800 0.775623
99.800 0.775623
99.800 0.775623
99.800 0.775623
99.800 0.775623
99.800 0.775623
99.800 0.775623
99.800 0.775623
99.800 0.775623
99.800 0.775623
99.800 0.775623
99.800 0.775623
99.800 0.775623
99.800 0.775623
99.800 0.775623
99.800 0.775623
99.800 0.775623
99.800 0.775623
99.900 0.778393
119.400 0.778393
121.300 0.783934
156.500 0.786704
156.800 0.792244
156.800 0.792244
156.900 0.797784
156.900 0.797784
158.900 0.800554
190.200 0.803324
195.900 0.806094
222.100 0.808864
238.600 0.811634
241.200 0.814404
242.800 0.817175
245.800 0.822715
245.800 0.822715
248.600 0.825485
250.900 0.828255
259.800 0.831025
264.400 0.833795
273.700 0.836565
285.500 0.839335
299.200 0.842105
317.300 0.844875
348.100 0.847645
403.200 0.850416
416.600 0.853186
418.500 0.855956
423.200 0.858726
426.200 0.861496
431.600 0.864266
434.600 0.867036
458.900 0.869806
481.900 0.872576
484.300 0.875346
496.200 0.878116
545.900 0.880886
547.000 0.883657
573.900 0.886427
589.000 0.889197
592.000 0.891967
610.100 0.894737
614.100 0.897507
637.500 0.900277
645.500 0.903047
662.500 0.905817
820.900 0.908587
925.100 0.911357
979.500 0.914127
993.800 0.916898
1089.300 0.916898
1143.700 0.919668
1174.500 0.922438
1262.500 0.927978
1328.600 0.930748
1345.800 0.933518
1351.700 0.936288
1370.500 0.939058
1387.800 0.941828
1390.100 0.944598
1458.300 0.947368
1464.800 0.950139
1796.800 0.952909
1808.200 0.955679
1974.000 0.958449
2129.200 0.961219
2132.000 0.963989
2152.400 0.966759
2864.300 0.969529
2873.900 0.972299
3228.700 0.975069
4674.200 0.977839
7225.000 0.980609
64879.300 0.98338
77016.500 0.98615
98896.900 0.98892
206546.100 0.99169
216819.900 0.99446
388830.600 0.99723
1268210.400 1
