1 .100
2 .100
3 .100
4 .200
5 .300
6 .300
7 .400
8 .400
9 .400
10 .400
11 .500
12 .600
13 .600
14 .600
15 .700
16 .700
17 .900
18 1.000
19 1.000
20 1.000
21 1.100
22 1.100
23 1.100
24 1.200
25 1.300
26 1.400
27 1.400
28 1.600
29 1.600
30 1.600
31 1.600
32 1.600
33 1.800
34 2.000
35 2.100
36 2.100
37 2.200
38 2.300
39 2.400
40 2.500
41 2.500
42 2.600
43 2.600
44 2.600
45 2.700
46 2.700
47 2.700
48 2.800
49 2.800
50 2.900
51 3.000
52 3.000
53 3.100
54 3.100
55 3.200
56 3.200
57 3.200
58 3.200
59 3.300
60 3.300
61 3.300
62 3.400
63 3.400
64 3.400
65 3.400
66 3.600
67 3.600
68 3.600
69 3.900
70 3.900
71 4.200
72 4.300
73 4.400
74 4.400
75 4.500
76 4.500
77 4.500
78 4.500
79 4.600
80 4.600
81 4.600
82 4.700
83 4.700
84 4.800
85 4.800
86 4.900
87 4.900
88 5.000
89 5.100
90 5.100
91 5.200
92 5.400
93 5.600
94 5.600
95 5.800
96 6.200
97 6.400
98 6.400
99 6.500
100 6.800
101 7.000
102 7.000
103 7.100
104 7.200
105 7.200
106 7.200
107 7.300
108 7.300
109 7.300
110 7.400
111 7.600
112 7.600
113 7.600
114 7.600
115 7.800
116 7.900
117 8.300
118 8.500
119 8.500
120 8.600
121 8.600
122 8.700
123 9.000
124 9.000
125 9.000
126 9.100
127 9.100
128 9.200
129 9.200
130 9.200
131 9.300
132 9.500
133 9.800
134 10.200
135 10.400
136 10.500
137 10.600
138 10.700
139 10.700
140 11.000
141 11.100
142 11.500
143 11.600
144 11.700
145 11.800
146 11.800
147 11.900
148 12.000
149 12.200
150 12.200
151 12.300
152 12.400
153 12.400
154 12.600
155 12.700
156 13.000
157 13.000
158 13.200
159 13.300
160 13.500
161 13.600
162 13.600
163 13.700
164 14.300
165 14.500
166 14.500
167 14.600
168 14.700
169 15.100
170 15.600
171 16.000
172 16.100
173 16.300
174 16.600
175 16.800
176 16.900
177 17.300
178 17.500
179 17.500
180 18.000
181 18.000
182 18.600
183 18.800
184 18.900
185 19.200
186 19.500
187 19.900
188 20.300
189 20.600
190 20.700
191 21.200
192 21.800
193 21.800
194 21.900
195 22.000
196 22.000
197 22.100
198 22.500
199 22.900
200 23.200
201 23.300
202 23.400
203 23.400
204 23.500
205 23.800
206 24.300
207 24.600
208 24.600
209 24.800
210 25.100
211 25.700
212 25.900
213 26.200
214 26.700
215 26.700
216 27.100
217 27.500
218 27.500
219 27.500
220 27.600
221 27.700
222 27.700
223 27.900
224 28.200
225 28.400
226 29.000
227 29.600
228 29.800
229 30.000
230 30.100
231 30.600
232 30.800
233 32.300
234 32.500
235 32.700
236 33.800
237 34.000
238 34.000
239 34.500
240 34.600
241 34.700
242 35.100
243 35.400
244 36.200
245 36.400
246 36.900
247 37.400
248 37.600
249 37.900
250 38.200
251 38.500
252 39.700
253 40.300
254 40.600
255 40.600
256 41.200
257 42.300
258 42.500
259 43.000
260 43.500
261 43.600
262 43.700
263 43.800
264 44.800
265 45.200
266 46.900
267 47.200
268 47.700
269 54.200
270 54.300
271 57.300
272 58.000
273 59.200
274 59.700
275 60.600
276 61.800
277 61.800
278 61.800
279 63.500
280 64.200
281 64.200
282 66.300
283 66.800
284 69.400
285 71.600
286 72.200
287 72.700
288 73.300
289 75.300
290 77.100
291 77.100
292 77.500
293 80.700
294 81.700
295 82.700
296 86.300
297 86.700
298 87.200
299 87.200
300 89.000
301 90.600
302 91.500
303 93.600
304 95.100
305 95.300
306 96.400
307 98.200
308 98.500
309 100.200
310 101.400
311 101.600
312 101.900
313 102.700
314 103.800
315 104.700
316 105.500
317 108.000
318 108.200
319 110.900
320 112.400
321 112.900
322 113.100
323 114.200
324 114.200
325 117.100
326 117.800
327 119.100
328 120.900
329 121.200
330 122.000
331 122.900
332 123.100
333 123.200
334 124.400
335 128.600
336 128.700
337 129.700
338 132.300
339 132.600
340 132.800
341 135.800
342 138.400
343 139.600
344 141.900
345 145.300
346 145.600
347 146.700
348 147.600
349 149.500
350 150.800
351 152.500
352 153.500
353 155.500
354 158.700
355 159.800
356 161.400
357 162.600
358 164.000
359 166.400
360 167.100
361 178.000
