1.02416 0.00277008
2.36404 0.00554017
2.70905 0.00831025
3.29277 0.0110803
3.78032 0.0138504
4.62942 0.0166205
6.23429 0.0193906
7.03535 0.0221607
8.2312 0.0249307
8.42504 0.0277008
9.61148 0.0304709
10.0051 0.033241
10.3296 0.0360111
13.143 0.0387812
13.6622 0.0415512
13.6816 0.0443213
13.8377 0.0470914
14.5171 0.0498615
15.3748 0.0526316
16.2365 0.0554017
17.1524 0.0581717
17.2646 0.0609418
17.2971 0.0637119
17.348 0.066482
17.4887 0.0692521
17.5615 0.0720222
18.1481 0.0747922
18.4549 0.0775623
18.4908 0.0803324
18.7001 0.0831025
18.7362 0.0858726
20.0417 0.0886427
20.2621 0.0914127
20.2623 0.0941828
21.4435 0.0969529
22.0095 0.099723
22.5359 0.102493
23.6489 0.105263
24.3006 0.108033
26.1376 0.110803
26.7945 0.113573
27.2812 0.116343
27.8895 0.119114
28.2933 0.121884
28.4533 0.124654
29.6959 0.127424
30.9841 0.130194
31.15 0.132964
32.0648 0.135734
33.5351 0.138504
34.0433 0.141274
34.3491 0.144044
34.5636 0.146814
35.3927 0.149584
35.8917 0.152355
36.1689 0.155125
36.7603 0.157895
37.0142 0.160665
37.3103 0.163435
37.3409 0.166205
37.9631 0.168975
38.129 0.171745
38.7361 0.174515
38.8592 0.177285
39.904 0.180055
40.2403 0.182825
40.3554 0.185596
41.0224 0.188366
41.2601 0.191136
41.5473 0.193906
41.6694 0.196676
44.3199 0.199446
44.3203 0.202216
46.9802 0.204986
47.3443 0.207756
47.6031 0.210526
48.0826 0.213296
48.5581 0.216066
48.7782 0.218837
48.8426 0.221607
49.4189 0.224377
49.7629 0.227147
50.2712 0.229917
51.9642 0.232687
52.6323 0.235457
53.5421 0.238227
54.2428 0.240997
54.6007 0.243767
55.4657 0.246537
55.4709 0.249307
56.574 0.252078
57.3789 0.254848
57.4181 0.257618
59.7507 0.260388
61.9311 0.263158
62.0222 0.265928
62.8025 0.268698
64.8885 0.271468
65.133 0.274238
65.6125 0.277008
66.7917 0.279778
66.9689 0.282548
66.9963 0.285319
68.6814 0.288089
68.7249 0.290859
73.1233 0.293629
73.9839 0.296399
75.3152 0.299169
77.0095 0.301939
79.354 0.304709
79.3853 0.307479
79.8696 0.310249
80.7528 0.313019
81.4448 0.315789
82.5124 0.31856
83.4211 0.32133
83.6325 0.3241
86.2462 0.32687
88.142 0.32964
88.9073 0.33241
89.883 0.33518
90.1636 0.33795
90.3982 0.34072
91.2314 0.34349
91.3798 0.34626
91.5105 0.34903
91.8475 0.351801
94.1257 0.354571
94.7356 0.357341
95.4453 0.360111
98.4203 0.362881
98.8111 0.365651
100.248 0.368421
100.509 0.371191
102.158 0.373961
104.091 0.376731
110.631 0.379501
110.983 0.382271
111.307 0.385042
112.495 0.387812
113.643 0.390582
114.413 0.393352
114.652 0.396122
116.488 0.398892
118.309 0.401662
120.422 0.404432
120.79 0.407202
121.192 0.409972
122.15 0.412742
122.66 0.415512
123.976 0.418283
124.151 0.421053
124.67 0.423823
125.023 0.426593
125.669 0.429363
126.846 0.432133
127.111 0.434903
127.539 0.437673
127.739 0.440443
128.402 0.443213
129.812 0.445983
130.466 0.448753
131.02 0.451524
132.17 0.454294
132.634 0.457064
133.149 0.459834
133.388 0.462604
134.352 0.465374
135.3 0.468144
135.332 0.470914
136.814 0.473684
137.962 0.476454
138.013 0.479224
138.122 0.481994
140.579 0.484765
141.121 0.487535
141.144 0.490305
141.215 0.493075
141.74 0.495845
142.134 0.498615
144.869 0.501385
147.38 0.504155
147.834 0.506925
148.482 0.509695
148.931 0.512465
149.441 0.515235
149.66 0.518006
150.734 0.520776
151.239 0.523546
151.525 0.526316
152.286 0.529086
152.315 0.531856
152.448 0.534626
152.921 0.537396
153.447 0.540166
155.974 0.542936
157.03 0.545706
157.867 0.548476
157.873 0.551247
158.098 0.554017
158.249 0.556787
158.417 0.559557
158.477 0.562327
158.567 0.565097
159.141 0.567867
159.298 0.570637
159.388 0.573407
159.649 0.576177
160.139 0.578947
160.669 0.581717
160.823 0.584488
160.873 0.587258
161.265 0.590028
162.194 0.592798
162.801 0.595568
162.851 0.598338
163.556 0.601108
163.799 0.603878
163.975 0.606648
164.154 0.609418
164.89 0.612188
165.081 0.614958
165.209 0.617729
165.309 0.620499
165.621 0.623269
165.661 0.626039
167.632 0.628809
168.014 0.631579
168.682 0.634349
168.805 0.637119
168.948 0.639889
170.329 0.642659
170.411 0.645429
170.677 0.648199
170.921 0.65097
171.961 0.65374
173.527 0.65651
173.759 0.65928
173.94 0.66205
175.027 0.66482
175.089 0.66759
175.999 0.67036
176.146 0.67313
177.952 0.6759
179.414 0.67867
179.775 0.68144
179.978 0.684211
180.633 0.686981
180.953 0.689751
181.33 0.692521
182.117 0.695291
183.495 0.698061
184.519 0.700831
185.593 0.703601
186.789 0.706371
187.006 0.709141
187.03 0.711911
187.388 0.714681
188.016 0.717452
188.442 0.720222
189.176 0.722992
189.757 0.725762
191.256 0.728532
192.11 0.731302
192.846 0.734072
193.487 0.736842
194.637 0.739612
195.215 0.742382
196.524 0.745152
196.572 0.747922
197.183 0.750693
197.362 0.753463
197.667 0.756233
197.707 0.759003
198.652 0.761773
199.624 0.764543
200.361 0.767313
201.599 0.770083
202.844 0.772853
203.002 0.775623
206.059 0.778393
206.222 0.781163
206.299 0.783934
206.476 0.786704
207.39 0.789474
208.132 0.792244
208.195 0.795014
208.651 0.797784
209.493 0.800554
209.721 0.803324
210.666 0.806094
211.941 0.808864
214.621 0.811634
214.623 0.814404
215.234 0.817175
215.533 0.819945
215.65 0.822715
216.691 0.825485
217.151 0.828255
219.089 0.831025
221.573 0.833795
221.859 0.836565
222.25 0.839335
222.622 0.842105
222.628 0.844875
222.951 0.847645
223.488 0.850416
223.923 0.853186
224.513 0.855956
224.552 0.858726
225.058 0.861496
225.571 0.864266
225.59 0.867036
225.763 0.869806
226.132 0.872576
226.398 0.875346
227.071 0.878116
227.313 0.880886
227.402 0.883657
228.923 0.886427
230.124 0.889197
231.186 0.891967
232.78 0.894737
233.334 0.897507
233.834 0.900277
234.806 0.903047
235.28 0.905817
235.555 0.908587
236.028 0.911357
238.9 0.914127
242.822 0.916898
242.996 0.919668
243.197 0.922438
243.568 0.925208
243.851 0.927978
243.938 0.930748
245.165 0.933518
246.308 0.936288
246.356 0.939058
247.136 0.941828
248.083 0.944598
248.716 0.947368
249.598 0.950139
249.743 0.952909
250.97 0.955679
251.828 0.958449
255.388 0.961219
256.035 0.963989
256.274 0.966759
260.694 0.969529
260.821 0.972299
262.265 0.975069
264.363 0.977839
270.683 0.980609
270.994 0.98338
276.302 0.98615
279.607 0.98892
280.591 0.99169
288.761 0.99446
293.402 0.99723
294.141 1
