.190 0.00277008
.223 0.00554017
.289 0.00831025
.3277 0.0110803
.362 0.0138504
.365 0.0166205
.380 0.0193906
.397 0.0221607
.6037 0.0249307
1.0383 0.0277008
1.0827 0.0304709
1.088 0.033241
1.242 0.0360111
1.459 0.0387812
2.1293 0.0415512
2.2883 0.0443213
2.3753 0.0470914
2.399 0.0498615
2.613 0.0526316
2.6597 0.0554017
2.801 0.0581717
2.9813 0.0609418
3.514 0.0637119
3.593 0.066482
3.6927 0.0692521
3.7153 0.0720222
3.764 0.0747922
3.8577 0.0775623
3.8603 0.0803324
3.9053 0.0831025
3.9427 0.0858726
4.1947 0.0886427
4.3307 0.0914127
4.4263 0.0941828
4.4373 0.0969529
4.51433 0.099723
5.0707 0.102493
5.246 0.105263
5.6543 0.108033
5.8523 0.110803
5.8817 0.113573
6.027 0.116343
6.0353 0.119114
6.117 0.121884
6.3353 0.124654
6.526 0.127424
6.5307 0.130194
6.5643 0.132964
6.6053 0.135734
6.693 0.138504
6.726 0.141274
6.755 0.144044
7.048 0.146814
7.0703 0.149584
7.329 0.152355
7.36233 0.155125
7.394 0.157895
7.4167 0.160665
7.4457 0.163435
7.5447 0.166205
7.5763 0.168975
7.8823 0.171745
7.912 0.174515
7.918 0.177285
7.942 0.180055
8.1583 0.182825
8.7047 0.185596
8.770 0.188366
8.955 0.191136
9.0807 0.193906
9.124 0.196676
9.248 0.199446
9.790 0.202216
10.158 0.204986
10.267 0.207756
10.329 0.210526
10.3893 0.213296
10.554 0.216066
10.6647 0.218837
10.818 0.221607
10.8963 0.224377
11.216 0.227147
11.3853 0.229917
11.5213 0.232687
11.69133 0.235457
11.7877 0.238227
11.8293 0.240997
12.189 0.243767
12.208 0.246537
12.8697 0.249307
13.019 0.252078
13.211 0.254848
13.33433 0.257618
13.3923 0.260388
13.874 0.263158
13.8847 0.265928
14.2607 0.268698
14.6313 0.271468
14.8577 0.274238
15.0587 0.277008
15.1337 0.279778
15.2973 0.282548
15.812 0.285319
16.254 0.288089
16.3483 0.290859
16.647 0.293629
16.877 0.296399
16.9593 0.299169
17.0547 0.301939
17.1847 0.304709
17.2517 0.307479
17.253 0.310249
17.4333 0.313019
17.5177 0.315789
17.5797 0.31856
17.695 0.32133
17.6993 0.3241
17.7993 0.32687
18.1033 0.32964
18.404 0.33241
18.445 0.33518
18.650 0.33795
18.804 0.34072
18.899 0.34349
18.9373 0.34626
18.966 0.34903
19.5597 0.351801
19.606 0.354571
19.652 0.357341
19.6897 0.360111
20.0047 0.362881
20.038 0.365651
20.0447 0.368421
20.048 0.371191
20.2137 0.373961
20.2723 0.376731
20.3057 0.379501
20.4137 0.382271
20.5617 0.385042
20.713 0.387812
20.7893 0.390582
20.8147 0.393352
20.8343 0.396122
20.884 0.398892
20.9617 0.401662
21.3007 0.404432
21.368 0.407202
21.3823 0.409972
21.541 0.412742
21.5417 0.415512
21.5893 0.418283
21.6417 0.421053
21.6467 0.423823
21.661 0.426593
21.6767 0.429363
21.6873 0.432133
21.7427 0.434903
21.826 0.437673
21.829 0.440443
21.9233 0.443213
22.019 0.445983
22.135 0.448753
22.2777 0.451524
22.4373 0.454294
22.6073 0.457064
22.6593 0.459834
22.841 0.462604
22.8993 0.465374
23.312 0.468144
23.8187 0.470914
23.9317 0.473684
23.970 0.476454
23.9803 0.479224
24.3163 0.481994
24.404 0.484765
24.6577 0.487535
24.8093 0.490305
24.821 0.493075
24.905 0.495845
25.0623 0.498615
25.1043 0.501385
25.1577 0.504155
25.180 0.506925
25.188 0.509695
25.2727 0.512465
25.7807 0.515235
25.838 0.518006
25.9117 0.520776
26.011 0.523546
26.2123 0.526316
26.5877 0.529086
27.1437 0.531856
27.546 0.534626
27.7787 0.537396
27.8083 0.540166
27.8553 0.542936
27.998 0.545706
28.5257 0.548476
28.809 0.551247
28.918 0.554017
28.9453 0.556787
28.9627 0.559557
29.0113 0.562327
29.3293 0.565097
29.4423 0.567867
29.461 0.570637
29.653 0.573407
29.806 0.576177
29.895 0.578947
29.994 0.581717
30.3093 0.584488
30.6337 0.587258
30.6513 0.590028
30.9673 0.592798
31.0177 0.595568
31.065 0.598338
31.5653 0.601108
31.697 0.603878
31.8513 0.606648
32.500 0.609418
33.398 0.612188
33.4313 0.614958
33.6027 0.617729
33.883 0.620499
34.234 0.623269
34.3863 0.626039
34.5273 0.628809
34.608 0.631579
35.2053 0.634349
35.330 0.637119
35.408 0.639889
35.6323 0.642659
35.6807 0.645429
35.7853 0.648199
36.4923 0.65097
36.635 0.65374
36.9327 0.65651
37.060 0.65928
37.519 0.66205
37.5383 0.66482
37.8987 0.66759
38.2423 0.67036
38.505 0.67313
39.018 0.6759
39.4733 0.67867
39.7933 0.68144
39.861 0.684211
40.3563 0.686981
40.784 0.689751
40.9783 0.692521
41.5593 0.695291
42.066 0.698061
42.1473 0.700831
43.2277 0.703601
43.4507 0.706371
43.8483 0.709141
44.031 0.711911
44.3173 0.714681
45.2633 0.717452
46.166 0.720222
46.3783 0.722992
46.695 0.725762
46.6997 0.728532
47.5723 0.731302
47.7603 0.734072
48.536 0.736842
48.7923 0.739612
48.853 0.742382
49.2197 0.745152
49.7977 0.747922
50.4543 0.750693
50.5967 0.753463
50.983 0.756233
51.3213 0.759003
51.442 0.761773
51.530 0.764543
51.5557 0.767313
51.618 0.770083
51.625 0.772853
51.7023 0.775623
51.844 0.778393
51.923 0.781163
52.749 0.783934
52.7833 0.786704
53.504 0.789474
53.8523 0.792244
56.7773 0.795014
57.763 0.797784
58.7407 0.800554
58.842 0.803324
59.4253 0.806094
60.8937 0.808864
60.9797 0.811634
65.5387 0.814404
65.956 0.817175
66.0823 0.819945
67.341 0.822715
67.4727 0.825485
67.549 0.828255
68.129 0.831025
68.507 0.833795
69.1493 0.836565
70.097 0.839335
70.6633 0.842105
70.8757 0.844875
71.204 0.847645
71.3383 0.850416
73.4397 0.853186
73.6407 0.855956
74.5747 0.858726
74.8247 0.861496
75.8783 0.864266
76.425 0.867036
76.7617 0.869806
77.8583 0.872576
77.9547 0.875346
78.2263 0.878116
78.294 0.880886
78.691 0.883657
79.4183 0.886427
80.4923 0.889197
81.317 0.891967
81.4153 0.894737
81.951 0.897507
86.5867 0.900277
97.8267 0.903047
98.7893 0.905817
102.597 0.908587
106.1843 0.911357
112.1867 0.914127
113.884 0.916898
114.161 0.919668
114.485 0.922438
114.538 0.925208
114.795 0.927978
119.827 0.930748
121.496 0.933518
123.788 0.936288
124.532 0.939058
125.713 0.941828
143.202 0.944598
144.186 0.947368
145.702 0.950139
146.180 0.952909
148.4627 0.955679
148.8463 0.958449
150.8727 0.961219
151.2357 0.963989
152.0473 0.966759
152.207 0.969529
152.6703 0.972299
153.0363 0.975069
153.7747 0.977839
159.690 0.980609
161.647 0.98338
162.475 0.98615
162.630 0.98892
203.488 0.99169
208.179 0.99446
226.172 0.99723
230.460 1
