0.300606 0.00277008
0.355453 0.00554017
0.407544 0.00831025
0.606945 0.0110803
1.00666 0.0138504
1.10554 0.0166205
1.26093 0.0193906
1.4395 0.0221607
2.16392 0.0249307
2.28145 0.0277008
2.39098 0.0304709
2.42526 0.033241
2.63837 0.0360111
2.68973 0.0387812
2.78884 0.0415512
3.11815 0.0443213
3.51029 0.0470914
3.60875 0.0498615
3.6551 0.0526316
3.83859 0.0554017
3.84193 0.0581717
3.93753 0.0609418
4.32006 0.0637119
4.42 0.066482
4.48891 0.0692521
4.6447 0.0720222
5.06828 0.0747922
5.6294 0.0775623
5.77753 0.0803324
5.79091 0.0831025
6.04112 0.0858726
6.07377 0.0886427
6.40097 0.0914127
6.46365 0.0941828
6.52815 0.0969529
6.54445 0.099723
6.68362 0.102493
6.75075 0.105263
6.78978 0.108033
6.80954 0.110803
7.28974 0.113573
7.38615 0.116343
7.56821 0.119114
7.64259 0.121884
7.7283 0.124654
7.9106 0.127424
7.92408 0.130194
7.92603 0.132964
8.05329 0.135734
8.73714 0.138504
9.09661 0.141274
9.13913 0.144044
9.6993 0.146814
10.0762 0.149584
10.1197 0.152355
10.2271 0.155125
10.3207 0.157895
10.3523 0.160665
10.8545 0.163435
11.359 0.166205
11.8158 0.168975
11.8217 0.171745
12.1105 0.174515
12.1791 0.177285
12.4604 0.180055
12.6451 0.182825
13.2476 0.185596
13.7677 0.188366
14.2521 0.191136
15.0275 0.193906
15.1645 0.196676
15.8226 0.199446
16.006 0.202216
16.6197 0.204986
16.8334 0.207756
16.8476 0.210526
17.2455 0.213296
17.3823 0.216066
17.4677 0.218837
17.6959 0.221607
17.9209 0.224377
18.5346 0.227147
18.6749 0.229917
19.0439 0.232687
19.5432 0.235457
19.894 0.238227
19.9041 0.240997
19.9873 0.243767
20.017 0.246537
20.0349 0.249307
20.2737 0.252078
20.3743 0.254848
20.5132 0.257618
20.842 0.260388
21.129 0.263158
21.2761 0.265928
21.346 0.268698
21.53 0.271468
21.6323 0.274238
21.6463 0.277008
21.7095 0.279778
21.9289 0.282548
21.9674 0.285319
21.9931 0.288089
22.5988 0.290859
22.6131 0.293629
22.6286 0.296399
22.8653 0.299169
23.0669 0.301939
23.2955 0.304709
23.983 0.307479
23.9863 0.310249
23.9985 0.313019
24.0453 0.315789
24.4148 0.31856
24.5121 0.32133
25.0713 0.3241
25.2785 0.32687
25.2811 0.32964
25.6247 0.33241
26.2546 0.33518
26.3143 0.33795
26.3345 0.34072
26.4838 0.34349
26.5237 0.34626
26.606 0.34903
26.6936 0.351801
26.7299 0.354571
26.8095 0.357341
27.3516 0.360111
27.8865 0.362881
28.0593 0.365651
28.1542 0.368421
28.5218 0.371191
28.6946 0.373961
29.417 0.376731
29.6128 0.379501
29.6963 0.382271
30.0286 0.385042
30.0774 0.387812
30.1951 0.390582
30.3001 0.393352
30.6213 0.396122
30.9117 0.398892
30.9725 0.401662
31.0698 0.404432
31.1533 0.407202
31.1884 0.409972
31.3358 0.412742
31.6202 0.415512
31.7725 0.418283
31.9734 0.421053
32.3857 0.423823
32.4672 0.426593
32.4713 0.429363
32.6337 0.432133
32.857 0.434903
32.9677 0.437673
33.4194 0.440443
33.4336 0.443213
33.5422 0.445983
33.5761 0.448753
33.6737 0.451524
33.8908 0.454294
33.9501 0.457064
34.7551 0.459834
36.0812 0.462604
36.2465 0.465374
36.2529 0.468144
36.6459 0.470914
36.6907 0.473684
37.0354 0.476454
37.2578 0.479224
37.2877 0.481994
37.3674 0.484765
37.4558 0.487535
37.6847 0.490305
37.8378 0.493075
38.0642 0.495845
38.3589 0.498615
38.6993 0.501385
38.7844 0.504155
39.0925 0.506925
39.1504 0.509695
39.603 0.512465
39.7695 0.515235
40.2255 0.518006
40.2463 0.520776
40.2704 0.523546
40.6339 0.526316
40.8669 0.529086
41.0486 0.531856
41.4384 0.534626
41.5211 0.537396
41.8036 0.540166
43.2725 0.542936
43.4836 0.545706
43.6582 0.548476
43.8065 0.551247
44.3608 0.554017
44.5269 0.556787
44.7738 0.559557
44.8001 0.562327
44.872 0.565097
45.2225 0.567867
45.5136 0.570637
45.519 0.573407
46.6144 0.576177
47.1096 0.578947
47.1288 0.581717
47.5188 0.584488
47.9454 0.587258
48.7766 0.590028
49.4697 0.592798
49.5977 0.595568
50.2267 0.598338
50.3331 0.601108
50.4291 0.603878
50.5663 0.606648
50.6479 0.609418
50.8661 0.612188
51.0791 0.614958
51.1416 0.617729
51.4319 0.620499
51.4617 0.623269
51.6161 0.626039
51.7057 0.628809
51.9705 0.631579
52.1759 0.634349
52.7532 0.637119
53.1357 0.639889
54.4031 0.642659
54.579 0.645429
55.1951 0.648199
55.334 0.65097
55.4703 0.65374
56.3526 0.65651
56.5539 0.65928
57.0145 0.66205
57.1051 0.66482
57.6178 0.66759
57.7477 0.67036
58.1864 0.67313
58.4197 0.6759
59.2162 0.67867
60.6849 0.68144
60.9049 0.684211
61.2217 0.686981
62.395 0.689751
64.6761 0.692521
65.6097 0.695291
66.0389 0.698061
66.7294 0.700831
66.7352 0.703601
67.8474 0.706371
68.0114 0.709141
68.02 0.711911
68.0555 0.714681
68.0626 0.717452
68.4704 0.720222
68.8321 0.722992
69.519 0.725762
69.928 0.728532
70.1336 0.731302
70.3034 0.734072
71.6312 0.736842
72.3892 0.739612
72.7518 0.742382
73.1767 0.745152
74.066 0.747922
74.6183 0.750693
75.2585 0.753463
75.5662 0.756233
75.8294 0.759003
76.7196 0.761773
77.1096 0.764543
77.459 0.767313
77.9812 0.770083
78.4902 0.772853
80.0109 0.775623
80.1225 0.778393
80.2283 0.781163
81.1286 0.783934
81.548 0.786704
81.7351 0.789474
82.8555 0.792244
85.6581 0.795014
87.4267 0.797784
91.699 0.800554
92.7493 0.803324
94.6549 0.806094
96.9306 0.808864
98.4959 0.811634
98.6272 0.814404
100.397 0.817175
104.051 0.819945
105.321 0.822715
105.524 0.825485
105.765 0.828255
106.472 0.831025
106.55 0.833795
106.759 0.836565
107.296 0.839335
108.153 0.842105
108.377 0.844875
108.799 0.847645
109.292 0.850416
110.308 0.853186
111.765 0.855956
112.936 0.858726
113.26 0.861496
114.762 0.864266
115.013 0.867036
116.204 0.869806
116.743 0.872576
116.994 0.875346
118.417 0.878116
118.613 0.880886
118.874 0.883657
119.64 0.886427
120.301 0.889197
122.435 0.891967
129.539 0.894737
130.105 0.897507
130.848 0.900277
132.934 0.903047
156.047 0.905817
159.383 0.908587
161.635 0.911357
165.504 0.914127
171.554 0.916898
175.156 0.919668
176.319 0.922438
179.02 0.925208
180.514 0.927978
189.978 0.930748
190.07 0.933518
191.835 0.936288
202.071 0.939058
202.704 0.941828
203.631 0.944598
215.785 0.947368
219.479 0.950139
224.988 0.952909
226.384 0.955679
227.092 0.958449
227.205 0.961219
229.808 0.963989
232.097 0.966759
232.304 0.969529
233.059 0.972299
233.285 0.975069
234.544 0.977839
234.69 0.980609
241.582 0.98338
244.386 0.98615
244.542 0.98892
320.863 0.99169
331.049 0.99446
344.92 0.99723
351.474 1
