 0.00277008
0.922702 0.00554017
1.06357 0.00831025
1.54454 0.0110803
1.63748 0.0138504
2.24712 0.0166205
2.59798 0.0193906
2.76067 0.0221607
3.00566 0.0249307
3.18267 0.0277008
3.47235 0.0304709
3.59675 0.033241
3.67595 0.0360111
4.45865 0.0387812
4.92803 0.0415512
5.39679 0.0443213
5.76681 0.0470914
6.16045 0.0498615
6.17728 0.0526316
6.25207 0.0554017
6.94493 0.0581717
7.26332 0.0609418
8.23996 0.0637119
8.5168 0.066482
9.57131 0.0692521
10.1959 0.0720222
10.5361 0.0747922
10.9479 0.0775623
11.1319 0.0803324
11.3889 0.0831025
11.6319 0.0858726
11.8835 0.0886427
11.9369 0.0914127
11.989 0.0941828
12.0272 0.0969529
12.0641 0.099723
13.6473 0.102493
13.773 0.105263
13.8158 0.108033
13.9732 0.110803
14.4124 0.113573
14.4742 0.116343
15.1427 0.119114
15.1566 0.121884
15.296 0.124654
15.6821 0.127424
16.1704 0.130194
17.0909 0.132964
17.3386 0.135734
17.4003 0.138504
18.5994 0.141274
18.7801 0.144044
18.8266 0.146814
19.8131 0.149584
20.0314 0.152355
20.1602 0.155125
20.2548 0.157895
21.4677 0.160665
21.981 0.163435
22.1019 0.166205
22.4154 0.168975
24.1205 0.171745
24.2094 0.174515
25.0938 0.177285
25.2266 0.180055
26.5437 0.182825
26.7537 0.185596
27.3975 0.188366
27.981 0.191136
28.2403 0.193906
28.4995 0.196676
29.7799 0.199446
29.8425 0.202216
30.9297 0.204986
31.4864 0.207756
32.1154 0.210526
32.7571 0.213296
33.6415 0.216066
34.2986 0.218837
34.3433 0.221607
34.539 0.224377
34.9022 0.227147
35.7732 0.229917
36.0836 0.232687
36.202 0.235457
36.8843 0.238227
36.9005 0.240997
37.4654 0.243767
37.5658 0.246537
37.7244 0.249307
38.8394 0.252078
39.045 0.254848
39.5429 0.257618
40.5061 0.260388
41.1065 0.263158
41.6805 0.265928
43.5348 0.268698
44.5397 0.271468
46.0517 0.274238
46.5839 0.277008
47.1748 0.279778
47.4035 0.282548
47.5946 0.285319
48.1887 0.288089
48.5012 0.290859
48.813 0.293629
48.8153 0.296399
49.9122 0.299169
50.5591 0.301939
51.3886 0.304709
51.6188 0.307479
54.6437 0.310249
55.4322 0.313019
55.7688 0.315789
56.8881 0.31856
57.566 0.32133
57.6216 0.3241
59.3709 0.32687
60.8097 0.32964
62.1675 0.33241
62.2165 0.33518
62.3664 0.33795
63.7317 0.34072
65.2683 0.34349
65.3164 0.34626
66.6123 0.34903
66.9816 0.351801
66.9953 0.354571
68.7099 0.357341
68.7669 0.360111
69.2514 0.362881
70.1347 0.365651
70.3331 0.368421
70.6543 0.371191
70.8039 0.373961
71.3014 0.376731
72.8495 0.379501
73.265 0.382271
74.3609 0.385042
74.8619 0.387812
75.0413 0.390582
75.7644 0.393352
76.4991 0.396122
77.6105 0.398892
78.4718 0.401662
78.5918 0.404432
79.4613 0.407202
80.4343 0.409972
80.7829 0.412742
80.8409 0.415512
80.8583 0.418283
80.9115 0.421053
81.6008 0.423823
83.6514 0.426593
85.5351 0.429363
85.8757 0.432133
86.0308 0.434903
86.3614 0.437673
87.2451 0.440443
88.0506 0.443213
88.3856 0.445983
88.4292 0.448753
89.2366 0.451524
89.3357 0.454294
89.6905 0.457064
90.0208 0.459834
90.0855 0.462604
90.1437 0.465374
90.2779 0.468144
91.4187 0.470914
91.8024 0.473684
91.9807 0.476454
92.1082 0.479224
92.7728 0.481994
93.4 0.484765
93.6866 0.487535
93.8126 0.490305
93.8578 0.493075
94.3279 0.495845
94.3558 0.498615
94.5413 0.501385
95.1041 0.504155
95.6174 0.506925
95.655 0.509695
96.6459 0.512465
97.1384 0.515235
97.667 0.518006
97.8494 0.520776
97.9813 0.523546
98.1156 0.526316
98.754 0.529086
98.811 0.531856
98.9821 0.534626
99.0119 0.537396
99.2159 0.540166
99.2456 0.542936
100.5 0.545706
100.724 0.548476
102.746 0.551247
102.808 0.554017
103.971 0.556787
104.069 0.559557
105.145 0.562327
105.319 0.565097
105.455 0.567867
106.27 0.570637
106.317 0.573407
106.999 0.576177
107.11 0.578947
108.464 0.581717
109.485 0.584488
109.56 0.587258
109.831 0.590028
109.984 0.592798
110.474 0.595568
110.715 0.598338
110.825 0.601108
110.975 0.603878
111.588 0.606648
113.389 0.609418
113.522 0.612188
113.632 0.614958
114.194 0.617729
115.092 0.620499
115.273 0.623269
115.541 0.626039
116.012 0.628809
116.882 0.631579
117.318 0.634349
119.634 0.637119
120.523 0.639889
120.971 0.642659
122.081 0.645429
122.393 0.648199
122.887 0.65097
123.022 0.65374
123.25 0.65651
123.281 0.65928
123.989 0.66205
124.142 0.66482
124.662 0.66759
124.718 0.67036
125.27 0.67313
126.199 0.6759
126.341 0.67867
127.133 0.68144
127.252 0.684211
129.544 0.686981
129.666 0.689751
129.724 0.692521
129.857 0.695291
130.11 0.698061
130.542 0.700831
131.099 0.703601
131.146 0.706371
131.488 0.709141
132.12 0.711911
132.146 0.714681
132.29 0.717452
132.614 0.720222
133 0.722992
133.723 0.725762
133.956 0.728532
135.55 0.731302
135.814 0.734072
135.965 0.736842
135.967 0.739612
136.425 0.742382
136.65 0.745152
136.738 0.747922
137.518 0.750693
137.863 0.753463
139.317 0.756233
141.18 0.759003
141.394 0.761773
141.687 0.764543
141.967 0.767313
141.971 0.770083
142.213 0.772853
142.232 0.775623
142.616 0.778393
142.942 0.781163
143.385 0.783934
143.793 0.786704
144.178 0.789474
144.193 0.792244
144.322 0.795014
144.599 0.797784
144.798 0.800554
145.303 0.803324
145.485 0.806094
145.552 0.808864
146.693 0.811634
147.593 0.814404
148.39 0.817175
149.585 0.819945
149.966 0.822715
150.001 0.825485
150.376 0.828255
151.104 0.831025
151.46 0.833795
151.504 0.836565
151.666 0.839335
152.021 0.842105
152.478 0.844875
152.55 0.847645
154.175 0.850416
155.293 0.853186
157.116 0.855956
157.247 0.858726
157.397 0.861496
157.676 0.864266
157.888 0.867036
157.954 0.869806
158.552 0.872576
158.682 0.875346
158.874 0.878116
159.017 0.880886
159.257 0.883657
159.731 0.886427
159.767 0.889197
159.816 0.891967
160.172 0.894737
160.352 0.897507
160.573 0.900277
160.656 0.903047
161.062 0.905817
161.251 0.908587
161.537 0.911357
162.198 0.914127
162.307 0.916898
163.227 0.919668
163.871 0.922438
164.074 0.925208
166.541 0.927978
167.027 0.930748
167.969 0.933518
168.667 0.936288
168.936 0.939058
170.521 0.941828
170.616 0.944598
170.764 0.947368
171.699 0.950139
173.272 0.952909
175.801 0.955679
178.012 0.958449
178.246 0.961219
181.316 0.963989
182.227 0.966759
183.483 0.969529
184.705 0.972299
185.443 0.975069
187.564 0.977839
189.516 0.980609
191.571 0.98338
192.095 0.98615
194.623 0.98892
195.051 0.99169
195.55 0.99446
195.606 0.99723
196.203 1
