0.461476 0.00277008
0.506499 0.00554017
0.996137 0.00831025
1.805614 0.0110803
1.977846 0.0138504
2.101654 0.0166205
3.833453 0.0193906
4.480943 0.0221607
4.494085 0.0249307
4.662422 0.0277008
4.752872 0.0304709
5.323195 0.033241
6.320746 0.0360111
6.925555 0.0387812
7.543834 0.0415512
7.967391 0.0443213
8.302205 0.0470914
8.479451 0.0498615
8.534866 0.0526316
8.612733 0.0554017
8.659692 0.0581717
9.141622 0.0609418
9.291466 0.0637119
9.572856 0.066482
9.636993 0.0692521
9.974041 0.0720222
9.998549 0.0747922
10.282407 0.0775623
10.289132 0.0803324
11.073711 0.0831025
11.642113 0.0858726
11.792107 0.0886427
12.079939 0.0914127
12.248696 0.0941828
12.319226 0.0969529
12.840295 0.099723
12.914477 0.102493
13.000728 0.105263
13.936070 0.108033
13.971199 0.110803
15.065445 0.113573
15.267134 0.116343
15.412325 0.119114
15.510061 0.121884
15.515377 0.124654
15.897319 0.127424
16.105895 0.130194
16.172388 0.132964
16.361423 0.135734
16.759706 0.138504
16.802566 0.141274
17.182156 0.144044
17.383881 0.146814
17.406964 0.149584
17.840840 0.152355
18.088372 0.155125
18.381469 0.157895
19.491076 0.160665
19.729702 0.163435
20.318232 0.166205
20.320475 0.168975
20.471391 0.171745
21.472365 0.174515
22.106491 0.177285
22.175886 0.180055
22.225349 0.182825
22.423248 0.185596
22.516003 0.188366
23.300004 0.191136
23.540725 0.193906
24.487552 0.196676
24.772534 0.199446
25.054562 0.202216
25.294828 0.204986
25.601268 0.207756
25.621250 0.210526
25.637135 0.213296
25.711933 0.216066
25.762200 0.218837
25.934955 0.221607
26.088774 0.224377
26.384801 0.227147
26.738518 0.229917
26.961628 0.232687
27.248147 0.235457
28.127712 0.238227
28.234184 0.240997
29.136097 0.243767
29.390532 0.246537
29.722780 0.249307
29.823726 0.252078
29.922223 0.254848
32.391450 0.257618
32.413670 0.260388
34.448534 0.263158
35.212958 0.265928
35.493121 0.268698
35.531017 0.271468
35.589501 0.274238
35.591555 0.277008
35.678595 0.279778
36.607990 0.282548
36.647898 0.285319
36.713907 0.288089
37.662914 0.290859
37.694713 0.293629
38.637650 0.296399
38.732490 0.299169
39.417890 0.301939
39.698395 0.304709
39.959297 0.307479
40.070960 0.310249
40.111527 0.313019
40.250483 0.315789
40.718225 0.31856
40.838224 0.32133
40.860230 0.3241
41.469297 0.32687
41.880780 0.32964
42.368239 0.33241
42.543155 0.33518
42.760804 0.33795
43.413928 0.34072
43.934670 0.34349
45.268068 0.34626
45.686236 0.34903
45.791161 0.351801
46.310267 0.354571
46.789855 0.357341
47.557876 0.360111
47.673267 0.362881
47.774827 0.365651
49.448630 0.368421
49.606594 0.371191
50.227565 0.373961
51.701641 0.376731
51.797867 0.379501
53.037584 0.382271
53.654283 0.385042
55.527115 0.387812
56.172919 0.390582
56.438273 0.393352
56.752539 0.396122
57.409549 0.398892
58.135712 0.401662
58.788657 0.404432
59.013587 0.407202
60.352951 0.409972
60.833770 0.412742
60.992467 0.415512
61.953896 0.418283
61.965150 0.421053
62.815589 0.423823
63.047636 0.426593
63.594759 0.429363
64.862555 0.432133
65.707672 0.434903
65.884411 0.437673
66.504735 0.440443
67.247033 0.443213
67.573762 0.445983
67.864597 0.448753
69.634068 0.451524
69.639915 0.454294
69.983155 0.457064
71.731055 0.459834
71.930915 0.462604
72.799486 0.465374
73.040974 0.468144
73.091334 0.470914
73.585343 0.473684
73.664272 0.476454
74.988967 0.479224
76.431096 0.481994
76.692277 0.484765
76.794910 0.487535
77.170360 0.490305
78.463936 0.493075
79.256648 0.495845
79.576123 0.498615
81.414586 0.501385
82.089794 0.504155
83.198410 0.506925
83.790016 0.509695
84.533364 0.512465
85.732168 0.515235
87.024146 0.518006
87.619412 0.520776
89.507473 0.523546
91.229135 0.526316
92.522168 0.529086
92.768031 0.531856
93.181670 0.534626
93.670261 0.537396
93.776625 0.540166
94.009840 0.542936
94.617200 0.545706
95.266306 0.548476
95.382017 0.551247
95.443618 0.554017
95.646143 0.556787
97.015476 0.559557
97.852576 0.562327
98.341632 0.565097
99.511510 0.567867
100.271261 0.570637
101.274180 0.573407
101.392841 0.576177
101.463950 0.578947
102.129257 0.581717
107.449377 0.584488
108.392119 0.587258
109.641421 0.590028
110.025418 0.592798
112.305820 0.595568
116.559458 0.598338
117.559898 0.601108
119.147325 0.603878
119.379890 0.606648
120.999110 0.609418
121.156895 0.612188
121.471834 0.614958
122.473085 0.617729
124.351311 0.620499
124.436450 0.623269
125.085509 0.626039
125.258136 0.628809
125.831783 0.631579
127.413666 0.634349
127.508855 0.637119
129.156840 0.639889
131.159389 0.642659
131.283975 0.645429
131.291759 0.648199
131.531298 0.65097
131.636631 0.65374
132.018721 0.65651
132.569242 0.65928
132.630312 0.66205
132.813859 0.66482
133.649826 0.66759
134.933782 0.67036
136.924720 0.67313
138.820076 0.6759
139.273739 0.67867
139.657819 0.68144
139.738071 0.684211
139.989650 0.686981
140.977395 0.689751
142.021179 0.692521
142.447889 0.695291
143.538737 0.698061
143.918467 0.700831
143.949997 0.703601
145.134032 0.706371
145.602465 0.709141
147.182882 0.711911
147.622406 0.714681
148.364544 0.717452
151.685619 0.720222
153.889263 0.722992
156.004095 0.725762
156.876850 0.728532
160.667789 0.731302
161.724842 0.734072
161.768925 0.736842
163.033295 0.739612
163.224828 0.742382
163.278055 0.745152
163.483536 0.747922
163.591158 0.750693
165.982103 0.753463
169.015133 0.756233
171.847165 0.759003
177.900529 0.761773
178.000665 0.764543
178.545547 0.767313
178.641403 0.770083
179.068816 0.772853
179.419529 0.775623
179.711485 0.778393
180.306423 0.781163
180.947328 0.783934
181.211472 0.786704
181.367195 0.789474
181.748819 0.792244
182.690156 0.795014
183.038700 0.797784
183.175850 0.800554
183.471406 0.803324
183.743942 0.806094
184.288120 0.808864
184.304821 0.811634
186.118591 0.814404
187.436700 0.817175
191.829228 0.819945
193.952167 0.822715
196.250939 0.825485
199.567258 0.828255
201.454902 0.831025
204.355264 0.833795
205.246472 0.836565
205.595541 0.839335
207.909322 0.842105
208.637190 0.844875
209.038854 0.847645
209.186244 0.850416
210.715413 0.853186
215.654612 0.855956
216.904068 0.858726
220.627308 0.861496
221.259069 0.864266
222.217011 0.867036
223.360419 0.869806
226.680207 0.872576
228.516579 0.875346
229.862070 0.878116
233.210826 0.880886
237.602997 0.883657
237.968802 0.886427
240.196204 0.889197
250.178790 0.891967
257.826233 0.894737
258.134770 0.897507
259.549046 0.900277
259.781051 0.903047
260.019803 0.905817
265.457177 0.908587
271.096110 0.911357
276.790333 0.914127
279.666591 0.916898
283.485746 0.919668
286.234403 0.922438
291.965747 0.925208
297.104836 0.927978
298.552203 0.930748
306.146932 0.933518
311.205554 0.936288
312.046146 0.939058
312.334156 0.941828
322.438669 0.944598
326.198339 0.947368
330.203509 0.950139
332.187223 0.952909
332.587266 0.955679
336.330771 0.958449
347.794104 0.961219
356.075406 0.963989
382.637858 0.966759
383.271265 0.969529
435.031080 0.972299
450.799704 0.975069
461.054850 0.977839
477.500916 0.980609
498.178053 0.98338
548.718548 0.98615
567.862701 0.98892
705.367470 0.99169
785.603046 0.99446
907.517624 0.99723
1033.474350 1
