0 0.00277008
4.750 0.00554017
13.938 0.00831025
19.850 0.0110803
23.975 0.0138504
24.5775 0.0166205
27.225 0.0193906
28.500 0.0221607
31.050 0.0249307
31.675 0.0277008
36.4187 0.0304709
52.250 0.033241
65.575 0.0360111
78.4275 0.0387812
81.575 0.0415512
87.8742 0.0443213
91.9013 0.0470914
92.425 0.0498615
111.750 0.0526316
115.600 0.0554017
144.0188 0.0581717
164.5442 0.0609418
179.550 0.0637119
185.4392 0.066482
186.3313 0.0692521
194.5350 0.0720222
215.9675 0.0747922
227.763 0.0775623
241.6437 0.0803324
245.438 0.0831025
263.850 0.0858726
275.238 0.0886427
281.4267 0.0914127
285.4613 0.0941828
295.7025 0.0969529
300.100 0.099723
308.525 0.102493
319.725 0.105263
324.3363 0.108033
325.7883 0.110803
328.875 0.113573
329.350 0.116343
335.800 0.119114
335.813 0.121884
338.3888 0.124654
340.67475 0.127424
353.5150 0.130194
361.475 0.132964
367.0363 0.135734
372.2850 0.138504
380.2488 0.141274
381.8775 0.144044
387.6517 0.146814
389.0508 0.149584
414.7063 0.152355
425.7225 0.155125
432.0488 0.157895
441.1725 0.160665
442.4775 0.163435
458.063 0.166205
486.250 0.168975
488.213 0.171745
490.5525 0.174515
491.300 0.177285
494.562 0.180055
494.8933 0.182825
499.000 0.185596
504.600 0.188366
506.250 0.191136
510.8925 0.193906
519.4650 0.196676
520.275 0.199446
528.0888 0.202216
529.350 0.204986
537.600 0.207756
551.3642 0.210526
556.2525 0.213296
566.4642 0.216066
566.6692 0.218837
570.813 0.221607
579.5388 0.224377
611.8725 0.227147
636.625 0.229917
644.500 0.232687
645.16638 0.235457
648.625 0.238227
658.063 0.240997
666.5438 0.243767
678.8738 0.246537
688.975 0.249307
709.7163 0.252078
713.3938 0.254848
713.4850 0.257618
717.425 0.260388
735.900 0.263158
752.9350 0.265928
761.813 0.268698
790.600 0.271468
810.150 0.274238
817.2225 0.277008
822.1238 0.279778
833.650 0.282548
837.0188 0.285319
840.0675 0.288089
855.850 0.290859
859.6575 0.293629
864.750 0.296399
883.250 0.299169
884.9650 0.301939
914.4563 0.304709
923.3175 0.307479
932.500 0.310249
933.938 0.313019
965.2275 0.315789
971.6888 0.31856
978.675 0.32133
980.1850 0.3241
981.400 0.32687
1002.4350 0.32964
1003.67475 0.33241
1003.9350 0.33518
1013.3117 0.33795
1013.6150 0.34072
1022.99088 0.34349
1024.388 0.34626
1024.4575 0.34903
1038.1263 0.351801
1041.3525 0.354571
1044.200 0.357341
1044.5738 0.360111
1065.9188 0.362881
1071.787 0.365651
1074.0438 0.368421
1082.3338 0.371191
1082.3350 0.373961
1083.8350 0.376731
1099.8488 0.379501
1100.775 0.382271
1101.1058 0.385042
1112.4563 0.387812
1113.8850 0.390582
1131.5825 0.393352
1136.5988 0.396122
1155.962 0.398892
1159.4575 0.401662
1168.700 0.404432
1194.0075 0.407202
1222.4150 0.409972
1229.8725 0.412742
1230.4925 0.415512
1252.425 0.418283
1255.6983 0.421053
1266.375 0.423823
1282.463 0.426593
1292.2938 0.429363
1293.8775 0.432133
1300.0488 0.434903
1319.5825 0.437673
1336.3938 0.440443
1337.600 0.443213
1338.0263 0.445983
1338.5138 0.448753
1341.9488 0.451524
1349.3313 0.454294
1360.2350 0.457064
1380.300 0.459834
1383.375 0.462604
1388.9350 0.465374
1422.225 0.468144
1423.550 0.470914
1427.013 0.473684
1431.063 0.476454
1431.2063 0.479224
1434.938 0.481994
1447.2650 0.484765
1468.5175 0.487535
1476.7275 0.490305
1483.9388 0.493075
1485.6325 0.495845
1488.6688 0.498615
1490.300 0.501385
1492.2488 0.504155
1497.838 0.506925
1499.700 0.509695
1502.850 0.512465
1513.3613 0.515235
1516.650 0.518006
1522.3425 0.520776
1524.4925 0.523546
1525.4138 0.526316
1529.400 0.529086
1531.6850 0.531856
1532.7988 0.534626
1547.350 0.537396
1548.313 0.540166
1550.5813 0.542936
1550.8850 0.545706
1553.475 0.548476
1556.650 0.551247
1562.5725 0.554017
1564.0608 0.556787
1566.3938 0.559557
1569.0188 0.562327
1571.413 0.565097
1572.3563 0.567867
1577.475 0.570637
1578.2650 0.573407
1580.5238 0.576177
1584.850 0.578947
1592.5650 0.581717
1603.7775 0.584488
1604.775 0.587258
1614.875 0.590028
1615.575 0.592798
1621.0388 0.595568
1625.688 0.598338
1629.4013 0.601108
1630.7025 0.603878
1637.175 0.606648
1638.2688 0.609418
1638.4675 0.612188
1644.3113 0.614958
1645.350 0.617729
1647.650 0.620499
1652.0575 0.623269
1653.663 0.626039
1657.0138 0.628809
1659.525 0.631579
1660.125 0.634349
1661.8988 0.637119
1686.8175 0.639889
1688.725 0.642659
1694.150 0.645429
1695.5475 0.648199
1703.225 0.65097
1713.075 0.65374
1721.625 0.65651
1726.3650 0.65928
1728.7325 0.66205
1730.400 0.66482
1731.225 0.66759
1738.0188 0.67036
1749.875 0.67313
1751.063 0.6759
1751.2388 0.67867
1752.425 0.68144
1754.200 0.684211
1760.2650 0.686981
1768.6988 0.689751
1770.400 0.692521
1771.8925 0.695291
1776.7488 0.698061
1780.100 0.700831
1781.6150 0.703601
1782.8563 0.706371
1783.4575 0.709141
1783.9613 0.711911
1790.025 0.714681
1794.8775 0.717452
1797.750 0.720222
1798.5225 0.722992
1800.563 0.725762
1802.325 0.728532
1810.1688 0.731302
1813.2063 0.734072
1819.0638 0.736842
1820.100 0.739612
1821.275 0.742382
1821.2863 0.745152
1824.6150 0.747922
1827.250 0.750693
1829.7113 0.753463
1830.300 0.756233
1831.750 0.759003
1831.988 0.761773
1835.9925 0.764543
1840.1438 0.767313
1849.3275 0.770083
1853.313 0.772853
1855.7838 0.775623
1860.5788 0.778393
1864.3675 0.781163
1867.4138 0.783934
1868.438 0.786704
1875.950 0.789474
1876.9150 0.792244
1884.8988 0.795014
1885.9088 0.797784
1888.500 0.800554
1889.100 0.803324
1890.4463 0.806094
1893.6488 0.808864
1894.9350 0.811634
1895.338 0.814404
1895.4525 0.817175
1896.9575 0.819945
1897.3763 0.822715
1897.6388 0.825485
1900.5913 0.828255
1902.588 0.831025
1908.3788 0.833795
1909.775 0.836565
1910.625 0.839335
1911.863 0.842105
1912.1150 0.844875
1912.9538 0.847645
1915.7063 0.850416
1919.0425 0.853186
1922.1838 0.855956
1929.075 0.858726
1933.3388 0.861496
1933.5525 0.864266
1935.4563 0.867036
1935.675 0.869806
1935.938 0.872576
1944.7608 0.875346
1946.4575 0.878116
1947.113 0.880886
1948.8675 0.883657
1950.900 0.886427
1955.6575 0.889197
1963.2638 0.891967
1967.275 0.894737
1982.6888 0.897507
1985.4575 0.900277
1993.050 0.903047
1994.0775 0.905817
1996.125 0.908587
2012.3075 0.911357
2019.4613 0.914127
2020.588 0.916898
2030.938 0.919668
2031.250 0.922438
2032.875 0.925208
2032.925 0.927978
2035.3825 0.930748
2171.838 0.933518
2206.575 0.936288
2209.575 0.939058
2316.250 0.941828
2329.875 0.944598
2406.563 0.947368
2445.6675 0.950139
2467.0813 0.952909
2469.7325 0.955679
2522.7150 0.958449
2525.288 0.961219
2543.600 0.963989
2566.0650 0.966759
2569.013 0.969529
2576.500 0.972299
2592.200 0.975069
2602.238 0.977839
2649.8738 0.980609
2654.6075 0.98338
2761.5263 0.98615
2804.6675 0.98892
2805.9263 0.99169
2827.150 0.99446
2863.450 0.99723
2880.750 1
