0.060352 0.00277008
0.138602 0.00554017
0.329660 0.00831025
0.486508 0.0110803
0.610901 0.0138504
0.615768 0.0166205
0.680501 0.0193906
0.732288 0.0221607
0.891339 0.0249307
0.901581 0.0277008
0.932005 0.0304709
0.936207 0.033241
0.958369 0.0360111
0.985744 0.0387812
1.178432 0.0415512
1.229419 0.0443213
1.281594 0.0470914
1.286510 0.0498615
1.352111 0.0526316
1.429171 0.0554017
1.506681 0.0581717
1.507150 0.0609418
1.528906 0.0637119
1.582706 0.066482
1.657272 0.0692521
1.688275 0.0720222
1.791780 0.0747922
1.810183 0.0775623
1.894915 0.0803324
2.220085 0.0831025
2.317474 0.0858726
2.360764 0.0886427
2.388287 0.0914127
2.502972 0.0941828
2.522544 0.0969529
2.542788 0.099723
2.548307 0.102493
2.575369 0.105263
2.640734 0.108033
2.669764 0.110803
2.691763 0.113573
2.698153 0.116343
2.729202 0.119114
2.882395 0.121884
2.891113 0.124654
2.905228 0.127424
2.993981 0.130194
3.226546 0.132964
3.285982 0.135734
3.457558 0.138504
3.555488 0.141274
3.901592 0.144044
3.905286 0.146814
4.162986 0.149584
4.197494 0.152355
4.252993 0.155125
4.318680 0.157895
4.496428 0.160665
4.584732 0.163435
4.660803 0.166205
4.683903 0.168975
5.010038 0.171745
5.039437 0.174515
5.121082 0.177285
5.179031 0.180055
5.206230 0.182825
5.268505 0.185596
5.321424 0.188366
5.375244 0.191136
5.487030 0.193906
5.545654 0.196676
5.614017 0.199446
5.697701 0.202216
5.962547 0.204986
6.044081 0.207756
6.086290 0.210526
6.154723 0.213296
6.473370 0.216066
6.632635 0.218837
6.750950 0.221607
6.866175 0.224377
7.072453 0.227147
7.282063 0.229917
7.655457 0.232687
7.688993 0.235457
7.743445 0.238227
7.761635 0.240997
7.801057 0.243767
8.198502 0.246537
8.222672 0.249307
8.364557 0.252078
8.404703 0.254848
8.529856 0.257618
8.840324 0.260388
8.957257 0.263158
9.118992 0.265928
9.154469 0.268698
9.169964 0.271468
9.180387 0.274238
9.353916 0.277008
9.463573 0.279778
9.500127 0.282548
9.570813 0.285319
9.823135 0.288089
9.841671 0.290859
9.865456 0.293629
9.898628 0.296399
9.948287 0.299169
10.108431 0.301939
10.119345 0.304709
10.120518 0.307479
10.682405 0.310249
10.832661 0.313019
10.987270 0.315789
11.130913 0.31856
11.276272 0.32133
11.335733 0.3241
11.411861 0.32687
11.418861 0.32964
11.567543 0.33241
11.851013 0.33518
12.024733 0.33795
12.167797 0.34072
12.182053 0.34349
12.704529 0.34626
13.018051 0.34903
13.050753 0.351801
13.149136 0.354571
13.237320 0.357341
13.393242 0.360111
13.589012 0.362881
13.631621 0.365651
14.014204 0.368421
14.050087 0.371191
14.382467 0.373961
15.430904 0.376731
15.468439 0.379501
15.495888 0.382271
15.834621 0.385042
15.861052 0.387812
16.139807 0.390582
16.221222 0.393352
16.405790 0.396122
16.554064 0.398892
17.146786 0.401662
17.163719 0.404432
17.195040 0.407202
17.374134 0.409972
17.459171 0.412742
17.595354 0.415512
17.697540 0.418283
17.702385 0.421053
18.138832 0.423823
18.210869 0.426593
18.318943 0.429363
18.694031 0.432133
18.762190 0.434903
18.884062 0.437673
19.037615 0.440443
19.201632 0.443213
19.279566 0.445983
19.284063 0.448753
19.643984 0.451524
19.954870 0.454294
19.965141 0.457064
20.327173 0.459834
20.417747 0.462604
20.665363 0.465374
20.910822 0.468144
21.220291 0.470914
22.050316 0.473684
22.513767 0.476454
22.608585 0.479224
22.917831 0.481994
23.153664 0.484765
23.318924 0.487535
23.801176 0.490305
23.988619 0.493075
24.314537 0.495845
24.370066 0.498615
24.801065 0.501385
25.085953 0.504155
25.992426 0.506925
26.137245 0.509695
26.167263 0.512465
26.713242 0.515235
26.900827 0.518006
27.161873 0.520776
27.182007 0.523546
28.319942 0.526316
28.335014 0.529086
28.455860 0.531856
28.593037 0.534626
28.694242 0.537396
28.873550 0.540166
29.115604 0.542936
29.465040 0.545706
29.619909 0.548476
29.685059 0.551247
29.748562 0.554017
30.000824 0.556787
30.446926 0.559557
31.014118 0.562327
31.486578 0.565097
31.573303 0.567867
32.268101 0.570637
32.307571 0.573407
32.472775 0.576177
33.730488 0.578947
33.820004 0.581717
34.119698 0.584488
34.154083 0.587258
34.267647 0.590028
34.317703 0.592798
34.491951 0.595568
36.086754 0.598338
36.094688 0.601108
36.391823 0.603878
36.532104 0.606648
36.905056 0.609418
37.139702 0.612188
38.296471 0.614958
38.820889 0.617729
39.029018 0.620499
39.186840 0.623269
40.099419 0.626039
40.666157 0.628809
40.803253 0.631579
41.220104 0.634349
41.359966 0.637119
41.746330 0.639889
41.765751 0.642659
41.862152 0.645429
42.841408 0.648199
42.871918 0.65097
43.240040 0.65374
43.792900 0.65651
43.917919 0.65928
44.521431 0.66205
46.786690 0.66482
47.921669 0.66759
48.312023 0.67036
48.550350 0.67313
48.766846 0.6759
48.889164 0.67867
49.957127 0.68144
50.133469 0.684211
50.262535 0.686981
50.529324 0.689751
52.194733 0.692521
52.534603 0.695291
52.955284 0.698061
53.587090 0.700831
53.885429 0.703601
53.897732 0.706371
54.600853 0.709141
55.777794 0.711911
56.491768 0.714681
57.167656 0.717452
57.466171 0.720222
58.045059 0.722992
59.199265 0.725762
59.619751 0.728532
60.391266 0.731302
62.147633 0.734072
62.580727 0.736842
63.428333 0.739612
64.471718 0.742382
64.611160 0.745152
66.173233 0.747922
66.499374 0.750693
67.655731 0.753463
68.918747 0.756233
70.163628 0.759003
70.845467 0.761773
70.948990 0.764543
73.200134 0.767313
73.358154 0.770083
75.471504 0.772853
76.504028 0.775623
76.898415 0.778393
79.273849 0.781163
79.421425 0.783934
80.468307 0.786704
82.256409 0.789474
82.498268 0.792244
83.049400 0.795014
83.919441 0.797784
84.209610 0.800554
86.448608 0.803324
95.500671 0.806094
95.927902 0.808864
98.897858 0.811634
99.412216 0.814404
100.688179 0.817175
103.573822 0.819945
105.156593 0.822715
110.808990 0.825485
112.189758 0.828255
113.767883 0.831025
116.312950 0.833795
119.398758 0.836565
120.573517 0.839335
123.689156 0.842105
124.021622 0.844875
124.102928 0.847645
127.353394 0.850416
127.578445 0.853186
128.607391 0.855956
134.634689 0.858726
140.406891 0.861496
143.006805 0.864266
150.485962 0.867036
153.362045 0.869806
156.980438 0.872576
159.054169 0.875346
160.464050 0.878116
162.758514 0.880886
164.859329 0.883657
169.508026 0.886427
169.871033 0.889197
170.197281 0.891967
176.466080 0.894737
176.777435 0.897507
183.932648 0.900277
187.560883 0.903047
191.028137 0.905817
191.839020 0.908587
201.711716 0.911357
203.646576 0.914127
204.680939 0.916898
208.512451 0.919668
209.826141 0.922438
210.209747 0.925208
211.889008 0.927978
222.060425 0.930748
241.714417 0.933518
256.743408 0.936288
257.013794 0.939058
263.181305 0.941828
268.237976 0.944598
273.805237 0.947368
318.217102 0.950139
319.418274 0.952909
329.900635 0.955679
347.150146 0.958449
358.561768 0.961219
365.183838 0.963989
380.036407 0.966759
391.924408 0.969529
445.545715 0.972299
472.282043 0.975069
514.295654 0.977839
553.482483 0.980609
574.388916 0.98338
705.776550 0.98615
747.301575 0.98892
749.553894 0.99169
962.058105 0.99446
1142.864136 0.99723
1261.157715 1
