.0013980841 0.00277008
.0024193463 0.00554017
.0025514806 0.00831025
.0032451709 0.0110803
.0034210504 0.0138504
.0037084256 0.0166205
.0041897016 0.0193906
.0048367192 0.0221607
.0062954750 0.0249307
.0068525533 0.0277008
.0074771620 0.0304709
.0080320677 0.033241
.0080854288 0.0360111
.0083259778 0.0387812
.0086077126 0.0415512
.0091842864 0.0443213
.0093776385 0.0470914
.0095470074 0.0498615
.0106382865 0.0526316
.0115645539 0.0554017
.0116055086 0.0581717
.0119074662 0.0609418
.0121621618 0.0637119
.0134697521 0.066482
.0146523467 0.0692521
.0156811621 0.0720222
.0157690529 0.0747922
.0164823029 0.0775623
.0165208758 0.0803324
.0175416793 0.0831025
.0179197271 0.0858726
.0194967942 0.0886427
.0198537039 0.0914127
.0217121630 0.0941828
.0219538916 0.0969529
.0242894730 0.099723
.0246354449 0.102493
.0247527337 0.105263
.0249007826 0.108033
.0253730607 0.110803
.0254231760 0.113573
.0262591596 0.116343
.0263071597 0.119114
.0272521149 0.121884
.0273908560 0.124654
.0275444740 0.127424
.0284935698 0.130194
.0286656919 0.132964
.0288567814 0.135734
.0294367510 0.138504
.0300285648 0.141274
.0304242587 0.144044
.0307470458 0.146814
.0308213677 0.149584
.0309728108 0.152355
.0316438412 0.155125
.0322288286 0.157895
.0324423167 0.160665
.0329883178 0.163435
.0340303315 0.166205
.0346162108 0.168975
.0347813867 0.171745
.0365164721 0.174515
.0369666208 0.177285
.0381961031 0.180055
.0394151003 0.182825
.0402053403 0.185596
.0467682400 0.188366
.0584266968 0.191136
.0601999230 0.193906
.0725879148 0.196676
.0747697788 0.199446
.0758835361 0.202216
.0817917515 0.204986
.0839542443 0.207756
.0867546885 0.210526
.0904781381 0.213296
.0906952193 0.216066
.0907905347 0.218837
.0915106332 0.221607
.0978871177 0.224377
.1034043002 0.227147
.1106694563 0.229917
.1120284480 0.232687
.1283508108 0.235457
.1326605746 0.238227
.1406251575 0.240997
.1418977042 0.243767
.1473470731 0.246537
.1540047532 0.249307
.1560351814 0.252078
.1562988591 0.254848
.1678229373 0.257618
.1782310483 0.260388
.1931207804 0.263158
.2043264604 0.265928
.2073988809 0.268698
.2384591162 0.271468
.2694271684 0.274238
.2801193945 0.277008
.2880029601 0.279778
.2910805680 0.282548
.2959508354 0.285319
.3184286447 0.288089
.3333043943 0.290859
.3883690051 0.293629
.4062234221 0.296399
.4223402097 0.299169
.4443777026 0.301939
.4748545692 0.304709
.5126510810 0.307479
.5257064444 0.310249
.6199989932 0.313019
.6202484537 0.315789
.6733813003 0.31856
.6888505300 0.32133
.9071558400 0.3241
1.5135965305 0.32687
1.5489961160 0.32964
1.7042773720 0.33241
2.3632201863 0.33518
3.9450700232 0.33795
4.5317791368 0.34072
5.4035917114 0.34349
5.4505424851 0.34626
5.6751885722 0.34903
5.6909418873 0.351801
6.6201550434 0.354571
6.8238941715 0.357341
7.7476093334 0.360111
7.7481485715 0.362881
7.9722832000 0.365651
8.3809866667 0.368421
8.4504228572 0.371191
9.0826632597 0.373961
9.2990720000 0.376731
9.3517494303 0.379501
9.5513348800 0.382271
9.7625866667 0.385042
9.9707085715 0.387812
10.0037028572 0.390582
10.0040800000 0.393352
10.1915085715 0.396122
10.7129245715 0.398892
11.0170000000 0.401662
11.0848133334 0.404432
11.0884845715 0.407202
11.0976102858 0.409972
11.1000114286 0.412742
11.1587120000 0.415512
11.1769257143 0.418283
11.1783931429 0.421053
11.3969074286 0.423823
11.4065245715 0.426593
11.4239760000 0.429363
11.6272133334 0.432133
11.6711720000 0.434903
11.6779166858 0.437673
11.6839912000 0.440443
11.8887840000 0.443213
11.8926133334 0.445983
11.8993774000 0.448753
12.1705600000 0.451524
12.5075400000 0.454294
12.5684880000 0.457064
12.7433746667 0.459834
12.7768786667 0.462604
12.9296666667 0.465374
12.9440346667 0.468144
12.9606800000 0.470914
13.0123626667 0.473684
13.0270440000 0.476454
13.0564866667 0.479224
13.3074000000 0.481994
13.4265560000 0.484765
13.4337666667 0.487535
13.4357146667 0.490305
13.6378277334 0.493075
13.6392086667 0.495845
13.8473920000 0.498615
13.8520800000 0.501385
14.2352960000 0.504155
14.6062400000 0.506925
14.7674106667 0.509695
14.7857344000 0.512465
15.1674200000 0.515235
15.2636448000 0.518006
15.2698240000 0.520776
15.2738192000 0.523546
15.4596192000 0.526316
15.4611200000 0.529086
15.4707600000 0.531856
15.5913456000 0.534626
15.6004144000 0.537396
15.6240432000 0.540166
15.8029013334 0.542936
15.8046448000 0.545706
15.8664736000 0.548476
15.8909392000 0.551247
15.9093072000 0.554017
15.9375920000 0.556787
15.9631424000 0.559557
15.9647920000 0.562327
15.9651776000 0.565097
15.9981808000 0.567867
16.0012288000 0.570637
16.0712912000 0.573407
16.1615408000 0.576177
16.2111584000 0.578947
16.3627542400 0.581717
16.6773333334 0.584488
16.9750400000 0.587258
17.0449600000 0.590028
17.7331400000 0.592798
17.8984800000 0.595568
18.6077500000 0.598338
19.0000780000 0.601108
19.2089600000 0.603878
19.3007780000 0.606648
19.3309160000 0.609418
19.3360820000 0.612188
19.3820840000 0.614958
19.4097866667 0.617729
19.4955080000 0.620499
19.6037020000 0.623269
19.6637000000 0.626039
19.7954160000 0.628809
19.8380500000 0.631579
19.8757540000 0.634349
19.9260340000 0.637119
19.9441440000 0.639889
19.9710340000 0.642659
20.0615860000 0.645429
20.1192120000 0.648199
20.1982220000 0.65097
20.2093880000 0.65374
20.3616116000 0.65651
20.4700893400 0.65928
21.4251322401 0.66205
22.0208533334 0.66482
22.1186040000 0.66759
22.1983466667 0.67036
22.6138400000 0.67313
23.0143600000 0.6759
23.2071320000 0.67867
23.6036533334 0.68144
23.6978288000 0.684211
23.8448896000 0.686981
23.8900208000 0.689751
23.9803587200 0.692521
24.9914800000 0.695291
25.1691680000 0.698061
25.2334137466 0.700831
25.3814053334 0.703601
25.5410026667 0.706371
25.6706986667 0.709141
25.7000640000 0.711911
25.8162640000 0.714681
25.9894693334 0.717452
26.0170346667 0.720222
26.2231520000 0.722992
26.2456080000 0.725762
26.3731120000 0.728532
26.4054640000 0.731302
26.4817253334 0.734072
26.4936960000 0.736842
26.5672400000 0.739612
26.7002960000 0.742382
26.7738586667 0.745152
26.9218746667 0.747922
26.9982400000 0.750693
27.2239565334 0.753463
27.2360442667 0.756233
27.2762952000 0.759003
27.2868568534 0.761773
27.2934119467 0.764543
29.1162000000 0.767313
29.6682140000 0.770083
29.8910700000 0.772853
30.2796800000 0.775623
31.1458000000 0.778393
33.1324800000 0.781163
33.6326000000 0.783934
35.1921200000 0.786704
35.2241200000 0.789474
37.5162000000 0.792244
37.9539200000 0.795014
37.9658400000 0.797784
38.1899240000 0.800554
38.2069880000 0.803324
38.2157520000 0.806094
38.3425640000 0.808864
38.8834640000 0.811634
38.9157120000 0.814404
39.2018720000 0.817175
39.2452640000 0.819945
39.4178666667 0.822715
39.4418960000 0.825485
39.4960600000 0.828255
39.5036080000 0.831025
39.6194080000 0.833795
39.6445600000 0.836565
39.6492800000 0.839335
39.7785400000 0.842105
39.8233160000 0.844875
40.1769480000 0.847645
40.2320280000 0.850416
40.2324240000 0.853186
40.4387120000 0.855956
40.5582160000 0.858726
40.6475044000 0.861496
40.6587752000 0.864266
40.8822028000 0.867036
40.8888824000 0.869806
40.9494685600 0.872576
44.1405600000 0.875346
44.5902400000 0.878116
46.3468400000 0.880886
47.2739616000 0.883657
47.5875944000 0.886427
50.0337600000 0.889197
50.3902132184 0.891967
56.4916000000 0.894737
57.7271200000 0.897507
58.0246400000 0.900277
58.2202400000 0.903047
58.9012560000 0.905817
59.3200920000 0.908587
59.3673720000 0.911357
60.5932040000 0.914127
60.6182000000 0.916898
63.6391200000 0.919668
66.1216000000 0.922438
66.3532000000 0.925208
70.0829600000 0.927978
75.4926000000 0.930748
76.1860880000 0.933518
76.2770320000 0.936288
76.4225920000 0.939058
77.6012880000 0.941828
78.2452560000 0.944598
78.2831440000 0.947368
78.7425680000 0.950139
79.0992080000 0.952909
79.4590320000 0.955679
79.5099040000 0.958449
80.2041360000 0.961219
80.8016480000 0.963989
81.0117520000 0.966759
81.0687280000 0.969529
81.2241400000 0.972299
81.5073984000 0.975069
81.8922588800 0.977839
81.9110421600 0.980609
81.9121894880 0.98338
111.4971200000 0.98615
117.3748080000 0.98892
118.7481120000 0.99169
119.8953440000 0.99446
121.0136720000 0.99723
122.8703115200 1
