 0.00277008
0.285738 0.00554017
0.369131 0.00831025
0.390836 0.0110803
0.44938 0.0138504
0.58665 0.0166205
0.943123 0.0193906
1.01762 0.0221607
1.06476 0.0249307
1.22612 0.0277008
1.37451 0.0304709
1.46828 0.033241
2.0657 0.0360111
2.13312 0.0387812
2.15487 0.0415512
2.29669 0.0443213
2.36025 0.0470914
2.39033 0.0498615
2.42142 0.0526316
2.6289 0.0554017
2.66513 0.0581717
2.7914 0.0609418
3.17758 0.0637119
3.52022 0.066482
3.56534 0.0692521
3.62058 0.0720222
3.66103 0.0747922
3.73812 0.0775623
3.84465 0.0803324
3.84735 0.0831025
3.87202 0.0858726
3.90139 0.0886427
4.26789 0.0914127
4.30401 0.0941828
4.31585 0.0969529
4.33377 0.099723
4.43839 0.102493
4.46648 0.105263
4.51461 0.108033
4.63963 0.110803
5.08761 0.113573
5.39091 0.116343
5.59971 0.119114
5.65043 0.121884
5.80515 0.124654
5.80635 0.127424
6.04901 0.130194
6.06614 0.132964
6.13688 0.135734
6.15692 0.138504
6.21482 0.141274
6.23615 0.144044
6.42838 0.146814
6.43115 0.149584
6.53632 0.152355
6.60211 0.155125
6.71671 0.157895
6.74202 0.160665
6.78628 0.163435
6.81722 0.166205
7.00988 0.168975
7.29898 0.171745
7.60048 0.174515
7.60339 0.177285
7.76137 0.180055
7.88364 0.182825
7.90918 0.185596
7.96445 0.188366
8.12809 0.191136
8.36946 0.193906
8.67409 0.196676
8.73567 0.199446
8.89708 0.202216
9.10377 0.204986
9.12523 0.207756
9.41386 0.210526
9.6242 0.213296
9.71945 0.216066
10.1022 0.218837
10.1625 0.221607
10.2269 0.224377
10.3485 0.227147
10.3682 0.229917
10.8386 0.232687
11.3856 0.235457
11.4825 0.238227
11.6169 0.240997
11.7702 0.243767
11.8494 0.246537
12.218 0.249307
12.377 0.252078
12.842 0.254848
13.033 0.257618
13.1779 0.260388
13.2936 0.263158
13.6323 0.265928
14.258 0.268698
14.5526 0.271468
14.6123 0.274238
14.7299 0.277008
15.1379 0.279778
15.6496 0.282548
15.7729 0.285319
15.8701 0.288089
15.9665 0.290859
16.1845 0.293629
16.3573 0.296399
16.3756 0.299169
16.5554 0.301939
16.6422 0.304709
16.6578 0.307479
16.7777 0.310249
16.8198 0.313019
16.8539 0.315789
16.8838 0.31856
16.9926 0.32133
17.006 0.3241
17.285 0.32687
17.3195 0.32964
17.5032 0.33241
17.5354 0.33518
17.6913 0.33795
18.3754 0.34072
18.4543 0.34349
18.6731 0.34626
18.9193 0.34903
18.9807 0.351801
19.3147 0.354571
19.5852 0.357341
19.7806 0.360111
19.9182 0.362881
19.9346 0.365651
19.9349 0.368421
19.9836 0.371191
20.014 0.373961
20.0207 0.376731
20.1539 0.379501
20.2128 0.382271
20.2378 0.385042
20.2619 0.387812
20.2714 0.390582
20.3611 0.393352
20.3863 0.396122
20.3888 0.398892
20.6907 0.401662
20.7652 0.404432
20.8557 0.407202
21.0718 0.409972
21.1021 0.412742
21.1244 0.415512
21.3547 0.418283
21.3569 0.421053
21.3729 0.423823
21.4068 0.426593
21.5281 0.429363
21.5761 0.432133
21.6126 0.434903
21.6334 0.437673
21.7764 0.440443
21.9749 0.443213
22.144 0.445983
22.3773 0.448753
22.5157 0.451524
22.5935 0.454294
22.6268 0.457064
22.7085 0.459834
23.3541 0.462604
23.5704 0.465374
23.6347 0.468144
23.7144 0.470914
23.8623 0.473684
23.8864 0.476454
24.0317 0.479224
24.1118 0.481994
24.1848 0.484765
24.3538 0.487535
24.4829 0.490305
24.6497 0.493075
24.6646 0.495845
25.0463 0.498615
25.0544 0.501385
25.066 0.504155
25.1253 0.506925
25.1458 0.509695
25.4196 0.512465
25.4486 0.515235
25.7752 0.518006
25.8297 0.520776
26.457 0.523546
26.5725 0.526316
26.5822 0.529086
26.6296 0.531856
27.0996 0.534626
27.4225 0.537396
27.4654 0.540166
27.6582 0.542936
27.8891 0.545706
27.9768 0.548476
28.1429 0.551247
28.3898 0.554017
28.488 0.556787
28.4996 0.559557
28.8001 0.562327
28.826 0.565097
28.8385 0.567867
28.9897 0.570637
29.1177 0.573407
29.1296 0.576177
29.135 0.578947
29.6088 0.581717
29.7467 0.584488
29.9491 0.587258
30.2304 0.590028
30.2724 0.592798
30.3861 0.595568
30.5274 0.598338
30.5991 0.601108
30.7448 0.603878
31.1361 0.606648
31.4905 0.609418
31.5869 0.612188
31.7918 0.614958
32.3526 0.617729
32.469 0.620499
33.1434 0.623269
33.3789 0.626039
33.4696 0.628809
33.6583 0.631579
33.9157 0.634349
33.9231 0.637119
34.099 0.639889
34.854 0.642659
34.9903 0.645429
35.1525 0.648199
36.0739 0.65097
36.1496 0.65374
36.3289 0.65651
36.5345 0.65928
36.6251 0.66205
37.2677 0.66482
37.7064 0.66759
37.819 0.67036
37.8687 0.67313
38.7329 0.6759
38.7362 0.67867
38.7817 0.68144
39.0509 0.684211
39.4234 0.686981
39.7667 0.689751
40.5414 0.692521
40.6761 0.695291
40.714 0.698061
40.7495 0.700831
41.5261 0.703601
41.6668 0.706371
42.213 0.709141
42.622 0.711911
42.8276 0.714681
42.9974 0.717452
43.8558 0.720222
44.0114 0.722992
44.4704 0.725762
45.0832 0.728532
45.8707 0.731302
46.4667 0.734072
46.76 0.736842
47.9525 0.739612
48.2602 0.742382
48.5234 0.745152
49.4025 0.747922
49.4136 0.750693
50.153 0.753463
50.3684 0.756233
50.562 0.759003
50.6752 0.761773
50.739 0.764543
51.0151 0.767313
51.1384 0.770083
51.1842 0.772853
51.3481 0.775623
51.4275 0.778393
51.458 0.781163
51.7893 0.783934
51.8598 0.786704
52.6545 0.789474
53.6949 0.792244
53.8226 0.795014
55.9706 0.797784
56.0513 0.800554
57.5359 0.803324
57.6672 0.806094
58.2552 0.808864
59.4373 0.811634
64.3611 0.814404
64.5642 0.817175
64.8048 0.819945
65.5116 0.822715
65.7989 0.825485
66.336 0.828255
67.8386 0.831025
68.0576 0.833795
68.3322 0.836565
68.6653 0.839335
69.3479 0.842105
70.8046 0.844875
71.5879 0.847645
71.9758 0.850416
72.3001 0.853186
73.8018 0.855956
74.0534 0.858726
74.2242 0.861496
74.4346 0.864266
75.2435 0.867036
76.0341 0.869806
77.4565 0.872576
77.6535 0.875346
77.9138 0.878116
78.6805 0.880886
79.3405 0.883657
80.4367 0.886427
81.3032 0.889197
81.395 0.891967
81.5386 0.894737
84.9335 0.897507
94.3986 0.900277
94.6069 0.903047
97.0996 0.905817
97.9425 0.908587
98.5942 0.911357
104.064 0.914127
107.796 0.916898
108.058 0.919668
108.15 0.922438
109.915 0.925208
110.114 0.927978
111.81 0.930748
113.716 0.933518
120.151 0.936288
120.784 0.939058
121.711 0.941828
130.694 0.944598
133.865 0.947368
137.559 0.950139
143.068 0.952909
144.464 0.955679
145.172 0.958449
145.285 0.961219
147.888 0.963989
150.177 0.966759
150.384 0.969529
151.139 0.972299
151.365 0.975069
152.624 0.977839
159.662 0.980609
161.623 0.98338
162.466 0.98615
162.622 0.98892
197.983 0.99169
208.169 0.99446
222.04 0.99723
228.594 1
