5.431763 0.00277008
10.724365 0.00554017
15.855957 0.00831025
21.345581 0.0110803
37.804199 0.0138504
43.785706 0.0166205
46.544189 0.0193906
48.114746 0.0221607
54.981079 0.0249307
61.245117 0.0277008
72.439087 0.0304709
76.272034 0.033241
80.220581 0.0360111
86.253174 0.0387812
91.948975 0.0415512
99.163452 0.0443213
99.543701 0.0470914
104.619507 0.0498615
106.058960 0.0526316
107.308350 0.0554017
110.647583 0.0581717
116.017761 0.0609418
116.579468 0.0637119
122.461914 0.066482
122.695679 0.0692521
128.625366 0.0720222
130.630249 0.0747922
135.643433 0.0775623
137.601562 0.0803324
140.062866 0.0831025
148.803589 0.0858726
150.056519 0.0886427
162.067505 0.0914127
165.002930 0.0941828
166.689331 0.0969529
171.779053 0.099723
172.867188 0.102493
174.291626 0.105263
176.716064 0.108033
187.199585 0.110803
195.181824 0.113573
196.748169 0.116343
201.419739 0.119114
202.837402 0.121884
212.468750 0.124654
212.767334 0.127424
224.791992 0.130194
231.783203 0.132964
236.686768 0.135734
237.666016 0.138504
242.833740 0.141274
264.375854 0.144044
267.367432 0.146814
268.771606 0.149584
269.458252 0.152355
275.105835 0.155125
283.267944 0.157895
290.389160 0.160665
291.143677 0.163435
301.786987 0.166205
303.282715 0.168975
311.180176 0.171745
312.025635 0.174515
316.572754 0.177285
324.781006 0.180055
340.593994 0.182825
348.047119 0.185596
351.081177 0.188366
351.475708 0.191136
359.081055 0.193906
365.115234 0.196676
374.668701 0.199446
375.936401 0.202216
378.190735 0.204986
378.904297 0.207756
382.769287 0.210526
386.075073 0.213296
387.651855 0.216066
388.681152 0.218837
399.019043 0.221607
428.540039 0.224377
434.384644 0.227147
436.425659 0.229917
439.356689 0.232687
439.626099 0.235457
440.859619 0.238227
444.584839 0.240997
453.549438 0.243767
473.399414 0.246537
473.937500 0.249307
478.928101 0.252078
506.241699 0.254848
509.303955 0.257618
511.267578 0.260388
513.200195 0.263158
515.639771 0.265928
521.847778 0.268698
522.354736 0.271468
547.766235 0.274238
553.925049 0.277008
572.410889 0.279778
579.729492 0.282548
600.556519 0.285319
605.666016 0.288089
624.516846 0.290859
634.358887 0.293629
647.207642 0.296399
650.313843 0.299169
655.227539 0.301939
655.303589 0.304709
659.997681 0.307479
683.376709 0.310249
688.991089 0.313019
692.009521 0.315789
693.067871 0.31856
696.910034 0.32133
701.532837 0.3241
702.095093 0.32687
708.327148 0.32964
711.425659 0.33241
719.720215 0.33518
732.693604 0.33795
740.541687 0.34072
742.263306 0.34349
743.494019 0.34626
769.748657 0.34903
769.988647 0.351801
786.083252 0.354571
798.558228 0.357341
813.012695 0.360111
842.918701 0.362881
851.721558 0.365651
855.011475 0.368421
868.560059 0.371191
878.582275 0.373961
886.077148 0.376731
890.876465 0.379501
895.038574 0.382271
901.329834 0.385042
907.419678 0.387812
913.885620 0.390582
936.109619 0.393352
936.417236 0.396122
942.586426 0.398892
945.715576 0.401662
956.347290 0.404432
961.416382 0.407202
974.939453 0.409972
983.012939 0.412742
986.134216 0.415512
999.151001 0.418283
1009.802002 0.421053
1014.864380 0.423823
1027.003052 0.426593
1046.507202 0.429363
1050.683594 0.432133
1054.746704 0.434903
1065.019165 0.437673
1066.591309 0.440443
1075.468018 0.443213
1077.950317 0.445983
1082.225830 0.448753
1090.897949 0.451524
1095.101685 0.454294
1110.254395 0.457064
1138.347412 0.459834
1139.299072 0.462604
1179.153809 0.465374
1183.133057 0.468144
1225.203857 0.470914
1242.321777 0.473684
1243.305664 0.476454
1248.817505 0.479224
1250.201904 0.481994
1258.895874 0.484765
1264.507935 0.487535
1292.742920 0.490305
1294.421997 0.493075
1330.466187 0.495845
1344.323730 0.498615
1350.884766 0.501385
1369.347168 0.504155
1374.013916 0.506925
1454.662964 0.509695
1461.154297 0.512465
1463.905884 0.515235
1473.035400 0.518006
1476.521240 0.520776
1489.865845 0.523546
1494.604248 0.526316
1494.660400 0.529086
1502.617188 0.531856
1508.693359 0.534626
1509.900391 0.537396
1521.132568 0.540166
1544.008179 0.542936
1548.792480 0.545706
1572.814941 0.548476
1577.961792 0.551247
1586.973999 0.554017
1601.103882 0.556787
1605.869019 0.559557
1623.755615 0.562327
1667.878296 0.565097
1688.596924 0.567867
1692.386475 0.570637
1712.358887 0.573407
1716.592285 0.576177
1735.565674 0.578947
1763.204590 0.581717
1767.958618 0.584488
1769.067261 0.587258
1780.646729 0.590028
1790.187988 0.592798
1801.287598 0.595568
1833.716187 0.598338
1841.616089 0.601108
1842.516968 0.603878
1857.952026 0.606648
1859.882568 0.609418
1860.012939 0.612188
1878.727783 0.614958
1881.973877 0.617729
1884.903320 0.620499
1885.969971 0.623269
1888.972656 0.626039
1917.889160 0.628809
1922.107422 0.631579
1923.349487 0.634349
1926.219360 0.637119
1941.025513 0.639889
1943.391357 0.642659
1969.978760 0.645429
1971.438721 0.648199
1980.134277 0.65097
2001.500732 0.65374
2011.164062 0.65651
2038.778442 0.65928
2041.301514 0.66205
2045.101685 0.66482
2063.103027 0.66759
2074.588867 0.67036
2075.171143 0.67313
2081.451660 0.6759
2083.829590 0.67867
2099.390137 0.68144
2138.521973 0.684211
2147.444824 0.686981
2155.154297 0.689751
2158.975586 0.692521
2160.925781 0.695291
2161.227051 0.698061
2165.855469 0.700831
2168.397461 0.703601
2170.015381 0.706371
2200.954590 0.709141
2213.262695 0.711911
2222.071289 0.714681
2226.051758 0.717452
2232.267090 0.720222
2253.912354 0.722992
2260.808594 0.725762
2267.262695 0.728532
2279.171631 0.731302
2295.360352 0.734072
2298.418701 0.736842
2336.617188 0.739612
2337.130859 0.742382
2345.141357 0.745152
2392.683594 0.747922
2409.357910 0.750693
2436.274170 0.753463
2441.990723 0.756233
2444.568604 0.759003
2445.947510 0.761773
2470.143311 0.764543
2482.161133 0.767313
2487.529541 0.770083
2517.588379 0.772853
2547.669434 0.775623
2573.373291 0.778393
2588.140625 0.781163
2592.720703 0.783934
2608.576660 0.786704
2616.822754 0.789474
2620.404541 0.792244
2658.533691 0.795014
2667.025879 0.797784
2675.283203 0.800554
2680.174316 0.803324
2694.552979 0.806094
2701.299805 0.808864
2701.584961 0.811634
2712.099121 0.814404
2731.536133 0.817175
2782.470215 0.819945
2818.769043 0.822715
2831.270264 0.825485
2855.528809 0.828255
2888.886230 0.831025
2929.523193 0.833795
2995.058594 0.836565
3074.518066 0.839335
3081.858887 0.842105
3098.029785 0.844875
3102.927734 0.847645
3104.768066 0.850416
3166.871582 0.853186
3184.995605 0.855956
3254.499268 0.858726
3273.478027 0.861496
3276.925781 0.864266
3285.145020 0.867036
3311.640625 0.869806
3314.854004 0.872576
3355.562012 0.875346
3420.034180 0.878116
3492.727051 0.880886
3676.776367 0.883657
3682.425293 0.886427
3756.583496 0.889197
3807.567627 0.891967
3827.370117 0.894737
3949.072754 0.897507
4048.528809 0.900277
4057.268311 0.903047
4072.583008 0.905817
4095.645020 0.908587
4131.949219 0.911357
4206.233398 0.914127
4245.127930 0.916898
4258.973145 0.919668
4266.146484 0.922438
4462.489258 0.925208
4544.001465 0.927978
4571.662598 0.930748
4587.243652 0.933518
4656.093750 0.936288
4774.833008 0.939058
4777.962891 0.941828
4829.692383 0.944598
4845.464355 0.947368
4918.974609 0.950139
4997.036133 0.952909
5194.077148 0.955679
5243.899414 0.958449
5270.534180 0.961219
5680.708008 0.963989
5793.709473 0.966759
6021.596191 0.969529
6557.270020 0.972299
7050.484863 0.975069
7056.901855 0.977839
7323.458496 0.980609
8939.115234 0.98338
8998.651367 0.98615
9528.095703 0.98892
9556.812500 0.99169
12266.241211 0.99446
14571.517578 0.99723
16079.760742 1
