0.001217 0.00277008
0.001242 0.00554017
0.001529 0.00831025
0.002182 0.0110803
0.002505 0.0138504
0.003121 0.0166205
0.005283 0.0193906
0.006520 0.0221607
0.006861 0.0249307
0.006979 0.0277008
0.008103 0.0304709
0.008183 0.033241
0.008246 0.0360111
0.008532 0.0387812
0.009108 0.0415512
0.009282 0.0443213
0.009812 0.0470914
0.010050 0.0498615
0.010607 0.0526316
0.011061 0.0554017
0.011760 0.0581717
0.012858 0.0609418
0.012895 0.0637119
0.013226 0.066482
0.015587 0.0692521
0.015744 0.0720222
0.015899 0.0747922
0.016141 0.0775623
0.016388 0.0803324
0.016493 0.0831025
0.016937 0.0858726
0.017896 0.0886427
0.018735 0.0914127
0.020904 0.0941828
0.021481 0.0969529
0.021544 0.099723
0.023734 0.102493
0.023884 0.105263
0.024224 0.108033
0.024525 0.110803
0.024729 0.113573
0.024822 0.116343
0.024851 0.119114
0.024996 0.121884
0.026083 0.124654
0.026200 0.127424
0.026340 0.130194
0.026955 0.132964
0.027115 0.135734
0.027470 0.138504
0.028090 0.141274
0.028281 0.144044
0.028419 0.146814
0.028585 0.149584
0.028633 0.152355
0.029483 0.155125
0.029701 0.157895
0.030343 0.160665
0.030378 0.163435
0.030669 0.166205
0.030701 0.168975
0.030916 0.171745
0.031823 0.174515
0.032262 0.177285
0.032988 0.180055
0.033657 0.182825
0.033950 0.185596
0.034379 0.188366
0.034476 0.191136
0.035290 0.193906
0.037550 0.196676
0.037597 0.199446
0.039007 0.202216
0.041023 0.204986
0.041964 0.207756
0.048364 0.210526
0.048595 0.213296
0.054684 0.216066
0.055209 0.218837
0.056360 0.221607
0.058705 0.224377
0.059519 0.227147
0.064230 0.229917
0.071019 0.232687
0.071484 0.235457
0.072259 0.238227
0.074285 0.240997
0.074886 0.243767
0.079338 0.246537
0.082712 0.249307
0.084568 0.252078
0.087360 0.254848
0.087957 0.257618
0.089525 0.260388
0.096003 0.263158
0.101300 0.265928
0.103771 0.268698
0.108149 0.271468
0.108249 0.274238
0.125868 0.277008
0.127524 0.279778
0.137489 0.282548
0.142766 0.285319
0.149220 0.288089
0.152983 0.290859
0.164398 0.293629
0.173803 0.296399
0.180661 0.299169
0.189512 0.301939
0.198616 0.304709
0.198859 0.307479
0.201640 0.310249
0.201792 0.313019
0.208511 0.315789
0.210159 0.31856
0.217148 0.32133
0.232139 0.3241
0.243081 0.32687
0.243842 0.32964
0.261935 0.33241
0.268857 0.33518
0.273708 0.33795
0.278787 0.34072
0.283765 0.34349
0.284968 0.34626
0.285598 0.34903
0.288750 0.351801
0.299405 0.354571
0.311927 0.357341
0.313933 0.360111
0.319809 0.362881
0.324388 0.365651
0.324435 0.368421
0.333027 0.371191
0.338425 0.373961
0.345059 0.376731
0.369589 0.379501
0.377571 0.382271
0.382598 0.385042
0.385999 0.387812
0.400406 0.390582
0.403410 0.393352
0.407889 0.396122
0.428518 0.398892
0.434407 0.401662
0.452440 0.404432
0.455820 0.407202
0.461884 0.409972
0.474020 0.412742
0.496922 0.415512
0.501153 0.418283
0.510728 0.421053
0.519042 0.423823
0.526580 0.426593
0.556267 0.429363
0.568956 0.432133
0.581816 0.434903
0.582104 0.437673
0.583186 0.440443
0.601326 0.443213
0.614031 0.445983
0.660159 0.448753
0.664352 0.451524
0.665194 0.454294
0.702941 0.457064
0.815646 0.459834
0.829747 0.462604
0.883920 0.465374
0.920859 0.468144
0.970809 0.470914
1.048174 0.473684
1.056023 0.476454
1.216226 0.479224
1.276816 0.481994
1.585990 0.484765
1.843321 0.487535
2.033796 0.490305
2.139611 0.493075
2.575683 0.495845
2.800098 0.498615
2.801525 0.501385
2.811878 0.504155
3.528972 0.506925
3.958136 0.509695
4.659796 0.512465
4.880907 0.515235
4.883155 0.518006
5.308099 0.520776
5.513069 0.523546
5.529034 0.526316
6.441438 0.529086
6.454556 0.531856
6.542157 0.534626
6.597705 0.537396
7.165283 0.540166
7.821102 0.542936
8.401898 0.545706
8.444669 0.548476
9.169473 0.551247
9.663895 0.554017
10.020954 0.556787
10.186512 0.559557
11.984187 0.562327
12.073943 0.565097
12.737883 0.567867
13.529086 0.570637
13.537232 0.573407
13.782966 0.576177
15.348647 0.578947
16.913450 0.581717
17.353045 0.584488
17.470629 0.587258
17.482645 0.590028
18.277082 0.592798
19.470980 0.595568
19.482647 0.598338
19.491400 0.601108
19.556921 0.603878
22.062838 0.606648
22.378849 0.609418
22.424496 0.612188
22.582314 0.614958
24.964714 0.617729
27.662151 0.620499
27.713421 0.623269
27.788103 0.626039
28.691582 0.628809
29.216417 0.631579
29.221827 0.634349
30.119034 0.637119
31.673540 0.639889
32.400307 0.642659
33.394207 0.645429
33.612759 0.648199
35.645119 0.65097
37.400311 0.65374
37.441097 0.65651
38.835331 0.65928
39.776047 0.66205
39.829525 0.66482
40.440697 0.66759
41.946049 0.67036
46.842148 0.67313
47.215706 0.6759
47.580956 0.67867
47.699276 0.68144
47.831791 0.684211
48.879482 0.686981
49.043339 0.689751
49.257984 0.692521
49.407207 0.695291
49.450260 0.698061
54.003300 0.700831
56.250076 0.703601
57.087132 0.706371
64.775215 0.709141
69.137459 0.711911
69.467590 0.714681
72.778954 0.717452
74.919998 0.720222
75.766495 0.722992
78.286400 0.725762
79.328850 0.728532
84.182343 0.731302
86.938591 0.734072
86.960884 0.736842
91.716042 0.739612
93.277527 0.742382
94.585213 0.745152
96.072136 0.747922
97.767082 0.750693
98.326950 0.753463
102.369774 0.756233
104.431427 0.759003
104.583794 0.761773
105.301277 0.764543
106.847694 0.767313
107.305611 0.770083
107.454369 0.772853
110.391838 0.775623
112.462570 0.778393
114.547379 0.781163
116.256416 0.783934
116.293396 0.786704
117.014366 0.789474
117.767227 0.792244
120.702858 0.795014
129.939880 0.797784
140.041916 0.800554
149.206497 0.803324
154.140015 0.806094
154.166672 0.808864
160.427628 0.811634
160.709518 0.814404
161.078125 0.817175
168.366959 0.819945
168.964432 0.822715
170.525360 0.825485
178.657288 0.828255
190.486206 0.831025
195.234497 0.833795
195.325943 0.836565
195.466797 0.839335
201.835297 0.842105
202.760376 0.844875
206.473969 0.847645
206.928101 0.850416
224.213120 0.853186
234.438385 0.855956
238.038513 0.858726
239.130310 0.861496
246.802887 0.864266
259.250732 0.867036
283.834808 0.869806
286.925903 0.872576
289.137329 0.875346
293.134369 0.878116
293.788483 0.880886
329.383453 0.883657
358.660004 0.886427
374.874573 0.889197
385.697510 0.891967
419.401398 0.894737
424.340515 0.897507
524.305847 0.900277
601.282410 0.903047
631.079407 0.905817
633.283386 0.908587
635.201538 0.911357
636.918457 0.914127
637.406006 0.916898
648.275696 0.919668
722.511475 0.922438
790.056824 0.925208
858.303894 0.927978
859.972961 0.930748
929.929260 0.933518
937.685547 0.936288
946.864685 0.939058
956.730896 0.941828
956.833557 0.944598
1107.141235 0.947368
1135.698242 0.950139
1227.835449 0.952909
1274.055908 0.955679
1420.880249 0.958449
1716.966309 0.961219
1863.395386 0.963989
2123.488770 0.966759
2435.967529 0.969529
2436.879150 0.972299
3016.491699 0.975069
3108.169678 0.977839
4366.140137 0.980609
5368.447754 0.98338
6542.447754 0.98615
7925.360840 0.98892
10537.067383 0.99169
11801.106445 0.99446
17562.261719 0.99723
25580.251953 1
