9.255841 0.00277008
13.098697 0.00554017
14.313334 0.00831025
26.745158 0.0110803
33.724880 0.0138504
48.326480 0.0166205
48.931727 0.0193906
51.399809 0.0221607
56.627816 0.0249307
65.690339 0.0277008
67.426747 0.0304709
68.141550 0.033241
68.142557 0.0360111
69.431013 0.0387812
69.782501 0.0415512
70.449769 0.0443213
76.905853 0.0470914
78.824836 0.0498615
78.917301 0.0526316
81.831157 0.0554017
83.081651 0.0581717
83.322465 0.0609418
84.635854 0.0637119
85.469878 0.066482
85.553873 0.0692521
85.554600 0.0720222
85.658532 0.0747922
86.805725 0.0775623
86.806691 0.0803324
87.840241 0.0831025
88.168693 0.0858726
88.884479 0.0886427
88.918692 0.0914127
89.170951 0.0941828
89.611965 0.0969529
89.785337 0.099723
89.933181 0.102493
90.613467 0.105263
90.642661 0.108033
90.696067 0.110803
90.936363 0.113573
90.991807 0.116343
91.223603 0.119114
91.868544 0.121884
91.933745 0.124654
92.159772 0.127424
92.399120 0.130194
92.839450 0.132964
92.865044 0.135734
93.024242 0.138504
93.057716 0.141274
93.131661 0.144044
93.167692 0.146814
93.318206 0.149584
93.397367 0.152355
93.631375 0.155125
93.806279 0.157895
93.977600 0.160665
94.107103 0.163435
94.382495 0.166205
94.644523 0.168975
94.871217 0.171745
94.950354 0.174515
95.015419 0.177285
95.075125 0.180055
95.354521 0.182825
95.385671 0.185596
95.481724 0.188366
95.486975 0.191136
95.503449 0.193906
96.093065 0.196676
96.193224 0.199446
96.380115 0.202216
96.519846 0.204986
96.534365 0.207756
96.543509 0.210526
96.625000 0.213296
96.797222 0.216066
96.928614 0.218837
97.008014 0.221607
97.084463 0.224377
97.182870 0.227147
97.187161 0.229917
97.210532 0.232687
97.307599 0.235457
97.314608 0.238227
97.367203 0.240997
97.386038 0.243767
97.441077 0.246537
97.537690 0.249307
97.622138 0.252078
97.910035 0.254848
98.042899 0.257618
98.044729 0.260388
98.081529 0.263158
98.083133 0.265928
98.104089 0.268698
98.158944 0.271468
98.207420 0.274238
98.252761 0.277008
98.316562 0.279778
98.318118 0.282548
98.444945 0.285319
98.494047 0.288089
98.502612 0.290859
98.508525 0.293629
98.511404 0.296399
98.538953 0.299169
98.782873 0.301939
98.896414 0.304709
98.902857 0.307479
98.924708 0.310249
98.931557 0.313019
99.000591 0.315789
99.151695 0.31856
99.192446 0.32133
99.211067 0.3241
99.239087 0.32687
99.241835 0.32964
99.276602 0.33241
99.282169 0.33518
99.304956 0.33795
99.313295 0.34072
99.342483 0.34349
99.356335 0.34626
99.361467 0.34903
99.378860 0.351801
99.384564 0.354571
99.413425 0.357341
99.418849 0.360111
99.444318 0.362881
99.448150 0.365651
99.464959 0.368421
99.465901 0.371191
99.471343 0.373961
99.475300 0.376731
99.481034 0.379501
99.523032 0.382271
99.526668 0.385042
99.528909 0.387812
99.544692 0.390582
99.553216 0.393352
99.564093 0.396122
99.567133 0.398892
99.599266 0.401662
99.603784 0.404432
99.607122 0.407202
99.608380 0.409972
99.618292 0.412742
99.637711 0.415512
99.643528 0.418283
99.644470 0.421053
99.647665 0.423823
99.651098 0.426593
99.652183 0.429363
99.663603 0.432133
99.693209 0.434903
99.693930 0.437673
99.700445 0.440443
99.704045 0.443213
99.719417 0.445983
99.744415 0.448753
99.744755 0.451524
99.756753 0.454294
99.767715 0.457064
99.778712 0.459834
99.868488 0.462604
99.897277 0.465374
99.928582 0.468144
99.939114 0.470914
99.986327 0.473684
156.143010 0.476454
166.378129 0.479224
196.825075 0.481994
197.548020 0.484765
303.062105 0.487535
326.586246 0.490305
327.776933 0.493075
360.853195 0.495845
367.361212 0.498615
401.693106 0.501385
463.438416 0.504155
502.617550 0.506925
525.872850 0.509695
548.513126 0.512465
550.330544 0.515235
617.363310 0.518006
632.332516 0.520776
662.578535 0.523546
772.419786 0.526316
936.007881 0.529086
1060.035610 0.531856
1071.300316 0.534626
1083.081245 0.537396
1211.719990 0.540166
1255.608273 0.542936
1263.269329 0.545706
1345.312309 0.548476
1353.021145 0.551247
1366.990662 0.554017
1388.661385 0.556787
1404.864407 0.559557
1460.501003 0.562327
1481.757641 0.565097
1523.891163 0.567867
1560.576153 0.570637
1575.504589 0.573407
1592.759609 0.576177
1609.510612 0.578947
1727.482986 0.581717
1789.391136 0.584488
1817.169380 0.587258
1986.741638 0.590028
2011.438751 0.592798
2208.445549 0.595568
2219.812012 0.598338
2237.483215 0.601108
2311.770821 0.603878
2411.580467 0.606648
2458.229256 0.609418
2471.788788 0.612188
2496.877098 0.614958
2517.305565 0.617729
2546.383667 0.620499
2571.092987 0.623269
2577.011490 0.626039
2692.316818 0.628809
2829.243660 0.631579
2836.897087 0.634349
2859.613037 0.637119
2864.631653 0.639889
2895.549011 0.642659
2963.303757 0.645429
2994.688797 0.648199
2995.711517 0.65097
3009.070396 0.65374
3098.835564 0.65651
3203.288651 0.65928
3431.101227 0.66205
3447.038651 0.66482
3458.883286 0.66759
3493.307114 0.67036
3495.532227 0.67313
3611.195374 0.6759
3671.910095 0.67867
3700.291824 0.68144
3729.681778 0.684211
4041.730499 0.686981
4051.170349 0.689751
4091.101837 0.692521
4118.884659 0.695291
4152.214432 0.698061
4191.753387 0.700831
4198.746490 0.703601
4374.791336 0.706371
4424.244308 0.709141
4526.999664 0.711911
4557.155991 0.714681
4612.124252 0.717452
4748.138046 0.720222
4819.382095 0.722992
5232.006073 0.725762
5334.954453 0.728532
5366.149139 0.731302
5412.528229 0.734072
5635.437393 0.736842
5727.688599 0.739612
5803.832626 0.742382
5889.946747 0.745152
6088.132858 0.747922
6121.493912 0.750693
6149.102020 0.753463
6156.941223 0.756233
6210.439682 0.759003
6442.784119 0.761773
6501.013947 0.764543
6605.094147 0.767313
6675.223541 0.770083
6708.058167 0.772853
6855.197906 0.775623
6899.184418 0.778393
7517.663574 0.781163
7533.753967 0.783934
7549.816895 0.786704
7585.988617 0.789474
8004.835510 0.792244
8025.321960 0.795014
8116.047668 0.797784
8205.302429 0.800554
8415.402222 0.803324
8444.060516 0.806094
8509.631348 0.808864
8572.169495 0.811634
8767.303467 0.814404
9164.948273 0.817175
9410.133362 0.819945
10256.056213 0.822715
10264.013672 0.825485
10379.669189 0.828255
10923.964691 0.831025
11212.989807 0.833795
11576.592255 0.836565
11770.401001 0.839335
12513.046265 0.842105
12532.568359 0.844875
12876.229858 0.847645
13371.214294 0.850416
13386.665344 0.853186
13450.045776 0.855956
13651.989746 0.858726
14187.161255 0.861496
15256.478882 0.864266
15330.018616 0.867036
16745.030212 0.869806
17091.598511 0.872576
17678.968811 0.875346
18192.584229 0.878116
18466.990662 0.880886
20448.576355 0.883657
20461.621094 0.886427
21841.847229 0.889197
23191.386414 0.891967
23617.906189 0.894737
24781.814575 0.897507
25447.453308 0.900277
26044.094849 0.903047
26732.708740 0.905817
27638.558960 0.908587
27940.817261 0.911357
28189.328003 0.914127
28355.523682 0.916898
28791.528320 0.919668
29953.790283 0.922438
31036.318970 0.925208
31051.107788 0.927978
33385.263062 0.930748
33681.976318 0.933518
37750.228882 0.936288
38657.730103 0.939058
39191.946411 0.941828
40551.574707 0.944598
45214.340210 0.947368
49570.333862 0.950139
51930.181885 0.952909
56286.633301 0.955679
56376.397705 0.958449
60584.729004 0.961219
70446.850586 0.963989
78434.381104 0.966759
107849.316406 0.969529
415676.513672 0.972299
592042.822266 0.975069
622920.214844 0.977839
856876.562500 0.980609
953148.339844 0.98338
1062120.800781 0.98615
2328489.453125 0.98892
4018225.781250 0.99169
7584392.187500 0.99446
11956594.531250 0.99723
30398643.750000 1
