.100 0.00277008
.400 0.00554017
.600 0.00831025
.700 0.0110803
1.000 0.0193906
1.000 0.0193906
1.000 0.0193906
1.400 0.0221607
2.200 0.0249307
2.500 0.0304709
2.500 0.0304709
2.900 0.033241
3.200 0.0387812
3.200 0.0387812
3.600 0.0415512
4.500 0.0443213
6.100 0.0470914
6.400 0.0498615
6.900 0.0526316
7.900 0.0554017
8.700 0.0581717
9.400 0.0609418
9.800 0.0637119
10.400 0.066482
10.600 0.0692521
11.700 0.0720222
11.900 0.0747922
12.000 0.0775623
12.200 0.0803324
13.000 0.0831025
13.100 0.0858726
13.300 0.0886427
13.500 0.0914127
13.700 0.099723
13.700 0.099723
13.700 0.099723
14.400 0.102493
15.200 0.105263
16.100 0.108033
16.300 0.110803
17.000 0.113573
17.400 0.116343
17.500 0.119114
17.900 0.121884
18.500 0.124654
18.800 0.127424
19.000 0.130194
19.100 0.132964
19.900 0.138504
19.900 0.138504
20.300 0.144044
20.300 0.144044
20.700 0.146814
21.900 0.149584
22.100 0.152355
22.300 0.155125
22.500 0.157895
23.000 0.160665
23.400 0.163435
24.800 0.166205
26.600 0.168975
27.300 0.171745
27.700 0.174515
28.200 0.177285
28.300 0.180055
28.700 0.182825
29.000 0.185596
29.700 0.188366
30.900 0.191136
32.300 0.193906
32.900 0.196676
33.600 0.199446
34.100 0.202216
34.200 0.204986
34.600 0.207756
36.200 0.210526
36.300 0.213296
36.700 0.216066
37.300 0.218837
37.400 0.221607
37.600 0.224377
38.800 0.227147
39.500 0.232687
39.500 0.232687
40.100 0.235457
40.300 0.238227
40.400 0.240997
40.600 0.243767
42.300 0.246537
42.900 0.249307
43.500 0.252078
43.600 0.254848
44.400 0.257618
45.200 0.260388
46.200 0.263158
46.700 0.265928
46.900 0.268698
47.300 0.271468
47.600 0.274238
47.800 0.277008
48.900 0.279778
49.200 0.282548
49.700 0.285319
50.700 0.288089
51.400 0.290859
52.200 0.293629
53.400 0.296399
54.300 0.299169
54.800 0.301939
56.600 0.304709
57.800 0.307479
58.100 0.310249
58.700 0.313019
60.600 0.315789
62.000 0.31856
62.200 0.32133
62.900 0.3241
63.500 0.32687
65.000 0.32964
66.100 0.33241
66.800 0.33518
68.700 0.33795
68.800 0.34072
69.700 0.34349
71.600 0.34626
71.900 0.34903
72.700 0.351801
73.300 0.354571
74.200 0.357341
75.300 0.360111
76.900 0.362881
77.100 0.368421
77.100 0.368421
77.200 0.371191
77.500 0.373961
78.300 0.376731
79.600 0.379501
81.000 0.382271
81.500 0.385042
81.900 0.387812
82.500 0.390582
84.000 0.393352
86.200 0.396122
86.300 0.398892
86.700 0.401662
87.200 0.407202
87.200 0.407202
89.000 0.409972
89.100 0.412742
90.600 0.415512
91.100 0.418283
91.500 0.421053
91.800 0.423823
91.900 0.429363
91.900 0.429363
92.000 0.432133
92.100 0.434903
92.200 0.437673
92.500 0.440443
93.400 0.443213
93.600 0.445983
94.000 0.448753
94.200 0.454294
94.200 0.454294
94.400 0.457064
95.100 0.459834
95.300 0.462604
95.700 0.465374
97.000 0.468144
98.200 0.470914
98.500 0.473684
98.600 0.476454
99.100 0.479224
99.400 0.481994
99.500 0.484765
100.000 0.487535
100.400 0.490305
101.000 0.493075
101.400 0.495845
101.600 0.498615
101.900 0.504155
101.900 0.504155
102.200 0.506925
102.300 0.509695
102.700 0.512465
103.500 0.515235
104.000 0.518006
104.300 0.520776
104.700 0.523546
104.800 0.526316
105.500 0.529086
105.600 0.531856
105.900 0.534626
106.500 0.537396
107.600 0.540166
109.300 0.542936
110.800 0.545706
110.900 0.548476
111.700 0.551247
112.400 0.554017
112.900 0.556787
113.100 0.562327
113.100 0.562327
114.100 0.565097
114.200 0.570637
114.200 0.570637
115.100 0.573407
115.200 0.576177
115.300 0.578947
115.500 0.581717
115.600 0.584488
116.300 0.587258
116.600 0.590028
117.100 0.592798
117.500 0.598338
117.500 0.598338
117.800 0.601108
119.100 0.603878
120.900 0.609418
120.900 0.609418
121.200 0.612188
121.700 0.614958
122.000 0.617729
122.900 0.620499
123.100 0.623269
123.200 0.626039
124.400 0.628809
125.600 0.631579
125.900 0.634349
126.000 0.637119
126.800 0.639889
127.400 0.642659
128.200 0.645429
128.500 0.648199
128.600 0.65097
128.900 0.65374
129.100 0.65651
129.700 0.65928
129.900 0.66205
130.200 0.66482
131.600 0.66759
132.000 0.67313
132.000 0.67313
132.300 0.6759
132.500 0.67867
132.600 0.68144
132.800 0.684211
133.100 0.686981
134.100 0.689751
135.300 0.692521
135.600 0.695291
135.700 0.698061
135.800 0.700831
136.000 0.703601
136.200 0.706371
137.100 0.709141
137.200 0.711911
138.000 0.714681
138.200 0.720222
138.200 0.720222
138.400 0.722992
138.500 0.725762
139.600 0.728532
140.500 0.731302
141.000 0.734072
141.200 0.736842
141.600 0.739612
141.900 0.742382
143.400 0.745152
144.000 0.750693
144.000 0.750693
145.200 0.756233
145.200 0.756233
145.300 0.759003
145.600 0.764543
145.600 0.764543
146.200 0.767313
146.700 0.770083
147.200 0.772853
147.400 0.775623
147.600 0.778393
147.700 0.781163
147.900 0.783934
148.100 0.786704
148.500 0.789474
149.300 0.792244
149.500 0.795014
149.800 0.797784
150.800 0.800554
151.200 0.803324
151.300 0.806094
152.000 0.808864
152.500 0.811634
152.700 0.814404
153.500 0.817175
154.300 0.819945
155.000 0.822715
155.200 0.825485
155.500 0.828255
155.700 0.831025
156.800 0.833795
157.000 0.839335
157.000 0.839335
157.400 0.842105
158.700 0.844875
158.800 0.847645
159.000 0.850416
159.500 0.853186
159.700 0.855956
159.900 0.858726
160.900 0.861496
161.100 0.867036
161.100 0.867036
161.400 0.869806
161.500 0.872576
161.600 0.875346
161.800 0.878116
162.200 0.880886
162.300 0.883657
162.600 0.886427
164.000 0.889197
164.100 0.891967
164.300 0.894737
164.500 0.897507
164.800 0.903047
164.800 0.903047
165.000 0.905817
165.600 0.908587
166.400 0.911357
166.700 0.914127
167.100 0.916898
168.700 0.919668
169.200 0.922438
169.800 0.927978
169.800 0.927978
170.200 0.930748
170.300 0.933518
170.400 0.936288
171.300 0.939058
172.900 0.941828
173.100 0.944598
173.500 0.947368
174.000 0.950139
175.100 0.952909
177.100 0.955679
178.000 0.958449
179.400 0.961219
182.000 0.963989
182.700 0.966759
184.700 0.969529
185.000 0.972299
185.500 0.975069
186.900 0.977839
189.800 0.980609
191.800 0.98338
192.100 0.98615
195.000 0.98892
195.100 0.99169
195.600 0.99723
195.600 0.99723
196.300 1
