0.030009 0.00277008
0.117698 0.00554017
0.322681 0.00831025
0.474748 0.0110803
0.528189 0.0138504
0.620982 0.0166205
0.75714 0.0193906
0.881527 0.0221607
0.915068 0.0249307
0.959662 0.0277008
0.964297 0.0304709
0.96943 0.033241
1.17315 0.0360111
1.19855 0.0387812
1.20794 0.0415512
1.22597 0.0443213
1.27985 0.0470914
1.30793 0.0498615
1.35815 0.0526316
1.43226 0.0554017
1.49663 0.0581717
1.52204 0.0609418
1.68515 0.0637119
1.77564 0.066482
1.78645 0.0692521
1.89742 0.0720222
1.90832 0.0747922
1.93606 0.0775623
2.06401 0.0803324
2.2179 0.0831025
2.28218 0.0858726
2.35697 0.0886427
2.38177 0.0914127
2.43798 0.0941828
2.45543 0.0969529
2.50173 0.099723
2.52135 0.102493
2.527 0.105263
2.61243 0.108033
2.66987 0.110803
2.86364 0.113573
2.89829 0.116343
2.98109 0.119114
3.07652 0.121884
3.24528 0.124654
3.2778 0.127424
3.41596 0.130194
3.48178 0.132964
3.58031 0.135734
3.85106 0.138504
3.87346 0.141274
3.89335 0.144044
3.91457 0.146814
4.17361 0.149584
4.38818 0.152355
4.5595 0.155125
4.57545 0.157895
4.8378 0.160665
5.03267 0.163435
5.04154 0.166205
5.09488 0.168975
5.18833 0.171745
5.24218 0.174515
5.26896 0.177285
5.27557 0.180055
5.28425 0.182825
5.37888 0.185596
5.57931 0.188366
5.67616 0.191136
6.02769 0.193906
6.06129 0.196676
6.12402 0.199446
6.16141 0.202216
6.23191 0.204986
6.3187 0.207756
6.43436 0.210526
6.69488 0.213296
6.82515 0.216066
7.32403 0.218837
7.37564 0.221607
7.4748 0.224377
7.58447 0.227147
7.65372 0.229917
7.72957 0.232687
7.77643 0.235457
7.99681 0.238227
8.15088 0.240997
8.30585 0.243767
8.63745 0.246537
8.70366 0.249307
8.79922 0.252078
8.98954 0.254848
9.09086 0.257618
9.16257 0.260388
9.19449 0.263158
9.215 0.265928
9.32533 0.268698
9.32773 0.271468
9.44377 0.274238
9.62242 0.277008
9.62977 0.279778
9.79087 0.282548
9.83106 0.285319
9.91737 0.288089
9.98091 0.290859
10.1752 0.293629
10.3968 0.296399
10.4668 0.299169
10.5133 0.301939
10.6965 0.304709
10.8023 0.307479
11.2293 0.310249
11.2589 0.313019
11.2982 0.315789
11.4021 0.31856
11.6019 0.32133
11.9719 0.3241
12.2023 0.32687
12.2265 0.32964
12.3165 0.33241
12.6485 0.33518
12.8336 0.33795
13.1507 0.34072
13.3626 0.34349
13.5404 0.34626
13.5857 0.34903
13.7993 0.351801
14.0586 0.354571
14.8478 0.357341
14.9751 0.360111
15.4413 0.362881
15.4576 0.365651
15.5245 0.368421
15.8686 0.371191
16.1266 0.373961
16.2507 0.376731
16.4989 0.379501
16.8062 0.382271
16.862 0.385042
17.0391 0.387812
17.5507 0.390582
18.1764 0.393352
18.195 0.396122
18.2039 0.398892
18.2356 0.401662
19.308 0.404432
19.9948 0.407202
20.1187 0.409972
20.1623 0.412742
20.2191 0.415512
22.0842 0.418283
22.5306 0.421053
22.616 0.423823
23.3977 0.426593
23.4669 0.429363
23.925 0.432133
24.2057 0.434903
24.3457 0.437673
24.5017 0.440443
24.5765 0.443213
24.7307 0.445983
27.3301 0.448753
27.7638 0.451524
27.8978 0.454294
28.858 0.457064
29.6958 0.459834
29.7739 0.462604
29.7895 0.465374
29.8523 0.468144
30.2447 0.470914
30.4354 0.473684
31.6537 0.476454
31.8907 0.479224
33.051 0.481994
33.6432 0.484765
33.6821 0.487535
33.9884 0.490305
34.4371 0.493075
35.3027 0.495845
35.3237 0.498615
35.4628 0.501385
36.4661 0.504155
37.1146 0.506925
37.1885 0.509695
38.1198 0.512465
38.2836 0.515235
39.4605 0.518006
40.0829 0.520776
41.3086 0.523546
41.3509 0.526316
41.3832 0.529086
41.5772 0.531856
46.2491 0.534626
46.2812 0.537396
46.3019 0.540166
47.0352 0.542936
47.8113 0.545706
48.1769 0.548476
48.8249 0.551247
48.9337 0.554017
49.3265 0.556787
49.5407 0.559557
49.624 0.562327
49.9324 0.565097
50.5156 0.567867
50.6871 0.570637
51.0299 0.573407
51.1608 0.576177
51.7195 0.578947
53.5964 0.581717
56.7691 0.584488
56.9708 0.587258
57.2294 0.590028
60.39 0.592798
60.8837 0.595568
61.9422 0.598338
63.1601 0.601108
64.3598 0.603878
65.6803 0.606648
65.768 0.609418
66.6912 0.612188
70.4419 0.614958
71.2324 0.617729
71.3681 0.620499
71.4028 0.623269
73.213 0.626039
73.8957 0.628809
74.1466 0.631579
75.8087 0.634349
78.0279 0.637119
79.438 0.639889
79.9338 0.642659
80.3547 0.645429
81.7046 0.648199
82.0171 0.65097
82.8993 0.65374
83.1189 0.65651
83.6616 0.65928
84.7875 0.66205
86.9813 0.66482
87.6245 0.66759
88.8662 0.67036
89.3906 0.67313
93.1551 0.6759
96.2369 0.67867
96.4926 0.68144
96.7676 0.684211
98.0346 0.686981
101.453 0.689751
102.941 0.692521
106.614 0.695291
112.697 0.698061
113.351 0.700831
124.068 0.703601
124.717 0.706371
127.251 0.709141
127.551 0.711911
132.604 0.714681
135.511 0.717452
139.211 0.720222
142.66 0.722992
148.367 0.725762
149.602 0.728532
149.631 0.731302
156.077 0.734072
156.235 0.736842
157.784 0.739612
164.979 0.742382
166.15 0.745152
172.861 0.747922
173.972 0.750693
176.19 0.753463
184.042 0.756233
184.67 0.759003
185.175 0.761773
187.985 0.764543
193.997 0.767313
199.977 0.770083
201.341 0.772853
203.058 0.775623
205.746 0.778393
218.821 0.781163
218.9 0.783934
222.924 0.786704
226.853 0.789474
230.995 0.792244
231.632 0.795014
232.655 0.797784
245.729 0.800554
251.857 0.803324
256.355 0.806094
259.252 0.808864
259.301 0.811634
263.475 0.814404
274.092 0.817175
274.302 0.819945
277.814 0.822715
281.026 0.825485
284.531 0.828255
284.731 0.831025
290.848 0.833795
303.635 0.836565
305.387 0.839335
311.785 0.842105
321.729 0.844875
322.18 0.847645
329.428 0.850416
341.002 0.853186
348.639 0.855956
356.097 0.858726
371.701 0.861496
372.103 0.864266
377.998 0.867036
379.583 0.869806
408.186 0.872576
427.333 0.875346
432.018 0.878116
434.494 0.880886
437.831 0.883657
468.196 0.886427
484.013 0.889197
493.818 0.891967
506.276 0.894737
620.234 0.897507
725.174 0.900277
741.888 0.903047
797.96 0.905817
809.795 0.908587
847.128 0.911357
847.232 0.914127
869.886 0.916898
954.916 0.919668
1080.36 0.922438
1080.42 0.925208
1101.69 0.927978
1105.57 0.930748
1115.89 0.933518
1129.52 0.936288
1203.61 0.939058
1274.95 0.941828
1296.9 0.944598
1364.16 0.947368
1417.06 0.950139
1465.6 0.952909
1491.02 0.955679
1624.53 0.958449
2075.53 0.961219
2228.58 0.963989
2397.29 0.966759
2816.92 0.969529
2827.89 0.972299
3335.91 0.975069
3455.32 0.977839
4919.62 0.980609
5882.74 0.98338
7248.22 0.98615
8672.66 0.98892
11286.6 0.99169
12763.2 0.99446
18705.1 0.99723
26841.4 1
