.190 0.00277008
.223 0.00554017
.274 0.00831025
.3277 0.0110803
.362 0.0138504
.363 0.0166205
.380 0.0193906
.397 0.0221607
.5827 0.0249307
1.045 0.0277008
1.0457 0.0304709
1.0503 0.033241
1.242 0.0360111
1.490 0.0387812
2.1193 0.0415512
2.3043 0.0443213
2.3433 0.0470914
2.394 0.0498615
2.603 0.0526316
2.6327 0.0554017
2.805 0.0581717
2.9813 0.0609418
3.526 0.0637119
3.654 0.066482
3.7067 0.0692521
3.7233 0.0720222
3.764 0.0747922
3.8663 0.0775623
3.8673 0.0803324
3.8907 0.0831025
3.9427 0.0858726
4.PETpre 0.6759
4.1947 0.0886427
4.3457 0.0914127
4.4303 0.0941828
4.4463 0.0969529
4.54233 0.099723
5.0917 0.105263
5.246 0.108033
5.6763 0.110803
5.8823 0.113573
5.8997 0.116343
6.002 0.119114
6.0353 0.121884
6.144 0.124654
6.3013 0.127424
6.526 0.130194
6.5407 0.132964
6.6233 0.135734
6.6353 0.138504
6.716 0.141274
6.728 0.144044
6.750 0.146814
7.058 0.149584
7.0703 0.152355
7.329 0.155125
7.37333 0.157895
7.394 0.160665
7.4167 0.163435
7.4457 0.166205
7.5047 0.168975
7.6123 0.171745
7.874 0.174515
7.913 0.177285
7.9183 0.180055
7.984 0.182825
8.1583 0.185596
8.6387 0.188366
8.770 0.191136
8.955 0.193906
9.0667 0.196676
9.133 0.199446
9.248 0.202216
9.812 0.204986
10.186 0.204986
10.312 0.207756
10.378 0.210526
10.3893 0.213296
10.554 0.216066
10.6647 0.218837
10.802 0.221607
10.8963 0.224377
11.216 0.227147
11.4143 0.229917
11.5213 0.232687
11.5807 0.235457
11.69133 0.238227
11.8643 0.240997
12.189 0.243767
12.249 0.246537
12.8697 0.249307
13.019 0.252078
13.211 0.254848
13.38233 0.257618
13.3923 0.260388
13.874 0.263158
13.8847 0.265928
14.2697 0.268698
14.6313 0.271468
14.8577 0.274238
15.0587 0.277008
15.1057 0.279778
15.2973 0.282548
15.812 0.285319
16.254 0.288089
16.3983 0.290859
16.673 0.293629
16.885 0.296399
16.9593 0.299169
17.0547 0.301939
17.1847 0.304709
17.2517 0.307479
17.295 0.310249
17.4333 0.313019
17.5177 0.315789
17.6177 0.31856
17.695 0.32133
17.6993 0.3241
17.7993 0.32687
18.1033 0.32964
18.404 0.33241
18.445 0.33518
18.650 0.33795
18.804 0.34072
18.899 0.34349
18.9373 0.34626
18.966 0.34903
19.450 0.351801
19.6037 0.354571
19.652 0.357341
19.6897 0.360111
20.038 0.362881
20.048 0.365651
20.0487 0.368421
20.0787 0.371191
20.2137 0.373961
20.2723 0.376731
20.3057 0.379501
20.4357 0.382271
20.6767 0.385042
20.713 0.387812
20.7893 0.390582
20.8147 0.393352
20.8343 0.396122
20.884 0.398892
21.3823 0.401662
21.3837 0.404432
21.397 0.407202
21.541 0.409972
21.5417 0.412742
21.5893 0.415512
21.6417 0.418283
21.6467 0.421053
21.661 0.423823
21.6767 0.426593
21.6873 0.429363
21.7427 0.432133
21.826 0.434903
21.829 0.437673
21.9233 0.440443
22.019 0.443213
22.135 0.445983
22.2777 0.448753
22.4373 0.451524
22.6073 0.454294
22.6593 0.457064
22.841 0.459834
22.8993 0.462604
23.374 0.465374
23.8187 0.468144
23.9317 0.470914
23.970 0.473684
23.9803 0.476454
24.404 0.479224
24.4483 0.481994
24.6577 0.484765
24.8093 0.487535
24.821 0.490305
24.905 0.493075
25.0623 0.495845
25.1043 0.498615
25.1577 0.501385
25.180 0.504155
25.188 0.506925
25.2727 0.509695
25.7807 0.512465
25.838 0.515235
25.9117 0.518006
26.011 0.520776
26.2123 0.523546
26.5877 0.526316
27.2047 0.529086
27.546 0.531856
27.7787 0.534626
27.8083 0.537396
27.8553 0.540166
27.998 0.542936
28.5257 0.545706
28.809 0.548476
28.918 0.551247
28.9453 0.554017
28.9627 0.556787
29.0113 0.559557
29.3293 0.562327
29.4423 0.565097
29.461 0.567867
29.653 0.570637
29.806 0.573407
29.895 0.576177
29.994 0.578947
30.3093 0.581717
30.6337 0.584488
30.6513 0.587258
30.9673 0.590028
31.0177 0.592798
31.065 0.595568
31.5653 0.598338
31.697 0.601108
31.8513 0.603878
32.500 0.606648
33.398 0.609418
33.4853 0.612188
33.6027 0.614958
33.883 0.617729
34.234 0.620499
34.3863 0.623269
34.5273 0.626039
34.608 0.628809
35.2053 0.631579
35.330 0.634349
35.408 0.637119
35.6323 0.639889
35.6807 0.642659
35.7853 0.645429
36.4923 0.648199
36.635 0.65097
36.9327 0.65374
37.060 0.65651
37.519 0.65928
37.5383 0.66205
37.8987 0.66482
38.2423 0.66759
38.505 0.67036
39.018 0.67313
39.4733 0.6759
39.7933 0.67867
39.861 0.68144
40.3563 0.686981
40.784 0.689751
40.9783 0.692521
41.7083 0.695291
42.066 0.698061
42.1473 0.700831
43.2277 0.703601
43.4507 0.706371
43.8483 0.709141
44.031 0.711911
44.3173 0.714681
45.2633 0.717452
46.166 0.720222
46.3783 0.722992
46.695 0.725762
46.6997 0.728532
47.5723 0.731302
47.7603 0.734072
48.536 0.736842
48.7923 0.739612
48.853 0.742382
49.2197 0.745152
49.7977 0.747922
50.4543 0.750693
50.5967 0.753463
50.983 0.756233
51.3213 0.759003
51.442 0.761773
51.530 0.764543
51.5557 0.767313
51.618 0.770083
51.625 0.772853
51.844 0.775623
51.8603 0.778393
51.923 0.781163
52.645 0.783934
52.7833 0.786704
53.504 0.789474
53.8523 0.792244
56.7773 0.795014
57.394 0.797784
58.7407 0.800554
58.842 0.803324
59.4253 0.806094
60.8937 0.808864
60.9797 0.811634
65.5387 0.814404
65.906 0.817175
66.0823 0.819945
67.341 0.822715
67.4727 0.825485
67.549 0.828255
68.129 0.831025
68.507 0.833795
69.1493 0.836565
70.097 0.839335
70.6633 0.842105
70.8757 0.844875
71.204 0.847645
71.3383 0.850416
73.4397 0.853186
73.6407 0.855956
74.5747 0.858726
74.8247 0.861496
75.8783 0.864266
76.425 0.867036
76.7617 0.869806
77.8583 0.872576
77.9547 0.875346
78.2263 0.878116
78.294 0.880886
78.691 0.883657
79.4183 0.886427
80.4923 0.889197
81.317 0.891967
81.4153 0.894737
81.951 0.897507
86.5867 0.900277
97.8267 0.903047
98.7893 0.905817
102.597 0.905817
106.1843 0.908587
112.1867 0.911357
113.884 0.914127
114.161 0.916898
114.485 0.919668
114.538 0.922438
114.795 0.925208
119.827 0.927978
121.332 0.930748
123.788 0.933518
124.532 0.936288
125.713 0.939058
143.202 0.941828
144.186 0.944598
145.702 0.947368
146.180 0.950139
148.4627 0.952909
148.8463 0.955679
150.8727 0.958449
151.2357 0.961219
152.0473 0.963989
152.207 0.966759
152.6703 0.969529
153.0363 0.972299
153.7747 0.975069
159.690 0.977839
161.647 0.980609
162.475 0.98338
162.630 0.98615
203.488 0.98892
208.179 0.99169
226.172 0.99446
230.460 0.99723
