0 0.00277008
.100 0.00554017
.400 0.00831025
.600 0.0110803
.700 0.0138504
1.000 0.0221607
1.000 0.0221607
1.000 0.0221607
1.400 0.0249307
2.100 0.0277008
2.400 0.0304709
2.500 0.033241
2.900 0.0360111
3.100 0.0415512
3.100 0.0415512
3.600 0.0443213
4.300 0.0470914
6.100 0.0498615
6.400 0.0526316
6.800 0.0554017
7.900 0.0581717
8.800 0.0609418
9.400 0.0637119
9.800 0.066482
10.600 0.0692521
10.700 0.0720222
11.900 0.0775623
11.900 0.0775623
12.000 0.0803324
12.200 0.0831025
13.000 0.0858726
13.100 0.0886427
13.300 0.0914127
13.500 0.0941828
13.600 0.0969529
13.700 0.099723
13.800 0.102493
14.300 0.105263
15.100 0.108033
16.000 0.110803
16.300 0.113573
16.900 0.116343
17.200 0.119114
17.500 0.121884
17.900 0.124654
18.700 0.127424
18.800 0.130194
19.000 0.132964
19.200 0.135734
19.800 0.138504
19.900 0.141274
20.300 0.146814
20.300 0.146814
20.700 0.149584
21.900 0.152355
22.100 0.155125
22.300 0.160665
22.300 0.160665
22.800 0.163435
23.200 0.166205
24.800 0.168975
26.600 0.171745
27.400 0.174515
27.700 0.177285
28.200 0.180055
28.300 0.182825
28.800 0.185596
29.100 0.188366
29.800 0.191136
30.800 0.193906
32.300 0.196676
32.900 0.199446
33.700 0.202216
34.200 0.204986
34.400 0.207756
34.600 0.210526
36.200 0.213296
36.400 0.216066
36.900 0.218837
37.400 0.221607
37.500 0.224377
37.600 0.227147
38.800 0.229917
39.400 0.232687
39.700 0.238227
39.700 0.238227
40.300 0.240997
40.400 0.243767
40.700 0.246537
42.300 0.249307
42.900 0.252078
43.500 0.254848
43.600 0.257618
44.600 0.260388
45.200 0.263158
46.200 0.265928
46.600 0.268698
46.900 0.271468
47.400 0.274238
47.600 0.277008
48.000 0.279778
48.900 0.282548
49.200 0.285319
49.800 0.288089
51.000 0.290859
51.400 0.293629
52.400 0.296399
53.300 0.299169
54.300 0.301939
54.900 0.304709
56.900 0.307479
58.100 0.310249
58.300 0.313019
58.900 0.315789
60.600 0.31856
62.300 0.32133
62.400 0.3241
62.900 0.32687
63.500 0.32964
65.000 0.33241
66.300 0.33518
66.800 0.33795
68.800 0.34349
68.800 0.34349
69.700 0.34626
71.600 0.34903
71.900 0.351801
72.700 0.354571
73.300 0.357341
74.600 0.360111
75.300 0.362881
76.900 0.365651
77.100 0.371191
77.100 0.371191
77.200 0.373961
77.500 0.376731
78.300 0.379501
79.700 0.382271
81.000 0.385042
81.500 0.387812
81.900 0.390582
82.500 0.393352
84.000 0.396122
86.200 0.398892
86.300 0.401662
86.700 0.404432
87.200 0.409972
87.200 0.409972
89.000 0.412742
89.100 0.415512
90.600 0.418283
91.200 0.421053
91.500 0.423823
91.800 0.426593
92.000 0.429363
92.100 0.432133
92.200 0.434903
92.300 0.437673
92.400 0.440443
92.500 0.443213
93.400 0.445983
93.600 0.448753
94.000 0.451524
94.200 0.454294
94.400 0.457064
94.500 0.459834
95.100 0.462604
95.300 0.465374
95.700 0.468144
97.000 0.470914
98.200 0.473684
98.500 0.476454
98.600 0.479224
99.100 0.481994
99.400 0.484765
99.500 0.487535
100.300 0.490305
100.600 0.493075
101.000 0.495845
101.400 0.498615
101.600 0.501385
101.900 0.506925
101.900 0.506925
102.200 0.509695
102.300 0.512465
102.700 0.515235
103.500 0.518006
104.000 0.520776
104.300 0.523546
104.700 0.526316
104.800 0.529086
105.500 0.531856
105.600 0.534626
105.900 0.537396
106.500 0.540166
107.600 0.542936
109.300 0.545706
110.800 0.548476
110.900 0.551247
111.700 0.554017
112.400 0.556787
112.900 0.559557
113.100 0.565097
113.100 0.565097
114.100 0.567867
114.200 0.573407
114.200 0.573407
115.100 0.576177
115.200 0.578947
115.300 0.581717
115.500 0.584488
115.600 0.587258
116.300 0.590028
116.600 0.592798
117.100 0.595568
117.500 0.601108
117.500 0.601108
117.800 0.603878
119.100 0.606648
120.900 0.609418
121.000 0.612188
121.200 0.614958
121.700 0.617729
122.000 0.620499
122.900 0.623269
123.100 0.626039
123.200 0.628809
124.400 0.631579
125.600 0.634349
125.900 0.637119
126.000 0.639889
126.800 0.642659
127.400 0.645429
128.200 0.648199
128.500 0.65097
128.600 0.65374
128.900 0.65651
129.100 0.65928
129.700 0.66205
130.200 0.66759
130.200 0.66759
131.600 0.67036
132.000 0.6759
132.000 0.6759
132.300 0.67867
132.500 0.68144
132.600 0.684211
132.800 0.686981
133.100 0.689751
134.100 0.692521
135.300 0.695291
135.700 0.698061
135.800 0.700831
136.000 0.703601
136.200 0.709141
136.200 0.709141
137.100 0.711911
137.200 0.714681
138.000 0.717452
138.200 0.722992
138.200 0.722992
138.400 0.725762
138.500 0.728532
139.600 0.731302
140.500 0.734072
141.000 0.736842
141.200 0.739612
141.600 0.742382
141.900 0.745152
143.400 0.747922
144.000 0.750693
144.500 0.753463
145.200 0.759003
145.200 0.759003
145.300 0.761773
145.600 0.767313
145.600 0.767313
146.200 0.770083
146.700 0.772853
147.200 0.775623
147.400 0.778393
147.600 0.781163
147.700 0.783934
147.900 0.786704
148.500 0.789474
149.300 0.792244
149.500 0.795014
150.300 0.797784
150.800 0.800554
151.200 0.803324
151.300 0.806094
152.000 0.808864
152.500 0.811634
152.900 0.814404
153.500 0.817175
154.300 0.819945
155.000 0.822715
155.200 0.825485
155.500 0.828255
155.700 0.831025
156.800 0.833795
157.000 0.839335
157.000 0.839335
157.400 0.842105
158.700 0.844875
158.800 0.847645
159.000 0.850416
159.500 0.853186
159.700 0.855956
159.900 0.858726
160.900 0.861496
161.100 0.867036
161.100 0.867036
161.400 0.869806
161.500 0.872576
161.600 0.875346
161.800 0.878116
162.200 0.880886
162.300 0.883657
162.600 0.886427
164.000 0.889197
164.100 0.891967
164.300 0.894737
164.500 0.897507
164.800 0.903047
164.800 0.903047
165.000 0.905817
165.600 0.908587
166.400 0.911357
166.700 0.914127
167.100 0.916898
168.700 0.919668
169.200 0.922438
169.800 0.927978
169.800 0.927978
170.200 0.930748
170.300 0.933518
170.400 0.936288
171.300 0.939058
172.900 0.941828
173.100 0.944598
173.500 0.947368
174.000 0.950139
175.100 0.952909
177.100 0.955679
178.000 0.958449
179.400 0.961219
182.000 0.963989
182.700 0.966759
184.700 0.969529
185.000 0.972299
185.500 0.975069
187.500 0.977839
189.800 0.980609
191.800 0.98338
192.100 0.98615
195.000 0.98892
195.100 0.99169
195.600 0.99723
195.600 0.99723
196.300 1
