.800 0.00277008
7.100 0.00554017
7.400 0.00831025
24.800 0.0110803
36.600 0.0138504
39.500 0.0166205
44.100 0.0193906
46.900 0.0221607
48.400 0.0249307
53.000 0.0277008
58.200 0.0304709
59.200 0.033241
64.100 0.0360111
68.300 0.0387812
70.600 0.0415512
71.900 0.0443213
73.500 0.0470914
75.100 0.0498615
75.900 0.0526316
77.000 0.0554017
79.500 0.0581717
82.100 0.0609418
82.800 0.0637119
83.000 0.066482
83.200 0.0692521
84.000 0.0720222
84.400 0.0747922
85.200 0.0775623
86.100 0.0803324
86.900 0.0831025
87.500 0.0858726
87.800 0.0886427
88.400 0.0914127
88.700 0.0941828
89.000 0.0969529
89.200 0.099723
89.400 0.102493
89.700 0.108033
89.700 0.108033
89.900 0.110803
90.200 0.113573
90.500 0.116343
90.900 0.119114
91.100 0.121884
91.200 0.124654
91.600 0.132964
91.600 0.132964
91.600 0.132964
91.700 0.135734
91.800 0.138504
91.900 0.141274
92.000 0.144044
92.400 0.146814
92.500 0.152355
92.500 0.152355
93.000 0.155125
93.600 0.157895
93.700 0.160665
94.100 0.163435
94.500 0.166205
94.600 0.168975
95.100 0.171745
95.700 0.180055
95.700 0.180055
95.700 0.180055
95.800 0.185596
95.800 0.185596
96.200 0.188366
96.600 0.191136
96.800 0.193906
96.900 0.196676
97.000 0.199446
97.200 0.204986
97.200 0.204986
97.300 0.207756
97.400 0.213296
97.400 0.213296
97.500 0.218837
97.500 0.218837
97.600 0.224377
97.600 0.224377
97.700 0.229917
97.700 0.229917
97.800 0.232687
97.900 0.235457
98.000 0.238227
98.100 0.240997
98.500 0.243767
98.700 0.249307
98.700 0.249307
98.800 0.260388
98.800 0.260388
98.800 0.260388
98.800 0.260388
98.900 0.263158
99.000 0.274238
99.000 0.274238
99.000 0.274238
99.000 0.274238
99.100 0.282548
99.100 0.282548
99.100 0.282548
99.300 0.288089
99.300 0.288089
99.400 0.290859
99.500 0.296399
99.500 0.296399
99.600 0.304709
99.600 0.304709
99.600 0.304709
99.800 0.315789
99.800 0.315789
99.800 0.315789
99.800 0.315789
99.900 0.31856
119.400 0.32133
128.200 0.3241
144.100 0.32687
156.500 0.32964
156.800 0.33518
156.800 0.33518
156.900 0.34072
156.900 0.34072
158.900 0.34349
190.200 0.34626
195.900 0.34903
222.100 0.351801
238.600 0.354571
242.800 0.357341
245.800 0.362881
245.800 0.362881
248.600 0.365651
250.900 0.368421
259.800 0.371191
264.400 0.373961
283.500 0.376731
285.500 0.379501
298.700 0.382271
317.300 0.385042
348.100 0.387812
375.000 0.390582
416.600 0.393352
418.500 0.396122
423.200 0.398892
426.200 0.401662
431.600 0.404432
434.600 0.407202
458.900 0.409972
481.900 0.412742
484.300 0.415512
496.200 0.418283
545.900 0.421053
547.000 0.423823
573.900 0.426593
575.900 0.429363
589.000 0.432133
592.000 0.434903
610.100 0.437673
614.100 0.440443
637.500 0.443213
645.500 0.445983
652.100 0.448753
662.500 0.451524
674.700 0.454294
675.500 0.457064
711.800 0.459834
820.900 0.462604
899.800 0.465374
925.100 0.468144
979.500 0.470914
993.800 0.473684
1042.600 0.476454
1083.100 0.479224
1089.300 0.481994
1143.700 0.484765
1158.900 0.487535
1174.500 0.490305
1175.600 0.493075
1177.800 0.495845
1198.000 0.498615
1262.500 0.501385
1267.900 0.504155
1283.800 0.506925
1318.700 0.509695
1328.600 0.512465
1351.700 0.515235
1362.300 0.518006
1370.500 0.520776
1375.700 0.523546
1378.600 0.526316
1387.800 0.529086
1390.100 0.531856
1392.500 0.534626
1400.900 0.537396
1447.000 0.540166
1458.300 0.542936
1464.800 0.545706
1511.200 0.548476
1569.700 0.551247
1600.300 0.554017
1608.300 0.556787
1636.700 0.559557
1672.400 0.562327
1675.300 0.565097
1682.200 0.567867
1690.300 0.570637
1732.900 0.573407
1765.300 0.576177
1787.500 0.578947
1796.800 0.581717
1807.300 0.584488
1808.200 0.587258
1825.700 0.590028
1836.100 0.592798
1843.800 0.595568
1872.000 0.598338
1872.500 0.601108
1903.600 0.603878
1966.900 0.606648
1974.000 0.609418
1980.200 0.612188
1990.900 0.614958
2018.400 0.617729
2031.100 0.620499
2053.900 0.623269
2055.900 0.626039
2081.100 0.628809
2128.600 0.631579
2129.200 0.634349
2132.000 0.637119
2134.800 0.639889
2151.100 0.642659
2152.400 0.645429
2188.800 0.648199
2229.700 0.65097
2237.100 0.65374
2288.700 0.65651
2320.000 0.65928
2408.800 0.66205
2421.600 0.66482
2475.000 0.66759
2478.100 0.67036
2556.000 0.67313
2579.600 0.6759
2598.100 0.67867
2697.900 0.68144
2712.400 0.684211
2725.000 0.686981
2727.900 0.689751
2798.200 0.692521
2803.500 0.695291
2804.100 0.698061
2820.700 0.700831
2827.000 0.703601
2864.300 0.706371
2873.900 0.709141
2891.500 0.711911
2923.200 0.714681
2926.900 0.717452
2932.100 0.720222
2955.300 0.722992
3013.700 0.725762
3025.000 0.728532
3065.800 0.731302
3069.600 0.734072
3090.100 0.736842
3090.200 0.739612
3212.700 0.742382
3222.900 0.745152
3228.700 0.747922
3261.400 0.750693
3261.500 0.753463
3289.300 0.756233
3299.000 0.759003
3351.400 0.761773
3366.800 0.764543
3389.900 0.767313
3482.600 0.770083
3503.400 0.772853
3549.300 0.775623
3570.100 0.778393
3596.100 0.781163
3596.900 0.783934
3605.900 0.786704
3721.900 0.789474
3735.500 0.792244
3793.000 0.795014
3808.300 0.797784
3811.900 0.800554
3850.500 0.803324
3860.300 0.806094
3923.800 0.808864
4017.000 0.811634
4108.900 0.814404
4146.500 0.817175
4180.300 0.819945
4251.100 0.822715
4408.100 0.825485
4419.600 0.828255
4674.200 0.831025
4794.600 0.833795
5031.300 0.836565
5130.800 0.839335
5139.300 0.842105
5526.500 0.844875
5529.600 0.847645
5576.400 0.850416
5680.600 0.853186
5929.300 0.855956
6127.600 0.858726
6183.400 0.861496
6484.000 0.864266
6511.200 0.867036
7008.600 0.869806
7155.500 0.872576
7168.100 0.875346
7225.000 0.878116
7264.900 0.880886
7376.200 0.883657
7468.000 0.886427
7470.800 0.889197
7757.400 0.891967
7842.500 0.894737
8017.700 0.897507
8772.400 0.900277
8919.500 0.903047
9379.100 0.905817
9523.200 0.908587
10094.500 0.911357
11539.000 0.914127
11672.400 0.916898
11825.700 0.919668
13007.300 0.922438
13497.800 0.925208
17198.900 0.927978
19266.100 0.930748
19626.600 0.933518
19754.500 0.936288
20612.300 0.939058
28763.300 0.941828
33182.300 0.944598
38933.200 0.947368
48489.600 0.950139
52549.700 0.952909
57494.700 0.955679
62407.600 0.958449
64879.300 0.961219
77016.500 0.963989
89886.500 0.966759
91824.500 0.969529
98896.900 0.972299
122091.600 0.975069
142541.100 0.977839
183280.000 0.980609
206546.100 0.98338
216819.900 0.98615
295201.700 0.98892
388830.600 0.99169
914406.100 0.99446
1048742.800 0.99723
1268210.400 1
