0.251174 0.00277008
0.844618 0.00554017
1.86564 0.00831025
1.93511 0.0110803
2.83627 0.0138504
3.49706 0.0166205
4.08277 0.0193906
4.39569 0.0221607
4.62222 0.0249307
4.83471 0.0277008
5.40411 0.0304709
5.9103 0.033241
6.15738 0.0360111
6.74433 0.0387812
6.84315 0.0415512
7.62405 0.0443213
8.01881 0.0470914
8.58566 0.0498615
8.60956 0.0526316
8.69465 0.0554017
9.47567 0.0581717
9.75953 0.0609418
9.9246 0.0637119
9.92466 0.066482
10.0908 0.0692521
10.2939 0.0720222
10.7483 0.0747922
10.7488 0.0775623
11.1402 0.0803324
11.8461 0.0831025
12.1368 0.0858726
12.2225 0.0886427
12.8072 0.0914127
12.8482 0.0941828
13.7678 0.0969529
14.3324 0.099723
14.3501 0.102493
14.8891 0.105263
15.0546 0.108033
15.4051 0.110803
15.5489 0.113573
16.0851 0.116343
16.3253 0.119114
16.4919 0.121884
16.5116 0.124654
16.5795 0.127424
16.6217 0.130194
16.8027 0.132964
16.882 0.135734
17.1895 0.138504
18.5391 0.141274
18.9811 0.144044
19.5153 0.146814
19.5795 0.149584
19.6694 0.152355
20.0619 0.155125
20.1705 0.157895
20.4291 0.160665
21.7548 0.163435
22.0497 0.166205
22.206 0.168975
22.3276 0.171745
22.6366 0.174515
22.7713 0.177285
23.1735 0.180055
23.2692 0.182825
23.5222 0.185596
24.3276 0.188366
24.6709 0.191136
24.8286 0.193906
24.8852 0.196676
25.481 0.199446
25.6673 0.202216
25.7951 0.204986
26.0922 0.207756
26.0983 0.210526
26.1647 0.213296
26.4001 0.216066
26.5425 0.218837
27.4832 0.221607
27.7265 0.224377
29.032 0.227147
29.3071 0.229917
29.4923 0.232687
29.8339 0.235457
29.9776 0.238227
32.3892 0.240997
34.2787 0.243767
34.2896 0.246537
34.5421 0.249307
34.9261 0.252078
35.5336 0.254848
35.5771 0.257618
35.7473 0.260388
35.9701 0.263158
36.7156 0.265928
36.8352 0.268698
36.9679 0.271468
37.0877 0.274238
39.4507 0.277008
39.9729 0.279778
40.4968 0.282548
40.6656 0.285319
40.9269 0.288089
41.0583 0.290859
41.537 0.293629
41.9508 0.296399
42.4464 0.299169
42.6168 0.301939
42.9634 0.304709
42.9761 0.307479
43.8191 0.310249
44.9563 0.313019
44.9924 0.315789
46.3455 0.31856
46.8415 0.32133
47.5626 0.3241
47.6404 0.32687
48.908 0.32964
49.0774 0.33241
51.5122 0.33518
52.463 0.33795
53.2638 0.34072
54.3776 0.34349
55.2326 0.34626
55.6838 0.34903
55.7247 0.351801
55.9008 0.354571
57.293 0.357341
58.2446 0.360111
60.5131 0.362881
61.277 0.365651
61.6497 0.368421
61.7009 0.371191
62.7198 0.373961
63.5893 0.376731
65.5116 0.379501
65.5645 0.382271
66.1522 0.385042
66.2739 0.387812
66.8057 0.390582
68.4921 0.393352
69.1271 0.396122
69.5633 0.398892
71.3994 0.401662
72.0551 0.404432
72.5274 0.407202
73.667 0.409972
74.2022 0.412742
77.8086 0.415512
79.361 0.418283
80.0476 0.421053
80.6851 0.423823
81.7565 0.426593
85.2241 0.429363
86.4534 0.432133
87.9196 0.434903
90.0365 0.437673
90.3098 0.440443
91.1287 0.443213
91.9488 0.445983
92.3936 0.448753
93.7619 0.451524
94.6619 0.454294
95.7731 0.457064
96.2713 0.459834
97.3912 0.462604
99.4576 0.465374
99.6814 0.468144
101.024 0.470914
103.198 0.473684
104.201 0.476454
110.882 0.479224
112.099 0.481994
114.091 0.484765
114.692 0.487535
116.712 0.490305
119.196 0.493075
122.02 0.495845
122.438 0.498615
123.051 0.501385
125.78 0.504155
128.93 0.506925
130.66 0.509695
130.953 0.512465
131.14 0.515235
132.953 0.518006
133.079 0.520776
133.345 0.523546
134.179 0.526316
136.521 0.529086
136.785 0.531856
140.385 0.534626
140.43 0.537396
144.916 0.540166
146.131 0.542936
150.153 0.545706
152.565 0.548476
152.825 0.551247
153.757 0.554017
155.463 0.556787
157.971 0.559557
160.238 0.562327
161.319 0.565097
162.246 0.567867
162.412 0.570637
163.22 0.573407
164.997 0.576177
165.93 0.578947
166.339 0.581717
167.723 0.584488
172.091 0.587258
177.729 0.590028
177.962 0.592798
178.127 0.595568
178.736 0.598338
180.651 0.601108
180.718 0.603878
181.689 0.606648
181.89 0.609418
183.494 0.612188
186.907 0.614958
187.935 0.617729
188.417 0.620499
194.559 0.623269
198.632 0.626039
203.237 0.628809
205.725 0.631579
206.449 0.634349
207.082 0.637119
209.055 0.639889
209.719 0.642659
210.02 0.645429
211.434 0.648199
216.335 0.65097
221.793 0.65374
223.341 0.65651
229.771 0.65928
231.515 0.66205
232.532 0.66482
235.691 0.66759
239.053 0.67036
239.597 0.67313
240.368 0.6759
244.237 0.67867
246.744 0.68144
250.963 0.684211
257.203 0.686981
258.534 0.689751
260.247 0.692521
262.365 0.695291
262.404 0.698061
270.254 0.700831
278.613 0.703601
284.366 0.706371
285.833 0.709141
286.189 0.711911
286.798 0.714681
287.653 0.717452
289.658 0.720222
293.91 0.722992
294.33 0.725762
294.88 0.728532
297.922 0.731302
300.536 0.734072
301.696 0.736842
301.763 0.739612
308.987 0.742382
312.496 0.745152
314.147 0.747922
314.638 0.750693
316.32 0.753463
319.696 0.756233
334.155 0.759003
339.633 0.761773
343.017 0.764543
343.685 0.767313
345.727 0.770083
347.6 0.772853
352.81 0.775623
362.772 0.778393
372.526 0.781163
377.854 0.783934
385.417 0.786704
387.277 0.789474
389.232 0.792244
401.373 0.795014
412.436 0.797784
438.834 0.800554
441.198 0.803324
452.355 0.806094
454.163 0.808864
455.466 0.811634
459.855 0.814404
462.461 0.817175
470.209 0.819945
518.74 0.822715
523.55 0.825485
535.158 0.828255
553.726 0.831025
559.022 0.833795
562.345 0.836565
562.764 0.839335
565.622 0.842105
569.322 0.844875
570.842 0.847645
581.792 0.850416
593.351 0.853186
597.84 0.855956
610.729 0.858726
611.372 0.861496
621.304 0.864266
625.754 0.867036
640.229 0.869806
674.901 0.872576
685.511 0.875346
688.354 0.878116
692.198 0.880886
751.363 0.883657
760.426 0.886427
778.89 0.889197
786.585 0.891967
793.813 0.894737
807.878 0.897507
842.776 0.900277
843.752 0.903047
858.305 0.905817
870.16 0.908587
871.307 0.911357
913.314 0.914127
931.98 0.916898
1071.76 0.919668
1073.03 0.922438
1084.4 0.925208
1086.65 0.927978
1160.5 0.930748
1188.61 0.933518
1198.09 0.936288
1284.09 0.939058
1334.54 0.941828
1351.69 0.944598
1378.36 0.947368
1625.45 0.950139
1636.48 0.952909
1792.62 0.955679
1886.78 0.958449
1896.24 0.961219
2055.51 0.963989
2061.78 0.966759
2122.5 0.969529
2434.27 0.972299
3235.33 0.975069
3482.41 0.977839
3629.76 0.980609
3906.98 0.98338
5905.37 0.98615
6491.16 0.98892
7817.6 0.99169
9694.5 0.99446
10263.8 0.99723
12398.8 1
