1 -732.196
2 .100
3 .400
4 .600
5 .700
6 1.000
7 1.000
8 1.000
9 1.400
10 2.100
11 2.400
12 2.500
13 2.900
14 3.100
15 3.100
16 3.600
17 4.300
18 6.100
19 6.400
20 6.800
21 7.900
22 8.800
23 9.400
24 9.800
25 10.600
26 10.700
27 11.900
28 11.900
29 12.000
30 12.200
31 13.000
32 13.100
33 13.300
34 13.500
35 13.600
36 13.700
37 13.800
38 14.300
39 15.100
40 16.000
41 16.300
42 16.900
43 17.200
44 17.500
45 17.900
46 18.700
47 18.800
48 19.000
49 19.200
50 19.800
51 19.900
52 20.300
53 20.300
54 20.700
55 21.900
56 22.100
57 22.300
58 22.300
59 22.800
60 23.200
61 24.800
62 26.600
63 27.400
64 27.700
65 28.200
66 28.300
67 28.800
68 29.100
69 29.800
70 30.800
71 32.300
72 32.900
73 33.700
74 34.200
75 34.400
76 34.600
77 36.200
78 36.400
79 36.900
80 37.400
81 37.500
82 37.600
83 38.800
84 39.400
85 39.700
86 39.700
87 40.300
88 40.400
89 40.700
90 42.300
91 42.900
92 43.500
93 43.600
94 44.600
95 45.200
96 46.200
97 46.600
98 46.900
99 47.400
100 47.600
101 48.000
102 48.900
103 49.200
104 49.800
105 51.000
106 51.400
107 52.400
108 53.300
109 54.300
110 54.900
111 56.900
112 58.100
113 58.300
114 58.900
115 60.600
116 62.300
117 62.400
118 62.900
119 63.500
120 65.000
121 66.300
122 66.800
123 68.800
124 68.800
125 69.700
126 71.600
127 71.900
128 72.700
129 73.300
130 74.600
131 75.300
132 76.900
133 77.100
134 77.100
135 77.200
136 77.500
137 78.300
138 79.700
139 81.000
140 81.500
141 81.900
142 82.500
143 84.000
144 86.200
145 86.300
146 86.700
147 87.200
148 87.200
149 89.000
150 89.100
151 90.600
152 91.200
153 91.500
154 91.800
155 92.000
156 92.100
157 92.200
158 92.300
159 92.400
160 92.500
161 93.400
162 93.600
163 94.000
164 94.200
165 94.400
166 94.500
167 95.100
168 95.300
169 95.700
170 97.000
171 98.200
172 98.500
173 98.600
174 99.100
175 99.400
176 99.500
177 100.300
178 100.600
179 101.000
180 101.400
181 101.600
182 101.900
183 101.900
184 102.200
185 102.300
186 102.700
187 103.500
188 104.000
189 104.300
190 104.700
191 104.800
192 105.500
193 105.600
194 105.900
195 106.500
196 107.600
197 109.300
198 110.800
199 110.900
200 111.700
201 112.400
202 112.900
203 113.100
204 113.100
205 114.100
206 114.200
207 114.200
208 115.100
209 115.200
210 115.300
211 115.500
212 115.600
213 116.300
214 116.600
215 117.100
216 117.500
217 117.500
218 117.800
219 119.100
220 120.900
221 121.000
222 121.200
223 121.700
224 122.000
225 122.900
226 123.100
227 123.200
228 124.400
229 125.600
230 125.900
231 126.000
232 126.800
233 127.400
234 128.200
235 128.500
236 128.600
237 128.900
238 129.100
239 129.700
240 130.200
241 130.200
242 131.600
243 132.000
244 132.000
245 132.300
246 132.500
247 132.600
248 132.800
249 133.100
250 134.100
251 135.300
252 135.700
253 135.800
254 136.000
255 136.200
256 136.200
257 137.100
258 137.200
259 138.000
260 138.200
261 138.200
262 138.400
263 138.500
264 139.600
265 140.500
266 141.000
267 141.200
268 141.600
269 141.900
270 143.400
271 144.000
272 144.500
273 145.200
274 145.200
275 145.300
276 145.600
277 145.600
278 146.200
279 146.700
280 147.200
281 147.400
282 147.600
283 147.700
284 147.900
285 148.500
286 149.300
287 149.500
288 150.300
289 150.800
290 151.200
291 151.300
292 152.000
293 152.500
294 152.900
295 153.500
296 154.300
297 155.000
298 155.200
299 155.500
300 155.700
301 156.800
302 157.000
303 157.000
304 157.400
305 158.700
306 158.800
307 159.000
308 159.500
309 159.700
310 159.900
311 160.900
312 161.100
313 161.100
314 161.400
315 161.500
316 161.600
317 161.800
318 162.200
319 162.300
320 162.600
321 164.000
322 164.100
323 164.300
324 164.500
325 164.800
326 164.800
327 165.000
328 165.600
329 166.400
330 166.700
331 167.100
332 168.700
333 169.200
334 169.800
335 169.800
336 170.200
337 170.300
338 170.400
339 171.300
340 172.900
341 173.100
342 173.500
343 174.000
344 175.100
345 177.100
346 178.000
347 179.400
348 182.000
349 182.700
350 184.700
351 185.000
352 185.500
353 187.500
354 189.800
355 191.800
356 192.100
357 195.000
358 195.100
359 195.600
360 195.600
361 196.300
