0.053642 0.00277008
0.091743 0.00554017
0.091888 0.00831025
0.115301 0.0110803
0.126358 0.0138504
0.165042 0.0166205
0.472291 0.0193906
0.490496 0.0221607
0.550766 0.0249307
0.557405 0.0277008
0.570000 0.0304709
0.572275 0.033241
0.577941 0.0360111
0.591027 0.0387812
0.598511 0.0415512
0.601447 0.0443213
0.834128 0.0470914
0.891808 0.0498615
1.046671 0.0526316
1.122275 0.0554017
1.160368 0.0581717
1.377252 0.0609418
1.447544 0.0637119
1.455475 0.066482
1.640610 0.0692521
1.684695 0.0720222
1.696725 0.0747922
1.701240 0.0775623
1.737966 0.0803324
1.794449 0.0831025
1.837511 0.0858726
1.849548 0.0886427
1.946363 0.0914127
1.954672 0.0941828
1.995328 0.0969529
1.995706 0.099723
2.010302 0.102493
2.011952 0.105263
2.057878 0.108033
2.070441 0.110803
2.126636 0.113573
2.169091 0.116343
2.301625 0.119114
2.362042 0.121884
2.523811 0.124654
2.550021 0.127424
2.565404 0.130194
2.612414 0.132964
2.654496 0.135734
2.670511 0.138504
2.688468 0.141274
2.759560 0.144044
2.815598 0.146814
2.890104 0.149584
2.941035 0.152355
3.013810 0.155125
3.034950 0.157895
3.064775 0.160665
3.147342 0.163435
3.181355 0.166205
3.286320 0.168975
3.363117 0.171745
3.366046 0.174515
3.410918 0.177285
3.609606 0.180055
3.649205 0.182825
3.689931 0.185596
3.731825 0.188366
3.912576 0.191136
3.964517 0.193906
4.009553 0.196676
4.112591 0.199446
4.131970 0.202216
4.224312 0.204986
4.343672 0.207756
4.345039 0.210526
4.545602 0.213296
4.596005 0.216066
4.779909 0.218837
4.860811 0.221607
4.939101 0.224377
4.989822 0.227147
5.110683 0.229917
5.221482 0.232687
5.297828 0.235457
5.365982 0.238227
5.368626 0.240997
5.431281 0.243767
5.431286 0.246537
5.641670 0.249307
5.778768 0.252078
5.952793 0.254848
6.100956 0.257618
6.227317 0.260388
6.328944 0.263158
6.498233 0.265928
6.525026 0.268698
6.756709 0.271468
6.757676 0.274238
6.795885 0.277008
6.843048 0.279778
7.125788 0.282548
7.628431 0.285319
8.143183 0.288089
8.146442 0.290859
8.263770 0.293629
8.401842 0.296399
8.461142 0.299169
8.539297 0.301939
8.582974 0.304709
8.607762 0.307479
8.679278 0.310249
8.756033 0.313019
9.055053 0.315789
9.198380 0.31856
9.272464 0.32133
9.373672 0.3241
9.491149 0.32687
9.588118 0.32964
9.628192 0.33241
9.926261 0.33518
9.947109 0.33795
10.036364 0.34072
10.052545 0.34349
10.236060 0.34626
10.687980 0.34903
10.690422 0.351801
10.901996 0.354571
10.962899 0.357341
11.093655 0.360111
11.110641 0.362881
11.116158 0.365651
11.349675 0.368421
11.398712 0.371191
11.437019 0.373961
11.868741 0.376731
12.014657 0.379501
12.089227 0.382271
12.121019 0.385042
12.131064 0.387812
12.150233 0.390582
12.190075 0.393352
12.228411 0.396122
12.390592 0.398892
12.511577 0.401662
12.612432 0.404432
12.644050 0.407202
12.806980 0.409972
12.829289 0.412742
12.839717 0.415512
12.998284 0.418283
13.021365 0.421053
13.283782 0.423823
13.310429 0.426593
13.563432 0.429363
13.883205 0.432133
13.981228 0.434903
14.507020 0.437673
14.545125 0.440443
14.617418 0.443213
15.236111 0.445983
15.372272 0.448753
15.826985 0.451524
16.260788 0.454294
16.569166 0.457064
17.100930 0.459834
17.417154 0.462604
17.861219 0.465374
17.931792 0.468144
17.947918 0.470914
18.073149 0.473684
18.182108 0.476454
18.259439 0.479224
18.405589 0.481994
18.429244 0.484765
18.830861 0.487535
19.164865 0.490305
19.249314 0.493075
19.379950 0.495845
19.541328 0.498615
19.714588 0.501385
19.941659 0.504155
20.099047 0.506925
20.190017 0.509695
20.598488 0.512465
20.612699 0.515235
20.835485 0.518006
20.881765 0.520776
20.975970 0.523546
21.103178 0.526316
21.157508 0.529086
21.206783 0.531856
22.044046 0.534626
22.397120 0.537396
22.432099 0.540166
22.765689 0.542936
22.780904 0.545706
23.080510 0.548476
23.551933 0.551247
23.665172 0.554017
23.801978 0.556787
23.866369 0.559557
23.927195 0.562327
24.054115 0.565097
24.114594 0.567867
24.158029 0.570637
24.479163 0.573407
24.636981 0.576177
24.912526 0.578947
25.282845 0.581717
25.423738 0.584488
25.711110 0.587258
26.496276 0.590028
26.762116 0.592798
26.981932 0.595568
27.231100 0.598338
27.407190 0.601108
28.114584 0.603878
28.317434 0.606648
28.341708 0.609418
28.592783 0.612188
29.435128 0.614958
29.842126 0.617729
30.725750 0.620499
30.795124 0.623269
31.359929 0.626039
31.456268 0.628809
31.560624 0.631579
32.074782 0.634349
33.042917 0.637119
35.122493 0.639889
35.436645 0.642659
35.632673 0.645429
35.678178 0.648199
35.977018 0.65097
36.833039 0.65374
37.367186 0.65651
37.388411 0.65928
38.847342 0.66205
39.429772 0.66482
39.852342 0.66759
40.396529 0.67036
41.147050 0.67313
42.311245 0.6759
43.266413 0.67867
43.474719 0.68144
43.495083 0.684211
46.050438 0.686981
46.080452 0.689751
48.482898 0.692521
48.573369 0.695291
48.833552 0.698061
48.972657 0.700831
51.051629 0.703601
51.562262 0.706371
51.861477 0.709141
52.246529 0.711911
53.680712 0.714681
53.806144 0.717452
55.652601 0.720222
57.302171 0.722992
58.851177 0.725762
62.151068 0.728532
62.270635 0.731302
62.825382 0.734072
63.853276 0.736842
64.415693 0.739612
64.991230 0.742382
66.460586 0.745152
67.784852 0.747922
69.197685 0.750693
69.485760 0.753463
70.021361 0.756233
70.585954 0.759003
71.941304 0.761773
72.140193 0.764543
75.835043 0.767313
76.115650 0.770083
77.090228 0.772853
78.222811 0.775623
79.394621 0.778393
79.732293 0.781163
80.006176 0.783934
80.499607 0.786704
80.680692 0.789474
81.509650 0.792244
81.918800 0.795014
83.620536 0.797784
83.631122 0.800554
83.973718 0.803324
84.273380 0.806094
84.970945 0.808864
86.150062 0.811634
86.349350 0.814404
86.926848 0.817175
88.297391 0.819945
88.993454 0.822715
89.011174 0.825485
89.447737 0.828255
89.547056 0.831025
89.700603 0.833795
89.962459 0.836565
91.104078 0.839335
91.455156 0.842105
92.829925 0.844875
92.901903 0.847645
92.952770 0.850416
92.957324 0.853186
93.025380 0.855956
93.163311 0.858726
93.367469 0.861496
93.452531 0.864266
93.469012 0.867036
93.797213 0.869806
93.912643 0.872576
94.067389 0.875346
94.186634 0.878116
94.224739 0.880886
94.335413 0.883657
94.356763 0.886427
94.389510 0.889197
94.523168 0.891967
94.656497 0.894737
95.056856 0.897507
95.374686 0.900277
95.697433 0.903047
95.942765 0.905817
95.955133 0.908587
95.972866 0.911357
96.217436 0.914127
96.716940 0.916898
96.753478 0.919668
96.905619 0.922438
97.477978 0.925208
97.626454 0.927978
97.717810 0.930748
97.824425 0.933518
97.845924 0.936288
99.225861 0.939058
103.627610 0.941828
118.997741 0.944598
130.055141 0.947368
158.322239 0.950139
161.928988 0.952909
168.450320 0.955679
176.340890 0.958449
205.777788 0.961219
276.928520 0.963989
379.182243 0.966759
423.594475 0.969529
431.925249 0.972299
462.384701 0.975069
468.842363 0.977839
557.999754 0.980609
865.907764 0.98338
1200.261784 0.98615
1239.006138 0.98892
1786.740112 0.99169
2628.347206 0.99446
3471.944046 0.99723
3529.552841 1
