0.010761 0.00277008
0.026978 0.00554017
0.040632 0.00831025
0.058088 0.0110803
0.061655 0.0138504
0.068806 0.0166205
0.085121 0.0193906
0.096317 0.0221607
0.104385 0.0249307
0.107658 0.0277008
0.125698 0.0304709
0.126509 0.033241
0.168007 0.0360111
0.192945 0.0387812
0.195148 0.0415512
0.202332 0.0443213
0.215166 0.0470914
0.269478 0.0498615
0.281063 0.0526316
0.308302 0.0554017
0.310594 0.0581717
0.313652 0.0609418
0.314575 0.0637119
0.336996 0.066482
0.341438 0.0692521
0.367022 0.0720222
0.370642 0.0747922
0.380966 0.0775623
0.384366 0.0803324
0.394884 0.0831025
0.400509 0.0858726
0.400875 0.0886427
0.408165 0.0914127
0.410286 0.0941828
0.433754 0.0969529
0.451447 0.099723
0.456938 0.102493
0.462624 0.105263
0.464043 0.108033
0.469039 0.110803
0.473305 0.113573
0.503075 0.116343
0.524391 0.119114
0.526800 0.121884
0.526974 0.124654
0.527592 0.127424
0.530540 0.130194
0.533373 0.132964
0.545231 0.135734
0.549997 0.138504
0.559387 0.141274
0.560963 0.144044
0.584045 0.146814
0.587551 0.149584
0.608593 0.152355
0.609558 0.155125
0.617859 0.157895
0.619591 0.160665
0.625686 0.163435
0.635529 0.166205
0.646389 0.168975
0.650547 0.171745
0.651764 0.174515
0.675178 0.177285
0.678532 0.180055
0.684883 0.182825
0.687206 0.185596
0.702824 0.188366
0.714607 0.191136
0.715439 0.193906
0.723866 0.196676
0.725821 0.199446
0.736298 0.202216
0.736828 0.204986
0.751385 0.207756
0.766054 0.210526
0.772518 0.213296
0.782654 0.216066
0.800903 0.218837
0.804821 0.221607
0.807884 0.224377
0.821466 0.227147
0.831879 0.229917
0.832251 0.232687
0.837259 0.235457
0.844629 0.238227
0.847401 0.240997
0.861438 0.243767
0.865437 0.246537
0.868332 0.249307
0.898241 0.252078
0.898598 0.254848
0.905881 0.257618
0.919113 0.260388
0.952141 0.263158
0.995312 0.265928
1.000061 0.268698
1.010750 0.271468
1.030645 0.274238
1.034744 0.277008
1.061618 0.279778
1.064829 0.282548
1.085419 0.285319
1.101280 0.288089
1.112043 0.290859
1.120029 0.293629
1.128471 0.296399
1.136978 0.299169
1.153612 0.301939
1.154266 0.304709
1.158127 0.307479
1.184358 0.310249
1.187027 0.313019
1.218437 0.315789
1.220856 0.31856
1.231270 0.32133
1.279934 0.3241
1.283573 0.32687
1.285431 0.32964
1.292191 0.33241
1.302873 0.33518
1.324575 0.33795
1.325836 0.34072
1.347138 0.34349
1.372231 0.34626
1.390267 0.34903
1.396938 0.351801
1.459278 0.354571
1.468380 0.357341
1.470318 0.360111
1.471992 0.362881
1.473507 0.365651
1.489357 0.368421
1.507294 0.371191
1.520325 0.373961
1.550177 0.376731
1.558807 0.379501
1.580952 0.382271
1.594981 0.385042
1.604940 0.387812
1.625469 0.390582
1.641075 0.393352
1.641769 0.396122
1.651484 0.398892
1.654241 0.401662
1.696701 0.404432
1.707119 0.407202
1.713207 0.409972
1.724449 0.412742
1.752380 0.415512
1.784439 0.418283
1.784576 0.421053
1.788269 0.423823
1.793657 0.426593
1.797340 0.429363
1.803772 0.432133
1.805697 0.434903
1.865280 0.437673
1.880844 0.440443
1.882004 0.443213
1.913883 0.445983
1.925591 0.448753
1.930737 0.451524
1.948711 0.454294
1.961395 0.457064
1.968950 0.459834
1.989933 0.462604
1.999447 0.465374
2.008080 0.468144
2.009506 0.470914
2.049183 0.473684
2.069321 0.476454
2.079948 0.479224
2.097204 0.481994
2.106445 0.484765
2.138824 0.487535
2.203247 0.490305
2.212149 0.493075
2.228100 0.495845
2.246338 0.498615
2.248135 0.501385
2.249119 0.504155
2.255791 0.506925
2.261562 0.509695
2.269432 0.512465
2.282082 0.515235
2.303886 0.518006
2.367096 0.520776
2.387562 0.523546
2.421379 0.526316
2.442715 0.529086
2.465149 0.531856
2.470375 0.534626
2.504417 0.537396
2.530193 0.540166
2.530720 0.542936
2.544640 0.545706
2.555145 0.548476
2.563362 0.551247
2.613739 0.554017
2.614025 0.556787
2.644653 0.559557
2.650711 0.562327
2.660889 0.565097
2.714115 0.567867
2.724735 0.570637
2.794441 0.573407
2.823074 0.576177
2.854809 0.578947
2.934910 0.581717
2.973717 0.584488
2.976028 0.587258
2.990425 0.590028
3.000195 0.592798
3.012325 0.595568
3.025185 0.598338
3.071442 0.601108
3.079525 0.603878
3.111467 0.606648
3.156227 0.609418
3.187996 0.612188
3.228806 0.614958
3.263348 0.617729
3.282108 0.620499
3.332409 0.623269
3.334248 0.626039
3.335693 0.628809
3.372925 0.631579
3.381542 0.634349
3.406555 0.637119
3.432621 0.639889
3.445534 0.642659
3.487221 0.645429
3.511330 0.648199
3.521027 0.65097
3.577782 0.65374
3.585815 0.65651
3.592604 0.65928
3.611912 0.66205
3.639576 0.66482
3.700600 0.66759
3.718536 0.67036
3.745926 0.67313
3.753410 0.6759
3.758087 0.67867
3.780560 0.68144
3.818995 0.684211
3.820503 0.686981
3.820927 0.689751
3.821287 0.692521
3.821400 0.695291
3.844948 0.698061
3.856983 0.700831
3.868027 0.703601
3.904400 0.706371
3.934425 0.709141
3.945984 0.711911
3.956909 0.714681
3.991791 0.717452
4.050018 0.720222
4.064499 0.722992
4.225708 0.725762
4.227226 0.728532
4.268480 0.731302
4.327065 0.734072
4.360649 0.736842
4.400391 0.739612
4.469482 0.742382
4.471249 0.745152
4.493721 0.747922
4.523102 0.750693
4.571243 0.753463
4.576401 0.756233
4.584568 0.759003
4.586250 0.761773
4.639030 0.764543
4.655201 0.767313
4.685875 0.770083
4.729555 0.772853
4.876366 0.775623
4.880157 0.778393
4.906113 0.781163
4.986343 0.783934
5.022255 0.786704
5.246399 0.789474
5.257740 0.792244
5.332230 0.795014
5.377396 0.797784
5.482483 0.800554
5.585121 0.803324
5.596252 0.806094
5.665817 0.808864
5.672356 0.811634
5.688332 0.814404
5.796230 0.817175
5.820740 0.819945
5.839081 0.822715
5.859726 0.825485
5.877991 0.828255
5.888927 0.831025
5.915272 0.833795
6.002449 0.836565
6.108875 0.839335
6.218906 0.842105
6.402939 0.844875
6.506351 0.847645
6.701889 0.850416
6.835159 0.853186
6.841682 0.855956
7.010391 0.858726
7.055878 0.861496
7.229084 0.864266
7.265587 0.867036
7.353302 0.869806
7.360352 0.872576
7.478760 0.875346
7.485260 0.878116
7.539898 0.880886
7.668758 0.883657
7.683945 0.886427
7.871063 0.889197
7.920258 0.891967
7.966286 0.894737
7.977692 0.897507
7.986481 0.900277
8.092545 0.903047
8.143478 0.905817
8.277550 0.908587
8.395748 0.911357
8.917477 0.914127
9.169205 0.916898
9.725220 0.919668
9.765694 0.922438
10.122368 0.925208
10.263529 0.927978
10.449154 0.930748
10.935017 0.933518
11.070465 0.936288
11.118164 0.939058
11.341492 0.941828
11.376938 0.944598
11.437408 0.947368
11.514858 0.950139
11.703979 0.952909
12.670891 0.955679
14.265549 0.958449
15.108032 0.961219
15.572617 0.963989
15.987251 0.966759
16.411530 0.969529
16.592848 0.972299
18.278749 0.975069
18.965960 0.977839
19.247299 0.980609
20.409073 0.98338
20.415649 0.98615
21.978348 0.98892
30.452240 0.99169
32.263947 0.99446
33.251053 0.99723
39.665863 1
