0.000114 0.00277008
0.000127 0.00554017
0.000264 0.00831025
0.000984 0.0110803
0.001221 0.0138504
0.001310 0.0166205
0.001387 0.0193906
0.001798 0.0221607
0.002703 0.0249307
0.003157 0.0277008
0.003690 0.0304709
0.004324 0.033241
0.004534 0.0360111
0.005019 0.0387812
0.005170 0.0415512
0.006015 0.0443213
0.006389 0.0470914
0.007001 0.0498615
0.007421 0.0526316
0.007809 0.0554017
0.007816 0.0581717
0.007864 0.0609418
0.008118 0.0637119
0.008170 0.066482
0.008847 0.0692521
0.008903 0.0720222
0.009088 0.0747922
0.009269 0.0775623
0.009768 0.0803324
0.010899 0.0831025
0.011171 0.0858726
0.011899 0.0886427
0.012071 0.0914127
0.013021 0.0941828
0.013065 0.0969529
0.013338 0.099723
0.013744 0.102493
0.013840 0.105263
0.014121 0.110803
0.014121 0.110803
0.014179 0.113573
0.015280 0.116343
0.015528 0.119114
0.016514 0.121884
0.017320 0.124654
0.017359 0.127424
0.017361 0.130194
0.017583 0.132964
0.017849 0.135734
0.018824 0.138504
0.019008 0.141274
0.019035 0.144044
0.019384 0.146814
0.019677 0.149584
0.019774 0.152355
0.019923 0.155125
0.019985 0.157895
0.020734 0.160665
0.020956 0.163435
0.021011 0.166205
0.021263 0.168975
0.021541 0.171745
0.021871 0.174515
0.022365 0.177285
0.022565 0.180055
0.022694 0.182825
0.023145 0.185596
0.023353 0.188366
0.023648 0.191136
0.023737 0.193906
0.023944 0.196676
0.024190 0.199446
0.024418 0.202216
0.024854 0.204986
0.025335 0.207756
0.025593 0.210526
0.026200 0.213296
0.026687 0.216066
0.027364 0.218837
0.027786 0.221607
0.027886 0.224377
0.028168 0.227147
0.028218 0.229917
0.028235 0.232687
0.028693 0.235457
0.028879 0.238227
0.029124 0.240997
0.029168 0.243767
0.029383 0.246537
0.031126 0.249307
0.031435 0.252078
0.031540 0.254848
0.031906 0.257618
0.032344 0.260388
0.032631 0.263158
0.033010 0.265928
0.033424 0.268698
0.033466 0.271468
0.034007 0.274238
0.034210 0.277008
0.034393 0.279778
0.035122 0.282548
0.035647 0.285319
0.036033 0.288089
0.036517 0.290859
0.036579 0.293629
0.036601 0.296399
0.037525 0.299169
0.037567 0.301939
0.037703 0.304709
0.038372 0.307479
0.038789 0.310249
0.038823 0.313019
0.039696 0.315789
0.040397 0.31856
0.040619 0.32133
0.040620 0.3241
0.042174 0.32687
0.042609 0.32964
0.042688 0.33241
0.043231 0.33518
0.043259 0.33795
0.044589 0.34072
0.044678 0.34349
0.044803 0.34626
0.044831 0.34903
0.045049 0.351801
0.045144 0.354571
0.045611 0.357341
0.045715 0.360111
0.047043 0.362881
0.047848 0.365651
0.049485 0.368421
0.049932 0.371191
0.050970 0.373961
0.053010 0.376731
0.053656 0.379501
0.054635 0.382271
0.055146 0.385042
0.056475 0.387812
0.056722 0.390582
0.057047 0.393352
0.057583 0.396122
0.058159 0.398892
0.059145 0.401662
0.059362 0.404432
0.059390 0.407202
0.061023 0.409972
0.062682 0.412742
0.062951 0.415512
0.065271 0.418283
0.065576 0.421053
0.066523 0.423823
0.067322 0.426593
0.067919 0.429363
0.068015 0.432133
0.069190 0.434903
0.069351 0.437673
0.069727 0.440443
0.070716 0.443213
0.070794 0.445983
0.071009 0.448753
0.071852 0.451524
0.071965 0.454294
0.073506 0.457064
0.074758 0.459834
0.074917 0.462604
0.075137 0.465374
0.075213 0.468144
0.075321 0.470914
0.075480 0.473684
0.075869 0.476454
0.076225 0.479224
0.076319 0.481994
0.077101 0.484765
0.078001 0.487535
0.078228 0.490305
0.078280 0.493075
0.078927 0.495845
0.079189 0.498615
0.080729 0.501385
0.081683 0.504155
0.082647 0.506925
0.083721 0.509695
0.085508 0.512465
0.088405 0.515235
0.088491 0.518006
0.090543 0.520776
0.091084 0.523546
0.091704 0.526316
0.094841 0.529086
0.096901 0.531856
0.097153 0.534626
0.097884 0.537396
0.098984 0.540166
0.101961 0.542936
0.104116 0.545706
0.104263 0.548476
0.106461 0.551247
0.107399 0.554017
0.108844 0.556787
0.110441 0.559557
0.110522 0.562327
0.110908 0.565097
0.111124 0.567867
0.114039 0.570637
0.117813 0.573407
0.117843 0.576177
0.118141 0.578947
0.118806 0.581717
0.120075 0.584488
0.123246 0.587258
0.124194 0.590028
0.130939 0.592798
0.133062 0.595568
0.137260 0.598338
0.137950 0.601108
0.142873 0.603878
0.144308 0.606648
0.144343 0.609418
0.146138 0.612188
0.147201 0.614958
0.152770 0.617729
0.153761 0.620499
0.155766 0.623269
0.156078 0.626039
0.158448 0.628809
0.160520 0.631579
0.161141 0.634349
0.162701 0.637119
0.163055 0.639889
0.164514 0.642659
0.167261 0.645429
0.171739 0.648199
0.171930 0.65097
0.177039 0.65374
0.178473 0.65651
0.179880 0.65928
0.184353 0.66205
0.184427 0.66482
0.188930 0.66759
0.189042 0.67036
0.190174 0.67313
0.191255 0.6759
0.191455 0.67867
0.191776 0.68144
0.194209 0.684211
0.195194 0.686981
0.199158 0.689751
0.200610 0.692521
0.215544 0.695291
0.220295 0.698061
0.221822 0.700831
0.226738 0.703601
0.228808 0.706371
0.232460 0.709141
0.238332 0.711911
0.252297 0.714681
0.252386 0.717452
0.254512 0.720222
0.268635 0.722992
0.281789 0.725762
0.290597 0.728532
0.290818 0.731302
0.290828 0.734072
0.304196 0.736842
0.309308 0.739612
0.309660 0.742382
0.316802 0.745152
0.322585 0.747922
0.327035 0.750693
0.331207 0.753463
0.334947 0.756233
0.336915 0.759003
0.338638 0.761773
0.348959 0.764543
0.362000 0.767313
0.371049 0.770083
0.374682 0.772853
0.388863 0.775623
0.388955 0.778393
0.399557 0.781163
0.409119 0.783934
0.413373 0.786704
0.436295 0.789474
0.476878 0.792244
0.487894 0.795014
0.488655 0.797784
0.496190 0.800554
0.559552 0.803324
0.568510 0.806094
0.581852 0.808864
0.614468 0.811634
0.616667 0.814404
0.618052 0.817175
0.636002 0.819945
0.654001 0.822715
0.677297 0.825485
0.693740 0.828255
0.725523 0.831025
0.749670 0.833795
0.773570 0.836565
0.781089 0.839335
0.857845 0.842105
0.964058 0.844875
0.974561 0.847645
0.976140 0.850416
0.981388 0.853186
0.991083 0.855956
0.993076 0.858726
1.005962 0.861496
1.030317 0.864266
1.030881 0.867036
1.093313 0.869806
1.110543 0.872576
1.118284 0.875346
1.176122 0.878116
1.228792 0.880886
1.253046 0.883657
1.263013 0.886427
1.301804 0.889197
1.318244 0.891967
1.333990 0.894737
1.344806 0.897507
1.368514 0.900277
1.426899 0.903047
1.621372 0.905817
1.628524 0.908587
1.629992 0.911357
1.665452 0.914127
1.790547 0.916898
1.843544 0.919668
1.883178 0.922438
1.971834 0.925208
1.987588 0.927978
2.192303 0.930748
2.355852 0.933518
2.439692 0.936288
2.451057 0.939058
2.664242 0.941828
2.790390 0.944598
3.020492 0.947368
3.063171 0.950139
3.297501 0.952909
3.414865 0.955679
3.784992 0.958449
4.077295 0.961219
4.966660 0.963989
5.219134 0.966759
5.604836 0.969529
5.803112 0.972299
6.144039 0.975069
6.402840 0.977839
7.527089 0.980609
7.821621 0.98338
7.933277 0.98615
8.029501 0.98892
11.542665 0.99169
11.905842 0.99446
12.408511 0.99723
30.237688 1
