dacapo-avrora 1027 189 2734 419 786
dacapo-eclipse 8264 2601 31681 6604 3098
dacapo-fop 7489 1101 17408 1007 142
dacapo-h2 10440 3309 40226 22010 2103
dacapo-jython 4119 289 6730 2158 438
dacapo-luindex 2360 792 9496 1200 1116
dacapo-lusearch 1884 226 3924 959 528
dacapo-pmd 4886 767 11794 9290 355
dacapo-sunflow 1827 216 3778 3181 188
dacapo-tomcat 3281 445 7296 2876 1531
dacapo-tradebeans 7889 937 16336 1518 248
dacapo-tradesoap 7507 2444 29515 25976 1264
dacapo-xalan 1992 252 4265 2516 534
dell-store-db-100 6923 890 14939 3817 3647
dell-store-db-300 10243 1167 20749 4204 3493
dell-store-db-50 6123 816 13473 4045 3629
dell-store-ws-100 12240 220 14228 690 273
dell-store-ws-300 25992 1324 37915 978 336
dell-store-ws-50 7038 144 8341 353 284
file-server-10m 512 334 3531 2733 2797
file-server-20m 998 580 6230 5562 5398
kernel-1 4249 661 10211 4288 219
kernel-2 8548 1195 19313 2772 826
linpack-1024 1144 1140 11414 8117 4947
mediawiki-db-10C 1243 212 3157 1087 829
mediawiki-db-20C 1348 225 3380 995 768
mediawiki-ws-10C 19096 6196 74871 826 86
mediawiki-ws-20C 25014 10124 116136 24483 669
minebench-ECLAT-600 3481 208 5357 5259 251
minebench-HOP-600 439 276 2928 3445 725
minebench-ScalParC-600 3195 1025 12431 1698 32
minebench-Utility-mine-600 1864 201 3677 1791 1803
mummer-1024 1553 1105 11503 8557 5357
oltp-epinions 10204 723 16716 4167 1784
oltp-seats 10432 710 16832 777 770
oltp-tatp 586 692 6820 3334 2007
oltp-tpcc 2745 841 10318 11306 4192
oltp-twitter 5099 326 8042 2308 1464
oltp-voter 10078 982 18925 3865 1397
oltp-ycsb 2904 540 7772 2725 2435
parsec-blackscholes 671 684 6836 6436 855
parsec-bodytrack 1430 382 4873 2015 2274
parsec-ferret 785 111 1790 1012 228
parsec-fluidanimate 11309 6502 69833 34648 22
parsec-freqmine 1188 458 5320 279 395
parsec-raytrace 345 282 2893 772 385
parsec-vips 1311 698 7604 5793 4087
parsec-x264 2312 1234 13430 10208 2922
rubis-db-100C 6356 691 12587 3364 1713
rubis-db-300C 9301 1145 19615 3772 1627
rubis-db-50C 4949 591 10281 3181 1861
rubis-ws-100C 9091 1001 18108 1121 242
rubis-ws-300C 14043 3138 42294 11423 690
rubis-ws-50C 6543 459 10678 582 204
tar-1024 1498 1137 11737 10827 10990
