1 0.019526
2 0.043717
3 0.114021
4 0.178557
5 0.197217
6 0.210851
7 0.231068
8 0.231887
9 0.236687
10 0.266499
11 0.266714
12 0.285263
13 0.310532
14 0.325016
15 0.333752
16 0.357328
17 0.416652
18 0.464479
19 0.480702
20 0.548359
21 0.565394
22 0.624401
23 0.628662
24 0.640173
25 0.640707
26 0.660294
27 0.679426
28 0.683053
29 0.702957
30 0.712202
31 0.717293
32 0.732199
33 0.759966
34 0.762511
35 0.804849
36 0.809645
37 0.825663
38 0.852522
39 0.872766
40 0.894908
41 0.957999
42 0.973875
43 0.981850
44 1.092952
45 1.168313
46 1.187044
47 1.205841
48 1.208771
49 1.215871
50 1.230364
51 1.230954
52 1.239857
53 1.244367
54 1.246484
55 1.276668
56 1.293947
57 1.303897
58 1.313821
59 1.359796
60 1.381618
61 1.413815
62 1.422013
63 1.438053
64 1.477175
65 1.493643
66 1.539565
67 1.596762
68 1.601849
69 1.639944
70 1.668071
71 1.697231
72 1.703412
73 1.779352
74 1.790303
75 1.827779
76 1.879398
77 1.891099
78 1.979988
79 1.982689
80 1.991544
81 2.003554
82 2.022451
83 2.035588
84 2.039798
85 2.065548
86 2.083587
87 2.093457
88 2.115892
89 2.151680
90 2.170467
91 2.190191
92 2.231712
93 2.249858
94 2.284908
95 2.396418
96 2.396897
97 2.400715
98 2.429846
99 2.448205
100 2.456667
101 2.497265
102 2.536470
103 2.539137
104 2.542089
105 2.577496
106 2.636962
107 2.701364
108 2.769459
109 2.815495
110 2.818792
111 2.825547
112 2.833787
113 2.834326
114 2.856776
115 2.877271
116 2.877686
117 2.886195
118 2.941508
119 2.971775
120 2.988189
121 2.995542
122 3.002946
123 3.020968
124 3.091727
125 3.096708
126 3.105797
127 3.111839
128 3.113027
129 3.126450
130 3.126482
131 3.190082
132 3.220219
133 3.233858
134 3.274548
135 3.296207
136 3.327956
137 3.417372
138 3.422296
139 3.456783
140 3.472456
141 3.503461
142 3.510937
143 3.534163
144 3.555637
145 3.559279
146 3.649753
147 3.654059
148 3.702239
149 3.761167
150 3.771867
151 3.776545
152 3.783784
153 3.803533
154 3.824554
155 3.885531
156 3.915813
157 3.931963
158 3.934965
159 3.937051
160 3.968445
161 3.978190
162 3.987879
163 4.079258
164 4.085077
165 4.107126
166 4.114859
167 4.138842
168 4.150939
169 4.203667
170 4.215068
171 4.215508
172 4.266587
173 4.291442
174 4.308099
175 4.308102
176 4.384083
177 4.408955
178 4.448435
179 4.517192
180 4.525619
181 4.550453
182 4.555427
183 4.567793
184 4.601694
185 4.640479
186 4.817861
187 4.838141
188 4.850230
189 4.869880
190 4.871202
191 4.947626
192 4.957216
193 4.963927
194 4.970541
195 4.990140
196 4.991876
197 4.994332
198 5.009254
199 5.028413
200 5.065351
201 5.223595
202 5.242644
203 5.260531
204 5.261997
205 5.321308
206 5.346686
207 5.352002
208 5.386890
209 5.390820
210 5.397422
211 5.544361
212 5.559199
213 5.589691
214 5.592703
215 5.668521
216 5.713426
217 5.750179
218 5.789815
219 5.861093
220 5.900766
221 5.912282
222 5.917065
223 6.155886
224 6.167931
225 6.207191
226 6.230186
227 6.301178
228 6.317005
229 6.321283
230 6.326711
231 6.452178
232 6.481646
233 6.528939
234 6.564990
235 6.597880
236 6.617478
237 6.623840
238 6.724481
239 6.725124
240 6.769059
241 6.971746
242 6.972432
243 7.013265
244 7.016782
245 7.083565
246 7.157739
247 7.199003
248 7.200150
249 7.206094
250 7.206907
251 7.255889
252 7.383005
253 7.449847
254 7.589540
255 7.611013
256 7.680126
257 7.745067
258 7.793695
259 7.867261
260 7.952891
261 7.971059
262 7.995485
263 8.040799
264 8.064494
265 8.203172
266 8.285536
267 8.374130
268 8.408391
269 8.474766
270 8.517674
271 8.528836
272 8.613131
273 8.651103
274 8.953978
275 9.068040
276 9.081274
277 9.258233
278 9.462246
279 9.550530
280 9.638336
281 9.794047
282 9.812842
283 9.856568
284 9.897520
285 9.907249
286 10.145933
287 10.367626
288 10.373822
289 10.379198
290 10.457611
291 10.493736
292 10.496756
293 10.497739
294 10.641877
295 10.656908
296 10.690942
297 10.772456
298 10.863263
299 11.031675
300 11.032275
301 11.125297
302 11.150107
303 11.198541
304 11.340645
305 11.349719
306 11.351818
307 11.421779
308 11.430327
309 11.536094
310 11.613401
311 11.639336
312 11.713488
313 11.868287
314 11.875442
315 11.981601
316 12.028462
317 12.212209
318 12.508734
319 12.640868
320 12.667224
321 12.794234
322 12.854768
323 13.177630
324 13.512853
325 13.656572
326 13.658789
327 13.840842
328 13.890412
329 14.074942
330 14.280850
331 14.427768
332 14.498468
333 14.585643
334 15.342206
335 15.382782
336 15.595685
337 16.544621
338 17.118378
339 17.638236
340 18.156828
341 18.226284
342 18.299350
343 18.955597
344 21.882227
345 22.860289
346 23.792392
347 24.934137
348 25.152814
349 26.777682
350 27.713600
351 28.129065
352 28.662226
353 28.774318
354 30.459702
355 32.241458
356 34.325919
357 38.168025
358 39.659432
359 41.465256
360 42.485085
361 46.658030
