0.000009 0.00277008
0.000067 0.00554017
0.000375 0.00831025
0.000583 0.0110803
0.001142 0.0138504
0.001289 0.0166205
0.001299 0.0193906
0.001438 0.0221607
0.001527 0.0249307
0.001759 0.0277008
0.002652 0.0304709
0.003000 0.033241
0.003595 0.0360111
0.003755 0.0387812
0.003835 0.0415512
0.003991 0.0443213
0.004167 0.0470914
0.004205 0.0498615
0.004575 0.0526316
0.004660 0.0554017
0.004844 0.0581717
0.005496 0.0609418
0.005826 0.0637119
0.006125 0.066482
0.006548 0.0692521
0.006882 0.0720222
0.007007 0.0747922
0.007222 0.0775623
0.007413 0.0803324
0.007662 0.0831025
0.007859 0.0858726
0.007900 0.0886427
0.007988 0.0914127
0.008172 0.0941828
0.008496 0.0969529
0.009052 0.099723
0.009143 0.102493
0.009329 0.105263
0.009611 0.108033
0.010614 0.110803
0.010865 0.113573
0.011181 0.116343
0.011530 0.119114
0.012360 0.121884
0.012427 0.124654
0.012717 0.127424
0.013515 0.130194
0.013522 0.132964
0.013713 0.135734
0.013826 0.138504
0.014201 0.141274
0.014322 0.144044
0.014809 0.146814
0.015495 0.149584
0.015496 0.152355
0.015847 0.155125
0.016936 0.157895
0.017794 0.160665
0.018845 0.163435
0.019185 0.166205
0.019709 0.168975
0.019742 0.171745
0.019830 0.174515
0.019929 0.177285
0.020898 0.180055
0.020904 0.182825
0.021541 0.185596
0.021617 0.188366
0.022275 0.191136
0.022338 0.193906
0.023139 0.196676
0.023173 0.199446
0.023964 0.202216
0.024021 0.204986
0.024127 0.207756
0.025049 0.210526
0.025779 0.213296
0.026802 0.216066
0.027271 0.218837
0.027469 0.221607
0.027699 0.224377
0.028024 0.227147
0.028231 0.229917
0.028426 0.232687
0.028686 0.235457
0.029099 0.238227
0.029272 0.240997
0.029369 0.243767
0.029406 0.246537
0.029787 0.249307
0.030842 0.252078
0.030983 0.254848
0.031103 0.257618
0.031369 0.260388
0.031477 0.263158
0.031625 0.265928
0.032168 0.268698
0.032631 0.271468
0.033400 0.274238
0.033650 0.277008
0.033847 0.279778
0.034017 0.282548
0.034215 0.285319
0.034575 0.288089
0.035161 0.290859
0.036418 0.293629
0.036520 0.296399
0.037434 0.299169
0.037690 0.301939
0.038366 0.304709
0.038623 0.307479
0.038897 0.310249
0.039966 0.313019
0.041868 0.315789
0.043143 0.31856
0.044127 0.32133
0.044462 0.3241
0.045434 0.32687
0.045639 0.32964
0.045912 0.33241
0.046385 0.33518
0.046896 0.33795
0.046907 0.34072
0.047841 0.34349
0.048339 0.34626
0.049525 0.34903
0.049586 0.351801
0.050568 0.354571
0.051076 0.357341
0.051166 0.360111
0.053249 0.362881
0.053260 0.365651
0.053551 0.368421
0.054548 0.371191
0.054956 0.373961
0.055606 0.376731
0.055718 0.379501
0.056332 0.382271
0.057979 0.385042
0.058368 0.387812
0.059362 0.390582
0.059734 0.393352
0.060668 0.396122
0.061848 0.398892
0.065435 0.401662
0.065441 0.404432
0.065990 0.407202
0.066751 0.409972
0.067565 0.412742
0.067919 0.415512
0.068975 0.418283
0.070186 0.421053
0.070187 0.423823
0.070232 0.426593
0.070490 0.429363
0.070895 0.432133
0.071460 0.434903
0.071724 0.437673
0.072343 0.440443
0.072481 0.443213
0.073510 0.445983
0.073530 0.448753
0.074554 0.451524
0.075104 0.454294
0.075371 0.457064
0.077552 0.459834
0.079132 0.462604
0.080153 0.465374
0.080159 0.468144
0.080607 0.470914
0.081470 0.473684
0.081700 0.476454
0.082716 0.479224
0.083317 0.481994
0.083535 0.484765
0.083840 0.487535
0.084787 0.490305
0.085362 0.493075
0.088405 0.495845
0.089465 0.498615
0.090534 0.501385
0.090674 0.504155
0.091352 0.506925
0.093913 0.509695
0.095748 0.512465
0.096170 0.515235
0.096185 0.518006
0.096920 0.520776
0.097980 0.523546
0.098351 0.526316
0.098798 0.529086
0.099129 0.531856
0.099921 0.534626
0.100718 0.537396
0.101339 0.540166
0.103208 0.542936
0.103385 0.545706
0.106181 0.548476
0.106654 0.551247
0.106665 0.554017
0.107923 0.556787
0.109640 0.559557
0.110510 0.562327
0.111824 0.565097
0.114416 0.567867
0.120535 0.570637
0.121273 0.573407
0.121829 0.576177
0.124442 0.578947
0.126231 0.581717
0.127759 0.584488
0.129920 0.587258
0.131738 0.590028
0.131842 0.592798
0.132853 0.595568
0.133648 0.598338
0.136098 0.601108
0.136229 0.603878
0.137488 0.606648
0.138127 0.609418
0.138367 0.612188
0.141779 0.614958
0.143346 0.617729
0.144251 0.620499
0.146892 0.623269
0.147781 0.626039
0.151570 0.628809
0.153761 0.631579
0.155766 0.634349
0.158004 0.637119
0.164979 0.639889
0.166730 0.642659
0.168618 0.645429
0.171094 0.648199
0.172016 0.65097
0.176064 0.65374
0.178547 0.65651
0.180265 0.65928
0.181491 0.66205
0.181554 0.66482
0.184017 0.66759
0.192159 0.67036
0.193081 0.67313
0.196584 0.6759
0.198968 0.67867
0.199468 0.68144
0.207561 0.684211
0.208159 0.686981
0.209217 0.689751
0.212676 0.692521
0.229281 0.695291
0.233526 0.698061
0.240558 0.700831
0.244626 0.703601
0.245749 0.706371
0.259903 0.709141
0.262188 0.711911
0.262820 0.714681
0.271195 0.717452
0.278377 0.720222
0.284527 0.722992
0.286579 0.725762
0.295223 0.728532
0.308575 0.731302
0.310821 0.734072
0.315193 0.736842
0.337885 0.739612
0.338760 0.742382
0.351665 0.745152
0.362000 0.747922
0.362475 0.750693
0.369317 0.753463
0.370538 0.756233
0.381098 0.759003
0.387624 0.761773
0.398990 0.764543
0.403240 0.767313
0.415641 0.770083
0.416538 0.772853
0.423899 0.775623
0.475364 0.778393
0.485913 0.781163
0.491338 0.783934
0.492650 0.786704
0.497403 0.789474
0.497436 0.792244
0.509651 0.795014
0.545462 0.797784
0.550070 0.800554
0.570866 0.803324
0.601273 0.806094
0.614617 0.808864
0.646648 0.811634
0.669186 0.814404
0.683413 0.817175
0.707242 0.819945
0.745691 0.822715
0.762098 0.825485
0.785227 0.828255
0.788370 0.831025
0.796946 0.833795
0.890000 0.836565
0.903938 0.839335
0.932424 0.842105
0.976256 0.844875
1.015055 0.847645
1.050094 0.850416
1.073485 0.853186
1.123215 0.855956
1.131939 0.858726
1.218558 0.861496
1.248404 0.864266
1.257630 0.867036
1.268654 0.869806
1.346850 0.872576
1.398732 0.875346
1.426899 0.878116
1.427297 0.880886
1.430796 0.883657
1.475272 0.886427
1.511800 0.889197
1.545032 0.891967
1.631422 0.894737
1.900639 0.897507
2.080462 0.900277
2.130563 0.903047
2.133058 0.905817
2.246804 0.908587
2.289540 0.911357
2.342950 0.914127
2.355852 0.916898
2.369111 0.919668
2.451057 0.922438
2.978741 0.925208
3.229321 0.927978
4.077295 0.930748
4.376374 0.933518
4.447417 0.936288
4.514329 0.939058
4.966660 0.941828
5.803112 0.944598
5.872947 0.947368
6.402840 0.950139
6.836609 0.952909
7.024772 0.955679
7.336416 0.958449
7.484675 0.961219
7.521740 0.963989
7.755571 0.966759
7.819117 0.969529
8.440509 0.972299
8.720901 0.975069
9.703423 0.977839
10.868460 0.980609
11.542665 0.98338
12.408511 0.98615
13.851198 0.98892
14.793369 0.99169
26.184837 0.99446
27.279545 0.99723
30.237688 1
