0.025608 0.00277008
0.026978 0.00554017
0.030684 0.00831025
0.055214 0.0110803
0.085367 0.0138504
0.116020 0.0166205
0.122385 0.0193906
0.122967 0.0221607
0.135078 0.0249307
0.136459 0.0277008
0.149342 0.0304709
0.179756 0.033241
0.183889 0.0360111
0.202095 0.0387812
0.216850 0.0415512
0.220522 0.0443213
0.223061 0.0470914
0.230492 0.0498615
0.245163 0.0526316
0.258488 0.0554017
0.269507 0.0581717
0.311020 0.0609418
0.325319 0.0637119
0.342888 0.066482
0.371555 0.0692521
0.388208 0.0720222
0.400574 0.0747922
0.448057 0.0775623
0.455097 0.0803324
0.456070 0.0831025
0.456650 0.0858726
0.474121 0.0886427
0.487150 0.0914127
0.492134 0.0941828
0.498428 0.0969529
0.508284 0.099723
0.512142 0.102493
0.515707 0.105263
0.545472 0.108033
0.569696 0.110803
0.571808 0.113573
0.575108 0.116343
0.582943 0.119114
0.594036 0.121884
0.596863 0.124654
0.601460 0.127424
0.625763 0.130194
0.641243 0.132964
0.652449 0.135734
0.660233 0.138504
0.679117 0.141274
0.688034 0.144044
0.703979 0.146814
0.714970 0.149584
0.732597 0.152355
0.735832 0.155125
0.758217 0.157895
0.758648 0.160665
0.792122 0.163435
0.804424 0.166205
0.820469 0.168975
0.832561 0.171745
0.836637 0.174515
0.850471 0.177285
0.869837 0.180055
0.872623 0.182825
0.883324 0.185596
0.884037 0.188366
0.888573 0.191136
0.895351 0.193906
0.898077 0.196676
0.914551 0.199446
0.919113 0.202216
0.920525 0.204986
0.928261 0.207756
0.929585 0.210526
0.929634 0.213296
0.935669 0.216066
0.938051 0.218837
0.945332 0.221607
0.957907 0.224377
0.973259 0.227147
0.996674 0.229917
0.997411 0.232687
1.009623 0.235457
1.035267 0.238227
1.061966 0.240997
1.074699 0.243767
1.084649 0.246537
1.090549 0.249307
1.090881 0.252078
1.096626 0.254848
1.111092 0.257618
1.114538 0.260388
1.137314 0.263158
1.173480 0.265928
1.192734 0.268698
1.211128 0.271468
1.236223 0.274238
1.250013 0.277008
1.271147 0.279778
1.300560 0.282548
1.325678 0.285319
1.334052 0.288089
1.342861 0.290859
1.369934 0.293629
1.381275 0.296399
1.386520 0.299169
1.388152 0.301939
1.393114 0.304709
1.416183 0.307479
1.417105 0.310249
1.423535 0.313019
1.441566 0.315789
1.447807 0.31856
1.448051 0.32133
1.457026 0.3241
1.470757 0.32687
1.471935 0.32964
1.489002 0.33241
1.497529 0.33518
1.498493 0.33795
1.501676 0.34072
1.503269 0.34349
1.516430 0.34626
1.521824 0.34903
1.527538 0.351801
1.530881 0.354571
1.557396 0.357341
1.562088 0.360111
1.565048 0.362881
1.569996 0.365651
1.577389 0.368421
1.579773 0.371191
1.581081 0.373961
1.586796 0.376731
1.595409 0.379501
1.598946 0.382271
1.607460 0.385042
1.617508 0.387812
1.650816 0.390582
1.664146 0.393352
1.667694 0.396122
1.673667 0.398892
1.694695 0.401662
1.710007 0.404432
1.712769 0.407202
1.733043 0.409972
1.741161 0.412742
1.773819 0.415512
1.774506 0.418283
1.780487 0.421053
1.787178 0.423823
1.787193 0.426593
1.795792 0.429363
1.803846 0.432133
1.851326 0.434903
1.853134 0.437673
1.863667 0.440443
1.866104 0.443213
1.914898 0.445983
1.922962 0.448753
1.954155 0.451524
1.963928 0.454294
2.013065 0.457064
2.026455 0.459834
2.028591 0.462604
2.051590 0.465374
2.062012 0.468144
2.066254 0.470914
2.097824 0.473684
2.103207 0.476454
2.104660 0.479224
2.112976 0.481994
2.137886 0.484765
2.138824 0.487535
2.162148 0.490305
2.165522 0.493075
2.180691 0.495845
2.215584 0.498615
2.220413 0.501385
2.228153 0.504155
2.235352 0.506925
2.241228 0.509695
2.245445 0.512465
2.245975 0.515235
2.246338 0.518006
2.275455 0.520776
2.281651 0.523546
2.292389 0.526316
2.294750 0.529086
2.345566 0.531856
2.391956 0.534626
2.394035 0.537396
2.450405 0.540166
2.503563 0.542936
2.509842 0.545706
2.527115 0.548476
2.564526 0.551247
2.667080 0.554017
2.674973 0.556787
2.682049 0.559557
2.686758 0.562327
2.690302 0.565097
2.698563 0.567867
2.733570 0.570637
2.768318 0.573407
2.779684 0.576177
2.820580 0.578947
2.897102 0.581717
2.913830 0.584488
2.921318 0.587258
2.948959 0.590028
2.949795 0.592798
2.965126 0.595568
2.988176 0.598338
3.000504 0.601108
3.016212 0.603878
3.043592 0.606648
3.061165 0.609418
3.070686 0.612188
3.075424 0.614958
3.082962 0.617729
3.099968 0.620499
3.108597 0.623269
3.111534 0.626039
3.122437 0.628809
3.135448 0.631579
3.137951 0.634349
3.180342 0.637119
3.186119 0.639889
3.245796 0.642659
3.291622 0.645429
3.299271 0.648199
3.310516 0.65097
3.355927 0.65374
3.355938 0.65651
3.365189 0.65928
3.432243 0.66205
3.460587 0.66482
3.490625 0.66759
3.505024 0.67036
3.520954 0.67313
3.546387 0.6759
3.550507 0.67867
3.556602 0.68144
3.584686 0.684211
3.597797 0.686981
3.626812 0.689751
3.646309 0.692521
3.647713 0.695291
3.703568 0.698061
3.735399 0.700831
3.743690 0.703601
3.758087 0.706371
3.769663 0.709141
3.859804 0.711911
3.868027 0.714681
3.877003 0.717452
3.901035 0.720222
3.974117 0.722992
3.989981 0.725762
3.991791 0.728532
4.024170 0.731302
4.048580 0.734072
4.051708 0.736842
4.076447 0.739612
4.103638 0.742382
4.114075 0.745152
4.164772 0.747922
4.180634 0.750693
4.234257 0.753463
4.307846 0.756233
4.425262 0.759003
4.514851 0.761773
4.547943 0.764543
4.599302 0.767313
4.698414 0.770083
4.735981 0.772853
4.826462 0.775623
4.839134 0.778393
4.878456 0.781163
4.919052 0.783934
4.945717 0.786704
4.990097 0.789474
4.993370 0.792244
5.065639 0.795014
5.158737 0.797784
5.199036 0.800554
5.247269 0.803324
5.390579 0.806094
5.401131 0.808864
5.414589 0.811634
5.539196 0.814404
5.565834 0.817175
5.596252 0.819945
5.604630 0.822715
5.665817 0.825485
5.671429 0.828255
5.791557 0.831025
5.877991 0.833795
5.923458 0.836565
6.131470 0.839335
6.435867 0.842105
6.446117 0.844875
6.567547 0.847645
6.596813 0.850416
6.687347 0.853186
6.865120 0.855956
6.884781 0.858726
7.001404 0.861496
7.055878 0.864266
7.136078 0.867036
7.136326 0.869806
7.153038 0.872576
7.404785 0.875346
7.581804 0.878116
7.683945 0.880886
7.838470 0.883657
7.871063 0.886427
8.040619 0.889197
8.172470 0.891967
8.371887 0.894737
8.533249 0.897507
8.535336 0.900277
8.584908 0.903047
8.947845 0.905817
9.262779 0.908587
9.696758 0.911357
9.834534 0.914127
9.872719 0.916898
10.131729 0.919668
10.236237 0.922438
10.264568 0.925208
10.766808 0.927978
11.437408 0.930748
11.729223 0.933518
11.805759 0.936288
11.825256 0.939058
12.328041 0.941828
12.328293 0.944598
12.475840 0.947368
12.582401 0.950139
12.920425 0.952909
13.540874 0.955679
13.724327 0.958449
14.162659 0.961219
16.567827 0.963989
16.684830 0.966759
16.759197 0.969529
16.898758 0.972299
18.565363 0.975069
19.238266 0.977839
21.458794 0.980609
26.382195 0.98338
32.263947 0.98615
34.723190 0.98892
35.248085 0.99169
38.608688 0.99446
72.839081 0.99723
80.229401 1
