0.006559 0.00277008
0.040863 0.00554017
0.045188 0.00831025
0.064084 0.0110803
0.0691 0.0138504
0.080183 0.0166205
0.115882 0.0193906
0.119615 0.0221607
0.132999 0.0249307
0.164261 0.0277008
0.174922 0.0304709
0.182591 0.033241
0.18265 0.0360111
0.196476 0.0387812
0.202892 0.0415512
0.221246 0.0443213
0.224544 0.0470914
0.226461 0.0498615
0.229666 0.0526316
0.251291 0.0554017
0.268365 0.0581717
0.289471 0.0609418
0.342822 0.0637119
0.348287 0.066482
0.354592 0.0692521
0.368556 0.0720222
0.416232 0.0747922
0.472185 0.0775623
0.47541 0.0803324
0.477435 0.0831025
0.486301 0.0858726
0.488379 0.0886427
0.492975 0.0914127
0.50441 0.0941828
0.505818 0.0969529
0.50609 0.099723
0.542499 0.102493
0.547303 0.105263
0.572348 0.108033
0.576841 0.110803
0.606586 0.113573
0.606668 0.116343
0.619463 0.119114
0.62121 0.121884
0.638674 0.124654
0.640572 0.127424
0.652582 0.130194
0.667241 0.132964
0.680621 0.135734
0.699109 0.138504
0.707971 0.141274
0.715536 0.144044
0.726672 0.146814
0.733919 0.149584
0.734285 0.152355
0.753348 0.155125
0.760837 0.157895
0.778357 0.160665
0.779759 0.163435
0.785156 0.166205
0.802001 0.168975
0.86066 0.171745
0.871635 0.174515
0.87396 0.177285
0.876848 0.180055
0.878541 0.182825
0.87957 0.185596
0.879781 0.188366
0.888471 0.191136
0.889022 0.193906
0.895455 0.196676
0.902345 0.199446
0.911522 0.202216
0.91311 0.204986
0.942259 0.207756
0.955402 0.210526
0.96383 0.213296
0.969552 0.216066
0.977426 0.218837
0.983955 0.221607
1.01734 0.224377
1.02838 0.227147
1.04232 0.229917
1.04799 0.232687
1.05076 0.235457
1.07488 0.238227
1.08634 0.240997
1.08822 0.243767
1.09816 0.246537
1.1332 0.249307
1.13492 0.252078
1.16686 0.254848
1.18253 0.257618
1.19189 0.260388
1.19209 0.263158
1.21466 0.265928
1.22453 0.268698
1.23087 0.271468
1.25277 0.274238
1.26733 0.277008
1.26873 0.279778
1.26984 0.282548
1.30749 0.285319
1.34825 0.288089
1.35338 0.290859
1.35947 0.293629
1.3655 0.296399
1.38425 0.299169
1.40123 0.301939
1.41152 0.304709
1.42239 0.307479
1.43625 0.310249
1.44579 0.313019
1.45388 0.315789
1.47111 0.31856
1.48105 0.32133
1.48229 0.3241
1.49421 0.32687
1.50674 0.32964
1.5089 0.33241
1.52494 0.33518
1.52688 0.33795
1.53337 0.34072
1.54096 0.34349
1.54429 0.34626
1.54478 0.34903
1.54616 0.351801
1.55059 0.354571
1.56329 0.357341
1.56411 0.360111
1.57666 0.362881
1.57678 0.365651
1.59529 0.368421
1.60625 0.371191
1.6306 0.373961
1.64867 0.376731
1.66617 0.379501
1.68166 0.382271
1.68397 0.385042
1.6884 0.387812
1.69036 0.390582
1.69796 0.393352
1.70174 0.396122
1.70897 0.398892
1.70958 0.401662
1.7221 0.404432
1.74615 0.407202
1.74915 0.409972
1.77809 0.412742
1.785 0.415512
1.79102 0.418283
1.79933 0.421053
1.80091 0.423823
1.80178 0.426593
1.83408 0.429363
1.87157 0.432133
1.87222 0.434903
1.88928 0.437673
1.8952 0.440443
1.9281 0.443213
1.92928 0.445983
1.93078 0.448753
1.93995 0.451524
1.94356 0.454294
1.99013 0.457064
2.00833 0.459834
2.02175 0.462604
2.02412 0.465374
2.02626 0.468144
2.03317 0.470914
2.05048 0.473684
2.09477 0.476454
2.14884 0.479224
2.18698 0.481994
2.19112 0.484765
2.19395 0.487535
2.19973 0.490305
2.20358 0.493075
2.221 0.495845
2.22801 0.498615
2.26519 0.501385
2.26891 0.504155
2.2776 0.506925
2.29372 0.509695
2.31894 0.512465
2.32054 0.515235
2.3239 0.518006
2.36621 0.520776
2.44556 0.523546
2.47212 0.526316
2.4812 0.529086
2.48393 0.531856
2.51321 0.534626
2.51848 0.537396
2.61651 0.540166
2.63541 0.542936
2.67809 0.545706
2.71212 0.548476
2.72566 0.551247
2.74591 0.554017
2.75021 0.556787
2.79736 0.559557
2.80332 0.562327
2.80406 0.565097
3.00485 0.567867
3.04159 0.570637
3.10122 0.573407
3.12103 0.576177
3.13427 0.578947
3.13516 0.581717
3.15818 0.584488
3.16735 0.587258
3.17914 0.590028
3.18033 0.592798
3.19178 0.595568
3.19262 0.598338
3.19523 0.601108
3.2047 0.603878
3.26418 0.606648
3.28604 0.609418
3.32925 0.612188
3.34623 0.614958
3.36377 0.617729
3.36618 0.620499
3.3777 0.623269
3.40266 0.626039
3.40932 0.628809
3.44639 0.631579
3.45728 0.634349
3.46202 0.637119
3.51052 0.639889
3.58506 0.642659
3.60665 0.645429
3.61553 0.648199
3.61875 0.65097
3.63397 0.65374
3.64669 0.65651
3.66013 0.65928
3.68515 0.66205
3.69112 0.66482
3.70244 0.66759
3.70697 0.67036
3.73958 0.67313
3.77962 0.6759
3.81412 0.67867
3.81872 0.68144
3.8241 0.684211
3.8243 0.686981
3.85828 0.689751
3.89791 0.692521
4.01545 0.695291
4.06803 0.698061
4.07333 0.700831
4.11407 0.703601
4.1992 0.706371
4.2958 0.709141
4.33224 0.711911
4.41416 0.714681
4.41912 0.717452
4.42507 0.720222
4.48002 0.722992
4.56772 0.725762
4.61398 0.728532
4.62799 0.731302
4.69024 0.734072
4.72812 0.736842
4.74708 0.739612
4.85693 0.742382
4.86759 0.745152
4.87084 0.747922
5.0527 0.750693
5.13743 0.753463
5.15388 0.756233
5.16257 0.759003
5.18802 0.761773
5.24349 0.764543
5.2818 0.767313
5.43376 0.770083
5.44249 0.772853
5.50717 0.775623
5.51599 0.778393
5.55511 0.781163
5.56424 0.783934
5.70593 0.786704
5.73483 0.789474
5.77847 0.792244
5.94065 0.795014
5.94941 0.797784
5.98426 0.800554
6.11654 0.803324
6.19691 0.806094
6.39043 0.808864
6.77463 0.811634
6.88999 0.814404
6.91201 0.817175
7.02523 0.819945
7.06021 0.822715
7.10548 0.825485
7.12534 0.828255
7.17369 0.831025
7.27479 0.833795
7.33491 0.836565
7.42085 0.839335
7.50171 0.842105
7.64573 0.844875
7.68973 0.847645
7.81264 0.850416
8.07464 0.853186
8.13369 0.855956
8.24015 0.858726
8.65034 0.861496
8.69247 0.864266
8.78907 0.867036
8.90286 0.869806
8.91643 0.872576
9.01916 0.875346
9.12529 0.878116
9.42594 0.880886
9.72613 0.883657
9.76219 0.886427
10.0377 0.889197
10.1609 0.891967
10.2244 0.894737
10.2269 0.897507
10.2769 0.900277
10.6071 0.903047
11.7631 0.905817
12.0634 0.908587
12.2223 0.911357
12.3167 0.914127
12.482 0.916898
12.5729 0.919668
12.9293 0.922438
13.0737 0.925208
13.7224 0.927978
13.8885 0.930748
14.14 0.933518
14.5866 0.936288
15.5089 0.939058
15.5345 0.941828
16.8565 0.944598
17.2512 0.947368
17.2681 0.950139
17.3884 0.952909
17.5888 0.955679
17.7743 0.958449
18.0743 0.961219
18.3398 0.963989
19.347 0.966759
19.9122 0.969529
20.3615 0.972299
21.3584 0.975069
21.6413 0.977839
21.7454 0.980609
26.9041 0.98338
27.6801 0.98615
27.8095 0.98892
36.7599 0.99169
40.7417 0.99446
80.3238 0.99723
83.4587 1
