0.0370219 0.00277008
0.104428 0.00554017
0.110961 0.00831025
0.152934 0.0110803
0.210784 0.0138504
0.296343 0.0166205
0.312934 0.0193906
0.31925 0.0221607
0.32311 0.0249307
0.352444 0.0277008
0.358601 0.0304709
0.378292 0.033241
0.379872 0.0360111
0.439843 0.0387812
0.469398 0.0415512
0.481308 0.0443213
0.485802 0.0470914
0.509296 0.0498615
0.560855 0.0526316
0.562263 0.0554017
0.576158 0.0581717
0.591243 0.0609418
0.603451 0.0637119
0.633778 0.066482
0.635418 0.0692521
0.67467 0.0720222
0.714576 0.0747922
0.748632 0.0775623
0.760977 0.0803324
0.761788 0.0831025
0.82233 0.0858726
0.826046 0.0886427
0.85732 0.0914127
0.897178 0.0941828
0.919753 0.0969529
0.967606 0.099723
1.22115 0.102493
1.26015 0.105263
1.30315 0.108033
1.32214 0.110803
1.33702 0.113573
1.36216 0.116343
1.36981 0.119114
1.37668 0.121884
1.40719 0.124654
1.44947 0.127424
1.46272 0.130194
1.46437 0.132964
1.48102 0.135734
1.52915 0.138504
1.58938 0.141274
1.5934 0.144044
1.60956 0.146814
1.61143 0.149584
1.61292 0.152355
1.63416 0.155125
1.65634 0.157895
1.65831 0.160665
1.66977 0.163435
1.67617 0.166205
1.72882 0.168975
1.73257 0.171745
1.73506 0.174515
1.74787 0.177285
1.7542 0.180055
1.77703 0.182825
1.80493 0.185596
1.90436 0.188366
1.91277 0.191136
1.91379 0.193906
1.95784 0.196676
1.95797 0.199446
1.9773 0.202216
1.99405 0.204986
2.12883 0.207756
2.1375 0.210526
2.14005 0.213296
2.14807 0.216066
2.17746 0.218837
2.26164 0.221607
2.313 0.224377
2.31595 0.227147
2.39286 0.229917
2.41586 0.232687
2.4529 0.235457
2.45786 0.238227
2.47467 0.240997
2.47737 0.243767
2.48878 0.246537
2.51518 0.249307
2.54044 0.252078
2.54684 0.254848
2.55203 0.257618
2.57936 0.260388
2.59403 0.263158
2.59957 0.265928
2.61119 0.268698
2.64112 0.271468
2.65866 0.274238
2.66751 0.277008
2.72057 0.279778
2.72293 0.282548
2.7417 0.285319
2.74618 0.288089
2.80908 0.290859
2.89438 0.293629
2.90019 0.296399
2.91049 0.299169
2.91869 0.301939
2.92522 0.304709
2.93667 0.307479
2.95251 0.310249
2.96098 0.313019
2.96345 0.315789
2.96656 0.31856
2.97897 0.32133
3.03976 0.3241
3.04775 0.32687
3.04844 0.32964
3.06133 0.33241
3.06237 0.33518
3.06695 0.33795
3.10065 0.34072
3.12142 0.34349
3.13106 0.34626
3.13287 0.34903
3.15267 0.351801
3.17082 0.354571
3.17806 0.357341
3.17855 0.360111
3.19401 0.362881
3.31172 0.365651
3.33793 0.368421
3.37795 0.371191
3.41068 0.373961
3.46155 0.376731
3.46375 0.379501
3.46444 0.382271
3.48888 0.385042
3.49877 0.387812
3.51381 0.390582
3.56054 0.393352
3.56096 0.396122
3.58245 0.398892
3.61185 0.401662
3.64565 0.404432
3.64979 0.407202
3.65752 0.409972
3.677 0.412742
3.76921 0.415512
3.77881 0.418283
3.80651 0.421053
3.82714 0.423823
3.85278 0.426593
3.92901 0.429363
3.93581 0.432133
3.98408 0.434903
3.99277 0.437673
4.02034 0.440443
4.11287 0.443213
4.14139 0.445983
4.15876 0.448753
4.19839 0.451524
4.23403 0.454294
4.28746 0.457064
4.28892 0.459834
4.32627 0.462604
4.39101 0.465374
4.39397 0.468144
4.41781 0.470914
4.44972 0.473684
4.45622 0.476454
4.4564 0.479224
4.48299 0.481994
4.48927 0.484765
4.51773 0.487535
4.53163 0.490305
4.54299 0.493075
4.56607 0.495845
4.64463 0.498615
4.65824 0.501385
4.68356 0.504155
4.73469 0.506925
4.74108 0.509695
4.74937 0.512465
4.77241 0.515235
4.79309 0.518006
4.86459 0.520776
4.98214 0.523546
4.98806 0.526316
5.00854 0.529086
5.06524 0.531856
5.08407 0.534626
5.14206 0.537396
5.22386 0.540166
5.28988 0.542936
5.39208 0.545706
5.40886 0.548476
5.44667 0.551247
5.46355 0.554017
5.61405 0.556787
5.66479 0.559557
5.71925 0.562327
5.74314 0.565097
5.76158 0.567867
5.97064 0.570637
5.98889 0.573407
6.02195 0.576177
6.09578 0.578947
6.11723 0.581717
6.1384 0.584488
6.21477 0.587258
6.30329 0.590028
6.30819 0.592798
6.36479 0.595568
6.39496 0.598338
6.44922 0.601108
6.48145 0.603878
6.60552 0.606648
6.61107 0.609418
6.63956 0.612188
6.69334 0.614958
6.76561 0.617729
6.78943 0.620499
6.80263 0.623269
6.89413 0.626039
7.00372 0.628809
7.01102 0.631579
7.05811 0.634349
7.11266 0.637119
7.15248 0.639889
7.21408 0.642659
7.27223 0.645429
7.2831 0.648199
7.29052 0.65097
7.32692 0.65374
7.34691 0.65651
7.46236 0.65928
7.56132 0.66205
7.6976 0.66482
7.78746 0.66759
7.81033 0.67036
7.8236 0.67313
7.82547 0.6759
7.89711 0.67867
7.9328 0.68144
8.04312 0.684211
8.18656 0.686981
8.20808 0.689751
8.26145 0.692521
8.45514 0.695291
8.46545 0.698061
8.47288 0.700831
8.48022 0.703601
8.63474 0.706371
8.80704 0.709141
8.84333 0.711911
8.8641 0.714681
9.0705 0.717452
9.25113 0.720222
9.27945 0.722992
9.34893 0.725762
9.38645 0.728532
9.40816 0.731302
9.42732 0.734072
9.6582 0.736842
9.85782 0.739612
9.98672 0.742382
10.0287 0.745152
10.0789 0.747922
10.198 0.750693
10.2117 0.753463
10.2734 0.756233
10.2929 0.759003
10.3224 0.761773
10.3683 0.764543
10.3941 0.767313
10.4512 0.770083
10.4783 0.772853
10.642 0.775623
10.7133 0.778393
10.7913 0.781163
10.9245 0.783934
10.9331 0.786704
10.9343 0.789474
10.9534 0.792244
10.9614 0.795014
11.1603 0.797784
11.1734 0.800554
11.1928 0.803324
11.3556 0.806094
11.4763 0.808864
11.4786 0.811634
11.4861 0.814404
11.536 0.817175
11.5596 0.819945
11.7546 0.822715
11.8668 0.825485
11.9229 0.828255
12.0682 0.831025
12.0964 0.833795
12.2136 0.836565
12.2579 0.839335
12.3726 0.842105
12.4494 0.844875
12.6167 0.847645
12.6644 0.850416
12.7123 0.853186
12.7801 0.855956
12.885 0.858726
12.9407 0.861496
12.9757 0.864266
12.9876 0.867036
13.196 0.869806
13.2027 0.872576
13.2192 0.875346
13.2362 0.878116
13.4374 0.880886
13.6217 0.883657
13.6678 0.886427
13.7935 0.889197
13.7998 0.891967
13.83 0.894737
13.9518 0.897507
14.1564 0.900277
14.2222 0.903047
14.2342 0.905817
14.3985 0.908587
14.604 0.911357
14.7259 0.914127
15.0458 0.916898
15.452 0.919668
16.2136 0.922438
16.9163 0.925208
17.0031 0.927978
17.0278 0.930748
17.1995 0.933518
18.7647 0.936288
18.8435 0.939058
19.4834 0.941828
20.3635 0.944598
20.7893 0.947368
22.5832 0.950139
22.8847 0.952909
24.5089 0.955679
28.8025 0.958449
28.8744 0.961219
30.5616 0.963989
31.2304 0.966759
31.2879 0.969529
31.7534 0.972299
33.1989 0.975069
33.7452 0.977839
34.7677 0.980609
35.6932 0.98338
35.7587 0.98615
37.6169 0.98892
38.8551 0.99169
43.286 0.99446
45.442 0.99723
53.4605 1
