0.019526 0.00277008
0.095141 0.00554017
0.107962 0.00831025
0.145653 0.0110803
0.157694 0.0138504
0.169072 0.0166205
0.189853 0.0193906
0.330765 0.0221607
0.366273 0.0249307
0.381528 0.0277008
0.409871 0.0304709
0.419096 0.033241
0.488957 0.0360111
0.527460 0.0387812
0.542236 0.0415512
0.622111 0.0443213
0.640173 0.0470914
0.647415 0.0498615
0.659781 0.0526316
0.672895 0.0554017
0.675352 0.0581717
0.681828 0.0609418
0.683058 0.0637119
0.724296 0.066482
0.744779 0.0692521
0.760732 0.0720222
0.836107 0.0747922
0.852522 0.0775623
0.911189 0.0803324
0.946868 0.0831025
0.974949 0.0858726
1.082741 0.0886427
1.088336 0.0914127
1.167380 0.0941828
1.190155 0.0969529
1.258494 0.099723
1.262023 0.102493
1.284739 0.105263
1.294504 0.108033
1.329165 0.110803
1.336502 0.113573
1.337388 0.116343
1.342359 0.119114
1.359768 0.121884
1.361256 0.124654
1.412734 0.127424
1.422013 0.130194
1.433477 0.132964
1.441393 0.135734
1.459213 0.138504
1.469767 0.141274
1.470999 0.144044
1.499891 0.146814
1.506631 0.149584
1.539565 0.152355
1.668614 0.155125
1.670311 0.157895
1.677616 0.160665
1.683368 0.163435
1.697064 0.166205
1.703670 0.168975
1.750353 0.171745
1.819459 0.174515
1.831909 0.177285
1.859705 0.180055
1.893597 0.182825
1.897840 0.185596
1.907428 0.188366
1.930171 0.191136
1.936494 0.193906
1.970193 0.196676
1.972480 0.199446
2.026902 0.202216
2.027005 0.204986
2.035588 0.207756
2.083587 0.210526
2.091602 0.213296
2.150790 0.216066
2.180042 0.218837
2.192767 0.221607
2.193241 0.224377
2.204719 0.227147
2.230252 0.229917
2.271670 0.232687
2.276081 0.235457
2.333845 0.238227
2.379891 0.240997
2.385342 0.243767
2.424374 0.246537
2.448205 0.249307
2.456667 0.252078
2.463382 0.254848
2.492848 0.257618
2.493026 0.260388
2.530159 0.263158
2.560342 0.265928
2.561226 0.268698
2.562091 0.271468
2.568261 0.274238
2.576376 0.277008
2.581738 0.279778
2.597526 0.282548
2.601996 0.285319
2.603315 0.288089
2.638662 0.290859
2.658469 0.293629
2.666285 0.296399
2.739903 0.299169
2.745501 0.301939
2.814472 0.304709
2.818792 0.307479
2.838828 0.310249
2.850454 0.313019
2.858224 0.315789
2.872845 0.31856
2.881852 0.32133
2.885749 0.3241
2.899316 0.32687
2.911486 0.32964
2.924427 0.33241
2.930366 0.33518
2.943357 0.33795
2.947464 0.34072
2.949987 0.34349
2.976819 0.34626
2.989326 0.34903
3.002946 0.351801
3.004270 0.354571
3.010844 0.357341
3.038490 0.360111
3.053449 0.362881
3.057681 0.365651
3.106727 0.368421
3.111839 0.371191
3.122612 0.373961
3.124269 0.376731
3.232956 0.379501
3.305516 0.382271
3.315399 0.385042
3.326402 0.387812
3.345506 0.390582
3.360505 0.393352
3.365812 0.396122
3.368161 0.398892
3.382481 0.401662
3.385593 0.404432
3.417568 0.407202
3.419344 0.409972
3.424162 0.412742
3.435293 0.415512
3.503216 0.418283
3.544868 0.421053
3.548076 0.423823
3.594633 0.426593
3.606382 0.429363
3.640474 0.432133
3.652519 0.434903
3.678892 0.437673
3.737106 0.440443
3.741064 0.443213
3.759089 0.445983
3.907377 0.448753
3.942621 0.451524
3.958715 0.454294
3.971099 0.457064
4.020999 0.459834
4.025333 0.462604
4.041992 0.465374
4.079258 0.468144
4.095271 0.470914
4.198406 0.473684
4.223807 0.476454
4.252142 0.479224
4.267863 0.481994
4.276761 0.484765
4.283020 0.487535
4.377135 0.490305
4.389523 0.493075
4.397703 0.495845
4.430600 0.498615
4.432504 0.501385
4.436477 0.504155
4.467197 0.506925
4.490533 0.509695
4.506756 0.512465
4.516336 0.515235
4.565208 0.518006
4.571339 0.520776
4.668605 0.523546
4.745829 0.526316
4.793449 0.529086
4.796074 0.531856
4.814816 0.534626
4.834238 0.537396
4.841386 0.540166
4.843960 0.542936
4.855770 0.545706
4.857393 0.548476
4.902098 0.551247
4.917486 0.554017
5.029594 0.556787
5.031556 0.559557
5.135402 0.562327
5.173994 0.565097
5.244526 0.567867
5.256436 0.570637
5.288053 0.573407
5.393363 0.576177
5.394420 0.578947
5.467753 0.581717
5.553896 0.584488
5.681175 0.587258
5.697404 0.590028
5.715107 0.592798
5.754189 0.595568
5.771748 0.598338
5.853004 0.601108
5.887101 0.603878
5.900671 0.606648
5.909364 0.609418
5.917106 0.612188
5.926276 0.614958
6.010295 0.617729
6.111259 0.620499
6.140898 0.623269
6.245176 0.626039
6.365982 0.628809
6.440745 0.631579
6.443150 0.634349
6.472442 0.637119
6.483829 0.639889
6.528939 0.642659
6.577279 0.645429
6.623949 0.648199
6.627621 0.65097
6.653962 0.65374
6.680056 0.65651
6.686407 0.65928
6.704562 0.66205
6.741016 0.66482
6.752177 0.66759
6.827245 0.67036
6.876800 0.67313
7.152931 0.6759
7.167795 0.67867
7.280459 0.68144
7.399998 0.684211
7.599341 0.686981
7.643735 0.689751
7.658347 0.692521
7.756132 0.695291
7.890453 0.698061
7.940894 0.700831
8.064494 0.703601
8.066187 0.706371
8.119254 0.709141
8.137438 0.711911
8.184794 0.714681
8.439238 0.717452
8.442491 0.720222
8.580459 0.722992
8.582444 0.725762
8.601338 0.728532
8.661846 0.731302
8.763454 0.734072
8.819086 0.736842
8.847152 0.739612
9.143393 0.742382
9.245844 0.745152
9.310830 0.747922
9.383398 0.750693
9.468150 0.753463
9.508701 0.756233
9.629676 0.759003
9.652765 0.761773
9.761935 0.764543
9.766262 0.767313
9.917913 0.770083
9.962156 0.772853
9.972490 0.775623
9.979793 0.778393
10.108390 0.781163
10.156062 0.783934
10.173969 0.786704
10.225991 0.789474
10.298165 0.792244
10.374331 0.795014
10.443236 0.797784
10.480195 0.800554
10.555885 0.803324
10.666421 0.806094
10.682813 0.808864
10.725464 0.811634
10.730872 0.814404
10.978612 0.817175
11.071712 0.819945
11.359807 0.822715
11.366422 0.825485
11.421476 0.828255
11.425231 0.831025
11.429698 0.833795
11.472422 0.836565
11.783394 0.839335
11.866532 0.842105
11.909270 0.844875
12.041406 0.847645
12.121381 0.850416
12.127563 0.853186
12.171104 0.855956
12.218458 0.858726
12.264666 0.861496
12.321091 0.864266
12.488010 0.867036
12.575862 0.869806
12.695716 0.872576
12.722470 0.875346
12.725970 0.878116
12.731129 0.880886
12.768911 0.883657
13.019188 0.886427
13.078561 0.889197
13.310456 0.891967
13.325329 0.894737
13.541819 0.897507
13.676390 0.900277
13.701485 0.903047
13.725550 0.905817
13.836454 0.908587
13.916804 0.911357
13.999698 0.914127
14.093503 0.916898
14.483343 0.919668
14.887355 0.922438
14.901619 0.925208
16.226315 0.927978
16.338688 0.930748
16.385195 0.933518
17.029558 0.936288
18.536560 0.939058
19.402218 0.941828
19.848832 0.944598
20.478614 0.947368
21.988638 0.950139
22.814772 0.952909
23.985839 0.955679
28.290629 0.958449
28.744790 0.961219
29.681286 0.963989
31.135988 0.966759
31.166962 0.969529
31.319338 0.972299
31.745142 0.975069
33.719552 0.977839
34.038392 0.980609
34.564212 0.98338
35.561189 0.98615
35.663265 0.98892
37.361848 0.99169
41.525754 0.99446
42.421022 0.99723
51.683939 1
