0.003103 0.00277008
0.039380 0.00554017
0.047880 0.00831025
0.053802 0.0110803
0.230424 0.0138504
0.277000 0.0166205
0.323875 0.0193906
0.366338 0.0221607
0.410092 0.0249307
0.460163 0.0277008
0.490496 0.0304709
0.543129 0.033241
0.557405 0.0360111
0.570000 0.0387812
0.572275 0.0415512
0.598511 0.0443213
0.611082 0.0470914
0.636585 0.0498615
0.672608 0.0526316
0.705713 0.0554017
0.793705 0.0581717
0.841328 0.0609418
0.912621 0.0637119
0.994974 0.066482
1.011951 0.0692521
1.026137 0.0720222
1.185457 0.0747922
1.195976 0.0775623
1.251992 0.0803324
1.346958 0.0831025
1.366408 0.0858726
1.414091 0.0886427
1.599190 0.0914127
1.609687 0.0941828
1.683403 0.0969529
1.822041 0.099723
1.916104 0.102493
1.957568 0.105263
2.017720 0.108033
2.040614 0.110803
2.178024 0.113573
2.225121 0.116343
2.232843 0.119114
2.282519 0.121884
2.335042 0.124654
2.340454 0.127424
2.358908 0.130194
2.368283 0.132964
2.403592 0.135734
2.441295 0.138504
2.484182 0.141274
2.511161 0.144044
2.524804 0.146814
2.641334 0.149584
2.672677 0.152355
2.729031 0.155125
2.755940 0.157895
2.802704 0.160665
2.913174 0.163435
3.030630 0.166205
3.050123 0.168975
3.068853 0.171745
3.168863 0.174515
3.191581 0.177285
3.261922 0.180055
3.343986 0.182825
3.397709 0.185596
3.436488 0.188366
3.634649 0.191136
4.023758 0.193906
4.033364 0.196676
4.046024 0.199446
4.143322 0.202216
4.349850 0.204986
4.438637 0.207756
4.545602 0.210526
4.585407 0.213296
4.601620 0.216066
4.607595 0.218837
4.860811 0.221607
4.896705 0.224377
5.134888 0.227147
5.144785 0.229917
5.197918 0.232687
5.314264 0.235457
5.341805 0.238227
5.405737 0.240997
5.495005 0.243767
5.886587 0.246537
5.982333 0.249307
6.313887 0.252078
6.383633 0.254848
6.457498 0.257618
6.539763 0.260388
6.573399 0.263158
6.602988 0.265928
6.848260 0.268698
6.850107 0.271468
7.126878 0.274238
7.177072 0.277008
7.209004 0.279778
7.255616 0.282548
7.276003 0.285319
7.456470 0.288089
7.679286 0.290859
7.889880 0.293629
7.911225 0.296399
7.950649 0.299169
8.094414 0.301939
8.135824 0.304709
8.265457 0.307479
8.398209 0.310249
8.734191 0.313019
8.932643 0.315789
8.964016 0.31856
9.410290 0.32133
9.454003 0.3241
9.491149 0.32687
9.587949 0.32964
9.650431 0.33241
9.683686 0.33518
9.986340 0.33795
10.052752 0.34072
10.117085 0.34349
10.138646 0.34626
10.198438 0.34903
10.200380 0.351801
10.360187 0.354571
10.405475 0.357341
10.523727 0.360111
10.850073 0.362881
11.078853 0.365651
11.398712 0.368421
11.452626 0.371191
11.472339 0.373961
11.483224 0.376731
11.676161 0.379501
11.806320 0.382271
12.025074 0.385042
12.077542 0.387812
12.106371 0.390582
12.456255 0.393352
12.681897 0.396122
12.867583 0.398892
12.998284 0.401662
13.310429 0.404432
13.311796 0.407202
13.318709 0.409972
13.773683 0.412742
14.249577 0.415512
14.523582 0.418283
14.719579 0.421053
14.753640 0.423823
14.972003 0.426593
14.975324 0.429363
15.189648 0.432133
15.347521 0.434903
15.601522 0.437673
15.655984 0.440443
15.711734 0.443213
15.733244 0.445983
15.887018 0.448753
16.015384 0.451524
16.106081 0.454294
16.233812 0.457064
16.374171 0.459834
16.600035 0.462604
16.619073 0.465374
16.878231 0.468144
17.437023 0.470914
17.501430 0.473684
17.750083 0.476454
17.780329 0.479224
18.050265 0.481994
18.117198 0.484765
18.498889 0.487535
18.661542 0.490305
19.111483 0.493075
19.240457 0.495845
19.278866 0.498615
19.459286 0.501385
21.010974 0.504155
21.109976 0.506925
21.679439 0.509695
22.129110 0.512465
22.361551 0.515235
22.500218 0.518006
22.539973 0.520776
22.599293 0.523546
23.074125 0.526316
23.102650 0.529086
23.285803 0.531856
23.314083 0.534626
23.479758 0.537396
23.540632 0.540166
23.769598 0.542936
23.786470 0.545706
24.015573 0.548476
24.114594 0.551247
24.328575 0.554017
24.591623 0.556787
25.222948 0.559557
25.753182 0.562327
25.983700 0.565097
25.990814 0.567867
26.917946 0.570637
27.086055 0.573407
28.320950 0.576177
28.706908 0.578947
28.927836 0.581717
29.019362 0.584488
29.162285 0.587258
29.298565 0.590028
29.361176 0.592798
29.536089 0.595568
30.141291 0.598338
30.936110 0.601108
32.013300 0.603878
32.591960 0.606648
32.924727 0.609418
33.560264 0.612188
35.385630 0.614958
35.809386 0.617729
36.007524 0.620499
36.388826 0.623269
36.472598 0.626039
36.888948 0.628809
38.916317 0.631579
39.855155 0.634349
40.246996 0.637119
41.118819 0.639889
41.265798 0.642659
41.770098 0.645429
43.031827 0.648199
43.899235 0.65097
44.600624 0.65374
44.646412 0.65651
45.150328 0.65928
45.339283 0.66205
45.785907 0.66482
46.080452 0.66759
46.892184 0.67036
47.118863 0.67313
47.416025 0.6759
48.564371 0.67867
48.716548 0.68144
49.207675 0.684211
49.337125 0.686981
49.898303 0.689751
52.111644 0.692521
53.780204 0.695291
53.950024 0.698061
57.177007 0.700831
58.000028 0.703601
58.813125 0.706371
59.244126 0.709141
59.678322 0.711911
61.215860 0.714681
61.992389 0.717452
62.976557 0.720222
64.166218 0.722992
65.664852 0.725762
67.389208 0.728532
67.665911 0.731302
67.945069 0.734072
70.476824 0.736842
70.772457 0.739612
72.284925 0.742382
72.462958 0.745152
72.901118 0.747922
74.841928 0.750693
78.020149 0.753463
78.124821 0.756233
78.654844 0.759003
81.384605 0.761773
81.772721 0.764543
82.143587 0.767313
82.206589 0.770083
82.795173 0.772853
82.874745 0.775623
84.540111 0.778393
85.375947 0.781163
85.414618 0.783934
85.602897 0.786704
85.941762 0.789474
86.024094 0.792244
86.524999 0.795014
86.581975 0.797784
86.988270 0.800554
89.126682 0.803324
90.363073 0.806094
90.474671 0.808864
90.475810 0.811634
90.648150 0.814404
91.042203 0.817175
91.081125 0.819945
91.258597 0.822715
91.372955 0.825485
91.718090 0.828255
91.819096 0.831025
92.184836 0.833795
92.651522 0.836565
92.712569 0.839335
92.931509 0.842105
93.177807 0.844875
93.187916 0.847645
93.688965 0.850416
93.714797 0.853186
94.015265 0.855956
94.130528 0.858726
94.201273 0.861496
94.653314 0.864266
94.666952 0.867036
94.779807 0.869806
94.823843 0.872576
94.827867 0.875346
95.218307 0.878116
95.290625 0.880886
95.358729 0.883657
95.697433 0.886427
96.013683 0.889197
96.524346 0.891967
96.676552 0.894737
96.707404 0.897507
97.031355 0.900277
97.168380 0.903047
97.286952 0.905817
97.382110 0.908587
97.407711 0.911357
97.690725 0.914127
97.844642 0.916898
113.772774 0.919668
127.075112 0.922438
130.055141 0.925208
137.688410 0.927978
144.099057 0.930748
146.220720 0.933518
159.874380 0.936288
159.932971 0.939058
162.635446 0.941828
181.731761 0.944598
188.940811 0.947368
191.474319 0.950139
214.747238 0.952909
216.451669 0.955679
227.412391 0.958449
269.250965 0.961219
404.284668 0.963989
487.612104 0.966759
490.178490 0.969529
535.378695 0.972299
552.836943 0.975069
590.756130 0.977839
728.378439 0.980609
1176.712704 0.98338
2078.148079 0.98615
3034.085083 0.98892
3637.383652 0.99169
4201.616287 0.99446
4446.754837 0.99723
4838.439560 1
