0.694824 0.00277008
1.739868 0.00554017
2.304688 0.00831025
2.374023 0.0110803
4.628784 0.0138504
4.969238 0.0166205
5.107422 0.0193906
5.200439 0.0221607
5.822266 0.0249307
5.989563 0.0277008
6.348145 0.0304709
6.605347 0.033241
8.008789 0.0360111
9.469482 0.0387812
9.493286 0.0415512
9.951782 0.0443213
10.433105 0.0470914
11.555420 0.0498615
11.743774 0.0526316
11.899170 0.0554017
17.000977 0.0581717
17.062866 0.0609418
17.450623 0.0637119
18.253662 0.066482
18.755310 0.0692521
18.864380 0.0720222
18.947144 0.0747922
19.181641 0.0775623
19.516602 0.0803324
20.075439 0.0831025
20.397217 0.0858726
21.262939 0.0886427
21.802734 0.0914127
22.064697 0.0941828
22.202026 0.0969529
23.494385 0.099723
23.627441 0.102493
23.667236 0.105263
23.938110 0.108033
24.093262 0.110803
24.687866 0.113573
25.040039 0.116343
26.623413 0.119114
27.270020 0.121884
29.278809 0.124654
29.519531 0.127424
30.666992 0.130194
31.588135 0.132964
32.053711 0.135734
33.161133 0.138504
34.007935 0.141274
34.105957 0.144044
34.938721 0.146814
35.788940 0.149584
36.342896 0.152355
36.879395 0.155125
37.287354 0.157895
37.470459 0.160665
37.599121 0.163435
37.987305 0.166205
39.328369 0.168975
40.299927 0.171745
40.325073 0.174515
40.518066 0.177285
40.859985 0.180055
40.885742 0.182825
41.172852 0.185596
41.392090 0.188366
41.999023 0.191136
42.246094 0.193906
43.638428 0.196676
43.972900 0.199446
44.080200 0.202216
44.550293 0.204986
44.858398 0.207756
45.105103 0.210526
45.872559 0.213296
46.182251 0.216066
46.222412 0.218837
46.363281 0.221607
46.537842 0.224377
47.522217 0.227147
47.915527 0.229917
49.092529 0.232687
50.895264 0.235457
51.308105 0.238227
51.759644 0.240997
53.096802 0.243767
53.206055 0.246537
53.303223 0.249307
53.380859 0.252078
54.195068 0.254848
54.523071 0.257618
55.067993 0.260388
55.320740 0.263158
55.481201 0.265928
55.500488 0.268698
56.322021 0.271468
56.421875 0.274238
57.241455 0.277008
57.326660 0.279778
57.360107 0.282548
57.711609 0.285319
58.592896 0.288089
58.713867 0.290859
58.752441 0.293629
59.029053 0.296399
59.217285 0.299169
60.140381 0.301939
60.398193 0.304709
60.821289 0.307479
62.242188 0.310249
62.718018 0.313019
63.057983 0.315789
64.069580 0.31856
64.534668 0.32133
64.734863 0.3241
65.373047 0.32687
65.773926 0.32964
65.941589 0.33241
67.519287 0.33518
68.239502 0.33795
68.278320 0.34072
68.729980 0.34349
68.807129 0.34626
69.138184 0.34903
70.613037 0.351801
71.352295 0.354571
72.166260 0.357341
72.581787 0.360111
73.145020 0.362881
73.158081 0.365651
74.944336 0.368421
75.234863 0.371191
77.174683 0.373961
77.229492 0.376731
77.262939 0.379501
77.523987 0.382271
77.667480 0.385042
78.018311 0.387812
78.176147 0.390582
78.986328 0.393352
79.824219 0.396122
80.122070 0.398892
80.400391 0.401662
80.402832 0.404432
80.938354 0.407202
81.432861 0.409972
82.042480 0.412742
82.306763 0.415512
82.308594 0.418283
83.242676 0.421053
83.503906 0.423823
83.543457 0.426593
84.851440 0.429363
85.263672 0.432133
85.486084 0.434903
85.837646 0.437673
86.483887 0.440443
89.887451 0.443213
89.962402 0.445983
90.797974 0.448753
90.985107 0.451524
91.319580 0.454294
91.582520 0.457064
92.173889 0.459834
93.173950 0.462604
93.711060 0.465374
93.745361 0.468144
93.892334 0.470914
93.928711 0.473684
94.410889 0.476454
95.231689 0.479224
95.574707 0.481994
96.387207 0.484765
97.027344 0.487535
97.293945 0.490305
97.336670 0.493075
97.618347 0.495845
97.970215 0.498615
99.272949 0.501385
99.601807 0.504155
100.355957 0.506925
102.517822 0.509695
103.259033 0.512465
103.904053 0.515235
104.725952 0.518006
106.741455 0.520776
106.876221 0.523546
106.890381 0.526316
108.798828 0.529086
109.082520 0.531856
110.927002 0.534626
111.260132 0.537396
111.538574 0.540166
111.795044 0.542936
112.737427 0.545706
114.084961 0.548476
114.157471 0.551247
114.379639 0.554017
115.028442 0.556787
115.286621 0.559557
115.399902 0.562327
115.921143 0.565097
116.799133 0.567867
117.050293 0.570637
117.333740 0.573407
117.750977 0.576177
118.100464 0.578947
118.193359 0.581717
120.064697 0.584488
120.672485 0.587258
122.336182 0.590028
123.294067 0.592798
124.281250 0.595568
124.933655 0.598338
125.380249 0.601108
126.502197 0.603878
129.500000 0.606648
130.512207 0.609418
132.474121 0.612188
134.777588 0.614958
136.182617 0.617729
137.249268 0.620499
137.302368 0.623269
137.779297 0.626039
139.425537 0.628809
141.299561 0.631579
142.914551 0.634349
143.586670 0.637119
144.132080 0.639889
144.319336 0.642659
145.427002 0.645429
145.612305 0.648199
145.827148 0.65097
149.264648 0.65374
150.426514 0.65651
150.771973 0.65928
152.283203 0.66205
154.879150 0.66482
155.013672 0.66759
155.973755 0.67036
157.989990 0.67313
158.032715 0.6759
160.343506 0.67867
160.845947 0.68144
165.723633 0.684211
167.949341 0.686981
168.730957 0.689751
172.340820 0.692521
172.693359 0.695291
173.249756 0.698061
174.985107 0.700831
175.095703 0.703601
177.189575 0.706371
177.282959 0.709141
177.556152 0.711911
179.984497 0.714681
180.286133 0.717452
180.573975 0.720222
181.175903 0.722992
183.294678 0.725762
185.736328 0.728532
188.803955 0.731302
199.621826 0.734072
201.281738 0.736842
202.019775 0.739612
203.020386 0.742382
207.887939 0.745152
207.943359 0.747922
208.801270 0.750693
210.165283 0.753463
210.446533 0.756233
213.627686 0.759003
214.284424 0.761773
217.895996 0.764543
218.133789 0.767313
222.974854 0.770083
225.885742 0.772853
226.036865 0.775623
226.950439 0.778393
228.053223 0.781163
230.807129 0.783934
233.079224 0.786704
237.594238 0.789474
242.127197 0.792244
246.021240 0.795014
246.078857 0.797784
251.850342 0.800554
252.592163 0.803324
252.850586 0.806094
253.239258 0.808864
254.222656 0.811634
254.689209 0.814404
256.151123 0.817175
262.145508 0.819945
262.348022 0.822715
268.935913 0.825485
272.433838 0.828255
273.923340 0.831025
274.168091 0.833795
275.391846 0.836565
276.788086 0.839335
277.245361 0.842105
277.364990 0.844875
280.624634 0.847645
282.415527 0.850416
286.563599 0.853186
289.026489 0.855956
292.787354 0.858726
302.034424 0.861496
304.222412 0.864266
307.497314 0.867036
308.724731 0.869806
311.452881 0.872576
314.156250 0.875346
314.640137 0.878116
317.453613 0.880886
318.326660 0.883657
323.320801 0.886427
328.000244 0.889197
332.700928 0.891967
332.780762 0.894737
339.269653 0.897507
347.382568 0.900277
354.411865 0.903047
390.071533 0.905817
402.275391 0.908587
404.661133 0.911357
411.365234 0.914127
413.937256 0.916898
426.238281 0.919668
427.143799 0.922438
428.595215 0.925208
429.634277 0.927978
431.549316 0.930748
435.143066 0.933518
435.522217 0.936288
440.636719 0.939058
442.720459 0.941828
449.108643 0.944598
474.629395 0.947368
484.422485 0.950139
490.921875 0.952909
492.260864 0.955679
495.385254 0.958449
642.269287 0.961219
679.341309 0.963989
764.422852 0.966759
772.641724 0.969529
794.220947 0.972299
807.810669 0.975069
872.708374 0.977839
907.548828 0.980609
907.638184 0.98338
928.698242 0.98615
1022.924805 0.98892
1047.725220 0.99169
1107.810303 0.99446
1202.107300 0.99723
1281.935547 1
