0.015186 0.00277008
0.023147 0.00554017
0.029526 0.00831025
0.050487 0.0110803
0.055577 0.0138504
0.070496 0.0166205
0.119739 0.0193906
0.167497 0.0221607
0.16777 0.0249307
0.197866 0.0277008
0.206511 0.0304709
0.21752 0.033241
0.234816 0.0360111
0.235683 0.0387812
0.237783 0.0415512
0.248492 0.0443213
0.251269 0.0470914
0.254166 0.0498615
0.307367 0.0526316
0.309373 0.0554017
0.316566 0.0581717
0.336468 0.0609418
0.341234 0.0637119
0.368226 0.066482
0.372298 0.0692521
0.383419 0.0720222
0.415257 0.0747922
0.429686 0.0775623
0.453103 0.0803324
0.461217 0.0831025
0.475911 0.0858726
0.498086 0.0886427
0.505153 0.0914127
0.517882 0.0941828
0.525423 0.0969529
0.548345 0.099723
0.566372 0.102493
0.590861 0.105263
0.592903 0.108033
0.597311 0.110803
0.603452 0.113573
0.607742 0.116343
0.614668 0.119114
0.619549 0.121884
0.664713 0.124654
0.667708 0.127424
0.673503 0.130194
0.679104 0.132964
0.694896 0.135734
0.695371 0.138504
0.696395 0.141274
0.697558 0.144044
0.700153 0.146814
0.705957 0.149584
0.710871 0.152355
0.712145 0.155125
0.722744 0.157895
0.737228 0.160665
0.743124 0.163435
0.745326 0.166205
0.747397 0.168975
0.750387 0.171745
0.762636 0.174515
0.763764 0.177285
0.772772 0.180055
0.774317 0.182825
0.787114 0.185596
0.791442 0.188366
0.800698 0.191136
0.832478 0.193906
0.847623 0.196676
0.869471 0.199446
0.870311 0.202216
0.874034 0.204986
0.883785 0.207756
0.892258 0.210526
0.895623 0.213296
0.900147 0.216066
0.900757 0.218837
0.90098 0.221607
0.902614 0.224377
0.915447 0.227147
0.942785 0.229917
0.969481 0.232687
0.973019 0.235457
0.976475 0.238227
0.980542 0.240997
0.991003 0.243767
0.999762 0.246537
1.00239 0.249307
1.02548 0.252078
1.05261 0.254848
1.05489 0.257618
1.05706 0.260388
1.07488 0.263158
1.08462 0.265928
1.12124 0.268698
1.125 0.271468
1.12711 0.274238
1.13615 0.277008
1.13978 0.279778
1.1518 0.282548
1.16688 0.285319
1.17434 0.288089
1.18127 0.290859
1.18462 0.293629
1.20127 0.296399
1.23895 0.299169
1.24634 0.301939
1.24752 0.304709
1.25277 0.307479
1.27307 0.310249
1.28726 0.313019
1.29582 0.315789
1.30562 0.31856
1.31795 0.32133
1.32158 0.3241
1.34267 0.32687
1.34376 0.32964
1.37102 0.33241
1.38137 0.33518
1.38678 0.33795
1.40012 0.34072
1.41199 0.34349
1.4219 0.34626
1.44563 0.34903
1.45388 0.351801
1.45404 0.354571
1.46421 0.357341
1.47483 0.360111
1.47527 0.362881
1.4755 0.365651
1.47803 0.368421
1.49253 0.371191
1.50512 0.373961
1.52216 0.376731
1.57404 0.379501
1.58224 0.382271
1.60176 0.385042
1.6032 0.387812
1.61038 0.390582
1.61146 0.393352
1.61767 0.396122
1.63995 0.398892
1.66476 0.401662
1.67616 0.404432
1.68524 0.407202
1.69863 0.409972
1.72947 0.412742
1.73198 0.415512
1.74159 0.418283
1.74473 0.421053
1.77419 0.423823
1.79185 0.426593
1.84163 0.429363
1.8429 0.432133
1.84672 0.434903
1.85813 0.437673
1.87203 0.440443
1.89533 0.443213
1.89805 0.445983
1.91229 0.448753
1.92153 0.451524
1.92646 0.454294
1.93965 0.457064
1.94109 0.459834
2.00002 0.462604
2.01117 0.465374
2.01834 0.468144
2.02626 0.470914
2.02734 0.473684
2.03785 0.476454
2.06715 0.479224
2.10381 0.481994
2.18698 0.484765
2.19695 0.487535
2.22984 0.490305
2.24078 0.493075
2.27067 0.495845
2.29654 0.498615
2.30199 0.501385
2.32471 0.504155
2.33468 0.506925
2.34254 0.509695
2.35755 0.512465
2.49361 0.515235
2.51329 0.518006
2.51361 0.520776
2.52647 0.523546
2.55879 0.526316
2.59674 0.529086
2.60393 0.531856
2.65883 0.534626
2.67385 0.537396
2.67614 0.540166
2.71035 0.542936
2.75291 0.545706
2.77677 0.548476
2.79384 0.551247
2.80279 0.554017
2.85644 0.556787
2.88398 0.559557
2.92467 0.562327
2.92796 0.565097
2.955 0.567867
2.9692 0.570637
2.96957 0.573407
2.97096 0.576177
3.01452 0.578947
3.13256 0.581717
3.13907 0.584488
3.23086 0.587258
3.27596 0.590028
3.29161 0.592798
3.31833 0.595568
3.3509 0.598338
3.36278 0.601108
3.36472 0.603878
3.40132 0.606648
3.41088 0.609418
3.45577 0.612188
3.47529 0.614958
3.49027 0.617729
3.53028 0.620499
3.57328 0.623269
3.57394 0.626039
3.59939 0.628809
3.60018 0.631579
3.60665 0.634349
3.60855 0.637119
3.63424 0.639889
3.63642 0.642659
3.64248 0.645429
3.65335 0.648199
3.66547 0.65097
3.67472 0.65374
3.68717 0.65651
3.70234 0.65928
3.71195 0.66205
3.74906 0.66482
3.75992 0.66759
3.76064 0.67036
3.77962 0.67313
3.7863 0.6759
3.80583 0.67867
3.89103 0.68144
3.91885 0.684211
3.93409 0.686981
3.94851 0.689751
3.96802 0.692521
3.99326 0.695291
4.02121 0.698061
4.02829 0.700831
4.06382 0.703601
4.10024 0.706371
4.31012 0.709141
4.33924 0.711911
4.36998 0.714681
4.38783 0.717452
4.39872 0.720222
4.40288 0.722992
4.4347 0.725762
4.45178 0.728532
4.46543 0.731302
4.47835 0.734072
4.47992 0.736842
4.54207 0.739612
4.56289 0.742382
4.57121 0.745152
4.68313 0.747922
4.7111 0.750693
4.71259 0.753463
4.71776 0.756233
4.82188 0.759003
4.98514 0.761773
5.04866 0.770083
5.07443 0.772853
5.31683 0.775623
5.41829 0.778393
5.42507 0.781163
5.44249 0.783934
5.44841 0.786704
5.51599 0.789474
5.54984 0.792244
5.62197 0.795014
5.64116 0.797784
5.71924 0.800554
5.84032 0.803324
5.87714 0.806094
5.932 0.808864
5.97802 0.811634
6.10141 0.814404
6.19283 0.817175
6.22235 0.819945
6.31779 0.822715
6.32901 0.825485
6.37377 0.828255
6.57262 0.831025
6.58529 0.833795
6.8333 0.836565
6.8361 0.839335
6.9474 0.842105
7.08651 0.844875
7.10548 0.847645
7.11325 0.850416
7.44476 0.853186
7.6203 0.855956
7.74179 0.858726
7.81264 0.861496
8.15062 0.864266
8.26328 0.867036
8.28698 0.869806
8.31196 0.872576
8.37616 0.875346
8.39509 0.878116
8.45381 0.880886
8.49436 0.883657
8.7819 0.886427
8.854 0.889197
8.90286 0.891967
8.98383 0.894737
9.11642 0.897507
9.17915 0.900277
9.23608 0.903047
9.40451 0.905817
9.45448 0.908587
9.84111 0.911357
10.1609 0.908587
10.2269 0.911357
10.4544 0.914127
10.5245 0.916898
11.0401 0.919668
11.1276 0.922438
11.9968 0.925208
12.1279 0.927978
12.28 0.930748
12.422 0.933518
12.736 0.936288
13.4069 0.939058
13.8189 0.941828
13.8885 0.944598
14.4577 0.947368
14.4865 0.950139
14.4956 0.952909
15.377 0.955679
15.5345 0.958449
16.919 0.961219
18.0743 0.963989
19.4622 0.966759
20.0277 0.969529
20.646 0.972299
22.6997 0.975069
27.0086 0.977839
28.913 0.980609
34.2531 0.98338
36.4138 0.98615
37.8059 0.98892
41.PEmt 0.850416
41.PEmt 0.850416
42.6064 0.99723
72.8095 1
