0.0051931 0.00277008
0.00651305 0.00554017
0.0111096 0.00831025
0.152455 0.0110803
0.210556 0.0138504
0.218531 0.0166205
0.241405 0.0193906
0.242696 0.0221607
0.249997 0.0249307
0.271996 0.0277008
0.276761 0.0304709
0.287067 0.033241
0.293621 0.0360111
0.358601 0.0387812
0.403516 0.0415512
0.406549 0.0443213
0.458538 0.0470914
0.469398 0.0498615
0.48188 0.0526316
0.482659 0.0554017
0.50697 0.0581717
0.543108 0.0609418
0.612765 0.0637119
0.633778 0.066482
0.653534 0.0692521
0.709125 0.0720222
0.75125 0.0747922
0.77106 0.0775623
0.793501 0.0803324
0.807745 0.0831025
0.812807 0.0858726
0.819256 0.0886427
0.840631 0.0914127
0.85732 0.0941828
0.85791 0.0969529
0.948283 0.099723
0.988726 0.102493
1.00451 0.105263
1.06036 0.108033
1.06415 0.110803
1.10206 0.113573
1.15445 0.116343
1.17018 0.119114
1.21755 0.121884
1.21989 0.124654
1.22017 0.127424
1.2876 0.130194
1.30542 0.132964
1.32214 0.135734
1.3283 0.138504
1.34952 0.141274
1.36598 0.144044
1.37259 0.146814
1.43333 0.149584
1.43733 0.152355
1.44761 0.155125
1.51239 0.157895
1.54618 0.160665
1.55186 0.163435
1.57724 0.166205
1.58938 0.168975
1.61038 0.171745
1.62958 0.174515
1.6597 0.177285
1.69462 0.180055
1.77446 0.182825
1.77628 0.185596
1.77703 0.188366
1.79588 0.191136
1.93267 0.193906
1.94593 0.196676
1.97557 0.199446
2.00549 0.202216
2.00935 0.204986
2.04259 0.207756
2.09659 0.210526
2.10867 0.213296
2.14807 0.216066
2.15143 0.218837
2.19126 0.221607
2.20258 0.224377
2.20442 0.227147
2.24316 0.229917
2.25329 0.232687
2.26115 0.235457
2.27077 0.238227
2.27257 0.240997
2.37411 0.243767
2.37898 0.246537
2.39537 0.249307
2.40404 0.252078
2.44684 0.254848
2.45786 0.257618
2.4709 0.260388
2.47467 0.263158
2.541 0.265928
2.60175 0.268698
2.61249 0.271468
2.63654 0.274238
2.70754 0.277008
2.72221 0.279778
2.74791 0.282548
2.75353 0.285319
2.77122 0.288089
2.77866 0.290859
2.81033 0.293629
2.81373 0.296399
2.84363 0.299169
2.85006 0.301939
2.91025 0.304709
2.95557 0.307479
2.95642 0.310249
3.00285 0.313019
3.06221 0.315789
3.09778 0.31856
3.09949 0.32133
3.10455 0.3241
3.10924 0.32687
3.17082 0.32964
3.17627 0.33241
3.19831 0.33518
3.21568 0.33795
3.23656 0.34072
3.28787 0.34349
3.33961 0.34626
3.3571 0.34903
3.36515 0.351801
3.39325 0.354571
3.40678 0.357341
3.43334 0.360111
3.43831 0.362881
3.46739 0.365651
3.47887 0.368421
3.50222 0.371191
3.51151 0.373961
3.53114 0.376731
3.6032 0.379501
3.60821 0.382271
3.65851 0.385042
3.71752 0.387812
3.72487 0.390582
3.7275 0.393352
3.74739 0.396122
3.7658 0.398892
3.77881 0.401662
3.8503 0.404432
3.85138 0.407202
3.87871 0.409972
3.88144 0.412742
3.909 0.415512
3.9114 0.418283
3.93484 0.421053
3.96368 0.423823
3.96717 0.426593
3.98661 0.429363
3.98945 0.432133
4.01735 0.434903
4.07786 0.437673
4.10646 0.440443
4.10681 0.443213
4.14611 0.445983
4.17894 0.448753
4.19839 0.451524
4.20722 0.454294
4.24393 0.457064
4.24656 0.459834
4.27634 0.462604
4.29862 0.465374
4.40692 0.468144
4.41127 0.470914
4.41724 0.473684
4.4229 0.476454
4.43429 0.479224
4.43457 0.481994
4.5132 0.484765
4.6404 0.487535
4.66917 0.490305
4.69981 0.493075
4.70861 0.495845
4.71498 0.498615
4.72749 0.501385
4.75857 0.504155
4.77736 0.506925
4.8036 0.509695
4.80736 0.512465
4.85224 0.515235
4.86817 0.518006
4.92435 0.520776
4.93787 0.523546
5.03138 0.526316
5.07834 0.529086
5.0821 0.531856
5.09457 0.534626
5.22356 0.537396
5.26033 0.540166
5.30156 0.542936
5.30423 0.545706
5.33038 0.548476
5.34039 0.551247
5.37221 0.554017
5.45808 0.556787
5.46355 0.559557
5.47846 0.562327
5.52566 0.565097
5.55574 0.567867
5.56342 0.570637
5.59568 0.573407
5.68625 0.576177
5.75557 0.578947
5.75904 0.581717
5.92178 0.584488
5.92508 0.587258
5.92701 0.590028
5.94352 0.592798
6.03664 0.595568
6.05252 0.598338
6.06434 0.601108
6.08181 0.603878
6.14538 0.606648
6.24509 0.609418
6.26611 0.612188
6.35439 0.614958
6.40148 0.617729
6.43653 0.620499
6.4435 0.623269
6.48276 0.626039
6.59671 0.628809
6.60689 0.631579
6.63029 0.634349
6.68269 0.637119
6.68702 0.639889
6.81178 0.642659
6.86495 0.645429
7.00889 0.648199
7.02326 0.65097
7.06168 0.65374
7.07052 0.65651
7.1486 0.65928
7.30609 0.66205
7.31958 0.66482
7.32269 0.66759
7.37651 0.67036
7.39885 0.67313
7.39943 0.6759
7.40613 0.67867
7.4179 0.68144
7.50686 0.684211
7.55431 0.686981
7.6598 0.689751
7.74674 0.692521
7.77759 0.695291
7.78935 0.698061
7.90455 0.700831
7.93125 0.703601
7.95838 0.706371
8.07161 0.709141
8.08975 0.711911
8.09664 0.714681
8.09947 0.717452
8.1115 0.720222
8.11725 0.722992
8.40954 0.725762
8.50604 0.728532
8.56617 0.731302
8.65341 0.734072
8.6896 0.736842
8.74572 0.739612
8.79856 0.742382
8.84764 0.745152
9.13658 0.747922
9.14924 0.750693
9.34737 0.753463
9.38631 0.756233
9.63219 0.759003
9.78742 0.761773
9.88109 0.764543
9.91166 0.767313
9.9167 0.770083
9.94107 0.772853
10.0647 0.775623
10.0724 0.778393
10.1343 0.781163
10.2488 0.783934
10.2615 0.786704
10.5041 0.789474
10.598 0.792244
10.6436 0.795014
10.7114 0.797784
10.7522 0.800554
10.7669 0.803324
10.9018 0.806094
10.9183 0.808864
11.0814 0.811634
11.0817 0.814404
11.1044 0.817175
11.1741 0.819945
11.1822 0.822715
11.2364 0.825485
11.2457 0.828255
11.3522 0.831025
11.3817 0.833795
11.4009 0.836565
11.4208 0.839335
11.4292 0.842105
11.6995 0.844875
11.7992 0.847645
11.8795 0.850416
11.8946 0.853186
11.9906 0.855956
12.0202 0.858726
12.1857 0.861496
12.2568 0.864266
12.2753 0.867036
12.3125 0.869806
12.3301 0.872576
12.3648 0.875346
12.6574 0.878116
12.749 0.880886
12.785 0.883657
12.9155 0.886427
12.9724 0.889197
13.0648 0.891967
13.5294 0.894737
13.7806 0.897507
13.936 0.900277
14.0663 0.903047
14.4021 0.905817
14.5402 0.908587
14.543 0.911357
14.6611 0.914127
14.9767 0.916898
15.1326 0.919668
15.4595 0.922438
15.5101 0.925208
16.7823 0.927978
17.2068 0.930748
17.6319 0.933518
18.3801 0.936288
18.6556 0.939058
18.7647 0.941828
18.9957 0.944598
19.9629 0.947368
20.8451 0.950139
21.7279 0.952909
23.2048 0.955679
24.1114 0.958449
25.2126 0.961219
27.4138 0.963989
28.3258 0.966759
28.6038 0.969529
28.726 0.972299
29.6543 0.975069
30.2369 0.977839
30.6865 0.980609
32.2503 0.98338
34.3498 0.98615
39.5489 0.98892
39.8174 0.99169
42.1577 0.99446
43.275 0.99723
47.0481 1
