0.000009 0.00277008
0.000373 0.00554017
0.000606 0.00831025
0.001142 0.0110803
0.001341 0.0138504
0.001471 0.0166205
0.001527 0.0193906
0.001762 0.0221607
0.002287 0.0249307
0.002385 0.0277008
0.002465 0.0304709
0.002997 0.033241
0.003644 0.0360111
0.003897 0.0387812
0.004401 0.0415512
0.004673 0.0443213
0.004724 0.0470914
0.004764 0.0498615
0.004802 0.0526316
0.004941 0.0554017
0.005117 0.0581717
0.005244 0.0609418
0.005868 0.0637119
0.005917 0.066482
0.006378 0.0692521
0.006430 0.0720222
0.006833 0.0747922
0.007914 0.0775623
0.008172 0.0803324
0.008965 0.0831025
0.009729 0.0858726
0.009821 0.0886427
0.010180 0.0914127
0.010865 0.0941828
0.011020 0.0969529
0.011207 0.099723
0.011231 0.102493
0.011854 0.105263
0.012549 0.108033
0.012561 0.110803
0.013002 0.113573
0.013081 0.116343
0.013512 0.119114
0.013768 0.121884
0.014285 0.124654
0.014334 0.127424
0.015321 0.130194
0.015348 0.132964
0.015496 0.135734
0.017044 0.138504
0.017401 0.141274
0.017477 0.144044
0.018793 0.146814
0.019463 0.149584
0.019597 0.152355
0.019830 0.155125
0.019925 0.157895
0.020161 0.160665
0.020554 0.163435
0.020898 0.166205
0.021392 0.168975
0.021446 0.171745
0.022435 0.174515
0.022573 0.177285
0.023124 0.180055
0.023191 0.182825
0.023382 0.185596
0.024021 0.188366
0.024355 0.191136
0.025031 0.193906
0.025110 0.196676
0.025699 0.199446
0.025811 0.202216
0.026509 0.204986
0.026789 0.207756
0.027669 0.210526
0.027683 0.213296
0.027892 0.216066
0.028290 0.218837
0.028325 0.221607
0.028805 0.224377
0.028914 0.227147
0.029134 0.229917
0.029353 0.232687
0.029554 0.235457
0.029801 0.238227
0.030842 0.240997
0.031325 0.243767
0.031464 0.246537
0.031748 0.249307
0.032042 0.252078
0.033017 0.254848
0.033347 0.257618
0.033726 0.260388
0.033766 0.263158
0.034245 0.265928
0.034735 0.268698
0.035178 0.271468
0.035497 0.274238
0.035529 0.277008
0.036462 0.279778
0.037098 0.282548
0.037289 0.285319
0.037559 0.288089
0.037835 0.290859
0.040096 0.293629
0.040288 0.296399
0.040412 0.299169
0.041276 0.301939
0.042247 0.304709
0.043712 0.307479
0.043855 0.310249
0.044909 0.313019
0.047085 0.315789
0.047200 0.31856
0.047263 0.32133
0.047981 0.3241
0.049095 0.32687
0.049476 0.32964
0.051251 0.33241
0.051701 0.33518
0.051920 0.33795
0.052883 0.34072
0.053803 0.34349
0.054104 0.34626
0.055196 0.34903
0.056260 0.351801
0.057019 0.354571
0.057448 0.357341
0.057572 0.360111
0.057886 0.362881
0.057892 0.365651
0.059362 0.368421
0.060502 0.371191
0.061795 0.373961
0.061985 0.376731
0.063592 0.379501
0.063802 0.382271
0.064710 0.385042
0.064778 0.387812
0.067210 0.390582
0.067387 0.393352
0.067538 0.396122
0.067597 0.398892
0.067919 0.401662
0.068752 0.404432
0.069544 0.407202
0.069930 0.409972
0.070107 0.412742
0.071635 0.415512
0.072645 0.418283
0.072654 0.421053
0.072660 0.423823
0.072956 0.426593
0.073398 0.429363
0.074098 0.432133
0.074122 0.434903
0.075104 0.437673
0.075202 0.440443
0.075723 0.443213
0.076228 0.445983
0.077672 0.448753
0.078125 0.451524
0.078598 0.454294
0.079814 0.457064
0.080093 0.459834
0.080821 0.462604
0.081074 0.465374
0.081307 0.468144
0.081450 0.470914
0.082937 0.473684
0.083136 0.476454
0.086611 0.479224
0.087500 0.481994
0.088405 0.484765
0.089184 0.487535
0.090338 0.490305
0.091637 0.493075
0.095728 0.495845
0.096238 0.498615
0.096923 0.501385
0.098534 0.504155
0.098721 0.506925
0.101154 0.509695
0.101562 0.512465
0.102120 0.515235
0.102604 0.518006
0.103046 0.520776
0.105210 0.523546
0.106423 0.526316
0.107404 0.529086
0.108164 0.531856
0.110655 0.534626
0.110985 0.537396
0.112220 0.540166
0.114522 0.542936
0.115610 0.545706
0.116949 0.548476
0.122473 0.551247
0.124157 0.554017
0.128316 0.556787
0.130585 0.559557
0.134234 0.562327
0.135023 0.565097
0.136637 0.567867
0.136684 0.570637
0.137247 0.573407
0.137327 0.576177
0.137905 0.578947
0.138418 0.581717
0.138577 0.584488
0.140288 0.587258
0.141796 0.590028
0.142295 0.592798
0.148218 0.595568
0.152444 0.598338
0.153713 0.601108
0.153761 0.603878
0.153897 0.606648
0.155407 0.609418
0.155766 0.612188
0.164114 0.614958
0.173967 0.617729
0.175031 0.620499
0.176111 0.623269
0.178246 0.626039
0.180286 0.628809
0.181362 0.631579
0.181497 0.634349
0.182024 0.637119
0.184048 0.639889
0.186460 0.642659
0.189067 0.645429
0.190271 0.648199
0.195427 0.65097
0.200117 0.65374
0.201896 0.65651
0.202662 0.65928
0.211316 0.66205
0.211464 0.66482
0.211756 0.66759
0.216591 0.67036
0.216891 0.67313
0.227962 0.6759
0.228644 0.67867
0.228937 0.68144
0.231159 0.684211
0.232030 0.686981
0.235995 0.689751
0.245221 0.692521
0.246296 0.695291
0.247471 0.698061
0.248403 0.700831
0.251514 0.703601
0.255939 0.706371
0.259526 0.709141
0.273335 0.711911
0.276109 0.714681
0.280758 0.717452
0.286806 0.720222
0.288564 0.722992
0.294382 0.725762
0.295464 0.728532
0.295832 0.731302
0.298909 0.734072
0.330987 0.736842
0.337009 0.739612
0.339457 0.742382
0.340109 0.745152
0.342320 0.747922
0.353432 0.750693
0.357950 0.753463
0.361712 0.756233
0.362000 0.759003
0.367566 0.761773
0.373533 0.764543
0.376922 0.767313
0.378491 0.770083
0.386406 0.772853
0.389563 0.775623
0.403105 0.778393
0.406564 0.781163
0.408949 0.783934
0.412803 0.786704
0.417222 0.789474
0.468084 0.792244
0.472132 0.795014
0.496572 0.797784
0.532538 0.800554
0.549266 0.803324
0.557681 0.806094
0.561823 0.808864
0.566031 0.811634
0.567127 0.814404
0.569026 0.817175
0.575051 0.819945
0.579532 0.822715
0.599825 0.825485
0.621177 0.828255
0.667876 0.831025
0.668505 0.833795
0.673119 0.836565
0.678278 0.839335
0.698206 0.842105
0.734518 0.844875
0.738265 0.847645
0.822762 0.850416
0.843048 0.853186
0.882064 0.855956
0.905343 0.858726
0.917133 0.861496
0.947873 0.864266
0.950121 0.867036
1.014226 0.869806
1.060234 0.872576
1.181799 0.875346
1.200681 0.878116
1.208477 0.880886
1.276810 0.883657
1.319694 0.886427
1.354763 0.889197
1.426899 0.891967
1.467274 0.894737
1.529354 0.897507
1.539330 0.900277
1.541573 0.903047
1.665894 0.905817
1.816585 0.908587
1.937073 0.911357
1.985467 0.914127
1.995977 0.916898
2.144033 0.919668
2.191680 0.922438
2.246804 0.925208
2.355852 0.927978
2.451057 0.930748
2.830007 0.933518
3.054897 0.936288
3.242305 0.939058
3.349619 0.941828
3.687439 0.944598
3.701148 0.947368
4.077295 0.950139
4.139663 0.952909
4.269615 0.955679
4.688124 0.958449
4.966660 0.961219
4.992507 0.963989
5.196058 0.966759
5.513501 0.969529
5.803112 0.972299
6.402840 0.975069
6.594520 0.977839
6.650409 0.980609
6.836609 0.98338
7.287745 0.98615
11.542665 0.98892
12.408511 0.99169
15.129103 0.99446
28.775333 0.99723
30.237688 1
