0.003103 0.00277008
0.070080 0.00554017
0.184744 0.00831025
0.186129 0.0110803
0.227867 0.0138504
0.240739 0.0166205
0.414862 0.0193906
0.481023 0.0221607
0.490496 0.0249307
0.513715 0.0277008
0.519589 0.0304709
0.521222 0.033241
0.557405 0.0360111
0.563044 0.0387812
0.570000 0.0415512
0.572275 0.0443213
0.575538 0.0470914
0.580585 0.0498615
0.598511 0.0526316
0.636585 0.0554017
0.811024 0.0581717
0.936471 0.0609418
0.960683 0.0637119
1.084114 0.066482
1.459243 0.0692521
1.560926 0.0720222
1.677048 0.0747922
1.694221 0.0775623
1.831474 0.0803324
1.860906 0.0831025
1.892962 0.0858726
2.010754 0.0886427
2.077719 0.0914127
2.086931 0.0941828
2.143730 0.0969529
2.145256 0.099723
2.310482 0.102493
2.323270 0.105263
2.335042 0.108033
2.335930 0.110803
2.340454 0.113573
2.536377 0.116343
2.638150 0.119114
2.742198 0.121884
2.807421 0.124654
2.819361 0.127424
2.864561 0.130194
2.910400 0.132964
3.041161 0.135734
3.086172 0.138504
3.097168 0.141274
3.148241 0.144044
3.227175 0.146814
3.240106 0.149584
3.351095 0.152355
3.436488 0.155125
3.566716 0.157895
3.592591 0.160665
3.911256 0.163435
4.108945 0.166205
4.149073 0.168975
4.221698 0.171745
4.488940 0.174515
4.491785 0.177285
4.545602 0.180055
4.601620 0.182825
4.661740 0.185596
4.724247 0.188366
4.860811 0.191136
4.864966 0.193906
4.935704 0.196676
4.942479 0.199446
5.006227 0.202216
5.009278 0.204986
5.048388 0.207756
5.283982 0.210526
5.436463 0.213296
5.454940 0.216066
5.472826 0.218837
5.494747 0.221607
5.630035 0.224377
5.669145 0.227147
5.982333 0.229917
6.020674 0.232687
6.028577 0.235457
6.152846 0.238227
6.313887 0.240997
6.505375 0.243767
6.620923 0.246537
6.707546 0.249307
6.725306 0.252078
6.841059 0.254848
6.847718 0.257618
6.957716 0.260388
6.979936 0.263158
7.239729 0.265928
7.284020 0.268698
7.305297 0.271468
7.642052 0.274238
7.706221 0.277008
8.089039 0.279778
8.113489 0.282548
8.209129 0.285319
8.300048 0.288089
8.322598 0.290859
8.345169 0.293629
8.398209 0.296399
8.472669 0.299169
8.562230 0.301939
8.588990 0.304709
8.640946 0.307479
8.673789 0.310249
8.766884 0.313019
8.949287 0.315789
9.024139 0.31856
9.491149 0.32133
9.507847 0.3241
9.580701 0.32687
9.672829 0.32964
9.883647 0.33241
10.085338 0.33518
10.119581 0.33795
10.184952 0.34072
10.234614 0.34349
10.432331 0.34626
10.483232 0.34903
10.486505 0.351801
10.523727 0.354571
10.748465 0.357341
10.821891 0.360111
10.987055 0.362881
11.118915 0.365651
11.146662 0.368421
11.158167 0.371191
11.177300 0.373961
11.348813 0.376731
11.398712 0.379501
11.629508 0.382271
11.689021 0.385042
12.239688 0.387812
12.515739 0.390582
12.621945 0.393352
12.658001 0.396122
12.817754 0.398892
12.998284 0.401662
13.014260 0.404432
13.092643 0.407202
13.199937 0.409972
13.310429 0.412742
13.562731 0.415512
13.677101 0.418283
13.885897 0.421053
13.933213 0.423823
13.986900 0.426593
13.997878 0.429363
14.011551 0.432133
14.194934 0.434903
14.555101 0.437673
14.719579 0.440443
14.806673 0.443213
14.971796 0.445983
15.193336 0.448753
15.217811 0.451524
15.511288 0.454294
15.863203 0.457064
16.030397 0.459834
16.119169 0.462604
16.306064 0.465374
16.753703 0.468144
17.023630 0.470914
17.166188 0.473684
17.174022 0.476454
17.256226 0.479224
17.488040 0.481994
17.868917 0.484765
17.948969 0.487535
18.576515 0.490305
18.819304 0.493075
18.967228 0.495845
19.249350 0.498615
19.393191 0.501385
19.415316 0.504155
19.427599 0.506925
19.567995 0.509695
19.707161 0.512465
19.755216 0.515235
20.149234 0.518006
20.349564 0.520776
20.366311 0.523546
20.708050 0.526316
21.061110 0.529086
21.374166 0.531856
21.417497 0.534626
22.101209 0.537396
22.170341 0.540166
22.334330 0.542936
22.684924 0.545706
22.756322 0.548476
23.027925 0.551247
24.114594 0.554017
24.187197 0.556787
25.479358 0.559557
25.983700 0.562327
26.006466 0.565097
26.015338 0.567867
26.089272 0.570637
26.144591 0.573407
26.254350 0.576177
27.067304 0.578947
27.186128 0.581717
27.694082 0.584488
27.767557 0.587258
28.030291 0.590028
28.284985 0.592798
28.429380 0.595568
28.433070 0.598338
28.486302 0.601108
28.983426 0.603878
29.259077 0.606648
29.631981 0.609418
30.063933 0.612188
30.315763 0.614958
30.658528 0.617729
30.726191 0.620499
31.119648 0.623269
31.138778 0.626039
31.154728 0.628809
31.214195 0.631579
31.860921 0.634349
33.553457 0.637119
33.878934 0.639889
34.850359 0.642659
35.572553 0.645429
35.709971 0.648199
35.747179 0.65097
36.182237 0.65374
39.250186 0.65651
39.664227 0.65928
39.887476 0.66205
40.137050 0.66482
43.170834 0.66759
43.862548 0.67036
44.075960 0.67313
44.572154 0.6759
46.076319 0.67867
46.080452 0.68144
48.032209 0.684211
48.402876 0.686981
48.919916 0.689751
50.611317 0.692521
52.576613 0.695291
53.199893 0.698061
53.581625 0.700831
55.035055 0.703601
55.611056 0.706371
56.402123 0.709141
57.343930 0.711911
57.464820 0.714681
57.646018 0.717452
59.125990 0.720222
60.123152 0.722992
61.736780 0.725762
69.733298 0.728532
70.386451 0.731302
71.039861 0.734072
71.575898 0.736842
72.885460 0.739612
73.149645 0.742382
73.777473 0.745152
74.796414 0.747922
74.951929 0.750693
75.075114 0.753463
76.254320 0.756233
76.982832 0.759003
79.210949 0.761773
79.552323 0.764543
79.613346 0.767313
80.352145 0.770083
81.914735 0.772853
82.035518 0.775623
82.251662 0.778393
83.158445 0.781163
83.735645 0.783934
84.491813 0.786704
84.780407 0.789474
84.904802 0.792244
85.628301 0.795014
86.624223 0.797784
88.136894 0.800554
89.074147 0.803324
90.615284 0.806094
91.011596 0.808864
91.383284 0.811634
91.400474 0.814404
91.605347 0.817175
91.660631 0.819945
91.778713 0.822715
91.909152 0.825485
91.916251 0.828255
92.762089 0.831025
92.975879 0.833795
93.122578 0.836565
93.259794 0.839335
93.352365 0.842105
93.389750 0.844875
93.491679 0.847645
93.643636 0.850416
93.669003 0.853186
93.769598 0.855956
93.817496 0.858726
93.900210 0.861496
94.151902 0.864266
94.208443 0.867036
94.314194 0.869806
94.616354 0.872576
94.699794 0.875346
94.700342 0.878116
95.200413 0.880886
95.401913 0.883657
95.502836 0.886427
95.697433 0.889197
96.305209 0.891967
96.490008 0.894737
96.659589 0.897507
96.750510 0.900277
97.235739 0.903047
97.270483 0.905817
97.471488 0.908587
97.492063 0.911357
97.545552 0.914127
97.573930 0.916898
97.931260 0.919668
98.000056 0.922438
101.343250 0.925208
104.255223 0.927978
104.684258 0.930748
108.680928 0.933518
130.055141 0.936288
140.712476 0.939058
148.416305 0.941828
192.995620 0.944598
193.411887 0.947368
193.806112 0.950139
200.588632 0.952909
200.919843 0.955679
214.254093 0.958449
346.276641 0.961219
367.125106 0.963989
409.960461 0.966759
410.381079 0.969529
426.452398 0.972299
550.079346 0.975069
552.918625 0.977839
722.625828 0.980609
1339.385700 0.98338
1431.196976 0.98615
1480.934906 0.98892
2415.443993 0.99169
3292.017365 0.99446
3371.606445 0.99723
4038.189316 1
