 0.00554017
 0.00554017
0.0719283 0.00831025
0.0835187 0.0110803
0.0926556 0.0138504
0.122099 0.0166205
0.174315 0.0193906
0.189871 0.0221607
0.224189 0.0249307
0.287803 0.0277008
0.313473 0.0304709
0.349986 0.033241
0.358601 0.0360111
0.367711 0.0387812
0.427911 0.0415512
0.44971 0.0443213
0.469398 0.0470914
0.511527 0.0498615
0.541744 0.0526316
0.569345 0.0554017
0.605019 0.0581717
0.621668 0.0609418
0.633778 0.0637119
0.66769 0.066482
0.734032 0.0692521
0.835154 0.0720222
0.848069 0.0747922
0.85732 0.0775623
0.896629 0.0803324
0.897031 0.0831025
0.922353 0.0858726
0.936379 0.0886427
0.946269 0.0914127
1.00566 0.0941828
1.05463 0.0969529
1.05766 0.099723
1.06882 0.102493
1.09223 0.105263
1.11993 0.108033
1.12395 0.110803
1.13608 0.113573
1.14264 0.116343
1.22403 0.119114
1.26811 0.121884
1.2892 0.124654
1.28998 0.127424
1.30303 0.130194
1.32214 0.132964
1.36777 0.135734
1.38828 0.138504
1.41105 0.141274
1.44306 0.144044
1.46359 0.146814
1.48681 0.149584
1.50792 0.152355
1.54274 0.155125
1.54941 0.157895
1.57748 0.160665
1.58154 0.163435
1.5878 0.166205
1.58938 0.168975
1.59682 0.171745
1.62696 0.174515
1.64671 0.177285
1.67485 0.180055
1.72784 0.182825
1.74593 0.185596
1.76385 0.188366
1.76668 0.191136
1.77703 0.193906
1.79067 0.196676
1.8102 0.199446
1.81475 0.202216
1.82661 0.204986
1.83147 0.207756
1.83321 0.210526
1.85072 0.213296
1.88289 0.216066
1.92323 0.218837
1.98124 0.221607
1.98607 0.224377
2.0007 0.227147
2.07431 0.229917
2.09613 0.232687
2.12669 0.235457
2.13528 0.238227
2.14807 0.240997
2.1802 0.243767
2.19469 0.246537
2.20506 0.249307
2.23386 0.252078
2.27171 0.254848
2.30476 0.257618
2.30741 0.260388
2.31757 0.263158
2.32239 0.265928
2.32905 0.268698
2.35604 0.271468
2.40314 0.274238
2.44553 0.277008
2.45786 0.279778
2.47441 0.282548
2.47467 0.285319
2.49107 0.288089
2.49303 0.290859
2.51617 0.293629
2.55076 0.296399
2.57875 0.299169
2.65403 0.301939
2.67294 0.304709
2.70265 0.307479
2.74185 0.310249
2.78617 0.313019
2.79301 0.315789
2.8269 0.31856
2.83659 0.32133
2.86865 0.3241
2.89491 0.32687
2.90884 0.32964
2.94848 0.33241
2.97932 0.33518
3.0183 0.33795
3.04957 0.34072
3.05649 0.34349
3.11828 0.34626
3.13451 0.34903
3.13746 0.351801
3.15946 0.354571
3.17082 0.357341
3.18102 0.360111
3.18195 0.362881
3.19211 0.365651
3.22172 0.368421
3.31642 0.371191
3.32607 0.373961
3.34703 0.376731
3.40524 0.379501
3.42608 0.382271
3.42855 0.385042
3.44916 0.387812
3.46093 0.390582
3.51873 0.393352
3.52337 0.396122
3.52638 0.398892
3.5479 0.401662
3.56012 0.404432
3.57665 0.407202
3.61639 0.409972
3.6409 0.412742
3.65626 0.415512
3.77854 0.418283
3.77881 0.421053
3.82388 0.423823
3.85302 0.426593
3.8905 0.429363
3.92093 0.432133
3.99903 0.434903
4.01336 0.437673
4.01446 0.440443
4.02635 0.443213
4.02686 0.445983
4.03933 0.448753
4.09156 0.451524
4.12313 0.454294
4.14903 0.457064
4.1897 0.459834
4.19839 0.462604
4.26519 0.465374
4.3406 0.468144
4.34553 0.470914
4.34581 0.473684
4.35973 0.476454
4.46694 0.479224
4.49663 0.481994
4.56633 0.484765
4.58492 0.487535
4.6457 0.490305
4.67716 0.493075
4.72339 0.495845
4.7365 0.498615
4.74375 0.501385
4.80799 0.504155
4.80986 0.506925
4.81189 0.509695
4.87713 0.512465
4.89575 0.515235
4.93359 0.518006
4.95612 0.520776
4.9606 0.523546
4.97119 0.526316
4.97389 0.529086
4.9893 0.531856
5.01135 0.534626
5.0657 0.537396
5.07717 0.540166
5.09188 0.542936
5.12868 0.545706
5.23086 0.548476
5.26411 0.551247
5.28438 0.554017
5.28489 0.556787
5.31864 0.559557
5.3215 0.562327
5.35453 0.565097
5.44667 0.567867
5.45004 0.570637
5.46355 0.573407
5.54438 0.576177
5.59366 0.578947
5.60908 0.581717
5.68078 0.584488
5.7076 0.587258
5.88968 0.590028
5.89979 0.592798
5.90741 0.595568
5.97239 0.598338
5.99133 0.601108
6.03469 0.603878
6.08953 0.606648
6.09032 0.609418
6.09217 0.612188
6.19452 0.614958
6.23557 0.617729
6.26938 0.620499
6.31398 0.623269
6.36687 0.626039
6.42718 0.628809
6.54406 0.631579
6.6581 0.634349
6.66884 0.637119
6.75772 0.639889
6.75909 0.642659
6.78636 0.645429
6.82789 0.648199
6.83772 0.65097
6.87235 0.65374
6.88726 0.65651
6.9358 0.65928
6.96338 0.66205
7.01608 0.66482
7.06835 0.66759
7.21027 0.67036
7.34552 0.67313
7.34691 0.6759
7.36391 0.67867
7.36849 0.68144
7.37363 0.684211
7.48957 0.686981
7.5853 0.689751
7.63425 0.692521
7.71934 0.695291
7.82846 0.698061
7.92812 0.700831
7.94067 0.703601
7.99331 0.706371
8.03377 0.709141
8.23478 0.711911
8.3637 0.714681
8.39479 0.717452
8.41913 0.720222
8.45421 0.722992
8.52319 0.725762
8.81684 0.728532
8.8995 0.731302
8.92493 0.734072
9.06678 0.736842
9.07339 0.739612
9.10103 0.742382
9.16095 0.745152
9.1721 0.747922
9.19347 0.750693
9.21111 0.753463
9.24492 0.756233
9.31854 0.759003
9.34421 0.761773
9.36244 0.764543
9.36559 0.767313
9.44607 0.770083
9.89705 0.772853
9.94904 0.775623
9.97071 0.778393
10.0138 0.781163
10.1614 0.783934
10.1794 0.786704
10.2565 0.789474
10.2836 0.792244
10.2975 0.795014
10.3463 0.797784
10.5112 0.800554
10.576 0.803324
10.5905 0.806094
10.6235 0.808864
10.6995 0.811634
10.728 0.814404
10.918 0.817175
11.2482 0.819945
11.4181 0.822715
11.4668 0.825485
11.4955 0.828255
11.5579 0.831025
11.6558 0.833795
11.6898 0.836565
11.7544 0.839335
11.7789 0.842105
11.8117 0.844875
11.9436 0.847645
12.0072 0.850416
12.1156 0.853186
12.2866 0.855956
12.3927 0.858726
12.5547 0.861496
12.5619 0.864266
12.7043 0.867036
12.7705 0.869806
12.8225 0.872576
12.8466 0.875346
13.1342 0.878116
13.1617 0.880886
13.4699 0.883657
13.4902 0.886427
13.526 0.889197
13.5685 0.891967
13.6436 0.894737
13.7498 0.897507
13.7638 0.900277
13.8229 0.903047
14.1674 0.905817
14.1768 0.908587
14.3792 0.911357
14.4112 0.914127
14.4798 0.916898
14.5752 0.919668
14.621 0.922438
15.4021 0.925208
15.8959 0.927978
16.6351 0.930748
16.6946 0.933518
16.9036 0.936288
17.0468 0.939058
17.8609 0.941828
18.1767 0.944598
18.7647 0.947368
19.3047 0.950139
20.3966 0.952909
20.8202 0.955679
21.0009 0.958449
21.1044 0.961219
22.8337 0.963989
24.7364 0.966759
26.9274 0.969529
27.0324 0.972299
29.6569 0.975069
30.701 0.977839
33.9683 0.980609
36.8529 0.98338
37.977 0.98615
39.3385 0.98892
39.3926 0.99169
40.986 0.99446
41.1909 0.99723
42.4524 1
