0.011973 0.00277008
0.019522 0.00554017
0.096001 0.00831025
0.098261 0.0110803
0.173685 0.0138504
0.277537 0.0166205
0.291026 0.0193906
0.328817 0.0221607
0.388436 0.0249307
0.423459 0.0277008
0.423702 0.0304709
0.440145 0.033241
0.443581 0.0360111
0.457283 0.0387812
0.480320 0.0415512
0.522218 0.0443213
0.545597 0.0470914
0.577326 0.0498615
0.606941 0.0526316
0.629744 0.0554017
0.640171 0.0581717
0.654718 0.0609418
0.720208 0.0637119
0.723607 0.066482
0.724361 0.0692521
0.761907 0.0720222
0.762217 0.0747922
0.805482 0.0775623
0.813303 0.0803324
0.852522 0.0831025
0.855787 0.0858726
0.876472 0.0886427
0.894945 0.0914127
0.917354 0.0941828
0.926828 0.0969529
0.935201 0.099723
0.949846 0.102493
0.951277 0.105263
0.955856 0.108033
0.956729 0.110803
1.036254 0.113573
1.051002 0.116343
1.061854 0.119114
1.063799 0.121884
1.118225 0.124654
1.159948 0.127424
1.199769 0.130194
1.206017 0.132964
1.222931 0.135734
1.225456 0.138504
1.237905 0.141274
1.248381 0.144044
1.319180 0.146814
1.327453 0.149584
1.403186 0.152355
1.422015 0.155125
1.454678 0.157895
1.476328 0.160665
1.502281 0.163435
1.506631 0.166205
1.526437 0.168975
1.539568 0.171745
1.555630 0.174515
1.607842 0.177285
1.618406 0.180055
1.619172 0.182825
1.644317 0.185596
1.660480 0.188366
1.689541 0.191136
1.732400 0.193906
1.733519 0.196676
1.754082 0.199446
1.764856 0.202216
1.836327 0.204986
1.870439 0.207756
1.892468 0.210526
1.936224 0.213296
1.942688 0.216066
1.979929 0.218837
1.986787 0.221607
1.989022 0.224377
1.997865 0.227147
2.009605 0.229917
2.027319 0.232687
2.035586 0.235457
2.062272 0.238227
2.075182 0.240997
2.076462 0.243767
2.083588 0.246537
2.101666 0.249307
2.107605 0.252078
2.125421 0.254848
2.131320 0.257618
2.147524 0.260388
2.198054 0.263158
2.213890 0.265928
2.235601 0.268698
2.259823 0.271468
2.289460 0.274238
2.292828 0.277008
2.308797 0.279778
2.382546 0.282548
2.448206 0.285319
2.456671 0.288089
2.457294 0.290859
2.481193 0.293629
2.488030 0.296399
2.538235 0.299169
2.583831 0.301939
2.629664 0.304709
2.644255 0.307479
2.689405 0.310249
2.698052 0.313019
2.716379 0.315789
2.717997 0.31856
2.741851 0.32133
2.748933 0.3241
2.818789 0.32687
2.826863 0.32964
2.838141 0.33241
2.896047 0.33518
2.914063 0.33795
2.922596 0.34072
2.927340 0.34349
2.950135 0.34626
2.959780 0.34903
2.973079 0.351801
2.974686 0.354571
3.002949 0.357341
3.006629 0.360111
3.021169 0.362881
3.051911 0.365651
3.071490 0.368421
3.111842 0.371191
3.159396 0.373961
3.222436 0.376731
3.223668 0.379501
3.282549 0.382271
3.284744 0.385042
3.284984 0.387812
3.313902 0.390582
3.319991 0.393352
3.346771 0.396122
3.405397 0.398892
3.425916 0.401662
3.442682 0.404432
3.453758 0.407202
3.476309 0.409972
3.515042 0.412742
3.537547 0.415512
3.563214 0.418283
3.567424 0.421053
3.647922 0.423823
3.669019 0.426593
3.673129 0.429363
3.713147 0.432133
3.714005 0.434903
3.733401 0.437673
3.735173 0.440443
3.755353 0.443213
3.777205 0.445983
3.845135 0.448753
3.851247 0.451524
3.979805 0.454294
4.016842 0.457064
4.048293 0.459834
4.062683 0.462604
4.063232 0.465374
4.079252 0.468144
4.084959 0.470914
4.104681 0.473684
4.129862 0.476454
4.154565 0.479224
4.208803 0.481994
4.228674 0.484765
4.247288 0.487535
4.267173 0.490305
4.275680 0.493075
4.278788 0.495845
4.290223 0.498615
4.402506 0.501385
4.409128 0.504155
4.527375 0.506925
4.531851 0.509695
4.588276 0.512465
4.627970 0.515235
4.652056 0.518006
4.756963 0.520776
4.786493 0.523546
4.809230 0.526316
4.815172 0.529086
4.817225 0.531856
4.848353 0.534626
4.874937 0.537396
4.888890 0.540166
4.895384 0.542936
4.902665 0.545706
4.951986 0.548476
4.963231 0.551247
4.996014 0.554017
5.021976 0.556787
5.032345 0.559557
5.085227 0.562327
5.129291 0.565097
5.144823 0.567867
5.232742 0.570637
5.301005 0.573407
5.339215 0.576177
5.350103 0.578947
5.449721 0.581717
5.464548 0.584488
5.638197 0.587258
5.690369 0.590028
5.703275 0.592798
5.750236 0.595568
5.770611 0.598338
5.835187 0.601108
5.846868 0.603878
5.852421 0.606648
5.911807 0.609418
5.953050 0.612188
6.008555 0.614958
6.046852 0.617729
6.053562 0.620499
6.061663 0.623269
6.098780 0.626039
6.111265 0.628809
6.173524 0.631579
6.259084 0.634349
6.345557 0.637119
6.410934 0.639889
6.412767 0.642659
6.428684 0.645429
6.528944 0.648199
6.539857 0.65097
6.597146 0.65374
6.713706 0.65651
6.723426 0.65928
6.745025 0.66205
6.774393 0.66482
6.775288 0.66759
6.775416 0.67036
6.816550 0.67313
6.983346 0.6759
7.063559 0.67867
7.097883 0.68144
7.166111 0.684211
7.185663 0.686981
7.307672 0.689751
7.376245 0.692521
7.465476 0.695291
7.535941 0.698061
7.545086 0.700831
7.548144 0.703601
7.655033 0.706371
7.676586 0.709141
7.764432 0.711911
7.773844 0.714681
7.799416 0.717452
7.857291 0.720222
8.064494 0.722992
8.091044 0.725762
8.325156 0.728532
8.413823 0.731302
8.465913 0.734072
8.550765 0.736842
8.612059 0.739612
8.878431 0.742382
9.079111 0.745152
9.097680 0.747922
9.099621 0.750693
9.149490 0.753463
9.154272 0.756233
9.213360 0.759003
9.214234 0.761773
9.218478 0.764543
9.271009 0.767313
9.299535 0.770083
9.465534 0.772853
9.769306 0.775623
9.923914 0.778393
10.007162 0.781163
10.079020 0.783934
10.112864 0.786704
10.137688 0.789474
10.165831 0.792244
10.178403 0.795014
10.246774 0.797784
10.289298 0.800554
10.466227 0.803324
10.479218 0.806094
10.479452 0.808864
10.527900 0.811634
10.733985 0.814404
10.735890 0.817175
10.796838 0.819945
10.842966 0.822715
11.174864 0.825485
11.297540 0.828255
11.422028 0.831025
11.428100 0.833795
11.510462 0.836565
11.592945 0.839335
11.593450 0.842105
11.593568 0.844875
11.611295 0.847645
11.708314 0.850416
11.911671 0.853186
11.961445 0.855956
12.138880 0.858726
12.158840 0.861496
12.247227 0.864266
12.376752 0.867036
12.605418 0.869806
12.681265 0.872576
12.711157 0.875346
12.933825 0.878116
12.937564 0.880886
12.972884 0.883657
13.028656 0.886427
13.085054 0.889197
13.164300 0.891967
13.272159 0.894737
13.288754 0.897507
13.471277 0.900277
13.541195 0.903047
13.590844 0.905817
14.035083 0.908587
14.049293 0.911357
14.234310 0.914127
14.307266 0.916898
14.387023 0.919668
14.549796 0.922438
14.602920 0.925208
14.927934 0.927978
15.809116 0.930748
16.337192 0.933518
16.384535 0.936288
16.427271 0.939058
16.606246 0.941828
16.952173 0.944598
18.062067 0.947368
18.839148 0.950139
20.120402 0.952909
20.241524 0.955679
20.300777 0.958449
20.323610 0.961219
22.541380 0.963989
24.695316 0.966759
26.734647 0.969529
26.973391 0.972299
29.593676 0.975069
29.995817 0.977839
33.490089 0.980609
36.510852 0.98338
36.845046 0.98615
37.566650 0.98892
38.836157 0.99169
39.122012 0.99446
39.373243 0.99723
41.608509 1
