0.555542 0.00277008
0.694824 0.00554017
2.097656 0.00831025
3.182983 0.0110803
3.236694 0.0138504
3.277100 0.0166205
3.552002 0.0193906
3.761230 0.0221607
6.759033 0.0249307
7.452637 0.0277008
7.513184 0.0304709
7.789795 0.033241
7.899780 0.0360111
8.330078 0.0387812
9.121826 0.0415512
9.788574 0.0443213
9.809814 0.0470914
9.960815 0.0498615
10.878418 0.0526316
13.193115 0.0554017
13.661377 0.0581717
13.911865 0.0609418
13.932007 0.0637119
15.134521 0.066482
15.714355 0.0692521
15.909912 0.0720222
16.239990 0.0747922
16.904297 0.0775623
17.626709 0.0803324
17.635742 0.0831025
17.865601 0.0858726
18.222290 0.0886427
18.959717 0.0914127
18.989380 0.0941828
20.110962 0.0969529
20.153320 0.099723
20.189209 0.102493
20.308960 0.105263
20.676270 0.108033
20.695312 0.110803
20.802979 0.113573
21.536377 0.116343
21.747192 0.119114
21.820557 0.121884
22.359375 0.124654
23.305908 0.127424
23.667236 0.130194
23.782227 0.132964
23.882812 0.135734
24.517700 0.138504
25.007812 0.141274
25.046021 0.144044
25.092896 0.146814
25.621094 0.149584
25.751465 0.152355
25.971191 0.155125
27.270020 0.157895
27.512451 0.160665
27.747192 0.163435
28.398193 0.166205
28.678467 0.168975
29.722412 0.171745
29.821777 0.174515
30.554199 0.177285
31.374756 0.180055
31.745850 0.182825
33.319336 0.185596
33.325195 0.188366
34.535889 0.191136
34.592896 0.193906
35.303711 0.196676
36.283325 0.199446
36.291870 0.202216
37.903809 0.204986
37.942749 0.207756
38.038818 0.210526
38.913818 0.213296
39.037842 0.216066
39.406250 0.218837
39.468994 0.221607
39.881348 0.224377
40.709473 0.227147
40.761108 0.229917
40.822266 0.232687
41.124512 0.235457
42.556030 0.238227
43.223511 0.240997
43.773682 0.243767
43.934937 0.246537
44.496704 0.249307
47.002930 0.252078
47.427490 0.254848
47.915527 0.257618
48.412354 0.260388
48.461548 0.263158
49.023071 0.265928
49.277466 0.268698
49.489136 0.271468
49.583862 0.274238
49.602051 0.277008
49.749268 0.279778
50.486694 0.282548
50.895264 0.285319
51.822388 0.288089
52.241821 0.290859
52.564209 0.293629
52.830811 0.296399
52.879639 0.299169
53.189941 0.301939
53.207031 0.304709
54.869263 0.307479
56.009033 0.310249
56.104980 0.313019
56.160339 0.315789
56.182251 0.31856
56.985840 0.32133
57.197632 0.3241
57.669678 0.32687
58.175049 0.32964
58.257324 0.33241
58.763428 0.33518
63.612061 0.33795
64.366455 0.34072
64.395508 0.34349
65.353027 0.34626
65.958496 0.34903
67.624512 0.351801
68.255859 0.354571
68.381226 0.357341
69.197754 0.360111
69.501465 0.362881
70.092529 0.365651
71.307861 0.368421
71.352295 0.371191
72.004761 0.373961
72.081299 0.376731
72.433960 0.379501
72.526123 0.382271
72.694214 0.385042
73.684448 0.387812
74.214355 0.390582
74.448242 0.393352
74.696411 0.396122
74.944336 0.398892
75.805176 0.401662
75.905151 0.404432
76.573242 0.407202
76.632812 0.409972
77.012207 0.412742
77.529358 0.415512
78.893555 0.418283
80.873779 0.421053
81.272949 0.423823
82.142700 0.426593
84.824951 0.429363
86.483887 0.432133
86.662231 0.434903
86.848022 0.437673
88.699585 0.440443
88.722656 0.443213
89.962402 0.445983
90.451843 0.448753
90.666504 0.451524
92.121582 0.454294
92.128906 0.457064
92.319580 0.459834
93.219116 0.462604
93.844482 0.465374
94.908203 0.468144
95.290527 0.470914
95.437012 0.473684
95.752197 0.476454
95.834595 0.479224
96.457520 0.481994
97.098633 0.484765
97.687622 0.487535
97.968506 0.490305
97.970215 0.493075
98.373047 0.495845
98.388855 0.498615
99.601807 0.501385
100.355957 0.504155
100.932861 0.506925
101.311523 0.509695
101.647095 0.512465
101.827637 0.515235
103.667236 0.518006
103.829346 0.520776
104.234802 0.523546
105.249084 0.526316
106.592224 0.529086
107.586182 0.531856
109.861450 0.534626
110.814209 0.537396
111.421875 0.540166
113.466553 0.542936
115.521484 0.545706
115.713379 0.548476
115.974609 0.551247
116.059937 0.554017
116.469482 0.556787
116.626953 0.559557
116.907349 0.562327
117.159424 0.565097
117.258545 0.567867
118.250488 0.570637
120.661133 0.573407
123.411743 0.576177
123.996582 0.578947
125.003662 0.581717
125.124146 0.584488
125.664062 0.587258
126.105225 0.590028
128.297607 0.592798
128.848145 0.595568
130.621094 0.598338
133.429199 0.601108
133.988525 0.603878
136.829224 0.606648
139.515869 0.609418
141.148438 0.612188
141.173950 0.614958
141.756592 0.617729
144.444580 0.620499
145.551636 0.623269
145.827148 0.626039
146.063232 0.628809
146.436035 0.631579
147.696777 0.634349
147.759277 0.637119
148.633545 0.639889
148.881714 0.642659
149.390625 0.645429
150.781494 0.648199
151.920410 0.65097
153.269531 0.65374
153.640625 0.65651
160.936035 0.65928
161.429077 0.66205
162.161133 0.66482
162.339355 0.66759
162.689697 0.67036
162.748291 0.67313
162.986084 0.6759
164.580322 0.67867
164.875732 0.68144
167.885010 0.684211
168.470215 0.686981
171.241211 0.689751
172.292480 0.692521
172.399414 0.695291
174.025513 0.698061
175.739014 0.700831
175.992676 0.703601
176.426514 0.706371
177.208984 0.709141
179.950195 0.711911
181.272461 0.714681
181.885742 0.717452
184.703125 0.720222
184.737549 0.722992
184.848877 0.725762
186.464844 0.728532
187.088867 0.731302
188.748291 0.734072
188.885254 0.736842
192.578125 0.739612
192.627441 0.742382
193.769775 0.745152
199.093384 0.747922
203.837402 0.750693
203.946655 0.753463
205.425537 0.756233
208.383057 0.759003
209.247070 0.761773
215.027100 0.764543
215.986084 0.767313
218.133789 0.770083
220.574463 0.772853
227.764648 0.775623
230.702637 0.778393
232.621094 0.781163
235.262207 0.783934
238.278198 0.786704
240.324707 0.789474
240.749756 0.792244
247.280029 0.795014
247.377686 0.797784
247.435547 0.800554
249.828857 0.803324
253.953125 0.806094
258.022705 0.808864
260.299561 0.811634
260.980103 0.814404
261.646973 0.817175
263.153564 0.819945
263.404785 0.822715
264.141968 0.825485
269.138306 0.828255
270.017334 0.831025
270.845459 0.833795
271.430664 0.836565
275.276367 0.839335
277.608154 0.842105
281.612183 0.844875
289.513428 0.847645
290.285889 0.850416
292.956299 0.853186
296.850708 0.855956
296.959717 0.858726
300.082275 0.861496
301.377441 0.864266
302.508545 0.867036
304.015869 0.869806
306.165771 0.872576
306.238647 0.875346
309.876465 0.878116
313.370361 0.880886
313.850098 0.883657
315.370605 0.886427
315.744873 0.889197
318.685547 0.891967
322.723389 0.894737
322.865723 0.897507
323.236206 0.900277
330.273682 0.903047
343.916016 0.905817
347.128540 0.908587
351.395996 0.911357
361.911377 0.914127
375.979248 0.916898
383.013916 0.919668
388.266113 0.922438
388.596924 0.925208
411.365234 0.927978
411.875977 0.930748
417.512695 0.933518
421.286377 0.936288
436.647217 0.939058
448.483398 0.941828
481.187744 0.944598
495.617676 0.947368
496.552002 0.950139
505.739746 0.952909
559.350586 0.955679
565.942383 0.958449
594.454590 0.961219
655.423340 0.963989
661.797363 0.966759
716.965576 0.969529
794.140625 0.972299
802.572998 0.975069
803.936279 0.977839
808.503174 0.980609
820.440308 0.98338
856.214600 0.98615
984.151611 0.98892
1228.045898 0.99169
1283.871460 0.99446
1321.487549 0.99723
1414.318237 1
