1.17502 0.00277008
1.49877 0.00554017
1.94375 0.00831025
2.28457 0.0110803
2.7141 0.0138504
2.86916 0.0166205
3.08328 0.0193906
5.09505 0.0221607
6.04651 0.0249307
6.47018 0.0277008
6.603 0.0304709
7.95067 0.033241
9.58667 0.0360111
12.1671 0.0387812
12.6353 0.0415512
12.8284 0.0443213
12.954 0.0470914
12.9601 0.0498615
12.9812 0.0526316
14.1199 0.0554017
15.9728 0.0581717
16.2316 0.0609418
16.4572 0.0637119
16.5429 0.066482
16.8306 0.0692521
17.9322 0.0720222
18.0289 0.0747922
18.3985 0.0775623
18.6107 0.0803324
18.8127 0.0831025
19.794 0.0858726
19.902 0.0886427
20.0319 0.0914127
21.3711 0.0941828
22.9756 0.0969529
22.9965 0.099723
23.3981 0.102493
23.5728 0.105263
24.4943 0.108033
25.249 0.110803
25.8348 0.113573
26.856 0.116343
27.4607 0.119114
27.6781 0.121884
28.3833 0.124654
28.4915 0.127424
29.3384 0.130194
29.3503 0.132964
29.3615 0.135734
29.7517 0.138504
29.8112 0.141274
30.5032 0.144044
30.7111 0.146814
31.1532 0.149584
33.3675 0.152355
33.507 0.155125
33.6503 0.157895
33.9372 0.160665
34.0257 0.163435
34.0916 0.166205
34.7506 0.168975
35.8985 0.171745
36.7645 0.174515
37.3731 0.177285
37.4373 0.180055
38.4775 0.182825
39.0862 0.185596
41.5095 0.188366
41.655 0.191136
42.832 0.193906
42.9767 0.196676
43.2341 0.199446
43.823 0.202216
44.8277 0.204986
45.2122 0.207756
45.4791 0.210526
45.5594 0.213296
45.7107 0.216066
45.8922 0.218837
45.9848 0.221607
46.2488 0.224377
46.4701 0.227147
47.2881 0.229917
47.4219 0.232687
47.9376 0.235457
47.9842 0.238227
48.0297 0.240997
50.2321 0.243767
51.2459 0.246537
51.2704 0.249307
51.4322 0.252078
51.8452 0.254848
51.9722 0.257618
52.9403 0.260388
53.2291 0.263158
53.3613 0.265928
53.7676 0.268698
53.9047 0.271468
54.7432 0.274238
54.9541 0.277008
55.3201 0.279778
55.6568 0.282548
56.2982 0.285319
56.3719 0.288089
56.5714 0.290859
57.4183 0.293629
57.4992 0.296399
57.8298 0.299169
57.9916 0.301939
58.0612 0.304709
58.0782 0.307479
58.1868 0.310249
58.324 0.313019
59.0962 0.315789
59.4617 0.31856
60.6153 0.32133
60.7068 0.3241
61.1194 0.32687
63.9784 0.32964
64.3704 0.33241
64.7256 0.33518
65.5848 0.33795
67.0512 0.34072
68.1563 0.34349
68.4448 0.34626
69.0831 0.34903
69.3918 0.351801
69.7133 0.354571
70.3289 0.357341
70.8403 0.360111
71.0989 0.362881
71.5927 0.365651
73.5533 0.368421
74.2624 0.371191
74.732 0.373961
75.0136 0.376731
75.0649 0.379501
76.1382 0.382271
76.1606 0.385042
76.2198 0.387812
76.704 0.390582
77.0008 0.393352
77.3566 0.396122
77.7016 0.398892
80.2222 0.401662
81.2656 0.404432
82.6909 0.407202
83.1916 0.409972
83.1948 0.412742
83.3503 0.415512
83.9229 0.418283
84.1986 0.421053
84.759 0.423823
84.8506 0.426593
86.9381 0.429363
87.8827 0.432133
87.9098 0.434903
89.2839 0.437673
90.0718 0.440443
90.2149 0.443213
90.5949 0.445983
90.6939 0.448753
91.4262 0.451524
93.5816 0.454294
94.9397 0.457064
95.9261 0.459834
97.1588 0.462604
97.3253 0.465374
97.987 0.468144
98.56 0.470914
98.7218 0.473684
100.134 0.476454
100.194 0.479224
100.911 0.481994
101.674 0.484765
102.177 0.487535
102.258 0.490305
102.45 0.493075
102.581 0.495845
102.826 0.498615
105.019 0.501385
105.357 0.504155
105.659 0.506925
106.083 0.509695
107.563 0.512465
107.794 0.515235
108.609 0.518006
112.768 0.520776
114.363 0.523546
115.484 0.526316
117.034 0.529086
117.223 0.531856
117.494 0.534626
117.506 0.537396
119.907 0.540166
120.591 0.542936
120.939 0.545706
121.791 0.548476
124.323 0.551247
124.738 0.554017
125.474 0.556787
126.891 0.559557
129.552 0.562327
130.223 0.565097
130.393 0.567867
131.95 0.570637
133.047 0.573407
136.908 0.576177
137.278 0.578947
138.156 0.581717
138.644 0.584488
138.929 0.587258
140.654 0.590028
141.877 0.592798
143.351 0.595568
144.288 0.598338
144.934 0.601108
150.388 0.603878
151.463 0.606648
151.672 0.609418
151.679 0.612188
152.749 0.614958
152.877 0.617729
153.304 0.620499
155.878 0.623269
160.225 0.626039
162.735 0.628809
165.682 0.631579
165.861 0.634349
167.061 0.637119
168.244 0.639889
168.482 0.642659
169.122 0.645429
170.58 0.648199
171.393 0.65097
171.919 0.65374
172.937 0.65651
172.99 0.65928
174.87 0.66205
175.495 0.66482
176.03 0.66759
176.087 0.67036
177.078 0.67313
177.695 0.6759
179.004 0.67867
179.874 0.68144
180.646 0.684211
182.461 0.686981
184.336 0.689751
191.63 0.692521
191.928 0.695291
192.37 0.698061
196.476 0.700831
198.064 0.703601
201.67 0.706371
208.865 0.709141
209.794 0.711911
213.006 0.714681
214.862 0.717452
217.686 0.720222
217.74 0.722992
220.191 0.725762
224.425 0.728532
225.025 0.731302
225.995 0.734072
226.134 0.736842
226.551 0.739612
227.299 0.742382
227.382 0.745152
227.99 0.747922
228.942 0.750693
229.249 0.753463
229.742 0.756233
233.112 0.759003
233.707 0.761773
235.851 0.764543
235.989 0.767313
238.744 0.770083
239.295 0.772853
239.726 0.775623
242.886 0.778393
243.453 0.781163
243.501 0.783934
243.667 0.786704
252.251 0.789474
255.354 0.792244
260.345 0.795014
260.832 0.797784
263.082 0.800554
263.22 0.803324
263.237 0.806094
265.95 0.808864
271.307 0.811634
276.534 0.814404
281.274 0.817175
281.368 0.819945
281.931 0.822715
283.616 0.825485
284.112 0.828255
284.817 0.831025
290.234 0.833795
290.924 0.836565
291.225 0.839335
300.787 0.842105
303.221 0.844875
305.044 0.847645
306.119 0.850416
314.985 0.853186
317.725 0.855956
319.705 0.858726
319.866 0.861496
322.482 0.864266
323.211 0.867036
327.033 0.869806
330.725 0.872576
337.416 0.875346
339.966 0.878116
340.767 0.880886
344.359 0.883657
345.877 0.886427
346.512 0.889197
346.634 0.891967
355.836 0.894737
359.352 0.897507
365.037 0.900277
368.64 0.903047
369.021 0.905817
373.093 0.908587
380.545 0.911357
395.959 0.914127
399.67 0.916898
409.077 0.919668
424.133 0.922438
436.727 0.925208
449.844 0.927978
456.699 0.930748
458.851 0.933518
464.276 0.936288
466.924 0.939058
470.635 0.941828
472.779 0.944598
508.557 0.947368
538.199 0.950139
539.706 0.952909
543.231 0.955679
558.081 0.958449
584.517 0.961219
657.498 0.963989
670.028 0.966759
681.463 0.969529
695.862 0.972299
733.555 0.975069
831.247 0.977839
854.231 0.980609
928.254 0.98338
928.321 0.98615
938.003 0.98892
973.501 0.99169
1037.36 0.99446
1260.18 0.99723
1309.11 1
