0.019522 0.00277008
0.043718 0.00554017
0.114024 0.00831025
0.178561 0.0110803
0.197214 0.0138504
0.210848 0.0166205
0.231066 0.0193906
0.231885 0.0221607
0.236686 0.0249307
0.266499 0.0277008
0.266716 0.0304709
0.285264 0.033241
0.310533 0.0360111
0.325015 0.0387812
0.333753 0.0415512
0.357331 0.0443213
0.416648 0.0470914
0.464483 0.0498615
0.480704 0.0526316
0.548359 0.0554017
0.565395 0.0581717
0.624399 0.0609418
0.628663 0.0637119
0.640171 0.066482
0.640702 0.0692521
0.660295 0.0720222
0.679430 0.0747922
0.683054 0.0775623
0.702956 0.0803324
0.712202 0.0831025
0.717298 0.0858726
0.732201 0.0886427
0.759966 0.0914127
0.762514 0.0941828
0.804852 0.0969529
0.809648 0.099723
0.825664 0.102493
0.852522 0.105263
0.872763 0.108033
0.894908 0.110803
0.957993 0.113573
0.973879 0.116343
0.981851 0.119114
1.092951 0.121884
1.168313 0.124654
1.187038 0.127424
1.205839 0.130194
1.208772 0.132964
1.215868 0.135734
1.230368 0.138504
1.230955 0.141274
1.239854 0.144044
1.244364 0.146814
1.246484 0.149584
1.276669 0.152355
1.293951 0.155125
1.303891 0.157895
1.313824 0.160665
1.359795 0.163435
1.381617 0.166205
1.413820 0.168975
1.422015 0.171745
1.438048 0.174515
1.477175 0.177285
1.493647 0.180055
1.539568 0.182825
1.596762 0.185596
1.601851 0.188366
1.639939 0.191136
1.668067 0.193906
1.697231 0.196676
1.703413 0.199446
1.779347 0.202216
1.790298 0.204986
1.827775 0.207756
1.879397 0.210526
1.891095 0.213296
1.979994 0.216066
1.982692 0.218837
1.991547 0.221607
2.003555 0.224377
2.022458 0.227147
2.035586 0.229917
2.039803 0.232687
2.065550 0.235457
2.083588 0.238227
2.093460 0.240997
2.115887 0.243767
2.151676 0.246537
2.170468 0.249307
2.190189 0.252078
2.231709 0.254848
2.249856 0.257618
2.284908 0.260388
2.396419 0.263158
2.396892 0.265928
2.400714 0.268698
2.429850 0.271468
2.448206 0.274238
2.456671 0.277008
2.497261 0.279778
2.536467 0.282548
2.539139 0.285319
2.542088 0.288089
2.577502 0.290859
2.636963 0.293629
2.701368 0.296399
2.769454 0.299169
2.815492 0.301939
2.818789 0.304709
2.825549 0.307479
2.833786 0.310249
2.834329 0.313019
2.856771 0.315789
2.877265 0.31856
2.877682 0.32133
2.886194 0.3241
2.941508 0.32687
2.971778 0.32964
2.988192 0.33241
2.995539 0.33518
3.002949 0.33795
3.020972 0.34072
3.091731 0.34349
3.096710 0.34626
3.105794 0.34903
3.111842 0.351801
3.113032 0.354571
3.126449 0.357341
3.126480 0.360111
3.190082 0.362881
3.220220 0.365651
3.233859 0.368421
3.274553 0.371191
3.296208 0.373961
3.327956 0.376731
3.417375 0.379501
3.422297 0.382271
3.456784 0.385042
3.472460 0.387812
3.503463 0.390582
3.510939 0.393352
3.534165 0.396122
3.555638 0.398892
3.559282 0.401662
3.649750 0.404432
3.654050 0.407202
3.702235 0.409972
3.761163 0.412742
3.771866 0.415512
3.776544 0.418283
3.783786 0.421053
3.803534 0.423823
3.824549 0.426593
3.885528 0.429363
3.915817 0.432133
3.931956 0.434903
3.934965 0.437673
3.937056 0.440443
3.968446 0.443213
3.978188 0.445983
3.987875 0.448753
4.079252 0.451524
4.085074 0.454294
4.107127 0.457064
4.114854 0.459834
4.138843 0.462604
4.150936 0.465374
4.203672 0.468144
4.215075 0.470914
4.215505 0.473684
4.266590 0.476454
4.291441 0.479224
4.308094 0.481994
4.308096 0.484765
4.384082 0.487535
4.408959 0.490305
4.448439 0.493075
4.517192 0.495845
4.525622 0.498615
4.550452 0.501385
4.555427 0.504155
4.567792 0.506925
4.601693 0.509695
4.640479 0.512465
4.817859 0.515235
4.838139 0.518006
4.850231 0.520776
4.869878 0.523546
4.871196 0.526316
4.947629 0.529086
4.957215 0.531856
4.963928 0.534626
4.970541 0.537396
4.990135 0.540166
4.991875 0.542936
4.994337 0.545706
5.009257 0.548476
5.028416 0.551247
5.065348 0.554017
5.223592 0.556787
5.242647 0.559557
5.260530 0.562327
5.262004 0.565097
5.321303 0.567867
5.346685 0.570637
5.352003 0.573407
5.386893 0.576177
5.390818 0.578947
5.397427 0.581717
5.544358 0.584488
5.559195 0.587258
5.589695 0.590028
5.592702 0.592798
5.668517 0.595568
5.713427 0.598338
5.750179 0.601108
5.789813 0.603878
5.861093 0.606648
5.900765 0.609418
5.912277 0.612188
5.917062 0.614958
6.155887 0.617729
6.167931 0.620499
6.207196 0.623269
6.230187 0.626039
6.301179 0.628809
6.317008 0.631579
6.321282 0.634349
6.326718 0.637119
6.452182 0.639889
6.481649 0.642659
6.528944 0.645429
6.564992 0.648199
6.597880 0.65097
6.617479 0.65374
6.623841 0.65651
6.724483 0.65928
6.725125 0.66205
6.769063 0.66482
6.971745 0.66759
6.972429 0.67036
7.013268 0.67313
7.016781 0.6759
7.083564 0.67867
7.157739 0.68144
7.199002 0.684211
7.200153 0.686981
7.206091 0.689751
7.206908 0.692521
7.255883 0.695291
7.383005 0.698061
7.449848 0.700831
7.589538 0.703601
7.611018 0.706371
7.680130 0.709141
7.745064 0.711911
7.793698 0.714681
7.867264 0.717452
7.952893 0.720222
7.971056 0.722992
7.995488 0.725762
8.040801 0.728532
8.064494 0.731302
8.203171 0.734072
8.285536 0.736842
8.374132 0.739612
8.408387 0.742382
8.474769 0.745152
8.517670 0.747922
8.528832 0.750693
8.613130 0.753463
8.651102 0.756233
8.953980 0.759003
9.068035 0.761773
9.081273 0.764543
9.258233 0.767313
9.462237 0.770083
9.550531 0.772853
9.638337 0.775623
9.794047 0.778393
9.812846 0.781163
9.856570 0.783934
9.897520 0.786704
9.907254 0.789474
10.145926 0.792244
10.367627 0.795014
10.373822 0.797784
10.379204 0.800554
10.457604 0.803324
10.493735 0.806094
10.496750 0.808864
10.497741 0.811634
10.641882 0.814404
10.656901 0.817175
10.690948 0.819945
10.772455 0.822715
10.863265 0.825485
11.031675 0.828255
11.032275 0.831025
11.125293 0.833795
11.150113 0.836565
11.198541 0.839335
11.340640 0.842105
11.349721 0.844875
11.351822 0.847645
11.421776 0.850416
11.430329 0.853186
11.536089 0.855956
11.613400 0.858726
11.639336 0.861496
11.713485 0.864266
11.868279 0.867036
11.875439 0.869806
11.981595 0.872576
12.028460 0.875346
12.212210 0.878116
12.508732 0.880886
12.640867 0.883657
12.667224 0.886427
12.794234 0.889197
12.854764 0.891967
13.177624 0.894737
13.512851 0.897507
13.656574 0.900277
13.658790 0.903047
13.840848 0.905817
13.890417 0.908587
14.074942 0.911357
14.280851 0.914127
14.427769 0.916898
14.498474 0.919668
14.585641 0.922438
15.342209 0.925208
15.382786 0.927978
15.595688 0.930748
16.544624 0.933518
17.118382 0.936288
17.638236 0.939058
18.156821 0.941828
18.226285 0.944598
18.299356 0.947368
18.955600 0.950139
21.882223 0.952909
22.860293 0.955679
23.792389 0.958449
24.934138 0.961219
25.152811 0.963989
26.777682 0.966759
27.713597 0.969529
28.129059 0.972299
28.662223 0.975069
28.774312 0.977839
30.459702 0.980609
32.241452 0.98338
34.325922 0.98615
38.168025 0.98892
39.659429 0.99169
41.465253 0.99446
42.485088 0.99723
46.658030 1
