0.006905 0.00277008
0.017832 0.00554017
0.026978 0.00831025
0.050987 0.0110803
0.051176 0.0138504
0.080288 0.0166205
0.083286 0.0193906
0.123573 0.0221607
0.157589 0.0249307
0.159210 0.0277008
0.187262 0.0304709
0.228355 0.033241
0.235310 0.0360111
0.235397 0.0387812
0.241787 0.0415512
0.260078 0.0443213
0.277626 0.0470914
0.286942 0.0498615
0.306831 0.0526316
0.308708 0.0554017
0.311135 0.0581717
0.315979 0.0609418
0.332890 0.0637119
0.337608 0.066482
0.348965 0.0692521
0.351301 0.0720222
0.356564 0.0747922
0.375587 0.0775623
0.385883 0.0803324
0.401573 0.0831025
0.435555 0.0858726
0.437309 0.0886427
0.441059 0.0914127
0.450800 0.0941828
0.472448 0.0969529
0.475513 0.099723
0.483261 0.102493
0.494132 0.105263
0.494183 0.108033
0.497741 0.110803
0.510925 0.113573
0.518208 0.116343
0.564902 0.119114
0.565823 0.121884
0.567646 0.124654
0.585114 0.127424
0.592638 0.130194
0.594120 0.132964
0.598995 0.135734
0.630467 0.138504
0.642178 0.141274
0.647547 0.144044
0.647639 0.146814
0.648170 0.149584
0.657798 0.152355
0.667549 0.155125
0.670780 0.157895
0.675587 0.160665
0.683426 0.163435
0.688763 0.166205
0.691408 0.168975
0.695841 0.171745
0.715355 0.174515
0.717434 0.177285
0.721516 0.180055
0.734848 0.182825
0.735863 0.185596
0.740657 0.188366
0.750782 0.191136
0.754980 0.193906
0.814802 0.196676
0.815208 0.199446
0.837549 0.202216
0.841803 0.204986
0.848545 0.207756
0.866020 0.210526
0.867908 0.213296
0.869270 0.216066
0.875435 0.218837
0.878151 0.221607
0.881161 0.224377
0.888794 0.227147
0.892256 0.229917
0.893770 0.232687
0.896009 0.235457
0.905704 0.238227
0.908798 0.240997
0.919113 0.243767
0.941271 0.246537
0.944450 0.249307
0.947460 0.252078
0.958132 0.254848
0.962963 0.257618
0.964554 0.260388
0.984106 0.263158
0.984440 0.265928
0.991585 0.268698
0.993732 0.271468
1.002785 0.274238
1.010406 0.277008
1.015049 0.279778
1.022362 0.282548
1.030521 0.285319
1.039389 0.288089
1.039673 0.290859
1.096088 0.293629
1.107471 0.296399
1.111460 0.299169
1.116323 0.301939
1.122633 0.304709
1.148911 0.307479
1.154003 0.310249
1.158073 0.313019
1.176201 0.315789
1.207294 0.31856
1.223969 0.32133
1.248939 0.3241
1.253651 0.32687
1.258974 0.32964
1.277031 0.33241
1.310555 0.33518
1.312244 0.33795
1.313007 0.34072
1.317255 0.34349
1.322601 0.34626
1.340454 0.34903
1.342068 0.351801
1.348953 0.354571
1.367087 0.357341
1.367210 0.360111
1.370525 0.362881
1.374664 0.365651
1.398907 0.368421
1.422455 0.371191
1.425797 0.373961
1.454010 0.376731
1.454384 0.379501
1.457432 0.382271
1.467350 0.385042
1.472687 0.387812
1.493061 0.390582
1.498714 0.393352
1.535177 0.396122
1.536777 0.398892
1.556997 0.401662
1.566555 0.404432
1.579391 0.407202
1.590639 0.409972
1.618555 0.412742
1.620033 0.415512
1.633539 0.418283
1.633923 0.421053
1.636250 0.423823
1.646198 0.426593
1.650558 0.429363
1.675362 0.432133
1.689575 0.434903
1.708382 0.437673
1.708405 0.440443
1.719185 0.443213
1.720505 0.445983
1.737751 0.448753
1.739578 0.451524
1.814133 0.454294
1.819775 0.457064
1.820366 0.459834
1.837234 0.462604
1.838211 0.465374
1.849092 0.468144
1.857559 0.470914
1.901474 0.473684
1.910011 0.476454
1.919626 0.479224
1.935692 0.481994
1.942963 0.484765
1.980095 0.487535
1.986385 0.490305
2.014801 0.493075
2.028221 0.495845
2.066254 0.498615
2.099010 0.501385
2.138824 0.504155
2.145599 0.506925
2.159326 0.509695
2.173035 0.512465
2.189358 0.515235
2.202190 0.518006
2.232700 0.520776
2.246338 0.523546
2.265133 0.526316
2.346153 0.529086
2.418259 0.531856
2.468838 0.534626
2.481117 0.537396
2.483582 0.540166
2.489258 0.542936
2.513603 0.545706
2.514748 0.548476
2.521503 0.551247
2.547668 0.554017
2.548782 0.556787
2.565304 0.559557
2.610641 0.562327
2.641926 0.565097
2.663269 0.567867
2.670223 0.570637
2.690521 0.573407
2.703499 0.576177
2.716537 0.578947
2.735195 0.581717
2.776627 0.584488
2.817263 0.587258
2.827087 0.590028
2.845413 0.592798
2.889381 0.595568
2.892431 0.598338
2.902122 0.601108
2.927908 0.603878
3.025127 0.606648
3.074993 0.609418
3.078571 0.612188
3.135178 0.614958
3.188461 0.617729
3.199028 0.620499
3.256359 0.623269
3.278038 0.626039
3.283644 0.628809
3.311497 0.631579
3.325184 0.634349
3.367023 0.637119
3.398327 0.639889
3.400894 0.642659
3.423374 0.645429
3.448761 0.648199
3.460173 0.65097
3.463287 0.65374
3.467833 0.65651
3.520815 0.65928
3.550667 0.66205
3.572596 0.66482
3.594175 0.66759
3.595005 0.67036
3.608025 0.67313
3.612076 0.6759
3.689987 0.67867
3.705444 0.68144
3.708359 0.684211
3.750589 0.686981
3.752533 0.689751
3.758087 0.692521
3.797829 0.695291
3.803345 0.698061
3.805313 0.700831
3.868027 0.703601
3.918858 0.706371
3.932861 0.709141
3.981133 0.711911
3.991112 0.714681
3.991791 0.717452
4.043411 0.720222
4.087688 0.722992
4.127617 0.725762
4.196014 0.728532
4.265316 0.731302
4.288620 0.734072
4.312408 0.736842
4.318626 0.739612
4.331249 0.742382
4.388363 0.745152
4.395996 0.747922
4.400227 0.750693
4.445568 0.753463
4.457062 0.756233
4.460289 0.759003
4.463627 0.761773
4.465588 0.764543
4.489803 0.767313
4.533348 0.770083
4.552086 0.772853
4.575344 0.775623
4.585882 0.778393
4.621033 0.781163
4.626930 0.783934
4.663479 0.786704
5.047646 0.789474
5.144318 0.792244
5.234238 0.795014
5.332832 0.797784
5.465050 0.800554
5.477753 0.803324
5.544720 0.806094
5.560173 0.808864
5.565834 0.811634
5.596252 0.814404
5.628738 0.817175
5.665817 0.819945
5.724594 0.822715
5.738762 0.825485
5.809525 0.828255
5.877991 0.831025
5.933784 0.833795
6.088406 0.836565
6.155022 0.839335
6.222458 0.842105
6.376991 0.844875
6.391262 0.847645
6.489052 0.850416
6.534386 0.853186
6.653019 0.855956
6.857864 0.858726
7.055878 0.861496
7.183167 0.864266
7.315910 0.867036
7.371357 0.869806
7.399475 0.872576
7.683945 0.875346
7.796150 0.878116
7.845192 0.880886
7.855152 0.883657
7.871063 0.886427
8.124863 0.889197
8.176041 0.891967
8.206747 0.894737
8.436775 0.897507
8.580727 0.900277
8.628006 0.903047
8.739498 0.905817
8.885452 0.908587
9.207273 0.911357
9.467575 0.914127
9.723389 0.916898
9.991982 0.919668
10.086788 0.922438
10.597847 0.925208
10.614090 0.927978
10.987289 0.930748
11.006411 0.933518
11.116989 0.936288
11.437408 0.939058
11.566078 0.941828
11.985609 0.944598
12.267952 0.947368
12.269531 0.950139
13.120077 0.952909
13.346741 0.955679
13.626709 0.958449
14.051514 0.961219
14.095978 0.963989
14.480103 0.966759
14.827766 0.969529
16.250494 0.972299
18.142498 0.975069
19.110596 0.977839
21.499008 0.980609
25.800110 0.98338
27.852737 0.98615
32.263947 0.98892
35.989281 0.99169
40.114990 0.99446
40.669281 0.99723
68.121338 1
