0.001613 0.00277008
0.003158 0.00554017
0.005241 0.00831025
0.044323 0.0110803
0.091113 0.0138504
0.097265 0.0166205
0.100363 0.0193906
0.106992 0.0221607
0.121403 0.0249307
0.135597 0.0277008
0.140419 0.0304709
0.171867 0.033241
0.191962 0.0360111
0.201807 0.0387812
0.240501 0.0415512
0.241243 0.0443213
0.253301 0.0470914
0.276044 0.0498615
0.277072 0.0526316
0.282048 0.0554017
0.306322 0.0581717
0.309283 0.0609418
0.310252 0.0637119
0.335666 0.066482
0.336882 0.0692521
0.339101 0.0720222
0.350577 0.0747922
0.378106 0.0775623
0.400489 0.0803324
0.40331 0.0831025
0.406731 0.0858726
0.413897 0.0886427
0.448562 0.0914127
0.44898 0.0941828
0.457944 0.0969529
0.460269 0.099723
0.464171 0.102493
0.479615 0.105263
0.488812 0.108033
0.493532 0.110803
0.506645 0.113573
0.527384 0.116343
0.531464 0.119114
0.534837 0.121884
0.5377 0.124654
0.551906 0.127424
0.5527 0.130194
0.565154 0.132964
0.572196 0.135734
0.580184 0.138504
0.582024 0.141274
0.586029 0.144044
0.588824 0.146814
0.588848 0.149584
0.616934 0.152355
0.637056 0.155125
0.652797 0.157895
0.657779 0.160665
0.659896 0.163435
0.666964 0.166205
0.671043 0.168975
0.678295 0.171745
0.689711 0.174515
0.69535 0.177285
0.708162 0.180055
0.71178 0.182825
0.713654 0.185596
0.730345 0.188366
0.737217 0.191136
0.783585 0.193906
0.787582 0.196676
0.79517 0.199446
0.801127 0.202216
0.802571 0.204986
0.807837 0.207756
0.812202 0.210526
0.823829 0.213296
0.839011 0.216066
0.84426 0.218837
0.850634 0.221607
0.857843 0.224377
0.866225 0.227147
0.869971 0.229917
0.914125 0.232687
0.922215 0.235457
0.925339 0.238227
0.941473 0.240997
0.944161 0.243767
0.968832 0.246537
0.989717 0.249307
0.998698 0.252078
1.03501 0.254848
1.03805 0.257618
1.05 0.260388
1.07052 0.263158
1.07488 0.265928
1.07769 0.268698
1.103 0.271468
1.14311 0.274238
1.15041 0.277008
1.1659 0.279778
1.17632 0.282548
1.18183 0.285319
1.18976 0.288089
1.19643 0.290859
1.21246 0.293629
1.21664 0.296399
1.25277 0.299169
1.27658 0.301939
1.28589 0.304709
1.28709 0.307479
1.31594 0.310249
1.34852 0.313019
1.36712 0.315789
1.37434 0.31856
1.38273 0.32133
1.3837 0.3241
1.40439 0.32687
1.45388 0.32964
1.47655 0.33241
1.47767 0.33518
1.51009 0.33795
1.51603 0.34072
1.53349 0.34349
1.53442 0.34626
1.57445 0.34903
1.57791 0.351801
1.5988 0.354571
1.61234 0.357341
1.61439 0.360111
1.6255 0.362881
1.63503 0.365651
1.63651 0.368421
1.63881 0.371191
1.64763 0.373961
1.66573 0.376731
1.66658 0.379501
1.68738 0.382271
1.69027 0.385042
1.72297 0.387812
1.72971 0.390582
1.73343 0.393352
1.74165 0.396122
1.75038 0.398892
1.75592 0.401662
1.76109 0.404432
1.79499 0.407202
1.8071 0.409972
1.81351 0.412742
1.81739 0.415512
1.84932 0.418283
1.85865 0.421053
1.86154 0.423823
1.89024 0.426593
1.90354 0.429363
1.91141 0.432133
1.91548 0.434903
1.94725 0.437673
1.99691 0.440443
1.99805 0.443213
2.02626 0.445983
2.02723 0.448753
2.0357 0.451524
2.06065 0.454294
2.0729 0.457064
2.09844 0.459834
2.11998 0.462604
2.13333 0.465374
2.15216 0.468144
2.17889 0.470914
2.18698 0.473684
2.22682 0.476454
2.25698 0.479224
2.2746 0.481994
2.27912 0.484765
2.28974 0.487535
2.2919 0.490305
2.31131 0.493075
2.33157 0.495845
2.3501 0.498615
2.39374 0.501385
2.4011 0.504155
2.44671 0.506925
2.48418 0.509695
2.48595 0.512465
2.5054 0.515235
2.54901 0.518006
2.61536 0.520776
2.62438 0.523546
2.71118 0.526316
2.72265 0.529086
2.72646 0.531856
2.8031 0.534626
2.81598 0.537396
2.86626 0.540166
2.92206 0.542936
2.93002 0.545706
2.95866 0.548476
2.98857 0.551247
3.01453 0.554017
3.05483 0.556787
3.06955 0.559557
3.0776 0.562327
3.07892 0.565097
3.0888 0.567867
3.11705 0.570637
3.13486 0.573407
3.18947 0.576177
3.2277 0.578947
3.25898 0.581717
3.3414 0.584488
3.3734 0.587258
3.38951 0.590028
3.4131 0.592798
3.45786 0.595568
3.47878 0.598338
3.51302 0.601108
3.52366 0.603878
3.5237 0.606648
3.5238 0.609418
3.53071 0.612188
3.55198 0.614958
3.55366 0.617729
3.55728 0.620499
3.56846 0.623269
3.5862 0.626039
3.60637 0.628809
3.60665 0.631579
3.62429 0.634349
3.65317 0.637119
3.6883 0.639889
3.75742 0.642659
3.75898 0.645429
3.77962 0.648199
3.8199 0.65097
3.84072 0.65374
3.84266 0.65651
3.84407 0.65928
3.86141 0.66205
3.87572 0.66482
3.89955 0.66759
3.93141 0.67036
3.9407 0.67313
3.94782 0.6759
3.94945 0.67867
3.95433 0.68144
4.01982 0.684211
4.04242 0.686981
4.046 0.689751
4.04975 0.692521
4.11534 0.695291
4.149 0.698061
4.27134 0.700831
4.30605 0.703601
4.34324 0.706371
4.37005 0.709141
4.47447 0.711911
4.49068 0.714681
4.53887 0.717452
4.55018 0.720222
4.55981 0.722992
4.57698 0.725762
4.60082 0.728532
4.64108 0.731302
4.68868 0.734072
4.78623 0.736842
4.81405 0.739612
4.88829 0.742382
4.92205 0.745152
4.96149 0.747922
5.01322 0.750693
5.05113 0.753463
5.10571 0.756233
5.12875 0.759003
5.12911 0.761773
5.3852 0.764543
5.44249 0.767313
5.44701 0.770083
5.45104 0.772853
5.51599 0.775623
5.76642 0.778393
5.78668 0.781163
5.80347 0.783934
5.82101 0.786704
5.82916 0.789474
5.83541 0.792244
5.84885 0.795014
5.89423 0.797784
5.89443 0.800554
5.91649 0.803324
5.93504 0.806094
5.94054 0.808864
6.00586 0.811634
6.12836 0.814404
6.20969 0.817175
6.38766 0.819945
6.41312 0.822715
6.67076 0.825485
6.70367 0.828255
6.8937 0.831025
6.98257 0.833795
7.09026 0.836565
7.10548 0.839335
7.18734 0.842105
7.22864 0.844875
7.24428 0.847645
7.26546 0.850416
7.42822 0.853186
7.44202 0.855956
7.45519 0.858726
7.48249 0.861496
7.5201 0.864266
7.64874 0.867036
7.79759 0.869806
8.28309 0.872576
8.31351 0.875346
8.50211 0.878116
8.85394 0.880886
8.89315 0.883657
8.94617 0.886427
8.99216 0.889197
9.1203 0.891967
9.16932 0.894737
9.30787 0.897507
9.82212 0.900277
10.1609 0.903047
10.1761 0.905817
10.2269 0.908587
10.297 0.911357
10.3113 0.914127
10.4611 0.916898
10.5322 0.919668
10.5484 0.922438
11.0085 0.925208
11.1809 0.927978
11.748 0.930748
11.7542 0.933518
11.901 0.936288
11.9948 0.939058
12.0035 0.941828
12.6773 0.944598
12.9857 0.947368
13.8885 0.950139
15.5345 0.952909
15.6776 0.955679
16.8884 0.958449
17.2468 0.961219
17.3003 0.963989
18.0743 0.966759
18.5693 0.969529
18.8701 0.972299
20.2678 0.975069
20.3578 0.977839
21.0235 0.980609
21.4067 0.98338
21.6715 0.98615
22.0872 0.98892
23.0717 0.99169
32.1177 0.99446
34.881 0.99723
36.6454 1
