dacapo-avrora 524 150 1882 613 374
dacapo-eclipse 7940 2044 26347 3259 4895
dacapo-fop 6413 1257 17737 684 167
dacapo-h2 9757 3587 42046 6914 8397
dacapo-jython 3951 149 5299 2318 513
dacapo-luindex 2601 920 10888 943 183
dacapo-lusearch 2319 251 4584 995 552
dacapo-pmd 5174 879 13097 3940 1928
dacapo-sunflow 1715 329 4685 948 543
dacapo-tomcat 4259 451 8323 3289 310
dacapo-tradebeans 11504 721 17998 1504 513
dacapo-tradesoap 13372 3085 41143 6077 746
dacapo-xalan 2802 449 6848 3873 664
dell-store-db-100 6923 890 14939 3817 3647
dell-store-db-300 10243 1167 20749 4204 3493
dell-store-db-50 6123 816 13473 4045 3629
dell-store-ws-100 12240 220 14228 690 273
dell-store-ws-300 25992 1324 37915 978 336
dell-store-ws-50 7038 144 8341 353 284
file-server-10m 512 334 3531 2733 2797
file-server-20m 998 580 6230 5562 5398
kernel-1 4249 661 10211 4288 219
kernel-2 8548 1195 19313 2772 826
linpack-1024 15586 1115 25631 30 3915
mediawiki-db-10C 1243 212 3157 1087 829
mediawiki-db-20C 1348 225 3380 995 768
mediawiki-ws-10C 19096 6196 74871 826 86
mediawiki-ws-20C 25014 10124 116136 24483 669
minebench-ECLAT-600 3481 208 5357 5259 251
minebench-HOP-600 439 276 2928 3445 725
minebench-ScalParC-600 3195 1025 12431 1698 32
minebench-Utility-mine-600 1864 201 3677 1791 1803
mummer-1024 4328 1836 20861 13997 10860
oltp-epinions 10204 723 16716 4167 1784
oltp-seats 10432 710 16832 777 770
oltp-tatp 586 692 6820 3334 2007
oltp-tpcc 2745 841 10318 11306 4192
oltp-twitter 5099 326 8042 2308 1464
oltp-voter 10078 982 18925 3865 1397
oltp-ycsb 2904 540 7772 2725 2435
parsec-blackscholes 671 684 6836 6436 855
parsec-bodytrack 1430 382 4873 2015 2274
parsec-ferret 785 111 1790 1012 228
parsec-fluidanimate 11309 6502 69833 34648 22
parsec-freqmine 1188 458 5320 279 395
parsec-raytrace 345 282 2893 772 385
parsec-vips 1311 698 7604 5793 4087
parsec-x264 2312 1234 13430 10208 2922
rubis-db-100C 6356 691 12587 3364 1713
rubis-db-300C 9301 1145 19615 3772 1627
rubis-db-50C 4949 591 10281 3181 1861
rubis-ws-100C 9091 1001 18108 1121 242
rubis-ws-300C 14043 3138 42294 11423 690
rubis-ws-50C 6543 459 10678 582 204
tar-1024 1498 1137 11737 10827 10990
