dacapo-avrora.txt ./predict 1024 102 29 108.102 2734 419  786 1027 189 12804 0 9.82284
dacapo-avrora.txt ./predict 1024 206 18.6667 47.128 2734 419  786 1027 189 12804 0 1.21753
dacapo-avrora.txt ./predict 1024 308 4 28.9287 2734 419  786 1027 189 12804 0 1.32452
dacapo-avrora.txt ./predict 1024 413 4.66667 21.856 2734 419  786 1027 189 12804 0 1.63372
dacapo-avrora.txt ./predict 1024 518 5 17.4393 2734 419  786 1027 189 12804 0 1.44063
dacapo-avrora.txt ./predict 1024 619 4 14.504 2734 419  786 1027 189 12804 0 1.67938
dacapo-avrora.txt ./predict 1024 720 3 12.347 2734 419  786 1027 189 12804 0 2.12947
dacapo-eclipse.txt ./predict 1024 102 7 259.28 31681 6604  3098 8264 2601 119435 0 319.374
dacapo-eclipse.txt ./predict 1024 206 7.66667 126.05 31681 6604  3098 8264 2601 119435 0 266.837
dacapo-eclipse.txt ./predict 1024 308 9 86.7163 31681 6604  3098 8264 2601 119435 0 242.953
dacapo-eclipse.txt ./predict 1024 413 10.6667 62.4683 31681 6604  3098 8264 2601 119435 0 233.684
dacapo-eclipse.txt ./predict 1024 518 14 49.5073 31681 6604  3098 8264 2601 119435 0 137.143
dacapo-eclipse.txt ./predict 1024 619 16 41.958 31681 6604  3098 8264 2601 119435 0 101.68
dacapo-eclipse.txt ./predict 1024 720 19 36.0627 31681 6604  3098 8264 2601 119435 0 150.696
dacapo-fop.txt ./predict 1024 102 20 194.137 17408 1007  142 7489 1101 25864 0 0.015974
dacapo-fop.txt ./predict 1024 206 27.3333 123.963 17408 1007  142 7489 1101 25864 0 76.137
dacapo-fop.txt ./predict 1024 308 27.6667 81.558 17408 1007  142 7489 1101 25864 0 76.3979
dacapo-fop.txt ./predict 1024 413 27.6667 60.9727 17408 1007  142 7489 1101 25864 0 75.8448
dacapo-fop.txt ./predict 1024 518 27.6667 48.8623 17408 1007  142 7489 1101 25864 0 74.9407
dacapo-fop.txt ./predict 1024 619 28.6667 40.4277 17408 1007  142 7489 1101 25864 0 71.2069
dacapo-fop.txt ./predict 1024 720 27 34.8477 17408 1007  142 7489 1101 25864 0 76.3027
dacapo-h2.txt ./predict 1024 102 5 250.882 40226 22010  2103 10440 3309 140929 0 487.179
dacapo-h2.txt ./predict 1024 206 5.66667 135.88 40226 22010  2103 10440 3309 140929 0 495.295
dacapo-h2.txt ./predict 1024 308 6 92.668 40226 22010  2103 10440 3309 140929 0 486.986
dacapo-h2.txt ./predict 1024 413 6.66667 66.78 40226 22010  2103 10440 3309 140929 0 303.486
dacapo-h2.txt ./predict 1024 518 7 50.7393 40226 22010  2103 10440 3309 140929 0 294.628
dacapo-h2.txt ./predict 1024 619 7.66667 42.495 40226 22010  2103 10440 3309 140929 0 196.391
dacapo-h2.txt ./predict 1024 720 8 36.4573 40226 22010  2103 10440 3309 140929 0 273.248
dacapo-jython.txt ./predict 1024 102 29 147.845 6730 2158  438 4119 289 30007 0 24.5625
dacapo-jython.txt ./predict 1024 206 29 66.8337 6730 2158  438 4119 289 30007 0 18.5129
dacapo-jython.txt ./predict 1024 308 29 42.774 6730 2158  438 4119 289 30007 0 17.6819
dacapo-jython.txt ./predict 1024 413 29 32.23 6730 2158  438 4119 289 30007 0 16.9709
dacapo-jython.txt ./predict 1024 518 29 24.5423 6730 2158  438 4119 289 30007 0 14.4634
dacapo-jython.txt ./predict 1024 619 29 19.8797 6730 2158  438 4119 289 30007 0 17.905
dacapo-jython.txt ./predict 1024 720 21.3333 16.0757 6730 2158  438 4119 289 30007 0 10.0615
dacapo-luindex.txt ./predict 1024 102 22 248.642 9496 1200  1116 2360 792 32446 0 99.5562
dacapo-luindex.txt ./predict 1024 206 28.6667 119.981 9496 1200  1116 2360 792 32446 0 81.4012
dacapo-luindex.txt ./predict 1024 308 29 61.4777 9496 1200  1116 2360 792 32446 0 60.9877
dacapo-luindex.txt ./predict 1024 413 29 43.0017 9496 1200  1116 2360 792 32446 0 40.5116
dacapo-luindex.txt ./predict 1024 518 29 33.232 9496 1200  1116 2360 792 32446 0 23.9624
dacapo-luindex.txt ./predict 1024 619 29 24.3617 9496 1200  1116 2360 792 32446 0 21.3714
dacapo-luindex.txt ./predict 1024 720 29 17.231 9496 1200  1116 2360 792 32446 0 13.2266
dacapo-lusearch.txt ./predict 1024 102 29 127.228 3924 959  528 1884 226 11781 0 13.6232
dacapo-lusearch.txt ./predict 1024 206 29 54.198 3924 959  528 1884 226 11781 0 9.25403
dacapo-lusearch.txt ./predict 1024 308 29 35.2197 3924 959  528 1884 226 11781 0 8.0629
dacapo-lusearch.txt ./predict 1024 413 29 25.28 3924 959  528 1884 226 11781 0 7.58934
dacapo-lusearch.txt ./predict 1024 518 29 20.5937 3924 959  528 1884 226 11781 0 8.71785
dacapo-lusearch.txt ./predict 1024 619 29 16.5463 3924 959  528 1884 226 11781 0 7.49931
dacapo-lusearch.txt ./predict 1024 720 29 14.465 3924 959  528 1884 226 11781 0 7.51497
dacapo-pmd.txt ./predict 1024 102 26.6667 247.056 11794 9290  355 4886 767 29210 0 79.0645
dacapo-pmd.txt ./predict 1024 206 28.6667 120.586 11794 9290  355 4886 767 29210 0 79.4455
dacapo-pmd.txt ./predict 1024 308 29 70.526 11794 9290  355 4886 767 29210 0 51.46
dacapo-pmd.txt ./predict 1024 413 29 46.344 11794 9290  355 4886 767 29210 0 50.154
dacapo-pmd.txt ./predict 1024 518 29 34.2357 11794 9290  355 4886 767 29210 0 27.3166
dacapo-pmd.txt ./predict 1024 619 29 26.539 11794 9290  355 4886 767 29210 0 29.4
dacapo-pmd.txt ./predict 1024 720 29 21.76 11794 9290  355 4886 767 29210 0 27.6101
dacapo-sunflow.txt ./predict 1024 102 29 114.224 3778 3181  188 1827 216 9784 0 11.922
dacapo-sunflow.txt ./predict 1024 206 29 50.8163 3778 3181  188 1827 216 9784 0 7.50976
dacapo-sunflow.txt ./predict 1024 308 29 32.8113 3778 3181  188 1827 216 9784 0 6.33429
dacapo-sunflow.txt ./predict 1024 413 29 24.6153 3778 3181  188 1827 216 9784 0 13.2592
dacapo-sunflow.txt ./predict 1024 518 29 18.8067 3778 3181  188 1827 216 9784 0 5.87897
dacapo-sunflow.txt ./predict 1024 619 29 15.8553 3778 3181  188 1827 216 9784 0 5.77981
dacapo-sunflow.txt ./predict 1024 720 29 13.7807 3778 3181  188 1827 216 9784 0 5.35842
dacapo-tomcat.txt ./predict 1024 102 29 175.407 7296 2876  1531 3281 445 28849 0 17.2618
dacapo-tomcat.txt ./predict 1024 206 29 68.1993 7296 2876  1531 3281 445 28849 0 14.4582
dacapo-tomcat.txt ./predict 1024 308 29 42.3917 7296 2876  1531 3281 445 28849 0 14.8861
dacapo-tomcat.txt ./predict 1024 413 29 31.263 7296 2876  1531 3281 445 28849 0 24.5886
dacapo-tomcat.txt ./predict 1024 518 29 24.568 7296 2876  1531 3281 445 28849 0 26.7908
dacapo-tomcat.txt ./predict 1024 619 29 20.2783 7296 2876  1531 3281 445 28849 0 11.8476
dacapo-tomcat.txt ./predict 1024 720 29 17.5813 7296 2876  1531 3281 445 28849 0 12.1712
dacapo-tradebeans.txt ./predict 1024 102 12 246.935 16336 1518  248 7889 937 65524 0 171.873
dacapo-tradebeans.txt ./predict 1024 206 19 125.462 16336 1518  248 7889 937 65524 0 75.7547
dacapo-tradebeans.txt ./predict 1024 308 24 81.6223 16336 1518  248 7889 937 65524 0 80.604
dacapo-tradebeans.txt ./predict 1024 413 27 61.099 16336 1518  248 7889 937 65524 0 60.6759
dacapo-tradebeans.txt ./predict 1024 518 27.3333 49.1773 16336 1518  248 7889 937 65524 0 62.5467
dacapo-tradebeans.txt ./predict 1024 619 29 39.8147 16336 1518  248 7889 937 65524 0 95.5224
dacapo-tradebeans.txt ./predict 1024 720 29 33.604 16336 1518  248 7889 937 65524 0 52.5128
dacapo-tradesoap.txt ./predict 1024 102 11 255.88 29515 25976  1264 7507 2444 68496 0 215.577
dacapo-tradesoap.txt ./predict 1024 206 11 128.049 29515 25976  1264 7507 2444 68496 0 203.812
dacapo-tradesoap.txt ./predict 1024 308 11 86.3823 29515 25976  1264 7507 2444 68496 0 205.486
dacapo-tradesoap.txt ./predict 1024 413 11 64.6147 29515 25976  1264 7507 2444 68496 0 206.46
dacapo-tradesoap.txt ./predict 1024 518 11 51.2947 29515 25976  1264 7507 2444 68496 0 218.497
dacapo-tradesoap.txt ./predict 1024 619 11.6667 41.787 29515 25976  1264 7507 2444 68496 0 199.511
dacapo-tradesoap.txt ./predict 1024 720 11.6667 36.0297 29515 25976  1264 7507 2444 68496 0 176.247
dacapo-xalan.txt ./predict 1024 102 29 140.108 4265 2516  534 1992 252 15145 0 23.9154
dacapo-xalan.txt ./predict 1024 206 29 55.7787 4265 2516  534 1992 252 15145 0 11.4628
dacapo-xalan.txt ./predict 1024 308 29 35.32 4265 2516  534 1992 252 15145 0 9.13658
dacapo-xalan.txt ./predict 1024 413 29 25.3887 4265 2516  534 1992 252 15145 0 8.44905
dacapo-xalan.txt ./predict 1024 518 29 20.5493 4265 2516  534 1992 252 15145 0 8.00808
dacapo-xalan.txt ./predict 1024 619 29 16.591 4265 2516  534 1992 252 15145 0 7.08441
dacapo-xalan.txt ./predict 1024 720 29 14.3397 4265 2516  534 1992 252 15145 0 7.31141
dell-store-db-100.txt ./predict 1024 102 9 247.641 14939 3817  3647 6923 890 158077 0 80.884
dell-store-db-100.txt ./predict 1024 206 18 122.352 14939 3817  3647 6923 890 158077 0 78.5696
dell-store-db-100.txt ./predict 1024 308 25.3333 81.895 14939 3817  3647 6923 890 158077 0 64.1052
dell-store-db-100.txt ./predict 1024 413 29 60.3893 14939 3817  3647 6923 890 158077 0 57.873
dell-store-db-100.txt ./predict 1024 518 29 45.05 14939 3817  3647 6923 890 158077 0 53.7778
dell-store-db-100.txt ./predict 1024 619 29 35.4507 14939 3817  3647 6923 890 158077 0 51.1046
dell-store-db-100.txt ./predict 1024 720 29 29.3827 14939 3817  3647 6923 890 158077 0 47.3081
dell-store-db-300.txt ./predict 1024 102 7 249.81 20749 4204  3493 10243 1167 161737 0 149.387
dell-store-db-300.txt ./predict 1024 206 13 124.495 20749 4204  3493 10243 1167 161737 0 117.728
dell-store-db-300.txt ./predict 1024 308 17 81.8787 20749 4204  3493 10243 1167 161737 0 98.9739
dell-store-db-300.txt ./predict 1024 413 20 62.1517 20749 4204  3493 10243 1167 161737 0 90.2799
dell-store-db-300.txt ./predict 1024 518 22 49.4643 20749 4204  3493 10243 1167 161737 0 84.0673
dell-store-db-300.txt ./predict 1024 619 23.3333 40.7737 20749 4204  3493 10243 1167 161737 0 76.6504
dell-store-db-300.txt ./predict 1024 720 25.3333 35.0133 20749 4204  3493 10243 1167 161737 0 76.6126
dell-store-db-50.txt ./predict 1024 102 10 246.999 13473 4045  3629 6123 816 158937 0 68.9192
dell-store-db-50.txt ./predict 1024 206 20.6667 123.518 13473 4045  3629 6123 816 158937 0 69.4789
dell-store-db-50.txt ./predict 1024 308 29 82.111 13473 4045  3629 6123 816 158937 0 54.4183
dell-store-db-50.txt ./predict 1024 413 29 56.2353 13473 4045  3629 6123 816 158937 0 50.4379
dell-store-db-50.txt ./predict 1024 518 29 41.7197 13473 4045  3629 6123 816 158937 0 43.2716
dell-store-db-50.txt ./predict 1024 619 29 32.579 13473 4045  3629 6123 816 158937 0 41.2885
dell-store-db-50.txt ./predict 1024 720 29 26.9073 13473 4045  3629 6123 816 158937 0 37.0159
dell-store-ws-100.txt ./predict 1024 102 29 226.619 14228 690  273 12240 220 28157 0 61.4581
dell-store-ws-100.txt ./predict 1024 206 29 108.258 14228 690  273 12240 220 28157 0 58.2591
dell-store-ws-100.txt ./predict 1024 308 29 71.07 14228 690  273 12240 220 28157 0 56.9793
dell-store-ws-100.txt ./predict 1024 413 29 52.505 14228 690  273 12240 220 28157 0 55.0993
dell-store-ws-100.txt ./predict 1024 518 29 41.6317 14228 690  273 12240 220 28157 0 56.0243
dell-store-ws-100.txt ./predict 1024 619 29 34.541 14228 690  273 12240 220 28157 0 54.0974
dell-store-ws-100.txt ./predict 1024 720 29 29.731 14228 690  273 12240 220 28157 0 54.4105
dell-store-ws-300.txt ./predict 1024 102 12.6667 252.515 37915 978  336 25992 1324 53061 0 168.814
dell-store-ws-300.txt ./predict 1024 206 13.3333 124.441 37915 978  336 25992 1324 53061 0 159.843
dell-store-ws-300.txt ./predict 1024 308 14 84.945 37915 978  336 25992 1324 53061 0 157.379
dell-store-ws-300.txt ./predict 1024 413 14 63.1537 37915 978  336 25992 1324 53061 0 155.154
dell-store-ws-300.txt ./predict 1024 518 14 50.1903 37915 978  336 25992 1324 53061 0 155.141
dell-store-ws-300.txt ./predict 1024 619 14 41.5333 37915 978  336 25992 1324 53061 0 152.662
dell-store-ws-300.txt ./predict 1024 720 14 35.281 37915 978  336 25992 1324 53061 0 149.859
dell-store-ws-50.txt ./predict 1024 102 29 166.666 8341 353  284 7038 144 22770 0 35.2312
dell-store-ws-50.txt ./predict 1024 206 29 79.2473 8341 353  284 7038 144 22770 0 32.5332
dell-store-ws-50.txt ./predict 1024 308 29 51.8303 8341 353  284 7038 144 22770 0 34.4302
dell-store-ws-50.txt ./predict 1024 413 29 38.622 8341 353  284 7038 144 22770 0 31.3943
dell-store-ws-50.txt ./predict 1024 518 29 30.6023 8341 353  284 7038 144 22770 0 31.6291
dell-store-ws-50.txt ./predict 1024 619 29 25.4943 8341 353  284 7038 144 22770 0 31.0681
dell-store-ws-50.txt ./predict 1024 720 29 21.5857 8341 353  284 7038 144 22770 0 30.3075
file-server-10m.txt ./predict 1024 102 4 250.799 3531 2733  2797 512 334 213517 0 480.064
file-server-10m.txt ./predict 1024 206 9.66667 71.7897 3531 2733  2797 512 334 213517 0 0.112516
file-server-10m.txt ./predict 1024 308 6.66667 38.4663 3531 2733  2797 512 334 213517 0 0.325171
file-server-10m.txt ./predict 1024 413 5 26.2457 3531 2733  2797 512 334 213517 0 0.451723
file-server-10m.txt ./predict 1024 518 4 20.001 3531 2733  2797 512 334 213517 0 1.95203
file-server-10m.txt ./predict 1024 619 4 16.071 3531 2733  2797 512 334 213517 0 0.289951
file-server-10m.txt ./predict 1024 720 3.66667 13.4697 3531 2733  2797 512 334 213517 0 2.34213
file-server-20m.txt ./predict 1024 102 4 282.109 6230 5562  5398 998 580 213158 0 828.033
file-server-20m.txt ./predict 1024 206 4 125.176 6230 5562  5398 998 580 213158 0 469.244
file-server-20m.txt ./predict 1024 308 12.3333 62.253 6230 5562  5398 998 580 213158 0 2.00553
file-server-20m.txt ./predict 1024 413 9.33333 35.945 6230 5562  5398 998 580 213158 0 0.60697
file-server-20m.txt ./predict 1024 518 7.33333 25.0693 6230 5562  5398 998 580 213158 0 1.94553
file-server-20m.txt ./predict 1024 619 6.33333 19.3183 6230 5562  5398 998 580 213158 0 2.11903
file-server-20m.txt ./predict 1024 720 5.66667 16.8547 6230 5562  5398 998 580 213158 0 2.22601
kernel-1.txt ./predict 1024 102 29 191.531 10211 4288  219 4249 661 28430 0 43.2024
kernel-1.txt ./predict 1024 206 29 92.7693 10211 4288  219 4249 661 28430 0 44.9154
kernel-1.txt ./predict 1024 308 29 60.5723 10211 4288  219 4249 661 28430 0 37.4269
kernel-1.txt ./predict 1024 413 29 42.0947 10211 4288  219 4249 661 28430 0 34.1731
kernel-1.txt ./predict 1024 518 29 31.776 10211 4288  219 4249 661 28430 0 30.0531
kernel-1.txt ./predict 1024 619 29 25.791 10211 4288  219 4249 661 28430 0 27.6513
kernel-1.txt ./predict 1024 720 29 22.136 10211 4288  219 4249 661 28430 0 23.7087
kernel-2.txt ./predict 1024 102 16 216.011 19313 2772  826 8548 1195 53841 0 0.0180349
kernel-2.txt ./predict 1024 206 24.6667 124.434 19313 2772  826 8548 1195 53841 0 118.718
kernel-2.txt ./predict 1024 308 28.3333 81.8463 19313 2772  826 8548 1195 53841 0 67.3902
kernel-2.txt ./predict 1024 413 28.6667 60.9297 19313 2772  826 8548 1195 53841 0 60.3818
kernel-2.txt ./predict 1024 518 28.6667 49.1637 19313 2772  826 8548 1195 53841 0 74.8162
kernel-2.txt ./predict 1024 619 29 40.3973 19313 2772  826 8548 1195 53841 0 73.4659
kernel-2.txt ./predict 1024 720 29 34.566 19313 2772  826 8548 1195 53841 0 58.1104
linpack-1024.txt ./predict 1024 102 4 264.279 11414 8117  4947 1144 1140 204243 0 716.188
linpack-1024.txt ./predict 1024 206 6.33333 129.171 11414 8117  4947 1144 1140 204243 0 416.895
linpack-1024.txt ./predict 1024 308 11.6667 84.693 11414 8117  4947 1144 1140 204243 0 267.457
linpack-1024.txt ./predict 1024 413 8.33333 41.8453 11414 8117  4947 1144 1140 204243 0 0.84311
linpack-1024.txt ./predict 1024 518 10.6667 39.3 11414 8117  4947 1144 1140 204243 0 0.5861
linpack-1024.txt ./predict 1024 619 9.66667 30.441 11414 8117  4947 1144 1140 204243 0 1.04272
linpack-1024.txt ./predict 1024 720 4 16.4043 11414 8117  4947 1144 1140 204243 0 2.6148
mediawiki-db-10C.txt ./predict 1024 102 29 132.225 3157 1087  829 1243 212 55625 0 17.7113
mediawiki-db-10C.txt ./predict 1024 206 29 53.1113 3157 1087  829 1243 212 55625 0 7.68793
mediawiki-db-10C.txt ./predict 1024 308 23 32.7453 3157 1087  829 1243 212 55625 0 3.57574
mediawiki-db-10C.txt ./predict 1024 413 6 22.7017 3157 1087  829 1243 212 55625 0 2.54378
mediawiki-db-10C.txt ./predict 1024 518 5.66667 17.967 3157 1087  829 1243 212 55625 0 2.44983
mediawiki-db-10C.txt ./predict 1024 619 5.66667 14.844 3157 1087  829 1243 212 55625 0 2.84121
mediawiki-db-10C.txt ./predict 1024 720 5.66667 12.7357 3157 1087  829 1243 212 55625 0 2.94038
mediawiki-db-20C.txt ./predict 1024 102 29 138.891 3380 995  768 1348 225 55986 0 17.5183
mediawiki-db-20C.txt ./predict 1024 206 29 54.5467 3380 995  768 1348 225 55986 0 7.6018
mediawiki-db-20C.txt ./predict 1024 308 20.6667 32.913 3380 995  768 1348 225 55986 0 3.44527
mediawiki-db-20C.txt ./predict 1024 413 9 23.1687 3380 995  768 1348 225 55986 0 2.85817
mediawiki-db-20C.txt ./predict 1024 518 8 18.1723 3380 995  768 1348 225 55986 0 2.5451
mediawiki-db-20C.txt ./predict 1024 619 6.33333 14.919 3380 995  768 1348 225 55986 0 3.00561
mediawiki-db-20C.txt ./predict 1024 720 5.33333 12.761 3380 995  768 1348 225 55986 0 2.99255
mediawiki-ws-10C.txt ./predict 1024 102 6.66667 266.546 74871 826  86 19096 6196 115225 0 407.39
mediawiki-ws-10C.txt ./predict 1024 206 7 125.842 74871 826  86 19096 6196 115225 0 308.125
mediawiki-ws-10C.txt ./predict 1024 308 7.33333 85.1283 74871 826  86 19096 6196 115225 0 302.432
mediawiki-ws-10C.txt ./predict 1024 413 8 66.097 74871 826  86 19096 6196 115225 0 360.773
mediawiki-ws-10C.txt ./predict 1024 518 8 50.445 74871 826  86 19096 6196 115225 0 305.059
mediawiki-ws-10C.txt ./predict 1024 619 8 41.665 74871 826  86 19096 6196 115225 0 300.702
mediawiki-ws-10C.txt ./predict 1024 720 8 35.9423 74871 826  86 19096 6196 115225 0 298.059
mediawiki-ws-20C.txt ./predict 1024 102 5 280.38 116136 24483  669 25014 10124 172587 0 642.917
mediawiki-ws-20C.txt ./predict 1024 206 5 143.573 116136 24483  669 25014 10124 172587 0 670.157
mediawiki-ws-20C.txt ./predict 1024 308 5 91.075 116136 24483  669 25014 10124 172587 0 587.666
mediawiki-ws-20C.txt ./predict 1024 413 5 68.09 116136 24483  669 25014 10124 172587 0 598.42
mediawiki-ws-20C.txt ./predict 1024 518 5 54.394 116136 24483  669 25014 10124 172587 0 590.956
mediawiki-ws-20C.txt ./predict 1024 619 5 45.1093 116136 24483  669 25014 10124 172587 0 585.489
mediawiki-ws-20C.txt ./predict 1024 720 5 38.5413 116136 24483  669 25014 10124 172587 0 585.102
minebench-ECLAT-600.txt ./predict 600 102 29 112.99 5357 5259  251 3481 208 39099 0 23.1341
minebench-ECLAT-600.txt ./predict 600 206 29 49.8027 5357 5259  251 3481 208 39099 0 23.609
minebench-ECLAT-600.txt ./predict 600 308 29 30.8333 5357 5259  251 3481 208 39099 0 15.2946
minebench-ECLAT-600.txt ./predict 600 413 29 22.2187 5357 5259  251 3481 208 39099 0 5.65214
minebench-ECLAT-600.txt ./predict 600 518 29 14.7633 5357 5259  251 3481 208 39099 0 9.3925
minebench-ECLAT-600.txt ./predict 600 619 29 13.7223 5357 5259  251 3481 208 39099 0 5.16942
minebench-ECLAT-600.txt ./predict 600 720 29 12.9823 5357 5259  251 3481 208 39099 0 11.6521
minebench-HOP-600.txt ./predict 600 102 20 93.3923 2928 3445  725 439 276 37068 0 0.318656
minebench-HOP-600.txt ./predict 600 206 6.66667 32.8277 2928 3445  725 439 276 37068 0 0.750652
minebench-HOP-600.txt ./predict 600 308 5.66667 20.2953 2928 3445  725 439 276 37068 0 0.459719
minebench-HOP-600.txt ./predict 600 413 4 14.786 2928 3445  725 439 276 37068 0 0.51582
minebench-HOP-600.txt ./predict 600 518 3.66667 11.744 2928 3445  725 439 276 37068 0 1.00245
minebench-HOP-600.txt ./predict 600 619 3 9.69833 2928 3445  725 439 276 37068 0 1.61171
minebench-HOP-600.txt ./predict 600 720 3 8.29333 2928 3445  725 439 276 37068 0 1.25815
minebench-ScalParC-600.txt ./predict 600 102 23 144.242 12431 1698  32 3195 1025 22295 0 53.3023
minebench-ScalParC-600.txt ./predict 600 206 24 72.4583 12431 1698  32 3195 1025 22295 0 49.2541
minebench-ScalParC-600.txt ./predict 600 308 24 47.6707 12431 1698  32 3195 1025 22295 0 49.6272
minebench-ScalParC-600.txt ./predict 600 413 26 35.678 12431 1698  32 3195 1025 22295 0 43.0453
minebench-ScalParC-600.txt ./predict 600 518 29 24.9507 12431 1698  32 3195 1025 22295 0 48.0825
minebench-ScalParC-600.txt ./predict 600 619 11.6667 11.722 12431 1698  32 3195 1025 22295 0 3.3025
minebench-ScalParC-600.txt ./predict 600 720 19.3333 11.3183 12431 1698  32 3195 1025 22295 0 2.91633
minebench-Utility-mine-600.txt ./predict 600 102 28.3333 143.43 3677 1791  1803 1864 201 87115 0 15.7813
minebench-Utility-mine-600.txt ./predict 600 206 29 42.892 3677 1791  1803 1864 201 87115 0 8.98937
minebench-Utility-mine-600.txt ./predict 600 308 29 25.6687 3677 1791  1803 1864 201 87115 0 8.39185
minebench-Utility-mine-600.txt ./predict 600 413 29 17.5847 3677 1791  1803 1864 201 87115 0 7.47078
minebench-Utility-mine-600.txt ./predict 600 518 29 13.9173 3677 1791  1803 1864 201 87115 0 7.30771
minebench-Utility-mine-600.txt ./predict 600 619 29 10.7937 3677 1791  1803 1864 201 87115 0 6.96067
minebench-Utility-mine-600.txt ./predict 600 720 29 9.36967 3677 1791  1803 1864 201 87115 0 6.94371
mummer-1024.txt ./predict 1024 102 4 288.206 11503 8557  5357 1553 1105 218510 0 779.565
mummer-1024.txt ./predict 1024 206 4 137.144 11503 8557  5357 1553 1105 218510 0 677.512
mummer-1024.txt ./predict 1024 308 4.66667 90.6543 11503 8557  5357 1553 1105 218510 0 512.45
mummer-1024.txt ./predict 1024 413 5.66667 62.455 11503 8557  5357 1553 1105 218510 0 181.491
mummer-1024.txt ./predict 1024 518 11.6667 49.2197 11503 8557  5357 1553 1105 218510 0 42.0328
mummer-1024.txt ./predict 1024 619 26.6667 39.176 11503 8557  5357 1553 1105 218510 0 22.6604
mummer-1024.txt ./predict 1024 720 21.6667 27.5723 11503 8557  5357 1553 1105 218510 0 6.77004
oltp-epinions.txt ./predict 1536 102 24.6667 371.821 16716 4167  1784 10204 723 92342 0 110.423
oltp-epinions.txt ./predict 1536 206 29 177.39 16716 4167  1784 10204 723 92342 0 90.6192
oltp-epinions.txt ./predict 1536 308 29 108.657 16716 4167  1784 10204 723 92342 0 71.1306
oltp-epinions.txt ./predict 1536 413 29 77.1237 16716 4167  1784 10204 723 92342 0 68.2083
oltp-epinions.txt ./predict 1536 518 29 60.1813 16716 4167  1784 10204 723 92342 0 63.7647
oltp-epinions.txt ./predict 1536 619 29 48.4417 16716 4167  1784 10204 723 92342 0 60.558
oltp-epinions.txt ./predict 1536 720 29 40.3217 16716 4167  1784 10204 723 92342 0 56.1692
oltp-seats.txt ./predict 1536 102 29 283.59 16832 777  770 10432 710 28906 0 69.4986
oltp-seats.txt ./predict 1536 206 29 132.343 16832 777  770 10432 710 28906 0 71.4398
oltp-seats.txt ./predict 1536 308 29 85.0743 16832 777  770 10432 710 28906 0 56.1535
oltp-seats.txt ./predict 1536 413 29 61.5943 16832 777  770 10432 710 28906 0 56.2683
oltp-seats.txt ./predict 1536 518 29 48.0623 16832 777  770 10432 710 28906 0 49.4568
oltp-seats.txt ./predict 1536 619 29 40.1777 16832 777  770 10432 710 28906 0 49.5847
oltp-seats.txt ./predict 1536 720 29 34.077 16832 777  770 10432 710 28906 0 53.4946
oltp-tatp.txt ./predict 1536 102 27 369.754 6820 3334  2007 586 692 206210 0 71.265
oltp-tatp.txt ./predict 1536 206 29 115.257 6820 3334  2007 586 692 206210 0 25.7988
oltp-tatp.txt ./predict 1536 308 18 57.6677 6820 3334  2007 586 692 206210 0 2.66382
oltp-tatp.txt ./predict 1536 413 7.66667 38.3637 6820 3334  2007 586 692 206210 0 2.59858
oltp-tatp.txt ./predict 1536 518 6 29.3897 6820 3334  2007 586 692 206210 0 2.6051
oltp-tatp.txt ./predict 1536 619 5 23.882 6820 3334  2007 586 692 206210 0 3.45183
oltp-tatp.txt ./predict 1536 720 4.66667 20.1817 6820 3334  2007 586 692 206210 0 1.8706
oltp-tpcc.txt ./predict 1536 102 7.33333 400.074 10318 11306  4192 2745 841 201829 0 402.864
oltp-tpcc.txt ./predict 1536 206 17 186.946 10318 11306  4192 2745 841 201829 0 114.135
oltp-tpcc.txt ./predict 1536 308 29 118.027 10318 11306  4192 2745 841 201829 0 81.8169
oltp-tpcc.txt ./predict 1536 413 18.6667 60.3433 10318 11306  4192 2745 841 201829 0 24.168
oltp-tpcc.txt ./predict 1536 518 22 49.1723 10318 11306  4192 2745 841 201829 0 0.415953
oltp-tpcc.txt ./predict 1536 619 15 32.7693 10318 11306  4192 2745 841 201829 0 8.51121
oltp-tpcc.txt ./predict 1536 720 7 25.523 10318 11306  4192 2745 841 201829 0 0.620802
oltp-twitter.txt ./predict 1536 102 29 246.13 8042 2308  1464 5099 326 64219 0 40.3453
oltp-twitter.txt ./predict 1536 206 29 111.471 8042 2308  1464 5099 326 64219 0 28.1405
oltp-twitter.txt ./predict 1536 308 29 71.4413 8042 2308  1464 5099 326 64219 0 24.8476
oltp-twitter.txt ./predict 1536 413 29 51.9903 8042 2308  1464 5099 326 64219 0 24.0205
oltp-twitter.txt ./predict 1536 518 29 40.954 8042 2308  1464 5099 326 64219 0 22.6089
oltp-twitter.txt ./predict 1536 619 29 33.802 8042 2308  1464 5099 326 64219 0 22.2971
oltp-twitter.txt ./predict 1536 720 29 28.9983 8042 2308  1464 5099 326 64219 0 21.5926
oltp-voter.txt ./predict 1536 102 21 373.599 18925 3865  1397 10078 982 64283 0 177.17
oltp-voter.txt ./predict 1536 206 28 185.441 18925 3865  1397 10078 982 64283 0 118.884
oltp-voter.txt ./predict 1536 308 29 115.578 18925 3865  1397 10078 982 64283 0 102.702
oltp-voter.txt ./predict 1536 413 29 81.3163 18925 3865  1397 10078 982 64283 0 91.0223
oltp-voter.txt ./predict 1536 518 29 61.5197 18925 3865  1397 10078 982 64283 0 79.8247
oltp-voter.txt ./predict 1536 619 29 49.3707 18925 3865  1397 10078 982 64283 0 74.0021
oltp-voter.txt ./predict 1536 720 29 40.5513 18925 3865  1397 10078 982 64283 0 67.4164
oltp-ycsb.txt ./predict 1536 102 20 371.039 7772 2725  2435 2904 540 209690 0 86.032
oltp-ycsb.txt ./predict 1536 206 29 129.413 7772 2725  2435 2904 540 209690 0 36.2084
oltp-ycsb.txt ./predict 1536 308 29 71.148 7772 2725  2435 2904 540 209690 0 23.346
oltp-ycsb.txt ./predict 1536 413 29 49.3087 7772 2725  2435 2904 540 209690 0 21.32
oltp-ycsb.txt ./predict 1536 518 29 36.956 7772 2725  2435 2904 540 209690 0 17.9423
oltp-ycsb.txt ./predict 1536 619 29 30.0213 7772 2725  2435 2904 540 209690 0 17.2717
oltp-ycsb.txt ./predict 1536 720 29 24.7613 7772 2725  2435 2904 540 209690 0 15.9031
parsec-blackscholes.txt ./predict 1024 102 21 244.579 6836 6436  855 671 684 101897 0 78.6048
parsec-blackscholes.txt ./predict 1024 206 21.3333 123.671 6836 6436  855 671 684 101897 0 78.1404
parsec-blackscholes.txt ./predict 1024 308 10.6667 48.082 6836 6436  855 671 684 101897 0 0.743407
parsec-blackscholes.txt ./predict 1024 413 8 34.814 6836 6436  855 671 684 101897 0 0.700343
parsec-blackscholes.txt ./predict 1024 518 6 27.4497 6836 6436  855 671 684 101897 0 1.35918
parsec-blackscholes.txt ./predict 1024 619 6 22.5237 6836 6436  855 671 684 101897 0 0.826891
parsec-blackscholes.txt ./predict 1024 720 5 19.2183 6836 6436  855 671 684 101897 0 1.51835
parsec-bodytrack.txt ./predict 1024 102 5.33333 154.622 4873 2015  2274 1430 382 130747 0 0.0780259
parsec-bodytrack.txt ./predict 1024 206 28.3333 66.508 4873 2015  2274 1430 382 130747 0 5.53657
parsec-bodytrack.txt ./predict 1024 308 7.66667 36.1513 4873 2015  2274 1430 382 130747 0 0.245004
parsec-bodytrack.txt ./predict 1024 413 5.33333 25.422 4873 2015  2274 1430 382 130747 0 1.02387
parsec-bodytrack.txt ./predict 1024 518 4.66667 19.6867 4873 2015  2274 1430 382 130747 0 1.82883
parsec-bodytrack.txt ./predict 1024 619 4.33333 16.0877 4873 2015  2274 1430 382 130747 0 1.0043
parsec-bodytrack.txt ./predict 1024 720 4 13.6383 4873 2015  2274 1430 382 130747 0 2.81121
parsec-ferret.txt ./predict 1024 102 18 96.888 1790 1012  228 785 111 11590 0 1.54441
parsec-ferret.txt ./predict 1024 206 5 46.2213 1790 1012  228 785 111 11590 0 0.481141
parsec-ferret.txt ./predict 1024 308 4.66667 30.658 1790 1012  228 785 111 11590 0 0.910365
parsec-ferret.txt ./predict 1024 413 4.33333 22.9293 1790 1012  228 785 111 11590 0 0.401559
parsec-ferret.txt ./predict 1024 518 4 18.318 1790 1012  228 785 111 11590 0 0.628566
parsec-ferret.txt ./predict 1024 619 3 15.195 1790 1012  228 785 111 11590 0 1.43874
parsec-ferret.txt ./predict 1024 720 3 13.0457 1790 1012  228 785 111 11590 0 1.41265
parsec-fluidanimate.txt ./predict 1024 102 7 274.921 69833 34648  22 11309 6502 102822 0 399.688
parsec-fluidanimate.txt ./predict 1024 206 7 137.223 69833 34648  22 11309 6502 102822 0 399.372
parsec-fluidanimate.txt ./predict 1024 308 7 91.4383 69833 34648  22 11309 6502 102822 0 399.363
parsec-fluidanimate.txt ./predict 1024 413 7 68.459 69833 34648  22 11309 6502 102822 0 399.33
parsec-fluidanimate.txt ./predict 1024 518 7 54.7883 69833 34648  22 11309 6502 102822 0 399.35
parsec-fluidanimate.txt ./predict 1024 619 7 45.7403 69833 34648  22 11309 6502 102822 0 399.989
parsec-fluidanimate.txt ./predict 1024 720 7 39.2227 69833 34648  22 11309 6502 102822 0 399.055
parsec-freqmine.txt ./predict 1024 102 14.6667 108.259 5320 279  395 1188 458 37203 0 0.611603
parsec-freqmine.txt ./predict 1024 206 10 53.5107 5320 279  395 1188 458 37203 0 0.718584
parsec-freqmine.txt ./predict 1024 308 12.3333 33.9337 5320 279  395 1188 458 37203 0 0.936455
parsec-freqmine.txt ./predict 1024 413 4.66667 23.684 5320 279  395 1188 458 37203 0 1.62399
parsec-freqmine.txt ./predict 1024 518 12.3333 20.8827 5320 279  395 1188 458 37203 0 1.54704
parsec-freqmine.txt ./predict 1024 619 3 15.1297 5320 279  395 1188 458 37203 0 0.845151
parsec-freqmine.txt ./predict 1024 720 5.33333 13.3027 5320 279  395 1188 458 37203 0 1.35264
parsec-raytrace.txt ./predict 1024 102 16.3333 120.867 2893 772  385 345 282 30808 0 0.238481
parsec-raytrace.txt ./predict 1024 206 5.66667 56.5843 2893 772  385 345 282 30808 0 0.508541
parsec-raytrace.txt ./predict 1024 308 4.66667 36.833 2893 772  385 345 282 30808 0 0.836027
parsec-raytrace.txt ./predict 1024 413 4 27.3917 2893 772  385 345 282 30808 0 1.06041
parsec-raytrace.txt ./predict 1024 518 3.66667 21.7583 2893 772  385 345 282 30808 0 1.07476
parsec-raytrace.txt ./predict 1024 619 3.66667 18.093 2893 772  385 345 282 30808 0 0.790339
parsec-raytrace.txt ./predict 1024 720 3 15.448 2893 772  385 345 282 30808 0 1.99583
parsec-vips.txt ./predict 1024 102 4.66667 208.991 7604 5793  4087 1311 698 212164 0 0.118457
parsec-vips.txt ./predict 1024 206 13.3333 123.537 7604 5793  4087 1311 698 212164 0 51.3838
parsec-vips.txt ./predict 1024 308 14 52.672 7604 5793  4087 1311 698 212164 0 0.850356
parsec-vips.txt ./predict 1024 413 11 32.664 7604 5793  4087 1311 698 212164 0 2.75641
parsec-vips.txt ./predict 1024 518 7.66667 23.3433 7604 5793  4087 1311 698 212164 0 2.70423
parsec-vips.txt ./predict 1024 619 6 18.1473 7604 5793  4087 1311 698 212164 0 2.74337
parsec-vips.txt ./predict 1024 720 6 15.152 7604 5793  4087 1311 698 212164 0 2.65987
parsec-x264.txt ./predict 1024 102 5 205.803 13430 10208  2922 2312 1234 214649 0 0.114546
parsec-x264.txt ./predict 1024 206 9.33333 124.412 13430 10208  2922 2312 1234 214649 0 124.337
parsec-x264.txt ./predict 1024 308 14 82.648 13430 10208  2922 2312 1234 214649 0 99.6967
parsec-x264.txt ./predict 1024 413 17.6667 61.9777 13430 10208  2922 2312 1234 214649 0 103.454
parsec-x264.txt ./predict 1024 518 20.3333 49.6907 13430 10208  2922 2312 1234 214649 0 100.79
parsec-x264.txt ./predict 1024 619 29 39.0557 13430 10208  2922 2312 1234 214649 0 61.7725
parsec-x264.txt ./predict 1024 720 17.3333 20.0527 13430 10208  2922 2312 1234 214649 0 13.1021
rubis-db-100C.txt ./predict 1024 102 26.6667 281.819 12587 3364  1713 6356 691 97208 0 61.2989
rubis-db-100C.txt ./predict 1024 206 29 117.921 12587 3364  1713 6356 691 97208 0 53.7582
rubis-db-100C.txt ./predict 1024 308 29 72.7767 12587 3364  1713 6356 691 97208 0 49.0459
rubis-db-100C.txt ./predict 1024 413 29 51.6597 12587 3364  1713 6356 691 97208 0 44.5371
rubis-db-100C.txt ./predict 1024 518 29 39.1467 12587 3364  1713 6356 691 97208 0 43.0589
rubis-db-100C.txt ./predict 1024 619 29 31.5883 12587 3364  1713 6356 691 97208 0 39.7687
rubis-db-100C.txt ./predict 1024 720 29 26.4437 12587 3364  1713 6356 691 97208 0 39.1437
rubis-db-300C.txt ./predict 1024 102 17 249.674 19615 3772  1627 9301 1145 103846 0 96.165
rubis-db-300C.txt ./predict 1024 206 19 124.043 19615 3772  1627 9301 1145 103846 0 92.1012
rubis-db-300C.txt ./predict 1024 308 20.6667 82.2933 19615 3772  1627 9301 1145 103846 0 88.426
rubis-db-300C.txt ./predict 1024 413 22 61.105 19615 3772  1627 9301 1145 103846 0 84.3947
rubis-db-300C.txt ./predict 1024 518 24 49.584 19615 3772  1627 9301 1145 103846 0 80.8853
rubis-db-300C.txt ./predict 1024 619 25 40.7823 19615 3772  1627 9301 1145 103846 0 73.9825
rubis-db-300C.txt ./predict 1024 720 26.3333 35.0883 19615 3772  1627 9301 1145 103846 0 72.0777
rubis-db-50C.txt ./predict 1024 102 29 239.179 10281 3181  1861 4949 591 94422 0 50.1131
rubis-db-50C.txt ./predict 1024 206 29 104.273 10281 3181  1861 4949 591 94422 0 40.9207
rubis-db-50C.txt ./predict 1024 308 29 62.843 10281 3181  1861 4949 591 94422 0 36.8163
rubis-db-50C.txt ./predict 1024 413 29 44.051 10281 3181  1861 4949 591 94422 0 31.7948
rubis-db-50C.txt ./predict 1024 518 29 33.6753 10281 3181  1861 4949 591 94422 0 30.1288
rubis-db-50C.txt ./predict 1024 619 29 26.9417 10281 3181  1861 4949 591 94422 0 27.166
rubis-db-50C.txt ./predict 1024 720 29 22.8313 10281 3181  1861 4949 591 94422 0 27.7257
rubis-ws-100C.txt ./predict 1024 102 25.6667 248.35 18108 1121  242 9091 1001 28455 0 81.9186
rubis-ws-100C.txt ./predict 1024 206 27 123.868 18108 1121  242 9091 1001 28455 0 77.3276
rubis-ws-100C.txt ./predict 1024 308 28 82.3047 18108 1121  242 9091 1001 28455 0 74.6075
rubis-ws-100C.txt ./predict 1024 413 28.3333 61.4027 18108 1121  242 9091 1001 28455 0 74.4744
rubis-ws-100C.txt ./predict 1024 518 29 49.1317 18108 1121  242 9091 1001 28455 0 73.0615
rubis-ws-100C.txt ./predict 1024 619 29 40.2163 18108 1121  242 9091 1001 28455 0 69.7921
rubis-ws-100C.txt ./predict 1024 720 29 33.9637 18108 1121  242 9091 1001 28455 0 69.1268
rubis-ws-300C.txt ./predict 1024 102 10 252.939 42294 11423  690 14043 3138 65460 0 225.666
rubis-ws-300C.txt ./predict 1024 206 10.3333 125.993 42294 11423  690 14043 3138 65460 0 216.723
rubis-ws-300C.txt ./predict 1024 308 11 85.6653 42294 11423  690 14043 3138 65460 0 210.099
rubis-ws-300C.txt ./predict 1024 413 11 63.8637 42294 11423  690 14043 3138 65460 0 206.602
rubis-ws-300C.txt ./predict 1024 518 11 50.3387 42294 11423  690 14043 3138 65460 0 200.009
rubis-ws-300C.txt ./predict 1024 619 11 41.5367 42294 11423  690 14043 3138 65460 0 196.239
rubis-ws-300C.txt ./predict 1024 720 11.3333 35.892 42294 11423  690 14043 3138 65460 0 193.353
rubis-ws-50C.txt ./predict 1024 102 29 187.05 10678 582  204 6543 459 19103 0 45.2808
rubis-ws-50C.txt ./predict 1024 206 29 90.619 10678 582  204 6543 459 19103 0 43.1699
rubis-ws-50C.txt ./predict 1024 308 29 59.3587 10678 582  204 6543 459 19103 0 42.1692
rubis-ws-50C.txt ./predict 1024 413 29 43.6317 10678 582  204 6543 459 19103 0 41.1138
rubis-ws-50C.txt ./predict 1024 518 29 34.3407 10678 582  204 6543 459 19103 0 40.0479
rubis-ws-50C.txt ./predict 1024 619 29 28.447 10678 582  204 6543 459 19103 0 40.0518
rubis-ws-50C.txt ./predict 1024 720 29 23.9067 10678 582  204 6543 459 19103 0 37.6422
tar-1024.txt ./predict 1024 102 4 281.543 11737 10827  10990 1498 1137 216334 0 2.35333
tar-1024.txt ./predict 1024 206 4 138.193 11737 10827  10990 1498 1137 216334 0 808.312
tar-1024.txt ./predict 1024 308 4.66667 86.78 11737 10827  10990 1498 1137 216334 0 367.327
tar-1024.txt ./predict 1024 413 4.66667 63.6613 11737 10827  10990 1498 1137 216334 0 102.48
tar-1024.txt ./predict 1024 518 5 50.347 11737 10827  10990 1498 1137 216334 0 37.9944
tar-1024.txt ./predict 1024 619 8.66667 40.8047 11737 10827  10990 1498 1137 216334 0 2.76685
tar-1024.txt ./predict 1024 720 11 31.1123 11737 10827  10990 1498 1137 216334 0 2.77598
