dacapo-avrora 871 115 153 125 40 33 61 108 95 84 76
dacapo-eclipse 8822 2775 1559 1292 839 1038 864 743 658 592 533
dacapo-fop 8094 1024 570 337 127 105 91 82 72 65 58
dacapo-h2 7297 3407 2299 1655 1349 1075 1004 859 751 753 677
dacapo-jython 4491 270 227 226 174 155 148 131 116 107 97
dacapo-luindex 3238 699 452 404 238 269 225 195 172 154 139
dacapo-lusearch 1877 199 194 161 147 119 101 90 78 70 63
dacapo-pmd 4972 824 601 500 457 383 319 274 239 214 194
dacapo-sunflow 1552 181 201 163 121 96 80 68 63 60 54
dacapo-tomcat 3128 675 337 311 440 359 298 256 223 199 179
dacapo-tradebeans 7128 1300 703 640 1021 816 679 582 508 458 416
dacapo-tradesoap 6500 2195 1804 1570 1182 943 853 731 640 569 518
dacapo-xalan 2011 245 235 215 190 153 132 114 100 90 88
dell-store-db-100 6856 897 641 552 515 485 462 440 427 425 415
dell-store-db-300 10704 1104 769 628 554 500 471 456 444 437 426
dell-store-db-50 6059 824 610 529 491 463 458 441 430 416 410
dell-store-ws-100 12390 254 123 90 72 63 58 53 50 47 45
dell-store-ws-300 25623 1350 681 489 381 309 263 229 203 184 168
dell-store-ws-50 7103 135 91 58 49 44 41 40 38 37 36
file-server-10m 645 328 300 290 275 276 276 276 283 281 278
file-server-20m 930 564 567 570 534 538 545 530 540 549 542
kernel-1 4389 696 341 289 211 170 146 126 111 99 90
kernel-2 8707 1070 670 491 302 248 260 246 218 196 179
linpack-1024 692 789 1035 692 517 688 679 642 575 555 546
mediawiki-db-10C 1241 211 161 146 130 117 111 111 103 99 94
mediawiki-db-20C 1314 227 176 143 129 123 112 112 103 97 94
mediawiki-ws-10C 18514 6428 2913 2008 1626 1296 1077 923 807 717 645
mediawiki-ws-20C 24885 10184 6439 4305 3080 2469 2052 1780 1555 1381 1242
minebench-ECLAT-600 3761 219 162 114 197 157 131 114 100 91 84
minebench-HOP-600 408 331 243 217 291 245 218 191 171 159 150
minebench-ScalParC-600 3769 980 497 330 239 195 162 138 121 107 96
minebench-Utility-mine-600 1870 205 191 188 194 188 186 185 184 183 181
mummer-1024 1692 1349 1018 1019 1242 1118 1016 894 885 856 797
oltp-epinions 10407 720 514 430 392 361 324 301 279 263 250
oltp-seats 10782 836 388 315 292 233 194 167 146 147 134
oltp-tatp 1085 682 470 387 259 272 255 241 241 243 237
oltp-tpcc 2373 1076 724 757 783 753 688 634 594 560 529
oltp-twitter 5123 311 268 238 222 199 184 170 190 183 173
oltp-voter 10747 852 608 463 355 309 281 262 247 235 217
oltp-ycsb 2737 572 422 390 374 348 328 322 300 288 285
parsec-blackscholes 669 686 667 661 503 400 332 284 250 222 200
parsec-bodytrack 1332 409 303 305 322 295 286 269 273 255 250
parsec-ferret 959 101 75 65 68 57 51 46 43 40 37
parsec-fluidanimate 11957 6363 4768 3236 2507 1995 1657 1417 1239 1100 989
parsec-freqmine 720 512 342 265 240 224 190 171 149 133 119
parsec-raytrace 369 283 157 120 101 88 80 74 70 66 63
parsec-vips 1695 660 614 539 452 445 438 427 425 424 423
parsec-x264 2195 1263 1123 841 734 621 562 517 486 454 433
rubis-db-100C 6565 695 493 398 386 342 312 286 268 251 239
rubis-db-300C 9047 1287 767 551 487 418 374 341 313 292 276
rubis-db-50C 4925 615 440 380 349 328 301 282 264 252 239
rubis-ws-100C 9157 1013 518 364 293 238 203 176 156 140 128
rubis-ws-300C 13558 3122 1910 1408 1112 904 758 655 575 514 464
rubis-ws-50C 6580 458 252 158 124 103 90 79 72 65 61
tar-1024 1429 1113 1129 1097 1116 1051 1085 1077 1085 1081 1091
