dacapo-avrora 865 115 1909 419 116
dacapo-eclipse 6634 2775 31620 6604 7626
dacapo-fop 8234 1024 17457 1007 168
dacapo-h2 8024 3407 38692 22010 814
dacapo-jython 4500 270 6934 2158 479
dacapo-luindex 3212 699 9512 1200 2790
dacapo-lusearch 1883 199 3680 959 1280
dacapo-pmd 4904 824 12323 9290 797
dacapo-sunflow 1535 181 3175 3181 266
dacapo-tomcat 3402 675 9487 2876 4022
dacapo-tradebeans 7237 1300 18943 1518 249
dacapo-tradesoap 6945 2195 26704 25976 1664
dacapo-xalan 1993 245 4208 2516 1007
dell-store-db-100 6867 897 14950 3817 3960
dell-store-db-300 10591 1104 20528 4204 3427
dell-store-db-50 6027 824 13451 4045 3722
dell-store-ws-100 12134 254 14430 690 268
dell-store-ws-300 25724 1350 37881 978 402
dell-store-ws-50 7103 135 8327 353 273
file-server-10m 523 328 3479 2733 2777
file-server-20m 1086 564 6167 5562 5271
kernel-1 4217 696 10494 4288 368
kernel-2 8818 1070 18458 2772 324
linpack-1024 674 789 7785 8117 6410
mediawiki-db-10C 1240 211 3144 1087 1021
mediawiki-db-20C 1294 227 3347 995 961
mediawiki-ws-10C 17499 6428 75362 826 107
mediawiki-ws-20C 25789 10184 117456 24483 1120
minebench-ECLAT-600 3620 219 5597 5259 448
minebench-HOP-600 433 331 3415 3445 979
minebench-ScalParC-600 3501 980 12334 1698 72
minebench-Utility-mine-600 1861 205 3713 1791 1882
mummer-1024 2052 1349 14200 8557 6239
oltp-epinions 10583 720 17070 4167 2406
oltp-seats 10250 836 17777 777 1449
oltp-tatp 903 682 7051 3334 1967
oltp-tpcc 2921 1076 12614 11306 6023
oltp-twitter 5123 311 7931 2308 1420
oltp-voter 10705 852 18375 3865 1617
oltp-ycsb 2710 572 7868 2725 2775
parsec-blackscholes 670 686 6855 6436 2226
parsec-bodytrack 1559 409 5244 2015 2604
parsec-ferret 965 101 1882 1012 301
parsec-fluidanimate 16512 6363 73790 34648 8
parsec-freqmine 642 691 6866 279 206
parsec-raytrace 365 283 2922 772 378
parsec-vips 1578 660 7520 5793 4207
parsec-x264 2088 1263 13461 10208 3640
rubis-db-100C 6619 695 12883 3364 2235
rubis-db-300C 8347 1287 19935 3772 2054
rubis-db-50C 4879 615 10425 3181 2435
rubis-ws-100C 9021 1013 18141 1121 308
rubis-ws-300C 15209 3122 43311 11423 1302
rubis-ws-50C 6505 458 10639 582 219
tar-1024 1460 1113 11485 10827 10448
