1 0.0719283
2 0.0835187
3 0.0926556
4 0.122099
5 0.174315
6 0.189871
7 0.224189
8 0.287803
9 0.313473
10 0.349986
11 0.358601
12 0.367711
13 0.427911
14 0.44971
15 0.469398
16 0.511527
17 0.541744
18 0.569345
19 0.605019
20 0.621668
21 0.633778
22 0.66769
23 0.734032
24 0.835154
25 0.848069
26 0.85732
27 0.896629
28 0.897031
29 0.922353
30 0.936379
31 0.946269
32 1.00566
33 1.05463
34 1.05766
35 1.06882
36 1.09223
37 1.11993
38 1.12395
39 1.13608
40 1.14264
41 1.22403
42 1.26811
43 1.2892
44 1.28998
45 1.30303
46 1.32214
47 1.36777
48 1.38828
49 1.41105
50 1.44306
51 1.46359
52 1.48681
53 1.50792
54 1.54274
55 1.54941
56 1.57748
57 1.58154
58 1.5878
59 1.58938
60 1.59682
61 1.62696
62 1.64671
63 1.67485
64 1.72784
65 1.74593
66 1.76385
67 1.76668
68 1.77703
69 1.79067
70 1.8102
71 1.81475
72 1.82661
73 1.83147
74 1.83321
75 1.85072
76 1.88289
77 1.92323
78 1.98124
79 1.98607
80 2.0007
81 2.07431
82 2.09613
83 2.12669
84 2.13528
85 2.14807
86 2.1802
87 2.19469
88 2.20506
89 2.23386
90 2.26058
91 2.27171
92 2.30476
93 2.30741
94 2.31757
95 2.32239
96 2.32905
97 2.35604
98 2.40314
99 2.44553
100 2.45786
101 2.47441
102 2.47467
103 2.49107
104 2.49303
105 2.51617
106 2.55076
107 2.57875
108 2.65403
109 2.67294
110 2.70265
111 2.74185
112 2.78617
113 2.79301
114 2.8269
115 2.83659
116 2.86865
117 2.89491
118 2.90884
119 2.94848
120 2.97932
121 3.0183
122 3.04957
123 3.05649
124 3.11828
125 3.13451
126 3.13746
127 3.15946
128 3.17082
129 3.18102
130 3.18195
131 3.19211
132 3.22172
133 3.31642
134 3.32607
135 3.34703
136 3.40524
137 3.42608
138 3.42855
139 3.44916
140 3.46093
141 3.51873
142 3.52337
143 3.52638
144 3.5479
145 3.56012
146 3.57665
147 3.61639
148 3.6409
149 3.65626
150 3.77854
151 3.77881
152 3.82388
153 3.85302
154 3.8905
155 3.92093
156 3.99903
157 4.01336
158 4.01446
159 4.02635
160 4.02686
161 4.03933
162 4.09156
163 4.12313
164 4.14903
165 4.1897
166 4.19839
167 4.26519
168 4.3406
169 4.34553
170 4.34581
171 4.35973
172 4.46694
173 4.49663
174 4.56633
175 4.58492
176 4.6457
177 4.67716
178 4.72339
179 4.7365
180 4.74375
181 4.80799
182 4.80986
183 4.81189
184 4.87713
185 4.89575
186 4.93359
187 4.95612
188 4.9606
189 4.97119
190 4.97389
191 4.9893
192 5.01135
193 5.0657
194 5.07717
195 5.09188
196 5.12868
197 5.23086
198 5.26411
199 5.28438
200 5.28489
201 5.31864
202 5.3215
203 5.35453
204 5.44667
205 5.45004
206 5.46355
207 5.54438
208 5.59366
209 5.60908
210 5.68078
211 5.7076
212 5.88968
213 5.89979
214 5.90741
215 5.97239
216 5.99133
217 6.03469
218 6.08953
219 6.09032
220 6.09217
221 6.19452
222 6.23557
223 6.26938
224 6.31398
225 6.36687
226 6.42718
227 6.54406
228 6.6581
229 6.66884
230 6.75772
231 6.75909
232 6.78636
233 6.82789
234 6.83772
235 6.87235
236 6.88726
237 6.9358
238 6.96338
239 7.01608
240 7.06835
241 7.21027
242 7.34552
243 7.34691
244 7.36391
245 7.36849
246 7.37363
247 7.48957
248 7.5853
249 7.63425
250 7.71934
251 7.82846
252 7.92812
253 7.94067
254 7.99331
255 8.03377
256 8.23478
257 8.3637
258 8.39479
259 8.41913
260 8.45421
261 8.52319
262 8.81684
263 8.8995
264 8.92493
265 9.06678
266 9.07339
267 9.10103
268 9.16095
269 9.1721
270 9.19347
271 9.21111
272 9.24492
273 9.31854
274 9.34421
275 9.36244
276 9.36559
277 9.44607
278 9.89705
279 9.94904
280 9.97071
281 10.0138
282 10.1614
283 10.1794
284 10.2565
285 10.2836
286 10.2975
287 10.3463
288 10.5112
289 10.576
290 10.5905
291 10.6235
292 10.6995
293 10.728
294 10.918
295 11.2482
296 11.4181
297 11.4668
298 11.4955
299 11.5579
300 11.6558
301 11.6898
302 11.7544
303 11.7789
304 11.8117
305 11.9436
306 12.0072
307 12.1156
308 12.2866
309 12.3927
310 12.5547
311 12.5619
312 12.7043
313 12.7705
314 12.8225
315 12.8466
316 12.8954
317 13.1342
318 13.1617
319 13.4699
320 13.4902
321 13.526
322 13.5685
323 13.6436
324 13.7498
325 13.7638
326 13.8229
327 14.1674
328 14.1768
329 14.3792
330 14.4112
331 14.4798
332 14.5752
333 14.621
334 15.4021
335 15.8959
336 16.6351
337 16.6946
338 16.9036
339 17.0468
340 17.8609
341 18.1767
342 18.7647
343 19.3047
344 20.3966
345 20.8202
346 21.0009
347 21.1044
348 22.8337
349 24.7364
350 26.9274
351 27.0324
352 29.6569
353 30.701
354 33.9683
355 36.8529
356 37.977
357 39.3385
358 39.3926
359 40.986
360 41.1909
361 42.4524
