0.158771 0.00277008
0.172228 0.00554017
0.200624 0.00831025
0.426916 0.0110803
0.768587 0.0138504
0.849965 0.0166205
0.984414 0.0193906
1.437826 0.0221607
1.449189 0.0249307
1.579338 0.0277008
1.594742 0.0304709
1.598778 0.033241
1.767738 0.0360111
1.872450 0.0387812
1.991778 0.0415512
1.995436 0.0443213
2.022257 0.0470914
2.046081 0.0498615
2.102238 0.0526316
2.374267 0.0554017
2.478027 0.0581717
2.532553 0.0609418
2.614311 0.0637119
2.663474 0.066482
2.698091 0.0692521
2.737773 0.0720222
2.771865 0.0747922
2.795479 0.0775623
2.893463 0.0803324
2.896386 0.0831025
3.333003 0.0858726
3.341886 0.0886427
3.355540 0.0914127
3.379059 0.0941828
3.513429 0.0969529
3.564344 0.099723
3.672368 0.102493
3.686849 0.105263
3.690630 0.108033
3.710863 0.110803
3.831969 0.113573
3.888924 0.116343
3.939291 0.119114
3.959209 0.121884
4.032511 0.124654
4.053993 0.127424
4.120903 0.130194
4.281318 0.132964
4.458488 0.135734
4.473263 0.138504
4.511241 0.141274
4.557204 0.144044
4.665639 0.146814
4.710340 0.149584
4.762815 0.152355
4.781910 0.155125
4.990396 0.157895
5.119102 0.160665
5.228974 0.163435
5.518457 0.166205
5.562837 0.168975
6.037862 0.171745
6.290383 0.174515
6.304786 0.177285
6.535224 0.180055
6.549238 0.182825
6.553621 0.185596
6.555847 0.188366
6.602231 0.191136
6.677534 0.193906
6.801481 0.196676
6.837500 0.199446
6.841250 0.202216
6.996953 0.204986
7.051466 0.207756
7.165775 0.210526
7.240747 0.213296
7.411017 0.216066
7.560534 0.218837
7.617278 0.221607
7.627826 0.224377
7.688484 0.227147
7.862888 0.229917
7.928584 0.232687
7.984973 0.235457
7.994986 0.238227
8.006603 0.240997
8.130967 0.243767
8.141167 0.246537
8.212113 0.249307
8.216449 0.252078
8.217570 0.254848
8.308650 0.257618
8.558104 0.260388
8.622579 0.263158
8.634626 0.265928
8.674916 0.268698
8.696419 0.271468
8.766585 0.274238
8.940875 0.277008
9.001008 0.279778
9.205440 0.282548
9.213360 0.285319
9.326483 0.288089
9.412035 0.290859
9.456597 0.293629
9.574148 0.296399
9.653188 0.299169
9.675913 0.301939
9.688660 0.304709
9.699213 0.307479
9.705056 0.310249
9.819856 0.313019
9.822379 0.315789
9.838958 0.31856
9.948422 0.32133
10.006828 0.3241
10.054862 0.32687
10.133315 0.32964
10.151330 0.33241
10.189835 0.33518
10.289044 0.33795
10.308912 0.34072
10.410512 0.34349
10.475144 0.34626
10.487980 0.34903
10.700188 0.351801
10.739736 0.354571
10.820573 0.357341
10.863014 0.360111
10.871249 0.362881
10.988584 0.365651
11.085818 0.368421
11.145507 0.371191
11.189937 0.373961
11.398955 0.376731
11.509322 0.379501
11.650059 0.382271
11.685419 0.385042
11.789987 0.387812
11.818520 0.390582
11.947571 0.393352
11.957918 0.396122
12.041812 0.398892
12.101507 0.401662
12.150820 0.404432
12.333258 0.407202
12.334641 0.409972
12.442885 0.412742
12.490074 0.415512
12.731841 0.418283
12.754504 0.421053
12.837934 0.423823
13.129485 0.426593
13.152225 0.429363
13.164257 0.432133
13.378808 0.434903
13.446189 0.437673
13.487665 0.440443
13.495952 0.443213
13.639034 0.445983
13.653505 0.448753
13.681695 0.451524
13.846707 0.454294
13.847470 0.457064
13.880743 0.459834
13.885459 0.462604
13.961354 0.465374
14.170963 0.468144
14.210425 0.470914
14.670449 0.473684
14.864133 0.476454
14.971516 0.479224
15.134574 0.481994
15.172905 0.484765
15.657598 0.487535
15.667656 0.490305
15.711968 0.493075
15.735915 0.495845
15.952605 0.498615
15.964663 0.501385
16.027698 0.504155
16.058916 0.506925
16.136298 0.509695
16.168429 0.512465
16.202395 0.515235
16.296604 0.518006
16.357619 0.520776
16.404255 0.523546
16.702080 0.526316
16.707957 0.529086
16.947046 0.531856
16.972467 0.534626
16.998163 0.537396
17.070426 0.540166
17.259747 0.542936
17.343256 0.545706
17.353261 0.548476
17.418529 0.551247
17.569904 0.554017
17.602289 0.556787
17.630482 0.559557
17.736806 0.562327
17.892246 0.565097
17.948839 0.567867
17.949627 0.570637
17.965630 0.573407
18.111275 0.576177
18.157630 0.578947
18.190600 0.581717
18.488906 0.584488
18.653041 0.587258
18.797554 0.590028
18.830538 0.592798
18.897925 0.595568
19.121881 0.598338
19.193086 0.601108
19.220065 0.603878
19.263677 0.606648
19.437285 0.609418
19.488156 0.612188
19.491027 0.614958
19.504395 0.617729
19.996618 0.620499
20.102851 0.623269
20.488964 0.626039
20.625404 0.628809
20.700596 0.631579
20.728135 0.634349
20.786746 0.637119
20.829366 0.639889
20.897233 0.642659
21.012706 0.645429
21.228188 0.648199
21.452364 0.65097
21.563971 0.65374
21.702780 0.65651
22.058900 0.65928
22.104430 0.66205
22.365060 0.66482
22.369900 0.66759
22.471784 0.67036
22.701217 0.67313
22.934823 0.6759
22.996116 0.67867
23.356865 0.68144
23.647916 0.684211
23.681736 0.686981
23.853739 0.689751
24.039122 0.692521
24.082033 0.695291
24.102056 0.698061
24.436827 0.700831
24.560426 0.703601
24.712756 0.706371
24.782816 0.709141
25.020406 0.711911
25.184071 0.714681
25.197059 0.717452
25.368875 0.720222
25.672850 0.722992
25.868598 0.725762
25.907776 0.728532
26.379997 0.731302
26.442346 0.734072
26.637706 0.736842
26.735786 0.739612
26.746973 0.742382
27.096146 0.745152
27.680740 0.747922
27.775294 0.750693
28.003797 0.753463
28.248334 0.756233
28.436923 0.759003
28.777966 0.761773
28.997087 0.764543
29.033947 0.767313
30.105904 0.770083
30.164942 0.772853
30.197847 0.775623
30.207157 0.778393
30.721548 0.781163
30.851635 0.783934
31.501564 0.786704
32.211730 0.789474
32.548323 0.792244
32.803801 0.795014
33.185884 0.797784
33.506140 0.800554
33.518374 0.803324
34.337962 0.806094
35.074437 0.808864
35.153276 0.811634
35.312539 0.814404
35.371691 0.817175
35.434783 0.819945
35.446346 0.822715
35.463518 0.825485
35.655269 0.828255
35.978803 0.831025
36.061540 0.833795
36.289218 0.836565
36.949283 0.839335
37.218514 0.842105
37.636560 0.844875
37.887368 0.847645
38.250515 0.850416
38.961995 0.853186
39.745778 0.855956
40.246284 0.858726
40.339789 0.861496
40.410990 0.864266
41.131791 0.867036
41.149661 0.869806
41.458723 0.872576
41.529623 0.875346
41.847241 0.878116
42.088196 0.880886
42.113942 0.883657
42.170927 0.886427
43.370423 0.889197
43.954605 0.891967
44.052160 0.894737
44.341543 0.897507
45.275608 0.900277
45.506439 0.903047
45.582643 0.905817
45.645669 0.908587
46.859169 0.911357
46.899462 0.914127
47.212949 0.916898
48.923862 0.919668
49.243724 0.922438
50.636268 0.925208
51.165813 0.927978
51.644617 0.930748
52.612329 0.933518
52.946544 0.936288
53.435349 0.939058
54.836124 0.941828
56.872785 0.944598
59.102160 0.947368
62.841660 0.950139
64.991629 0.952909
65.889025 0.955679
66.239202 0.958449
69.999230 0.961219
70.443904 0.963989
70.657218 0.966759
73.592943 0.969529
80.833632 0.972299
94.583559 0.975069
117.821777 0.977839
118.338525 0.980609
125.604272 0.98338
181.578422 0.98615
240.304494 0.98892
255.211473 0.99169
267.993689 0.99446
278.162622 0.99723
304.531741 1
