1.695190 0.00277008
1.833374 0.00554017
2.147095 0.00831025
4.544922 0.0110803
10.287109 0.0138504
10.934204 0.0166205
12.558594 0.0193906
17.078491 0.0221607
17.544800 0.0249307
19.100830 0.0277008
19.307861 0.0304709
19.999512 0.033241
21.364502 0.0360111
21.465698 0.0387812
21.544067 0.0415512
22.653320 0.0443213
26.046387 0.0470914
26.575439 0.0498615
27.799316 0.0526316
28.776733 0.0554017
28.817139 0.0581717
29.170532 0.0609418
29.433960 0.0637119
29.813354 0.066482
30.437500 0.0692521
31.117310 0.0720222
31.210938 0.0747922
31.585449 0.0775623
33.270752 0.0803324
35.322998 0.0831025
35.677856 0.0858726
35.822510 0.0886427
36.097412 0.0914127
36.114136 0.0941828
36.440063 0.0969529
37.130127 0.099723
39.596069 0.102493
40.282593 0.105263
41.260986 0.108033
41.264893 0.110803
41.908203 0.113573
42.529907 0.116343
42.576660 0.119114
43.444092 0.121884
44.193115 0.124654
44.231995 0.127424
45.135010 0.130194
46.354248 0.132964
48.158936 0.135734
48.282959 0.138504
48.933594 0.141274
50.353149 0.144044
50.481445 0.146814
50.519775 0.149584
50.586975 0.152355
51.424194 0.155125
52.048096 0.157895
55.058838 0.160665
56.751953 0.163435
59.206787 0.166205
61.083496 0.168975
62.406006 0.171745
62.499146 0.174515
62.987671 0.177285
63.180786 0.180055
65.377808 0.182825
65.569946 0.185596
65.944946 0.188366
69.224182 0.191136
69.425293 0.193906
73.698059 0.196676
73.943237 0.199446
77.428894 0.202216
78.875916 0.204986
79.146973 0.207756
82.895630 0.210526
83.690796 0.213296
83.704102 0.216066
84.349243 0.218837
85.432251 0.221607
86.160767 0.224377
86.461548 0.227147
86.526611 0.229917
86.800659 0.232687
88.009277 0.235457
88.307739 0.238227
88.354248 0.240997
91.245361 0.243767
91.486206 0.246537
91.630005 0.249307
91.787720 0.252078
91.913208 0.254848
92.326782 0.257618
93.028076 0.260388
94.948853 0.263158
95.058228 0.265928
95.738770 0.268698
96.924561 0.271468
98.724854 0.274238
100.034058 0.277008
102.166992 0.279778
105.600586 0.282548
109.022095 0.285319
109.275513 0.288089
110.477905 0.290859
110.634644 0.293629
111.063110 0.296399
111.101196 0.299169
112.146606 0.301939
113.157471 0.304709
113.595825 0.307479
113.809326 0.310249
114.315308 0.313019
115.978271 0.315789
116.681030 0.31856
118.885620 0.32133
119.927368 0.3241
121.142212 0.32687
121.639893 0.32964
123.260376 0.33241
124.138794 0.33518
126.391724 0.33795
126.576050 0.34072
126.706909 0.34349
127.785889 0.34626
128.621582 0.34903
129.117554 0.351801
129.795288 0.354571
129.970459 0.357341
131.232666 0.360111
131.478882 0.362881
131.945068 0.365651
137.426880 0.368421
137.892334 0.371191
139.212646 0.373961
140.072510 0.376731
141.025513 0.379501
141.549988 0.382271
142.537598 0.385042
143.205811 0.387812
144.674438 0.390582
145.118774 0.393352
148.642090 0.396122
148.655273 0.398892
149.052979 0.401662
150.535645 0.404432
152.614990 0.407202
153.041626 0.409972
156.565430 0.412742
156.722778 0.415512
158.022095 0.418283
158.265869 0.421053
160.049438 0.423823
163.297241 0.426593
164.973999 0.429363
166.206665 0.432133
168.281738 0.434903
169.863403 0.437673
170.633301 0.440443
171.044434 0.443213
174.980103 0.445983
175.353027 0.448753
179.498413 0.451524
180.914307 0.454294
182.184814 0.457064
182.416870 0.459834
183.101807 0.462604
192.631226 0.465374
197.442261 0.468144
201.148315 0.470914
202.896973 0.473684
203.607300 0.476454
203.714355 0.479224
207.585938 0.481994
210.400635 0.484765
211.199219 0.487535
215.519287 0.490305
226.207397 0.493075
229.905640 0.495845
234.950806 0.498615
241.789917 0.501385
242.770142 0.504155
244.949463 0.506925
248.648804 0.509695
248.814209 0.512465
249.139160 0.515235
251.678833 0.518006
252.323364 0.520776
253.622070 0.523546
253.652222 0.526316
254.927490 0.529086
255.937622 0.531856
257.145081 0.534626
259.832520 0.537396
259.877686 0.540166
260.973877 0.542936
262.185913 0.545706
263.866699 0.548476
268.624268 0.551247
269.230713 0.554017
269.278809 0.556787
272.032532 0.559557
276.249878 0.562327
279.490112 0.565097
280.201660 0.567867
282.102539 0.570637
283.059692 0.573407
284.182739 0.576177
288.391479 0.578947
293.153931 0.581717
297.208984 0.584488
299.941162 0.587258
300.318970 0.590028
300.812622 0.592798
301.155273 0.595568
307.215698 0.598338
311.117065 0.601108
313.253906 0.603878
319.081909 0.606648
319.549316 0.609418
329.247803 0.612188
330.856445 0.614958
332.274536 0.617729
334.381958 0.620499
334.502930 0.623269
344.677979 0.626039
345.757446 0.628809
348.284180 0.631579
348.450073 0.634349
348.632812 0.637119
349.346558 0.639889
349.766968 0.642659
351.543457 0.645429
360.174438 0.648199
363.334839 0.65097
368.479370 0.65374
369.458374 0.65651
373.596680 0.65928
375.550781 0.66205
390.506714 0.66482
396.707275 0.66759
402.958862 0.67036
403.406982 0.67313
409.208008 0.6759
412.690063 0.67867
416.210815 0.68144
417.659668 0.684211
420.965088 0.686981
423.403687 0.689751
441.476562 0.692521
443.313232 0.695291
443.334595 0.698061
443.364746 0.700831
447.310547 0.703601
447.574707 0.706371
447.731079 0.709141
448.690918 0.711911
449.122803 0.714681
452.272095 0.717452
456.886963 0.720222
459.345947 0.722992
464.034424 0.725762
477.073242 0.728532
479.947510 0.731302
486.901978 0.734072
490.663330 0.736842
501.977295 0.739612
503.094971 0.742382
507.752319 0.745152
509.120605 0.747922
510.365601 0.750693
515.640869 0.753463
533.331665 0.756233
541.330688 0.759003
547.958618 0.761773
554.551025 0.764543
559.259521 0.767313
596.683960 0.770083
597.979004 0.772853
601.721558 0.775623
605.328369 0.778393
611.422241 0.781163
616.209595 0.783934
617.404907 0.786704
617.725342 0.789474
629.343506 0.792244
631.034790 0.795014
647.012085 0.797784
661.153076 0.800554
663.614990 0.803324
678.691345 0.806094
684.925415 0.808864
706.624390 0.811634
720.112183 0.814404
720.280884 0.817175
724.646973 0.819945
727.525146 0.822715
778.424316 0.825485
782.032715 0.828255
782.959595 0.831025
817.700684 0.833795
832.476929 0.836565
854.809082 0.839335
862.425537 0.842105
882.933960 0.844875
884.670166 0.847645
893.950684 0.850416
907.953369 0.853186
920.795654 0.855956
936.233032 0.858726
941.336182 0.861496
941.609375 0.864266
965.945190 0.867036
966.834351 0.869806
976.301880 0.872576
1022.374512 0.875346
1038.879517 0.878116
1064.374634 0.880886
1065.274170 0.883657
1068.703857 0.886427
1099.032227 0.889197
1144.473877 0.891967
1151.475952 0.894737
1176.245972 0.897507
1189.464966 0.900277
1203.439087 0.903047
1208.931396 0.905817
1209.410156 0.908587
1209.852295 0.911357
1236.102661 0.914127
1259.199341 0.916898
1270.011475 0.919668
1313.979248 0.922438
1354.017578 0.925208
1354.395752 0.927978
1360.438965 0.930748
1372.776367 0.933518
1373.212646 0.936288
1390.775879 0.939058
1395.402222 0.941828
1399.217896 0.944598
1422.411011 0.947368
1429.209229 0.950139
1442.458252 0.952909
1530.740723 0.955679
1817.734741 0.958449
1872.446777 0.961219
1874.261475 0.963989
2066.195801 0.966759
2114.577148 0.969529
2324.998047 0.972299
2336.149658 0.975069
2698.183105 0.977839
3789.909912 0.980609
3819.628662 0.98338
7813.144531 0.98615
7833.610352 0.98892
8413.024414 0.99169
8419.497070 0.99446
8574.076172 0.99723
8768.875977 1
