0.047619 0.00277008
0.065834 0.00554017
0.083385 0.00831025
0.118050 0.0110803
0.211800 0.0138504
0.251704 0.0166205
0.289404 0.0193906
0.308881 0.0221607
0.324117 0.0249307
0.330818 0.0277008
0.332727 0.0304709
0.346788 0.033241
0.371913 0.0360111
0.372435 0.0387812
0.374002 0.0415512
0.385309 0.0443213
0.392478 0.0470914
0.393376 0.0498615
0.399498 0.0526316
0.408213 0.0554017
0.413839 0.0581717
0.429995 0.0609418
0.473074 0.0637119
0.491035 0.066482
0.491467 0.0692521
0.496128 0.0720222
0.519468 0.0747922
0.553244 0.0775623
0.557489 0.0803324
0.561475 0.0831025
0.562782 0.0858726
0.599085 0.0886427
0.611523 0.0914127
0.622410 0.0941828
0.637295 0.0969529
0.719229 0.099723
0.777655 0.102493
0.794196 0.105263
0.807743 0.108033
0.823824 0.110803
0.833622 0.113573
0.860321 0.116343
0.876478 0.119114
0.879411 0.121884
0.914391 0.124654
0.926695 0.127424
0.938030 0.130194
0.947866 0.132964
0.963799 0.135734
0.972784 0.138504
0.978592 0.141274
0.979893 0.144044
0.981714 0.146814
0.984985 0.149584
1.012663 0.152355
1.016514 0.155125
1.066515 0.157895
1.081626 0.160665
1.081798 0.163435
1.096943 0.166205
1.111489 0.168975
1.135189 0.171745
1.183216 0.174515
1.184233 0.177285
1.186272 0.180055
1.208439 0.182825
1.211357 0.185596
1.223841 0.188366
1.234035 0.191136
1.246073 0.193906
1.254103 0.196676
1.262176 0.199446
1.319416 0.202216
1.320951 0.204986
1.330667 0.207756
1.335314 0.210526
1.340551 0.213296
1.346025 0.216066
1.351898 0.218837
1.376068 0.221607
1.429129 0.224377
1.462455 0.227147
1.470880 0.229917
1.477418 0.232687
1.478592 0.235457
1.507994 0.238227
1.527863 0.240997
1.564373 0.243767
1.602367 0.246537
1.633884 0.249307
1.651514 0.252078
1.656144 0.254848
1.668724 0.257618
1.679748 0.260388
1.712856 0.263158
1.752817 0.265928
1.755800 0.268698
1.758510 0.271468
1.841320 0.274238
1.903635 0.277008
1.914235 0.279778
1.921062 0.282548
1.954842 0.285319
1.977921 0.288089
2.034464 0.290859
2.045532 0.293629
2.068491 0.296399
2.084343 0.299169
2.132135 0.301939
2.163282 0.304709
2.177999 0.307479
2.234982 0.310249
2.246553 0.313019
2.247442 0.315789
2.254411 0.31856
2.261456 0.32133
2.308548 0.3241
2.387354 0.32687
2.398096 0.32964
2.416315 0.33241
2.466204 0.33518
2.517521 0.33795
2.566898 0.34072
2.682856 0.34349
2.696129 0.34626
2.696613 0.34903
2.708157 0.351801
2.764603 0.354571
2.773962 0.357341
2.832527 0.360111
2.843752 0.362881
2.873627 0.365651
2.885744 0.368421
3.032743 0.371191
3.144514 0.373961
3.213554 0.376731
3.219246 0.379501
3.257265 0.382271
3.259695 0.385042
3.261763 0.387812
3.277830 0.390582
3.282902 0.393352
3.286919 0.396122
3.313210 0.398892
3.332679 0.401662
3.346169 0.404432
3.388510 0.407202
3.408642 0.409972
3.410233 0.412742
3.417835 0.415512
3.429428 0.418283
3.529005 0.421053
3.533499 0.423823
3.543507 0.426593
3.612150 0.429363
3.658282 0.432133
3.749346 0.434903
3.841150 0.437673
3.959328 0.440443
4.001938 0.443213
4.030483 0.445983
4.037054 0.448753
4.048515 0.451524
4.148636 0.454294
4.241488 0.457064
4.243710 0.459834
4.356796 0.462604
4.381741 0.465374
4.432034 0.468144
4.453922 0.470914
4.514980 0.473684
4.699074 0.476454
4.744642 0.479224
4.744783 0.481994
4.828390 0.484765
4.920654 0.487535
5.025245 0.490305
5.127670 0.493075
5.128372 0.495845
5.216053 0.498615
5.291283 0.501385
5.323212 0.504155
5.355038 0.506925
5.378906 0.509695
5.381470 0.512465
5.429344 0.515235
5.535442 0.518006
5.597904 0.520776
5.618425 0.523546
5.635677 0.526316
5.729343 0.529086
5.781073 0.531856
5.799477 0.534626
5.817316 0.537396
5.826880 0.540166
5.926796 0.542936
5.997213 0.545706
6.026480 0.548476
6.102619 0.551247
6.165730 0.554017
6.180763 0.556787
6.230225 0.559557
6.292755 0.562327
6.377682 0.565097
6.436314 0.567867
6.450344 0.570637
6.471149 0.573407
6.697483 0.576177
6.750069 0.578947
6.793581 0.581717
6.809557 0.584488
6.846774 0.587258
6.847332 0.590028
6.863613 0.592798
6.970810 0.595568
7.011497 0.598338
7.065781 0.601108
7.175322 0.603878
7.227909 0.606648
7.274591 0.609418
7.277966 0.612188
7.346146 0.614958
7.373501 0.617729
7.412319 0.620499
7.480827 0.623269
7.564295 0.626039
7.684404 0.628809
7.769806 0.631579
7.805498 0.634349
7.823305 0.637119
8.133680 0.639889
8.170898 0.642659
8.299984 0.645429
8.360319 0.648199
8.564495 0.65097
8.593674 0.65374
8.664932 0.65651
8.685246 0.65928
8.688389 0.66205
8.691349 0.66482
8.852024 0.66759
8.897743 0.67036
8.928375 0.67313
9.084858 0.6759
9.235197 0.67867
9.249744 0.68144
9.389900 0.684211
9.406067 0.686981
9.535210 0.689751
9.540382 0.692521
9.570892 0.695291
9.736374 0.698061
9.773937 0.700831
9.850571 0.703601
9.861900 0.706371
9.986216 0.709141
10.180023 0.711911
10.312065 0.714681
10.330879 0.717452
10.348633 0.720222
10.459290 0.722992
10.568024 0.725762
10.778580 0.728532
10.934158 0.731302
10.997498 0.734072
11.101959 0.736842
11.121422 0.739612
11.146049 0.742382
11.235909 0.745152
11.659233 0.747922
11.734453 0.750693
11.806717 0.753463
11.836380 0.756233
12.169426 0.759003
12.211468 0.761773
12.291985 0.764543
12.483946 0.767313
12.716377 0.770083
13.256248 0.772853
13.322617 0.775623
13.371546 0.778393
13.437891 0.781163
13.662861 0.783934
14.036747 0.786704
14.220781 0.789474
14.232693 0.792244
14.347897 0.795014
15.372730 0.797784
15.629131 0.800554
15.891571 0.803324
16.026802 0.806094
16.027313 0.808864
16.163528 0.811634
16.558044 0.814404
16.981960 0.817175
17.102840 0.819945
17.144722 0.822715
17.216049 0.825485
17.216877 0.828255
17.387619 0.831025
17.441662 0.833795
18.083591 0.836565
18.135262 0.839335
18.708595 0.842105
18.728027 0.844875
19.054886 0.847645
19.090389 0.850416
19.447096 0.853186
19.494267 0.855956
19.790070 0.858726
19.803867 0.861496
20.218815 0.864266
20.379028 0.867036
21.010641 0.869806
21.116135 0.872576
22.288834 0.875346
23.172188 0.878116
23.219498 0.880886
23.417557 0.883657
23.640783 0.886427
26.599758 0.889197
26.983883 0.891967
27.029583 0.894737
27.343750 0.897507
28.918097 0.900277
29.908470 0.903047
30.406197 0.905817
31.424736 0.908587
32.987309 0.911357
35.103897 0.914127
35.834274 0.916898
36.945740 0.919668
37.914642 0.922438
39.823715 0.925208
40.960335 0.927978
41.334938 0.930748
41.503067 0.933518
45.679455 0.936288
48.682117 0.939058
50.746048 0.941828
52.583210 0.944598
53.230690 0.947368
53.311707 0.950139
54.010712 0.952909
55.421524 0.955679
55.503273 0.958449
61.335896 0.961219
70.591637 0.963989
80.240616 0.966759
90.291183 0.969529
106.227127 0.972299
183.227417 0.975069
203.470398 0.977839
211.622192 0.980609
297.247833 0.98338
299.578705 0.98615
340.538879 0.98892
612.795654 0.99169
659.845093 0.99446
660.352722 0.99723
672.476562 1
