0.0594256 0.00277008
0.0642626 0.00554017
0.100368 0.00831025
0.233593 0.0110803
0.828091 0.0138504
0.881579 0.0166205
1.25757 0.0193906
1.42581 0.0221607
1.43723 0.0249307
1.61368 0.0277008
1.81907 0.0304709
1.8441 0.033241
1.98952 0.0360111
2.3125 0.0387812
2.64955 0.0415512
2.71311 0.0443213
2.78783 0.0470914
2.80581 0.0498615
2.82446 0.0526316
2.8491 0.0554017
3.04213 0.0581717
3.1756 0.0609418
3.27364 0.0637119
3.35636 0.066482
3.3613 0.0692521
3.36677 0.0720222
3.41649 0.0747922
3.42295 0.0775623
3.43965 0.0803324
3.56704 0.0831025
3.59449 0.0858726
3.65163 0.0886427
3.68074 0.0914127
3.83026 0.0941828
3.98073 0.0969529
4.06171 0.099723
4.12486 0.102493
4.18969 0.105263
4.36484 0.108033
4.42506 0.110803
4.49396 0.113573
4.60678 0.116343
4.60688 0.119114
4.62683 0.121884
4.65171 0.124654
4.69873 0.127424
4.85174 0.130194
4.90952 0.132964
5.12819 0.135734
5.22565 0.138504
5.41759 0.141274
5.62737 0.144044
5.66794 0.146814
5.80828 0.149584
5.88601 0.152355
5.95395 0.155125
6.06875 0.157895
6.35519 0.160665
6.40587 0.163435
6.42295 0.166205
6.476 0.168975
7.36114 0.171745
7.38811 0.174515
7.41625 0.177285
7.46032 0.180055
7.6446 0.182825
7.77646 0.185596
7.7994 0.188366
7.91266 0.191136
7.9358 0.193906
7.98838 0.196676
8.06902 0.199446
8.08412 0.202216
8.09868 0.204986
8.32206 0.207756
8.36532 0.210526
8.4219 0.213296
8.44012 0.216066
8.4431 0.218837
8.46252 0.221607
8.70451 0.224377
8.92785 0.227147
9.02844 0.229917
9.1004 0.232687
9.21813 0.235457
9.24798 0.238227
9.28112 0.240997
9.47933 0.243767
9.50405 0.246537
9.53021 0.249307
9.53757 0.252078
9.60408 0.254848
9.75713 0.257618
9.95931 0.260388
9.98919 0.263158
10.0045 0.265928
10.0642 0.268698
10.085 0.271468
10.1381 0.274238
10.2745 0.277008
10.2953 0.279778
10.3882 0.282548
10.3988 0.285319
10.53 0.288089
10.5632 0.290859
10.7743 0.293629
10.8245 0.296399
10.8346 0.299169
10.9719 0.301939
10.9782 0.304709
11.082 0.307479
11.4466 0.310249
11.4689 0.313019
11.5523 0.315789
11.5671 0.31856
11.5846 0.32133
11.6667 0.3241
11.7677 0.32687
11.83 0.32964
11.8403 0.33241
11.8742 0.33518
11.8952 0.33795
12.3756 0.34072
12.3923 0.34349
12.4071 0.34626
12.4752 0.34903
12.4819 0.351801
12.5002 0.354571
12.5215 0.357341
12.5424 0.360111
12.5651 0.362881
12.5675 0.365651
12.628 0.368421
12.6317 0.371191
12.6704 0.373961
12.8823 0.376731
12.9058 0.379501
13.3162 0.382271
13.3401 0.385042
13.4008 0.387812
13.6061 0.390582
13.684 0.393352
13.7243 0.396122
13.9311 0.398892
13.9476 0.401662
14.1418 0.404432
14.2112 0.407202
14.243 0.409972
14.2996 0.412742
14.3406 0.415512
14.4293 0.418283
14.813 0.421053
14.8285 0.423823
14.9155 0.426593
14.9915 0.429363
15.1524 0.432133
15.2079 0.434903
15.3338 0.437673
15.3723 0.440443
15.4675 0.443213
15.5633 0.445983
15.6528 0.448753
15.8367 0.451524
16.4225 0.454294
16.4538 0.457064
16.5234 0.459834
16.5558 0.462604
16.5624 0.465374
16.6313 0.468144
16.6734 0.470914
16.6916 0.473684
16.6993 0.476454
16.8395 0.479224
16.9161 0.481994
17.1299 0.484765
17.1386 0.487535
17.1657 0.490305
17.3601 0.493075
17.4589 0.495845
17.7986 0.498615
17.806 0.501385
17.9961 0.504155
18.1331 0.506925
18.1473 0.509695
18.1509 0.512465
18.1631 0.515235
18.214 0.518006
18.3804 0.520776
18.4006 0.523546
18.4739 0.526316
18.4991 0.529086
18.5734 0.531856
18.9474 0.534626
18.9618 0.537396
18.9747 0.540166
18.9886 0.542936
19.2506 0.545706
19.2728 0.548476
19.3007 0.551247
19.4127 0.554017
19.6003 0.556787
19.832 0.559557
19.8816 0.562327
20.0079 0.565097
20.1131 0.567867
20.2673 0.570637
20.3355 0.573407
20.3473 0.576177
20.3931 0.578947
20.4255 0.581717
20.5751 0.584488
20.5984 0.587258
20.6125 0.590028
20.6648 0.592798
21.0924 0.595568
21.1045 0.598338
21.2611 0.601108
21.3927 0.603878
21.6285 0.606648
21.6871 0.609418
21.6998 0.612188
21.7069 0.614958
21.7782 0.617729
21.8215 0.620499
21.9028 0.623269
21.982 0.626039
22.4152 0.628809
22.6278 0.631579
22.6313 0.634349
23.0764 0.637119
23.1467 0.639889
23.43 0.642659
23.4844 0.645429
23.4879 0.648199
23.5214 0.65097
23.5952 0.65374
23.605 0.65651
23.9073 0.65928
24.1459 0.66205
24.3223 0.66482
24.3745 0.66759
24.702 0.67036
24.8487 0.67313
24.8889 0.6759
25.0571 0.67867
25.1518 0.68144
25.2138 0.684211
25.6078 0.686981
25.7687 0.689751
25.9442 0.692521
26.2628 0.695291
26.3796 0.698061
26.5276 0.700831
26.5924 0.703601
26.7015 0.706371
26.7404 0.709141
27.0411 0.711911
27.4687 0.714681
27.6281 0.717452
27.9521 0.720222
28.1181 0.722992
28.2594 0.725762
28.2797 0.728532
28.377 0.731302
28.3965 0.734072
28.4737 0.736842
28.5769 0.739612
28.6551 0.742382
28.832 0.745152
29.028 0.747922
29.0822 0.750693
29.0923 0.753463
29.5099 0.756233
29.707 0.759003
30.2504 0.761773
30.2975 0.764543
30.4033 0.767313
30.8517 0.770083
31.3864 0.772853
31.9105 0.775623
32.3985 0.778393
33.0904 0.781163
33.1437 0.783934
33.6653 0.786704
33.8798 0.789474
34.2292 0.792244
34.7052 0.795014
34.8479 0.797784
35.0755 0.800554
35.3798 0.803324
35.4586 0.806094
35.715 0.808864
35.7467 0.811634
36.3292 0.814404
36.3997 0.817175
37.3209 0.819945
38.18 0.822715
38.4826 0.825485
38.901 0.828255
39.6343 0.831025
40.2664 0.833795
40.2928 0.836565
40.4065 0.839335
41.2308 0.842105
41.4165 0.844875
41.6889 0.847645
41.9369 0.850416
42.1016 0.853186
42.6067 0.855956
42.7502 0.858726
42.9524 0.861496
44.1687 0.864266
45.2382 0.867036
45.4073 0.869806
45.4847 0.872576
45.982 0.875346
46.1466 0.878116
46.2826 0.880886
46.3267 0.883657
46.5232 0.886427
46.7963 0.889197
47.1401 0.891967
49.6995 0.894737
50.5442 0.897507
51.7439 0.900277
51.828 0.903047
52.5106 0.905817
52.6344 0.908587
53.1182 0.911357
53.4126 0.914127
53.4772 0.916898
53.6512 0.919668
54.8347 0.922438
55.2314 0.925208
57.0309 0.927978
57.5196 0.930748
59.1818 0.933518
59.4993 0.936288
60.6031 0.939058
66.1788 0.941828
70.7767 0.944598
71.0141 0.947368
75.58 0.950139
86.1369 0.952909
95.9556 0.955679
110.876 0.958449
114.704 0.961219
133.718 0.963989
134.828 0.966759
148.606 0.969529
171.331 0.972299
182.576 0.975069
185.186 0.977839
218.985 0.980609
228.089 0.98338
232.173 0.98615
245.301 0.98892
265.121 0.99169
294.899 0.99446
661.235 0.99723
883.368 1
