0.026589 0.00277008
0.134153 0.00554017
0.444647 0.00831025
0.551341 0.0110803
0.593703 0.0138504
0.666836 0.0166205
0.940723 0.0193906
1.476016 0.0221607
1.618589 0.0249307
2.953634 0.0277008
4.483606 0.0304709
4.523677 0.033241
5.383860 0.0360111
5.480736 0.0387812
6.374329 0.0415512
7.713127 0.0443213
7.868581 0.0470914
8.111071 0.0498615
8.194579 0.0526316
8.342939 0.0554017
8.540108 0.0581717
8.829770 0.0609418
8.877303 0.0637119
8.877543 0.066482
9.093566 0.0692521
9.642933 0.0720222
9.852613 0.0747922
10.746000 0.0775623
11.108332 0.0803324
11.302336 0.0831025
13.086602 0.0858726
14.727393 0.0886427
15.082024 0.0914127
16.659544 0.0941828
17.108190 0.0969529
17.379652 0.099723
18.420109 0.102493
18.832012 0.105263
20.369366 0.108033
21.155927 0.110803
21.688440 0.113573
22.833847 0.116343
23.832619 0.119114
24.504726 0.121884
24.671908 0.124654
25.611010 0.127424
25.839356 0.130194
26.318371 0.132964
26.383510 0.135734
26.421487 0.138504
27.036214 0.141274
27.172649 0.144044
27.951708 0.146814
27.965596 0.149584
29.133838 0.152355
29.331520 0.155125
30.585468 0.157895
30.987254 0.160665
31.486779 0.163435
31.640938 0.166205
32.293814 0.168975
32.907447 0.171745
34.132236 0.174515
34.526241 0.177285
34.806719 0.180055
34.997836 0.182825
35.534546 0.185596
35.563588 0.188366
37.376189 0.191136
37.584937 0.193906
38.378015 0.196676
38.401285 0.199446
38.647079 0.202216
38.782603 0.204986
39.923412 0.207756
40.003729 0.210526
40.148938 0.213296
40.472779 0.216066
40.515506 0.218837
40.664104 0.221607
40.852642 0.224377
41.014653 0.227147
41.281122 0.229917
41.297248 0.232687
41.478744 0.235457
42.058259 0.238227
42.597604 0.240997
42.630953 0.243767
42.732203 0.246537
43.104091 0.249307
43.661234 0.252078
43.804502 0.254848
44.453016 0.257618
44.494227 0.260388
45.219690 0.263158
45.482624 0.265928
45.987564 0.268698
46.017855 0.271468
47.110775 0.274238
47.559160 0.277008
48.023376 0.279778
48.391637 0.282548
49.632704 0.285319
49.786347 0.288089
50.270182 0.290859
50.466371 0.293629
50.703877 0.296399
51.488423 0.299169
51.945257 0.301939
52.396643 0.304709
52.706701 0.307479
52.846795 0.310249
53.059387 0.313019
53.525007 0.315789
53.739136 0.31856
54.804522 0.32133
55.269766 0.3241
55.553490 0.32687
55.939716 0.32964
56.103039 0.33241
56.269515 0.33518
56.546056 0.33795
56.819910 0.34072
57.134181 0.34349
57.255983 0.34626
57.843876 0.34903
58.239990 0.351801
58.555323 0.354571
58.844948 0.357341
59.061599 0.360111
59.101027 0.362881
59.410906 0.365651
59.945428 0.368421
60.287315 0.371191
60.498703 0.373961
60.499561 0.376731
60.931230 0.379501
60.992777 0.382271
61.374688 0.385042
61.514038 0.387812
61.653286 0.390582
61.875212 0.393352
62.541282 0.396122
62.631583 0.398892
63.282615 0.401662
63.659680 0.404432
63.675326 0.407202
64.108199 0.409972
64.414769 0.412742
64.554453 0.415512
64.962149 0.418283
64.965618 0.421053
65.448254 0.423823
66.522813 0.426593
67.506689 0.429363
67.929530 0.432133
67.993969 0.434903
68.308967 0.437673
68.350184 0.440443
69.355166 0.443213
69.530904 0.445983
70.590872 0.448753
70.699793 0.451524
70.731467 0.454294
71.193242 0.457064
71.765363 0.459834
71.847725 0.462604
71.913844 0.465374
71.914601 0.468144
72.528315 0.470914
73.214209 0.473684
74.122572 0.476454
74.354142 0.479224
74.696577 0.481994
75.069493 0.484765
75.077218 0.487535
75.174063 0.490305
76.706016 0.493075
77.200419 0.495845
77.510828 0.498615
78.250206 0.501385
78.670615 0.504155
79.543328 0.506925
79.724938 0.509695
79.798979 0.512465
80.008954 0.515235
80.636406 0.518006
81.499720 0.520776
81.917530 0.523546
81.922889 0.526316
82.307589 0.529086
82.340693 0.531856
82.746345 0.534626
83.124000 0.537396
83.664185 0.540166
83.855766 0.542936
84.049749 0.545706
84.182382 0.548476
84.690583 0.551247
86.003238 0.554017
86.325306 0.556787
86.331087 0.559557
86.505467 0.562327
86.657065 0.565097
86.721814 0.567867
86.829042 0.570637
86.941177 0.573407
87.152606 0.576177
87.170655 0.578947
87.268931 0.581717
87.415034 0.584488
87.754023 0.587258
87.897158 0.590028
88.527536 0.592798
88.579434 0.595568
89.397687 0.598338
89.893949 0.601108
90.347224 0.603878
90.559661 0.606648
90.688246 0.609418
90.772307 0.612188
91.262043 0.614958
91.394478 0.617729
91.416138 0.620499
91.464043 0.623269
91.656739 0.626039
91.672903 0.628809
92.044502 0.631579
92.564416 0.634349
92.669976 0.637119
92.748010 0.639889
92.905819 0.642659
92.932630 0.645429
93.451744 0.648199
93.596214 0.65097
93.645298 0.65374
93.656415 0.65651
93.725902 0.65928
93.940789 0.66205
93.959087 0.66482
93.999135 0.66759
94.221133 0.67036
94.724602 0.67313
95.264971 0.6759
95.349324 0.67867
95.431185 0.68144
95.847535 0.684211
96.058720 0.686981
96.400183 0.689751
96.858817 0.692521
97.017229 0.695291
97.302580 0.698061
97.323573 0.700831
97.428542 0.703601
97.563446 0.706371
97.631586 0.709141
97.707713 0.711911
98.341519 0.714681
99.372685 0.717452
99.825400 0.720222
100.622427 0.722992
101.165795 0.725762
103.054094 0.728532
106.647360 0.731302
107.114697 0.734072
107.197380 0.736842
109.585702 0.739612
112.756538 0.742382
113.062370 0.745152
113.126111 0.747922
117.717350 0.750693
118.416190 0.753463
118.841136 0.756233
119.134367 0.759003
119.378185 0.761773
122.234046 0.764543
122.691703 0.767313
124.070609 0.770083
124.563026 0.772853
125.219333 0.775623
125.448513 0.778393
125.656712 0.781163
126.656353 0.783934
129.360604 0.786704
131.058168 0.789474
133.935010 0.792244
138.802314 0.795014
143.029726 0.797784
147.826207 0.800554
150.813591 0.803324
157.078362 0.806094
158.266091 0.808864
162.097979 0.811634
163.878942 0.814404
165.919268 0.817175
168.681717 0.819945
169.264066 0.822715
169.872499 0.825485
170.743632 0.828255
170.835698 0.831025
182.537746 0.833795
183.988810 0.836565
188.516736 0.839335
189.157736 0.842105
190.030479 0.844875
193.646920 0.847645
197.498250 0.850416
213.709855 0.853186
215.052867 0.855956
217.112494 0.858726
218.474483 0.861496
221.992135 0.864266
227.212024 0.867036
232.844305 0.869806
255.229974 0.872576
256.074572 0.875346
260.628200 0.878116
261.066222 0.880886
296.697259 0.883657
304.452109 0.886427
315.859079 0.889197
330.458212 0.891967
331.312585 0.894737
332.662821 0.897507
334.126282 0.900277
349.685454 0.903047
350.308871 0.905817
353.120232 0.908587
354.572535 0.911357
420.322657 0.914127
423.243523 0.916898
426.485062 0.919668
468.299818 0.922438
495.998716 0.925208
540.431595 0.927978
570.825529 0.930748
592.388344 0.933518
612.107038 0.936288
619.369698 0.939058
622.271776 0.941828
703.799868 0.944598
711.060810 0.947368
776.873112 0.950139
808.674335 0.952909
1124.077988 0.955679
1288.829994 0.958449
1387.869072 0.961219
2438.137817 0.963989
2566.045761 0.966759
3508.250427 0.969529
3971.763992 0.972299
6455.713654 0.975069
16100.384521 0.977839
21186.489868 0.980609
23902.896118 0.98338
28262.313843 0.98615
60393.292236 0.98892
72623.901367 0.99169
159927.734375 0.99446
246559.643555 0.99723
3275777.148438 1
