0.001001 0.00277008
0.001081 0.00554017
0.001536 0.00831025
0.002088 0.0110803
0.002186 0.0138504
0.002574 0.0166205
0.003057 0.0193906
0.004196 0.0221607
0.004312 0.0249307
0.005714 0.0277008
0.005780 0.0304709
0.005849 0.033241
0.005860 0.0360111
0.006140 0.0387812
0.006554 0.0415512
0.006756 0.0443213
0.006763 0.0470914
0.006814 0.0498615
0.007287 0.0526316
0.007632 0.0554017
0.008106 0.0581717
0.008916 0.0609418
0.009760 0.0637119
0.009872 0.066482
0.011441 0.0692521
0.011542 0.0720222
0.012685 0.0747922
0.012843 0.0775623
0.013314 0.0803324
0.014074 0.0831025
0.014279 0.0858726
0.015320 0.0886427
0.016545 0.0914127
0.017126 0.0941828
0.017494 0.0969529
0.018343 0.099723
0.018430 0.102493
0.018829 0.105263
0.019562 0.108033
0.020701 0.110803
0.020791 0.113573
0.021145 0.116343
0.021592 0.119114
0.021996 0.121884
0.022116 0.124654
0.022501 0.127424
0.022936 0.130194
0.023576 0.132964
0.023727 0.135734
0.023913 0.138504
0.023916 0.141274
0.024764 0.144044
0.024834 0.146814
0.024837 0.149584
0.025254 0.152355
0.025713 0.155125
0.025864 0.157895
0.026147 0.160665
0.026812 0.163435
0.027440 0.166205
0.027973 0.168975
0.028236 0.171745
0.028564 0.174515
0.030453 0.177285
0.030695 0.180055
0.031829 0.182825
0.032088 0.185596
0.032495 0.188366
0.032632 0.191136
0.032852 0.193906
0.032963 0.196676
0.033669 0.199446
0.033761 0.202216
0.033765 0.204986
0.034198 0.207756
0.034787 0.210526
0.035600 0.213296
0.038071 0.216066
0.038813 0.218837
0.039173 0.221607
0.039978 0.224377
0.040577 0.227147
0.040846 0.229917
0.042771 0.232687
0.043416 0.235457
0.043952 0.238227
0.045660 0.240997
0.047096 0.243767
0.047195 0.246537
0.047411 0.249307
0.047928 0.252078
0.049553 0.254848
0.051335 0.257618
0.051816 0.260388
0.051947 0.263158
0.052619 0.265928
0.053422 0.268698
0.053448 0.271468
0.054676 0.274238
0.054809 0.277008
0.054863 0.279778
0.054901 0.282548
0.055501 0.285319
0.057394 0.288089
0.057418 0.290859
0.057520 0.293629
0.058637 0.296399
0.059309 0.299169
0.059813 0.301939
0.061200 0.304709
0.061420 0.307479
0.062105 0.310249
0.063184 0.313019
0.064386 0.315789
0.065264 0.31856
0.067723 0.32133
0.070423 0.3241
0.071665 0.32687
0.073658 0.32964
0.074156 0.33241
0.074538 0.33518
0.074916 0.33795
0.075370 0.34072
0.075700 0.34349
0.076818 0.34626
0.076882 0.34903
0.079242 0.351801
0.081748 0.354571
0.083421 0.357341
0.083520 0.360111
0.083996 0.362881
0.084942 0.365651
0.085341 0.368421
0.088781 0.371191
0.090842 0.373961
0.091911 0.376731
0.092493 0.379501
0.092669 0.382271
0.096161 0.385042
0.098613 0.387812
0.101833 0.390582
0.104839 0.393352
0.108093 0.396122
0.108131 0.398892
0.113701 0.401662
0.116468 0.404432
0.118053 0.407202
0.122633 0.409972
0.122809 0.412742
0.122833 0.415512
0.122856 0.418283
0.126746 0.421053
0.133784 0.423823
0.138528 0.426593
0.138685 0.429363
0.143554 0.432133
0.143859 0.434903
0.145726 0.437673
0.151239 0.440443
0.153470 0.443213
0.154141 0.445983
0.160979 0.448753
0.161644 0.451524
0.166693 0.454294
0.167196 0.457064
0.168187 0.459834
0.178289 0.462604
0.179992 0.465374
0.182332 0.468144
0.183720 0.470914
0.184816 0.473684
0.188683 0.476454
0.196283 0.479224
0.200070 0.481994
0.204108 0.484765
0.207277 0.487535
0.207972 0.490305
0.210147 0.493075
0.210556 0.495845
0.224379 0.498615
0.225355 0.501385
0.226557 0.504155
0.226572 0.506925
0.230554 0.509695
0.233874 0.512465
0.235826 0.515235
0.240016 0.518006
0.248325 0.520776
0.248915 0.523546
0.252796 0.526316
0.264461 0.529086
0.277917 0.531856
0.279476 0.534626
0.279958 0.537396
0.287245 0.540166
0.293029 0.542936
0.294042 0.545706
0.294883 0.548476
0.296962 0.551247
0.303927 0.554017
0.304132 0.556787
0.304169 0.559557
0.304246 0.562327
0.312361 0.565097
0.316028 0.567867
0.325051 0.570637
0.329281 0.573407
0.353872 0.576177
0.355138 0.578947
0.355496 0.581717
0.359351 0.584488
0.369497 0.587258
0.370274 0.590028
0.371631 0.592798
0.383020 0.595568
0.397308 0.598338
0.398688 0.601108
0.399662 0.603878
0.401733 0.606648
0.406195 0.609418
0.409525 0.612188
0.414050 0.614958
0.422224 0.617729
0.423165 0.620499
0.424398 0.623269
0.440681 0.626039
0.492338 0.628809
0.503919 0.631579
0.511176 0.634349
0.542372 0.637119
0.544707 0.639889
0.568463 0.642659
0.584150 0.645429
0.595382 0.648199
0.601631 0.65097
0.620818 0.65374
0.635184 0.65651
0.642607 0.65928
0.645957 0.66205
0.651258 0.66482
0.654146 0.66759
0.662371 0.67036
0.663105 0.67313
0.697617 0.6759
0.715318 0.67867
0.771724 0.68144
0.791775 0.684211
0.795526 0.686981
0.817904 0.689751
0.826716 0.692521
0.835669 0.695291
0.846216 0.698061
0.857039 0.700831
0.865133 0.703601
0.874794 0.706371
0.875543 0.709141
0.877831 0.711911
0.906263 0.714681
0.911732 0.717452
0.954183 0.720222
0.957634 0.722992
0.958439 0.725762
0.997051 0.728532
1.030769 0.731302
1.049388 0.734072
1.049790 0.736842
1.112064 0.739612
1.137168 0.742382
1.227739 0.745152
1.243895 0.747922
1.325294 0.750693
1.366337 0.753463
1.399207 0.756233
1.423349 0.759003
1.575796 0.761773
1.595882 0.764543
1.606665 0.767313
1.691300 0.770083
1.697506 0.772853
1.698707 0.775623
1.746136 0.778393
1.779804 0.781163
1.808337 0.783934
1.968948 0.786704
2.065518 0.789474
2.204686 0.792244
2.221351 0.795014
2.294368 0.797784
2.322914 0.800554
2.347368 0.803324
2.456998 0.806094
2.566085 0.808864
2.643943 0.811634
2.695619 0.814404
2.720837 0.817175
2.748433 0.819945
2.753057 0.822715
2.972501 0.825485
2.989532 0.828255
3.004193 0.831025
3.065775 0.833795
3.252580 0.836565
3.279349 0.839335
3.336684 0.842105
3.338335 0.844875
3.548944 0.847645
3.635402 0.850416
4.257594 0.853186
4.346143 0.855956
4.466456 0.858726
4.491713 0.861496
4.496669 0.864266
5.048910 0.867036
5.116377 0.869806
5.191163 0.872576
5.701371 0.875346
5.706095 0.878116
5.970243 0.880886
6.041873 0.883657
6.121152 0.886427
6.420884 0.889197
6.485904 0.891967
6.592034 0.894737
6.898188 0.897507
6.985996 0.900277
7.362985 0.903047
7.502956 0.905817
8.001308 0.908587
8.073383 0.911357
8.157547 0.914127
8.270872 0.916898
8.845466 0.919668
9.010308 0.922438
9.225574 0.925208
9.327122 0.927978
9.450698 0.930748
9.639430 0.933518
9.931549 0.936288
10.665959 0.939058
11.514137 0.941828
11.534450 0.944598
12.590661 0.947368
12.795044 0.950139
13.772387 0.952909
15.203640 0.955679
16.477694 0.958449
17.920263 0.961219
19.582741 0.963989
23.999226 0.966759
24.840488 0.969529
30.230902 0.972299
32.797165 0.975069
51.364777 0.977839
76.823395 0.980609
107.410904 0.98338
111.526237 0.98615
149.567963 0.98892
168.944427 0.99169
334.938354 0.99446
411.387878 0.99723
1531.199219 1
