0.024707 0.00277008
0.026659 0.00554017
0.027751 0.00831025
0.064628 0.0110803
0.181274 0.0138504
0.230112 0.0166205
0.296031 0.0193906
0.313193 0.0221607
0.32899 0.0249307
0.330257 0.0277008
0.374099 0.0304709
0.379851 0.033241
0.386845 0.0360111
0.412838 0.0387812
0.43061 0.0415512
0.43213 0.0443213
0.449252 0.0470914
0.449998 0.0498615
0.453358 0.0526316
0.493775 0.0554017
0.505395 0.0581717
0.521488 0.0609418
0.546143 0.0637119
0.55857 0.066482
0.569338 0.0692521
0.58441 0.0720222
0.62023 0.0747922
0.637272 0.0775623
0.638961 0.0803324
0.641972 0.0831025
0.663159 0.0858726
0.712963 0.0886427
0.722531 0.0914127
0.727334 0.0941828
0.767166 0.0969529
0.783515 0.099723
0.850636 0.102493
0.873698 0.105263
0.923574 0.108033
0.933982 0.110803
0.963186 0.113573
0.983154 0.116343
0.987374 0.119114
0.99168 0.121884
0.993256 0.124654
0.999334 0.127424
1.01419 0.130194
1.05832 0.132964
1.10681 0.135734
1.10777 0.138504
1.11785 0.141274
1.12402 0.144044
1.15634 0.146814
1.16361 0.149584
1.18515 0.152355
1.19001 0.155125
1.20561 0.157895
1.22112 0.160665
1.22904 0.163435
1.23667 0.166205
1.25196 0.168975
1.26197 0.171745
1.28595 0.174515
1.29267 0.177285
1.32618 0.180055
1.34392 0.182825
1.34919 0.185596
1.35244 0.188366
1.35887 0.191136
1.38488 0.193906
1.43892 0.196676
1.46412 0.199446
1.47137 0.202216
1.48411 0.204986
1.49753 0.207756
1.50267 0.210526
1.52556 0.213296
1.53121 0.216066
1.53468 0.218837
1.60416 0.221607
1.60542 0.224377
1.61903 0.227147
1.65728 0.229917
1.65823 0.232687
1.66493 0.235457
1.66495 0.238227
1.70366 0.240997
1.71678 0.243767
1.83228 0.246537
1.88526 0.249307
1.91548 0.252078
1.91744 0.254848
1.9284 0.257618
1.93813 0.260388
1.94566 0.263158
1.94606 0.265928
2.01604 0.268698
2.05646 0.271468
2.09597 0.274238
2.17753 0.277008
2.18057 0.279778
2.199 0.282548
2.20848 0.285319
2.23668 0.288089
2.29231 0.290859
2.29933 0.293629
2.34868 0.296399
2.4033 0.299169
2.43955 0.301939
2.4536 0.304709
2.46556 0.307479
2.47087 0.310249
2.51815 0.313019
2.52692 0.315789
2.5339 0.31856
2.5502 0.32133
2.57733 0.3241
2.60688 0.32687
2.76306 0.32964
2.82116 0.33241
2.83088 0.33518
2.85711 0.33795
2.98989 0.34072
3.10508 0.34349
3.12254 0.34626
3.12949 0.34903
3.28361 0.351801
3.28443 0.354571
3.30094 0.357341
3.32679 0.360111
3.3307 0.362881
3.35641 0.365651
3.36824 0.368421
3.37188 0.371191
3.37339 0.373961
3.39184 0.376731
3.43507 0.379501
3.44033 0.382271
3.46524 0.385042
3.57271 0.387812
3.67775 0.390582
3.70508 0.393352
3.70569 0.396122
3.73915 0.398892
3.74615 0.401662
3.91652 0.404432
4.01381 0.407202
4.06553 0.409972
4.07072 0.412742
4.11607 0.415512
4.25639 0.418283
4.26346 0.421053
4.26568 0.423823
4.35743 0.426593
4.36925 0.429363
4.38752 0.432133
4.42859 0.434903
4.4472 0.437673
4.49428 0.440443
4.57519 0.443213
4.6805 0.445983
4.71067 0.448753
4.99098 0.451524
5.11414 0.454294
5.14442 0.457064
5.14444 0.459834
5.15287 0.462604
5.20376 0.465374
5.26754 0.468144
5.29316 0.470914
5.41356 0.473684
5.43144 0.476454
5.50481 0.479224
5.60946 0.481994
5.6774 0.484765
5.77944 0.487535
5.78512 0.490305
6.00317 0.493075
6.0122 0.495845
6.11593 0.498615
6.18652 0.501385
6.19755 0.504155
6.20104 0.506925
6.24857 0.509695
6.32073 0.512465
6.38968 0.515235
6.4211 0.518006
6.53304 0.520776
6.53958 0.523546
6.5422 0.526316
6.76559 0.529086
6.7715 0.531856
6.77285 0.534626
6.78437 0.537396
6.78802 0.540166
6.82855 0.542936
6.8656 0.545706
6.87381 0.548476
7.1016 0.551247
7.12192 0.554017
7.13431 0.556787
7.16521 0.559557
7.18396 0.562327
7.29659 0.565097
7.37064 0.567867
7.6086 0.570637
7.61809 0.573407
7.70839 0.576177
7.74727 0.578947
7.75656 0.581717
7.81962 0.584488
7.97743 0.587258
8.00557 0.590028
8.05443 0.592798
8.07012 0.595568
8.16986 0.598338
8.28098 0.601108
8.47603 0.603878
8.48568 0.606648
8.52654 0.609418
8.91986 0.612188
8.96316 0.614958
8.9823 0.617729
9.17084 0.620499
9.17819 0.623269
9.18307 0.626039
9.20654 0.628809
9.24933 0.631579
9.28224 0.634349
9.33435 0.637119
9.40016 0.639889
9.52269 0.642659
9.59002 0.645429
9.60547 0.648199
9.68424 0.65097
9.70574 0.65374
9.72212 0.65651
9.72257 0.65928
9.75958 0.66205
9.86953 0.66482
9.93782 0.66759
10.1219 0.67036
10.387 0.67313
10.4839 0.6759
10.5132 0.67867
10.6007 0.68144
10.9567 0.684211
11.1798 0.686981
11.2133 0.689751
11.3358 0.692521
11.4436 0.695291
11.5162 0.698061
11.6509 0.700831
11.6589 0.703601
11.6837 0.706371
11.8253 0.709141
11.8701 0.711911
11.9326 0.714681
11.9335 0.717452
11.9867 0.720222
12.0824 0.722992
12.0945 0.725762
12.6857 0.728532
13.0766 0.731302
13.1032 0.734072
13.2504 0.736842
13.3177 0.739612
13.429 0.742382
13.4567 0.745152
13.655 0.747922
13.6957 0.750693
14.1985 0.753463
14.4508 0.756233
14.7053 0.759003
14.975 0.761773
15.2752 0.764543
15.361 0.767313
15.5273 0.770083
15.731 0.772853
15.9699 0.775623
16.3741 0.778393
16.3819 0.781163
16.6895 0.783934
16.9686 0.786704
17.0194 0.789474
17.4702 0.792244
17.5001 0.795014
17.784 0.797784
17.8905 0.800554
18.1166 0.803324
18.2339 0.806094
18.4446 0.808864
18.6446 0.811634
18.6861 0.814404
19.1376 0.817175
19.2102 0.819945
19.5472 0.822715
19.7256 0.825485
19.8488 0.828255
20.3181 0.831025
20.3992 0.833795
20.4519 0.836565
20.4686 0.839335
21.2072 0.842105
21.4737 0.844875
22.2011 0.847645
22.434 0.850416
22.5987 0.853186
22.6792 0.855956
23.0937 0.858726
23.1752 0.861496
23.6573 0.864266
26.6883 0.867036
26.8911 0.869806
27.158 0.872576
27.6752 0.875346
29.9381 0.878116
31.4665 0.880886
32.75 0.883657
32.9697 0.886427
33.3846 0.889197
33.8233 0.891967
33.8653 0.894737
35.4081 0.897507
35.4225 0.900277
38.0097 0.903047
39.1585 0.905817
39.4165 0.908587
40.3503 0.911357
41.4226 0.914127
41.4989 0.916898
44.4487 0.919668
49.1508 0.922438
49.2312 0.925208
49.4925 0.927978
50.8706 0.930748
51.3151 0.933518
54.9184 0.936288
57.1669 0.939058
57.2148 0.941828
68.2649 0.944598
77.1837 0.947368
85.357 0.950139
99.9306 0.952909
103.948 0.955679
107.045 0.958449
130.054 0.961219
150.553 0.963989
162.832 0.966759
191.229 0.969529
194.02 0.972299
230.28 0.975069
323.148 0.977839
344.088 0.980609
390.442 0.98338
609.73 0.98615
646.58 0.98892
683.844 0.99169
697.317 0.99446
708.636 0.99723
1830.78 1
