0.000766096 0.00277008
0.00891132 0.00554017
0.00908769 0.00831025
0.0249001 0.0110803
0.0313048 0.0138504
0.0331615 0.0166205
0.0342645 0.0193906
0.0353592 0.0221607
0.0482517 0.0249307
0.0579048 0.0277008
0.0870896 0.0304709
0.0894792 0.033241
0.0932197 0.0360111
0.103298 0.0387812
0.113727 0.0415512
0.118307 0.0443213
0.121796 0.0470914
0.139877 0.0498615
0.164563 0.0526316
0.16477 0.0554017
0.179781 0.0581717
0.183868 0.0609418
0.185769 0.0637119
0.186213 0.066482
0.190871 0.0692521
0.191508 0.0720222
0.194634 0.0747922
0.208506 0.0775623
0.25467 0.0803324
0.257091 0.0831025
0.28862 0.0858726
0.301219 0.0886427
0.301375 0.0914127
0.304991 0.0941828
0.305363 0.0969529
0.319591 0.099723
0.360317 0.102493
0.362743 0.105263
0.392541 0.108033
0.425794 0.110803
0.455108 0.113573
0.48471 0.116343
0.490026 0.119114
0.524064 0.121884
0.540159 0.124654
0.541614 0.127424
0.545859 0.130194
0.562654 0.132964
0.569298 0.135734
0.587357 0.138504
0.589226 0.141274
0.604518 0.144044
0.619809 0.146814
0.621739 0.149584
0.672448 0.152355
0.85573 0.155125
0.869611 0.157895
0.896524 0.160665
0.897273 0.163435
0.960659 0.166205
0.969839 0.168975
0.991988 0.171745
1.00424 0.174515
1.01664 0.177285
1.05437 0.180055
1.18205 0.182825
1.24994 0.185596
1.31477 0.188366
1.35897 0.191136
1.37874 0.193906
1.40627 0.196676
1.43952 0.199446
1.50524 0.202216
1.52611 0.204986
1.56148 0.207756
1.60759 0.210526
1.63204 0.213296
1.68347 0.216066
1.70228 0.218837
1.71103 0.221607
1.78194 0.224377
1.81794 0.227147
1.83488 0.229917
1.92144 0.232687
1.9269 0.235457
1.92951 0.238227
1.96274 0.240997
1.9729 0.243767
2.10217 0.246537
2.13197 0.249307
2.17608 0.252078
2.2129 0.254848
2.21595 0.257618
2.22833 0.260388
2.23987 0.263158
2.31278 0.265928
2.38999 0.268698
2.49117 0.271468
2.50689 0.274238
2.51065 0.277008
2.53733 0.279778
2.53734 0.282548
2.55555 0.285319
2.57128 0.288089
2.59149 0.290859
2.65483 0.293629
2.68938 0.296399
2.74955 0.299169
2.77579 0.301939
2.8787 0.304709
2.88271 0.307479
2.89945 0.310249
2.92029 0.313019
2.94349 0.315789
2.97306 0.31856
2.97653 0.32133
2.98031 0.3241
3.04145 0.32687
3.07673 0.32964
3.23524 0.33241
3.23662 0.33518
3.29643 0.33795
3.30883 0.34072
3.40751 0.34349
3.42499 0.34626
3.47506 0.34903
3.59909 0.351801
3.65982 0.354571
3.69722 0.357341
3.86421 0.360111
4.03012 0.362881
4.07017 0.365651
4.20317 0.368421
4.23003 0.371191
4.38153 0.373961
4.49737 0.376731
4.69997 0.379501
4.82965 0.382271
4.88656 0.385042
4.93044 0.387812
5.25426 0.390582
5.37406 0.393352
5.37646 0.396122
5.38183 0.398892
5.55732 0.401662
5.686 0.404432
5.78034 0.407202
5.83616 0.409972
5.88091 0.412742
6.0323 0.415512
6.13061 0.418283
6.21693 0.421053
6.36173 0.423823
6.47844 0.426593
6.48357 0.429363
6.52384 0.432133
6.53428 0.434903
6.58526 0.437673
6.62535 0.440443
6.84224 0.443213
6.88846 0.445983
6.99879 0.448753
7.03545 0.451524
7.06862 0.454294
7.24147 0.457064
7.29222 0.459834
7.32442 0.462604
7.38615 0.465374
7.63708 0.468144
7.73309 0.470914
7.91903 0.473684
8.02511 0.476454
8.05329 0.479224
8.12344 0.481994
8.60862 0.484765
8.73951 0.487535
8.85849 0.490305
8.90879 0.493075
8.93297 0.495845
8.94882 0.498615
8.9619 0.501385
9.01388 0.504155
9.20064 0.506925
9.41597 0.509695
9.62133 0.512465
9.9431 0.515235
10.2271 0.518006
10.2611 0.520776
10.3895 0.523546
10.8902 0.526316
11.2267 0.529086
11.2685 0.531856
11.4596 0.534626
11.5373 0.537396
11.8933 0.540166
12.1105 0.542936
12.2126 0.545706
12.2518 0.548476
12.3745 0.551247
12.4604 0.554017
12.4753 0.556787
12.6451 0.559557
12.6981 0.562327
12.7151 0.565097
12.7211 0.567867
12.8543 0.570637
12.9172 0.573407
13.0366 0.576177
13.1745 0.578947
13.4033 0.581717
13.6095 0.584488
14.1191 0.587258
14.4694 0.590028
14.5527 0.592798
14.6114 0.595568
15.5586 0.598338
15.8429 0.601108
15.9811 0.603878
15.9914 0.606648
16.8334 0.609418
17.1939 0.612188
17.3528 0.614958
17.9209 0.617729
18.9208 0.620499
18.9984 0.623269
19.3557 0.626039
19.9451 0.628809
20.2642 0.631579
20.4126 0.634349
20.6504 0.637119
20.7463 0.639889
21.7403 0.642659
21.9109 0.645429
22.5973 0.648199
22.6131 0.65097
23.0474 0.65374
24.0453 0.65651
24.0482 0.65928
24.5121 0.66205
25.2811 0.66482
26.3478 0.66759
26.3795 0.67036
26.6664 0.67313
26.7332 0.6759
27.4591 0.67867
27.5537 0.68144
27.8865 0.684211
28.6073 0.686981
29.0447 0.689751
29.1206 0.692521
29.6963 0.695291
29.76 0.698061
30.3902 0.700831
30.6308 0.703601
31.0117 0.706371
31.1533 0.709141
31.3358 0.711911
31.5084 0.714681
31.7725 0.717452
32.4513 0.720222
32.857 0.722992
33.2448 0.725762
33.4336 0.728532
33.4357 0.731302
33.5422 0.734072
33.8214 0.736842
33.9501 0.739612
36.2529 0.742382
36.5376 0.745152
38.0642 0.747922
38.7707 0.750693
39.428 0.753463
40.2463 0.756233
41.675 0.759003
43.1241 0.761773
44.4773 0.764543
45.875 0.767313
47.5188 0.770083
48.7766 0.772853
50.3331 0.775623
51.6161 0.778393
51.8338 0.781163
52.3976 0.783934
55.1951 0.786704
55.51 0.789474
56.3526 0.792244
57.1051 0.795014
57.6178 0.797784
57.6743 0.800554
59.492 0.803324
60.6383 0.806094
61.2217 0.808864
62.0449 0.811634
65.6097 0.814404
65.8049 0.817175
66.7352 0.819945
66.9845 0.822715
67.4897 0.825485
67.5367 0.828255
67.8474 0.831025
68.1099 0.833795
68.671 0.836565
68.8321 0.839335
69.3667 0.842105
69.519 0.844875
70.1336 0.847645
70.3034 0.850416
72.7518 0.853186
75.7904 0.855956
75.8294 0.858726
80.0109 0.861496
83.6417 0.864266
85.6581 0.867036
87.0207 0.869806
87.4267 0.872576
88.531 0.875346
91.699 0.878116
92.7493 0.880886
94.6549 0.883657
96.9306 0.886427
98.4959 0.889197
102.262 0.891967
104.662 0.894737
105.321 0.897507
105.524 0.900277
105.765 0.903047
106.472 0.905817
108.377 0.908587
109.292 0.911357
114.762 0.914127
115.489 0.916898
116.743 0.919668
119.64 0.922438
122.067 0.925208
122.435 0.927978
132.934 0.930748
156.047 0.933518
156.713 0.936288
159.729 0.939058
165.504 0.941828
176.319 0.944598
179.02 0.947368
180.514 0.950139
181.397 0.952909
189.978 0.955679
190.07 0.958449
191.835 0.961219
202.071 0.963989
202.704 0.966759
203.631 0.969529
215.785 0.972299
219.479 0.975069
226.384 0.977839
227.092 0.980609
227.205 0.98338
229.808 0.98615
233.285 0.98892
320.863 0.99169
331.049 0.99446
344.92 0.99723
351.474 1
