.0015425644 0.00277008
.0015516666 0.00554017
.0025392908 0.00831025
.0034939778 0.0110803
.0037069892 0.0138504
.0037104980 0.0166205
.0039189465 0.0193906
.0041918030 0.0221607
.0054414781 0.0249307
.0057020273 0.0277008
.0076245676 0.0304709
.0078208114 0.033241
.0084517310 0.0360111
.0093663307 0.0387812
.0100175384 0.0415512
.0100343351 0.0443213
.0102644730 0.0470914
.0103278768 0.0498615
.0109059741 0.0526316
.0113047616 0.0554017
.0114692023 0.0581717
.0115411680 0.0609418
.0126669292 0.0637119
.0130265316 0.066482
.0130807046 0.0692521
.0144216023 0.0720222
.0154947664 0.0747922
.0159260347 0.0775623
.0165382108 0.0803324
.0174749017 0.0831025
.0175924652 0.0858726
.0183333230 0.0886427
.0187701004 0.0914127
.0187964020 0.0941828
.0188405974 0.0969529
.0194149556 0.099723
.0196118000 0.102493
.0206373978 0.105263
.0223952131 0.108033
.0232073133 0.110803
.0235273959 0.113573
.0242852429 0.116343
.0250427171 0.119114
.0251823469 0.121884
.0252411671 0.124654
.0254234076 0.127424
.0258260627 0.130194
.0262103942 0.132964
.0263166100 0.135734
.0265335040 0.138504
.0269001241 0.141274
.0273281862 0.144044
.0274206800 0.146814
.0282569176 0.149584
.0283863485 0.152355
.0288041092 0.155125
.0293565391 0.157895
.0294523483 0.160665
.0300918564 0.163435
.0303804208 0.166205
.0304860946 0.168975
.0305226895 0.171745
.0310243810 0.174515
.0313761321 0.177285
.0315172015 0.180055
.0320871009 0.182825
.0331640697 0.185596
.0334093433 0.188366
.0336175713 0.191136
.0337288821 0.193906
.0346960817 0.196676
.0348220060 0.199446
.0350601741 0.202216
.0353607339 0.204986
.0353641776 0.207756
.0368482178 0.210526
.0377422543 0.213296
.0377712841 0.216066
.0392010859 0.218837
.0410258930 0.221607
.0432701674 0.224377
.0451119006 0.227147
.0454403860 0.229917
.0464846615 0.232687
.0516894571 0.235457
.0518115807 0.238227
.0580330507 0.240997
.0585257222 0.243767
.0619704974 0.246537
.0620451150 0.249307
.0639559139 0.252078
.0657275958 0.254848
.0662976012 0.257618
.0722013667 0.260388
.0740802956 0.263158
.0741046888 0.265928
.0765339042 0.268698
.0771614998 0.271468
.0782648247 0.274238
.0822613596 0.277008
.0855683737 0.279778
.0880228053 0.282548
.0910086398 0.285319
.0921371480 0.288089
.0924459364 0.290859
.0966413848 0.293629
.0975267416 0.296399
.1058519661 0.299169
.1132216043 0.301939
.1140600034 0.304709
.1155876986 0.307479
.1289694256 0.310249
.1317617316 0.313019
.1427567937 0.315789
.1464760636 0.31856
.1559165620 0.32133
.1566684466 0.3241
.1719408028 0.32687
.1782018971 0.32964
.1861857704 0.33241
.1925962810 0.33518
.1960104046 0.33795
.2054861218 0.34072
.2056498509 0.34349
.2083555636 0.34626
.2088295043 0.34903
.2159645932 0.351801
.2177099340 0.354571
.2197694306 0.357341
.2256394146 0.360111
.2393025850 0.362881
.2509729810 0.365651
.2695873549 0.368421
.2770513440 0.371191
.2780711098 0.373961
.2891346137 0.376731
.2919355881 0.379501
.2936314550 0.382271
.2937876916 0.385042
.2967704224 0.387812
.2972578830 0.390582
.2994618276 0.393352
.3030483187 0.396122
.3043611229 0.398892
.3089109816 0.401662
.3112416489 0.404432
.3207116778 0.407202
.3233463236 0.409972
.3251826568 0.412742
.3298761908 0.415512
.3350854262 0.418283
.3441783153 0.421053
.3489522770 0.423823
.3571024767 0.426593
.3583144297 0.429363
.3809697612 0.432133
.3819024615 0.434903
.3827818620 0.437673
.3891680262 0.440443
.3981665897 0.443213
.3994206859 0.445983
.3996789616 0.448753
.4078132368 0.451524
.4157066628 0.454294
.4158338700 0.457064
.4175644358 0.459834
.4196931941 0.462604
.4207574812 0.465374
.4436170414 0.468144
.4446769031 0.470914
.4653359011 0.473684
.4717873811 0.476454
.4755568916 0.479224
.4913317736 0.481994
.5067642219 0.484765
.5139983366 0.487535
.5157876053 0.490305
.5158082903 0.493075
.5225563818 0.495845
.5232578291 0.498615
.5247962496 0.501385
.5267060732 0.504155
.5284622679 0.506925
.5338015448 0.509695
.5359746841 0.512465
.5412410241 0.515235
.5502099312 0.518006
.5768423843 0.520776
.5817920052 0.523546
.5941426491 0.526316
.5982749341 0.529086
.6003794846 0.531856
.6005992454 0.534626
.6008528712 0.537396
.6027237166 0.540166
.6124278902 0.542936
.6197780519 0.545706
.6246045972 0.548476
.6339113230 0.551247
.6345741264 0.554017
.6383733226 0.556787
.6389621688 0.559557
.6823693092 0.562327
.6829373253 0.565097
.6834166561 0.567867
.6865778333 0.570637
.6891060762 0.573407
.6905645569 0.576177
.7074425935 0.578947
.7198695604 0.581717
.7208856730 0.584488
.7239177915 0.587258
.7295465284 0.590028
.7346382499 0.592798
.7578727700 0.595568
.7811187824 0.598338
.7859539744 0.601108
.7897361885 0.603878
.7947224343 0.606648
.8072287775 0.609418
.8126316552 0.612188
.8159970351 0.614958
.8199792761 0.617729
.8260997019 0.620499
.8420123062 0.623269
.8420245346 0.626039
.8733623743 0.628809
.8740814707 0.631579
.8970180822 0.634349
.8983532027 0.637119
.9075771900 0.639889
.9080982621 0.642659
.9198613398 0.645429
.9215887715 0.648199
.9282599843 0.65097
.9498870467 0.65374
.9814373302 0.65651
.9874296359 0.65928
1.0225708249 0.66205
1.0394068542 0.66482
1.0466854161 0.66759
1.0490722598 0.67036
1.0661924923 0.67313
1.0786615467 0.6759
1.0828091263 0.67867
1.1079455195 0.68144
1.1122812312 0.684211
1.1181411466 0.686981
1.1402702356 0.689751
1.1750993248 0.692521
1.1769950565 0.695291
1.2577298555 0.698061
1.2966213376 0.700831
1.3367233567 0.703601
1.3915506546 0.706371
1.4017418983 0.709141
1.4803268750 0.711911
1.5361485572 0.714681
1.5946942829 0.717452
1.6537733869 0.720222
1.6618292764 0.722992
1.7510183271 0.725762
1.7626275157 0.728532
1.8376389827 0.731302
2.1221881065 0.734072
2.5330436767 0.736842
3.3023765736 0.739612
5.2676001600 0.742382
5.6771005481 0.745152
7.1946878802 0.747922
7.7481485715 0.750693
8.3809866667 0.753463
8.4504228572 0.756233
9.3517484145 0.759003
9.7625866667 0.761773
10.0040800000 0.764543
10.1915085715 0.767313
10.2019576808 0.770083
10.3316108037 0.772853
11.8887840000 0.775623
11.8926133334 0.778393
12.5075400000 0.781163
13.8473920000 0.783934
13.8520800000 0.786704
14.2352960000 0.789474
14.6062400000 0.792244
15.1674200000 0.795014
15.5424889511 0.797784
16.6773333334 0.800554
16.9750400000 0.803324
17.0449600000 0.806094
17.7331400000 0.808864
17.8984800000 0.811634
19.4097866667 0.814404
20.4700893400 0.817175
22.0208533334 0.819945
22.1186040000 0.822715
22.1983466667 0.825485
22.6138400000 0.828255
23.0143600000 0.831025
23.6036533334 0.833795
23.7056340144 0.836565
24.9914800000 0.839335
25.3814053334 0.842105
25.5410026667 0.844875
25.6706986667 0.847645
25.7000640000 0.850416
25.8162640000 0.853186
27.2934119467 0.855956
29.1162000000 0.858726
30.2796800000 0.861496
31.1458000000 0.864266
31.5177600000 0.867036
33.1324800000 0.869806
33.6326000000 0.872576
35.1921200000 0.875346
35.2241200000 0.878116
37.2107297085 0.880886
37.5162000000 0.883657
37.9539200000 0.886427
37.9658400000 0.889197
38.1899240000 0.891967
38.2069880000 0.894737
38.2157520000 0.897507
38.3425640000 0.900277
38.8834640000 0.903047
38.9157120000 0.905817
39.2452640000 0.908587
39.4418960000 0.911357
40.9494685600 0.914127
41.9183509944 0.916898
44.1405600000 0.919668
44.5902400000 0.922438
46.3468400000 0.925208
50.0337600000 0.927978
56.4916000000 0.930748
57.7271200000 0.933518
58.0246400000 0.936288
58.2202400000 0.939058
59.3200920000 0.941828
63.6391200000 0.944598
66.1216000000 0.947368
66.3532000000 0.950139
70.0829600000 0.952909
75.4926000000 0.955679
76.1860880000 0.958449
76.2770320000 0.961219
76.4225920000 0.963989
77.6012880000 0.966759
78.2452560000 0.969529
78.2831440000 0.972299
78.7425680000 0.975069
79.0992080000 0.977839
79.4590320000 0.980609
79.5099040000 0.98338
80.2041360000 0.98615
111.4971200000 0.98892
117.3748080000 0.99169
118.7481120000 0.99446
121.0136720000 0.99723
122.8703115200 1
