0.0051527 0.00277008
0.0273237 0.00554017
0.0598356 0.00831025
0.165517 0.0110803
0.174067 0.0138504
0.227214 0.0166205
0.246189 0.0193906
0.257888 0.0221607
0.261773 0.0249307
0.475525 0.0277008
0.483695 0.0304709
0.68997 0.033241
0.690855 0.0360111
0.755314 0.0387812
0.873867 0.0415512
0.887823 0.0443213
1.00273 0.0470914
1.09694 0.0498615
1.10078 0.0526316
1.13716 0.0554017
1.16794 0.0581717
1.25471 0.0609418
1.2658 0.0637119
1.30395 0.066482
1.38166 0.0692521
1.38888 0.0720222
1.42099 0.0747922
1.44206 0.0775623
1.55848 0.0803324
1.73377 0.0831025
1.93259 0.0858726
1.98249 0.0886427
2.04808 0.0914127
2.05192 0.0941828
2.11762 0.0969529
2.1686 0.099723
2.1773 0.102493
2.19122 0.105263
2.19193 0.108033
2.26855 0.110803
2.32448 0.113573
2.33717 0.116343
2.34145 0.119114
2.3608 0.121884
2.58603 0.124654
2.62192 0.127424
2.81528 0.130194
2.87915 0.132964
2.88961 0.135734
3.05072 0.138504
3.18911 0.141274
3.24307 0.144044
3.27345 0.146814
3.30808 0.149584
3.50766 0.152355
3.54291 0.155125
3.84428 0.157895
4.07964 0.160665
4.37865 0.163435
4.39619 0.166205
5.05597 0.168975
5.06141 0.171745
5.06469 0.174515
5.08333 0.177285
5.09093 0.180055
5.39171 0.182825
5.72987 0.185596
5.75093 0.188366
6.04286 0.191136
6.05335 0.193906
6.10277 0.196676
6.14309 0.199446
6.36244 0.202216
6.42019 0.204986
6.55974 0.207756
6.62471 0.210526
6.93511 0.213296
6.93991 0.216066
7.05079 0.218837
7.09864 0.221607
7.16073 0.224377
7.3156 0.227147
7.63123 0.229917
7.68513 0.232687
7.98005 0.235457
7.99518 0.238227
8.06607 0.240997
8.17475 0.243767
8.20949 0.246537
8.2312 0.249307
8.27944 0.252078
8.74376 0.254848
8.74919 0.257618
8.9534 0.260388
8.96325 0.263158
9.02532 0.265928
9.19874 0.268698
9.22888 0.271468
9.42423 0.274238
9.51131 0.277008
9.52101 0.279778
9.64857 0.282548
10.137 0.285319
10.3292 0.288089
10.6079 0.290859
10.6101 0.293629
11.233 0.296399
11.536 0.299169
11.7913 0.301939
11.9257 0.304709
11.9421 0.307479
12.0102 0.310249
12.0379 0.313019
12.1746 0.315789
12.1954 0.31856
12.249 0.32133
12.5793 0.3241
12.6318 0.32687
12.6406 0.32964
12.8604 0.33241
13.143 0.33518
13.8446 0.33795
13.9951 0.34072
14.0315 0.34349
14.1517 0.34626
14.1735 0.34903
14.2248 0.351801
14.2999 0.354571
14.3055 0.357341
14.3969 0.360111
14.4554 0.362881
14.6025 0.365651
14.6448 0.368421
14.9774 0.371191
15.2182 0.373961
15.2676 0.376731
15.5032 0.379501
15.6794 0.382271
16.1705 0.385042
16.2222 0.387812
16.4811 0.390582
16.5467 0.393352
17.1039 0.396122
17.2971 0.398892
17.348 0.401662
17.4081 0.404432
17.4887 0.407202
17.8698 0.409972
17.8729 0.412742
18.1481 0.415512
18.3661 0.418283
18.4908 0.421053
18.5331 0.423823
18.6516 0.426593
18.7362 0.429363
18.8118 0.432133
18.9959 0.434903
19.8441 0.437673
19.988 0.440443
21.8382 0.443213
22.3262 0.445983
22.8169 0.448753
23.2628 0.451524
23.4981 0.454294
23.5959 0.457064
23.6489 0.459834
24.2316 0.462604
24.5202 0.465374
25.0256 0.468144
25.0969 0.470914
25.2555 0.473684
26.0603 0.476454
26.1376 0.479224
26.8402 0.481994
26.8681 0.484765
27.1925 0.487535
27.3828 0.490305
27.9235 0.493075
28.0766 0.495845
28.1651 0.498615
28.3186 0.501385
28.4597 0.504155
29.1403 0.506925
29.4489 0.509695
29.4696 0.512465
29.8492 0.515235
29.9626 0.518006
30.2108 0.520776
30.9406 0.523546
31.15 0.526316
31.1627 0.529086
31.2694 0.531856
31.3531 0.534626
31.7951 0.537396
32.1784 0.540166
32.2937 0.542936
32.4001 0.545706
33.392 0.548476
33.5094 0.551247
33.7305 0.554017
34.5636 0.556787
34.9279 0.559557
35.3927 0.562327
35.9301 0.565097
36.0935 0.567867
36.1668 0.570637
36.2427 0.573407
37.0142 0.576177
37.0772 0.578947
37.3409 0.581717
37.4188 0.584488
37.4587 0.587258
37.5316 0.590028
37.5691 0.592798
37.6927 0.595568
38.129 0.598338
38.5051 0.601108
39.1261 0.603878
39.904 0.606648
41.0224 0.609418
41.0801 0.612188
41.0913 0.614958
41.2555 0.617729
41.5473 0.620499
42.4419 0.623269
42.5626 0.626039
43.4478 0.628809
43.7789 0.631579
44.3199 0.634349
45.1768 0.637119
45.7044 0.639889
45.8 0.642659
48.4532 0.645429
48.5993 0.648199
48.8426 0.65097
48.8456 0.65374
49.4189 0.65651
49.6783 0.65928
52.1393 0.66205
54.2428 0.66482
55.2331 0.66759
56.1334 0.67036
58.546 0.67313
58.6903 0.6759
58.7401 0.67867
59.0211 0.68144
59.3758 0.684211
59.7507 0.686981
61.0184 0.689751
61.8301 0.692521
62.4848 0.695291
62.5229 0.698061
62.8025 0.700831
63.2934 0.703601
63.514 0.706371
65.5585 0.709141
65.6221 0.711911
66.7917 0.714681
66.9689 0.717452
68.7249 0.720222
68.8841 0.722992
69.9159 0.725762
70.1423 0.728532
70.5467 0.731302
70.762 0.734072
71.2207 0.736842
75.3941 0.739612
75.9679 0.742382
76.6048 0.745152
77.0095 0.747922
78.1019 0.750693
79.3853 0.753463
79.8696 0.756233
81.101 0.759003
88.4401 0.761773
89.778 0.764543
90.0946 0.767313
90.9256 0.770083
92.7837 0.772853
93.7728 0.775623
93.8998 0.778393
95.4453 0.781163
97.8627 0.783934
98.7729 0.786704
99.3187 0.789474
99.6412 0.792244
102.158 0.795014
106.988 0.797784
109.747 0.800554
110.046 0.803324
110.648 0.806094
114.413 0.808864
115.283 0.811634
116.488 0.814404
116.891 0.817175
119.441 0.819945
120.422 0.822715
122.66 0.825485
122.698 0.828255
123.042 0.831025
123.743 0.833795
125.391 0.836565
127.111 0.839335
127.263 0.842105
127.276 0.844875
127.539 0.847645
129.006 0.850416
129.579 0.853186
130.466 0.855956
136.814 0.858726
137.163 0.861496
137.962 0.864266
138.122 0.867036
141.215 0.869806
142.134 0.872576
144.869 0.875346
146.705 0.878116
147.38 0.880886
150.734 0.883657
155.633 0.886427
157.867 0.889197
159.102 0.891967
159.141 0.894737
160.873 0.897507
161.562 0.900277
162.194 0.903047
163.975 0.905817
164.154 0.908587
164.312 0.911357
170.329 0.914127
170.411 0.916898
173.94 0.919668
175.089 0.922438
175.999 0.925208
176.641 0.927978
179.414 0.930748
179.978 0.933518
180.633 0.936288
180.953 0.939058
182.117 0.941828
185.521 0.944598
185.593 0.947368
188.016 0.950139
192.846 0.952909
200.361 0.955679
202.844 0.958449
206.222 0.961219
206.299 0.963989
210.875 0.966759
223.488 0.969529
225.058 0.972299
225.763 0.975069
226.132 0.977839
227.071 0.980609
230.124 0.98338
233.834 0.98615
234.806 0.98892
235.28 0.99169
247.136 0.99446
250.97 0.99723
270.683 1
