.088 0.00277008
.8567 0.00554017
.900 0.00831025
1.425 0.0110803
4.750 0.0138504
5.300 0.0166205
5.375 0.0193906
5.513 0.0221607
7.0267 0.0249307
7.2975 0.0277008
8.1638 0.0304709
8.63362 0.033241
9.8258 0.0360111
10.0808 0.0387812
10.850 0.0415512
13.2392 0.0443213
13.3933 0.0470914
13.750 0.0498615
13.900 0.0526316
13.938 0.0554017
14.4525 0.0581717
14.4975 0.0609418
14.812 0.0637119
15.5775 0.066482
15.6888 0.0692521
16.17525 0.0720222
16.22475 0.0747922
16.2487 0.0775623
16.850 0.0803324
17.475 0.0831025
18.825 0.0858726
19.1742 0.0886427
19.850 0.0914127
20.6763 0.0941828
20.7525 0.0969529
23.59612 0.099723
23.7850 0.102493
24.5775 0.105263
25.2608 0.108033
25.4350 0.110803
26.625 0.116343
26.625 0.116343
28.2525 0.119114
29.550 0.121884
29.8633 0.124654
29.925 0.130194
29.925 0.130194
31.050 0.132964
31.450 0.135734
31.675 0.138504
32.550 0.141274
32.900 0.144044
35.325 0.146814
36.6483 0.149584
38.2058 0.152355
39.300 0.155125
39.3858 0.157895
42.1613 0.160665
45.625 0.163435
47.0650 0.166205
47.9025 0.168975
49.1358 0.171745
49.500 0.174515
50.2063 0.177285
54.9350 0.180055
55.7358 0.182825
56.688 0.185596
60.675 0.188366
63.6325 0.191136
64.625 0.193906
65.325 0.196676
65.575 0.199446
67.188 0.202216
67.350 0.204986
71.325 0.207756
71.7938 0.210526
72.650 0.213296
72.750 0.216066
73.850 0.218837
76.4075 0.221607
80.8983 0.224377
81.575 0.227147
84.1013 0.229917
84.9350 0.232687
87.100 0.235457
89.8675 0.238227
91.462 0.240997
92.425 0.243767
96.5850 0.246537
98.8350 0.249307
99.9850 0.252078
103.0817 0.254848
113.2308 0.257618
115.4738 0.260388
115.600 0.263158
115.6988 0.265928
116.3938 0.268698
116.7408 0.271468
118.7350 0.274238
120.5775 0.277008
121.3888 0.279778
121.4675 0.282548
129.750 0.285319
133.2925 0.288089
133.650 0.290859
135.012 0.293629
136.950 0.296399
139.038 0.299169
139.4650 0.301939
144.050 0.304709
149.687 0.307479
153.3638 0.310249
157.438 0.313019
159.2150 0.315789
162.0975 0.31856
173.400 0.32133
175.312 0.3241
179.550 0.32687
184.6438 0.32964
184.7062 0.33241
185.9108 0.33518
186.150 0.33795
186.3313 0.34072
189.4275 0.34349
193.2675 0.34626
194.6775 0.34903
195.150 0.351801
197.500 0.354571
198.2683 0.357341
198.887 0.360111
200.8933 0.362881
204.750 0.365651
207.0508 0.368421
215.9350 0.371191
217.3238 0.373961
218.5433 0.376731
224.1138 0.379501
228.450 0.382271
231.000 0.385042
232.000 0.387812
237.8075 0.390582
246.1988 0.393352
252.6388 0.396122
256.3492 0.398892
259.1142 0.401662
263.850 0.404432
272.4650 0.407202
275.238 0.409972
276.375 0.412742
278.9775 0.415512
286.212 0.418283
295.7025 0.421053
301.5525 0.423823
308.312 0.426593
313.7933 0.429363
319.7508 0.432133
320.0138 0.434903
325.9675 0.437673
327.200 0.440443
328.875 0.443213
329.350 0.445983
330.4725 0.448753
330.575 0.451524
335.813 0.454294
337.4733 0.457064
347.0650 0.459834
349.9075 0.462604
353.5150 0.465374
356.1850 0.468144
357.413 0.470914
357.5808 0.473684
359.975 0.476454
361.475 0.479224
364.888 0.481994
367.0363 0.484765
367.950 0.487535
370.1075 0.490305
372.2850 0.493075
385.787 0.495845
391.3562 0.498615
399.5438 0.501385
399.6687 0.504155
410.8933 0.506925
428.8567 0.509695
431.775 0.512465
432.0488 0.515235
442.8858 0.518006
453.3108 0.520776
458.063 0.523546
458.7938 0.526316
470.7688 0.529086
473.250 0.531856
475.9388 0.534626
480.375 0.537396
484.5975 0.540166
486.000 0.542936
488.213 0.545706
491.300 0.548476
492.750 0.551247
493.4392 0.554017
512.212 0.556787
520.275 0.559557
520.5113 0.562327
528.0888 0.565097
537.1850 0.567867
537.313 0.570637
540.225 0.573407
548.9025 0.576177
556.2525 0.578947
556.8258 0.581717
571.2650 0.584488
590.700 0.587258
596.6150 0.590028
605.7825 0.592798
611.8725 0.595568
619.425 0.598338
628.9762 0.601108
646.9650 0.603878
655.462 0.606648
656.7525 0.609418
658.875 0.612188
666.5438 0.614958
667.575 0.617729
677.1650 0.620499
678.8738 0.623269
706.0850 0.626039
709.7163 0.628809
729.2683 0.631579
772.4025 0.634349
790.600 0.637119
791.5675 0.639889
793.5525 0.642659
800.5763 0.645429
817.2225 0.648199
822.1238 0.65097
833.900 0.65374
837.0188 0.65651
837.7825 0.65928
840.0675 0.66205
855.850 0.66482
857.6333 0.66759
859.987 0.67036
871.1888 0.67313
883.250 0.6759
891.8150 0.67867
893.1737 0.68144
907.3562 0.684211
914.4563 0.686981
923.3175 0.689751
931.700 0.692521
932.500 0.695291
933.938 0.698061
948.450 0.700831
968.038 0.703601
978.675 0.706371
987.6525 0.709141
993.450 0.711911
997.5262 0.714681
1026.2688 0.717452
1058.6433 0.720222
1061.0733 0.722992
1082.3338 0.725762
1082.3350 0.728532
1093.1637 0.731302
1131.5825 0.734072
1150.275 0.736842
1159.4575 0.739612
1161.2938 0.742382
1194.0075 0.745152
1230.4925 0.747922
1252.425 0.750693
1272.2683 0.753463
1273.3233 0.756233
1282.463 0.759003
1291.6458 0.761773
1297.313 0.764543
1300.013 0.767313
1309.275 0.770083
1319.5825 0.772853
1320.2175 0.775623
1336.3938 0.778393
1337.600 0.781163
1338.0263 0.783934
1341.9488 0.786704
1388.9350 0.789474
1396.1150 0.792244
1423.550 0.795014
1426.500 0.797784
1427.013 0.800554
1431.063 0.803324
1434.938 0.806094
1447.2650 0.808864
1468.5175 0.811634
1485.6325 0.814404
1492.2488 0.817175
1497.838 0.819945
1499.700 0.822715
1513.3613 0.825485
1522.3425 0.828255
1524.4925 0.831025
1539.3033 0.833795
1547.350 0.836565
1548.313 0.839335
1550.8850 0.842105
1556.650 0.844875
1571.413 0.847645
1577.475 0.850416
1578.2650 0.853186
1580.5238 0.855956
1584.850 0.858726
1599.863 0.861496
1615.575 0.864266
1624.4150 0.867036
1625.688 0.869806
1629.4013 0.872576
1638.4675 0.875346
1644.3113 0.878116
1652.0575 0.880886
1657.0138 0.883657
1661.8988 0.886427
1686.8175 0.889197
1688.725 0.891967
1694.150 0.894737
1695.5475 0.897507
1703.225 0.900277
1728.7325 0.903047
1749.875 0.905817
1751.063 0.908587
1751.2388 0.911357
1752.425 0.914127
1780.100 0.916898
1783.4575 0.919668
1790.025 0.922438
1802.325 0.925208
1820.100 0.927978
1821.275 0.930748
1827.250 0.933518
1831.750 0.936288
1835.9925 0.939058
1855.7838 0.941828
1860.5788 0.944598
1875.950 0.947368
1896.9575 0.950139
1902.588 0.952909
1908.3788 0.955679
1910.625 0.958449
1922.1838 0.961219
1929.075 0.963989
1967.275 0.966759
1996.125 0.969529
2139.6633 0.972299
2242.550 0.975069
2445.6675 0.977839
2525.288 0.980609
2543.600 0.98338
2602.238 0.98615
2649.8738 0.98892
2654.6075 0.99169
2804.6675 0.99446
2827.150 0.99723
2880.750 1
