0.0446111 0.00277008
0.0587377 0.00554017
0.0768056 0.00831025
0.0957564 0.0110803
0.100175 0.0138504
0.115588 0.0166205
0.135519 0.0193906
0.154412 0.0221607
0.204092 0.0249307
0.52661 0.0277008
0.590141 0.0304709
0.724034 0.033241
0.754703 0.0360111
0.775287 0.0387812
0.881143 0.0415512
0.922702 0.0443213
0.985439 0.0470914
1.00008 0.0498615
1.19901 0.0526316
1.20025 0.0554017
1.22648 0.0581717
1.26155 0.0609418
1.26706 0.0637119
1.28618 0.066482
1.30074 0.0692521
1.36514 0.0720222
1.36803 0.0747922
1.40321 0.0775623
1.47454 0.0803324
1.54454 0.0831025
1.55436 0.0858726
1.63748 0.0886427
1.70417 0.0914127
1.93032 0.0941828
2.06325 0.0969529
2.13997 0.099723
2.23598 0.102493
2.26636 0.105263
2.29294 0.108033
2.33669 0.110803
2.36072 0.113573
2.36798 0.116343
2.38155 0.119114
2.39153 0.121884
2.45761 0.124654
2.4618 0.127424
2.53702 0.130194
2.59528 0.132964
2.66087 0.135734
2.72568 0.138504
2.76067 0.141274
2.80331 0.144044
2.85624 0.146814
3.00566 0.149584
3.10529 0.152355
3.35343 0.155125
3.37991 0.157895
3.47235 0.160665
3.47563 0.163435
3.59675 0.166205
3.62023 0.168975
3.6821 0.171745
3.79693 0.174515
3.89122 0.177285
4.00987 0.180055
4.35612 0.182825
4.41469 0.185596
4.61188 0.188366
4.92803 0.191136
5.13603 0.193906
5.18793 0.196676
5.20003 0.199446
5.24736 0.202216
5.26495 0.204986
5.39679 0.207756
5.58254 0.210526
5.76681 0.213296
5.85003 0.216066
6.03155 0.218837
6.08643 0.221607
6.16045 0.224377
6.25165 0.227147
6.25207 0.229917
6.25916 0.232687
6.27089 0.235457
6.59706 0.238227
6.79482 0.240997
7.04155 0.243767
7.06993 0.246537
7.16597 0.249307
7.18321 0.252078
7.26332 0.254848
7.26804 0.257618
7.48192 0.260388
7.51244 0.263158
7.73382 0.265928
8.06291 0.268698
8.10869 0.271468
8.12111 0.274238
8.23996 0.277008
8.25877 0.279778
8.37947 0.282548
8.42692 0.285319
8.89925 0.288089
8.92052 0.290859
9.05726 0.293629
9.1555 0.296399
9.19356 0.299169
9.45425 0.301939
9.47776 0.304709
9.48051 0.307479
9.58455 0.310249
9.59211 0.313019
10.2925 0.315789
10.4272 0.31856
10.4987 0.32133
10.8131 0.3241
10.9479 0.32687
11.1319 0.32964
11.3297 0.33241
11.3889 0.33518
11.6319 0.33795
11.6952 0.34072
11.8835 0.34349
11.8982 0.34626
11.9369 0.34903
11.989 0.351801
12.0272 0.354571
12.0538 0.357341
12.0641 0.360111
12.1067 0.362881
12.1705 0.365651
12.3052 0.368421
12.3777 0.371191
12.4344 0.373961
12.6524 0.376731
12.6783 0.379501
12.699 0.382271
12.9765 0.385042
13.7117 0.387812
13.9732 0.390582
14.0229 0.393352
14.0912 0.396122
14.1837 0.398892
14.1984 0.401662
14.2054 0.404432
14.3166 0.407202
14.3944 0.409972
14.4742 0.412742
14.5463 0.415512
14.8218 0.418283
15.1104 0.421053
15.1427 0.423823
15.1566 0.426593
15.3501 0.429363
15.4145 0.432133
15.6758 0.434903
15.6821 0.437673
16.2537 0.440443
16.2801 0.443213
16.6276 0.445983
16.6875 0.448753
16.9829 0.451524
17.5816 0.454294
17.8058 0.457064
17.9372 0.459834
18.4422 0.462604
18.4897 0.465374
18.5299 0.468144
18.7016 0.470914
18.8266 0.473684
18.8371 0.476454
18.8872 0.479224
19.8131 0.481994
20.0568 0.484765
20.2278 0.487535
21.9526 0.490305
22.1019 0.493075
22.3873 0.495845
22.7242 0.498615
23.4393 0.501385
23.7217 0.504155
23.7813 0.506925
24.2094 0.509695
24.4331 0.512465
25.0541 0.515235
25.0938 0.518006
25.2061 0.520776
25.2266 0.523546
25.3349 0.526316
26.1341 0.529086
26.5437 0.531856
26.7938 0.534626
27.0127 0.537396
27.3867 0.540166
27.5823 0.542936
28.1637 0.545706
28.1849 0.548476
28.2829 0.551247
28.3033 0.554017
28.6392 0.556787
29.2436 0.559557
29.5212 0.562327
29.6845 0.565097
29.8425 0.567867
30.074 0.570637
30.3312 0.573407
31.0946 0.576177
31.3759 0.578947
31.4037 0.581717
31.4104 0.584488
31.9255 0.587258
32.2138 0.590028
32.2282 0.592798
32.5208 0.595568
32.7571 0.598338
33.2572 0.601108
33.5178 0.603878
33.7245 0.606648
34.539 0.609418
34.8693 0.612188
34.9022 0.614958
36.0836 0.617729
36.1445 0.620499
36.2454 0.623269
36.4379 0.626039
37.2461 0.628809
37.3644 0.631579
37.4052 0.634349
37.4348 0.637119
37.5658 0.639889
37.816 0.642659
37.8643 0.645429
38.5201 0.648199
39.3879 0.65097
41.2736 0.65374
41.3309 0.65651
41.6805 0.65928
42.6429 0.66205
42.6699 0.66482
43.5348 0.66759
43.7179 0.67036
43.7961 0.67313
45.3908 0.6759
46.0742 0.67867
46.5839 0.68144
48.6382 0.684211
48.777 0.686981
48.9648 0.689751
50.0035 0.692521
51.6188 0.695291
52.2612 0.698061
55.4749 0.700831
56.1715 0.703601
58.7135 0.706371
58.7557 0.709141
58.809 0.711911
59.3192 0.714681
59.3709 0.717452
60.8097 0.720222
61.8285 0.722992
62.3664 0.725762
62.6234 0.728532
62.844 0.731302
63.3883 0.734072
63.7317 0.736842
63.7796 0.739612
65.3164 0.742382
65.8495 0.745152
66.0674 0.747922
66.9953 0.750693
68.7669 0.753463
70.1347 0.756233
70.3331 0.759003
70.6543 0.761773
71.0448 0.764543
71.5011 0.767313
72.8495 0.770083
75.4587 0.772853
75.7644 0.775623
76.4991 0.778393
77.6105 0.781163
78.17 0.783934
78.4718 0.786704
78.5918 0.789474
80.8409 0.792244
80.9115 0.795014
81.6008 0.797784
83.6514 0.800554
85.5351 0.803324
88.0506 0.806094
88.4292 0.808864
89.6905 0.811634
90.0855 0.814404
91.4632 0.817175
92.7728 0.819945
93.4 0.822715
93.6866 0.825485
93.8578 0.828255
94.3558 0.831025
95.655 0.833795
96.6459 0.836565
97.8494 0.839335
97.9813 0.842105
98.1156 0.844875
98.9821 0.847645
99.2159 0.850416
99.3027 0.853186
99.9005 0.855956
102.746 0.858726
102.808 0.861496
105.455 0.864266
106.317 0.867036
106.999 0.869806
107.379 0.872576
109.56 0.875346
109.984 0.878116
110.157 0.880886
110.394 0.883657
110.474 0.886427
110.715 0.889197
111.175 0.891967
111.588 0.894737
114.194 0.897507
115.273 0.900277
116.012 0.903047
116.882 0.905817
117.318 0.908587
119.634 0.911357
122.955 0.914127
123.022 0.916898
123.25 0.919668
125.27 0.922438
125.886 0.925208
127.133 0.927978
127.252 0.930748
129.185 0.933518
129.544 0.936288
129.666 0.939058
129.724 0.941828
132.12 0.944598
139.317 0.947368
141.394 0.950139
142.616 0.952909
143.793 0.955679
144.322 0.958449
144.599 0.961219
145.303 0.963989
146.693 0.966759
147.593 0.969529
148.39 0.972299
150.376 0.975069
151.104 0.977839
151.46 0.980609
157.888 0.98338
157.954 0.98615
160.352 0.98892
161.537 0.99169
163.227 0.99446
178.012 0.99723
185.443 1
