0.303339 0.00277008
0.320770 0.00554017
0.324418 0.00831025
0.477151 0.0110803
0.508953 0.0138504
0.642181 0.0166205
0.698753 0.0193906
0.764980 0.0221607
0.899112 0.0249307
0.951744 0.0277008
1.018374 0.0304709
1.087251 0.033241
1.153889 0.0360111
1.203826 0.0387812
1.230814 0.0415512
1.271200 0.0443213
1.373508 0.0470914
1.401297 0.0498615
1.466985 0.0526316
1.600335 0.0554017
1.687588 0.0581717
1.746296 0.0609418
1.883531 0.0637119
1.941917 0.066482
2.026195 0.0692521
2.148428 0.0720222
2.173835 0.0747922
2.184872 0.0775623
2.277570 0.0803324
2.305733 0.0831025
2.325953 0.0858726
2.368624 0.0886427
2.379211 0.0914127
2.382983 0.0941828
2.408134 0.0969529
2.428487 0.099723
2.491028 0.102493
2.569612 0.105263
2.618960 0.108033
2.682609 0.110803
2.756574 0.113573
2.789672 0.116343
2.847039 0.119114
2.867173 0.121884
2.931675 0.124654
3.007604 0.127424
3.030781 0.130194
3.031289 0.132964
3.062974 0.135734
3.095490 0.138504
3.111986 0.141274
3.168320 0.144044
3.208560 0.146814
3.219441 0.149584
3.232294 0.152355
3.266947 0.155125
3.281716 0.157895
3.288728 0.160665
3.289490 0.163435
3.310980 0.166205
3.318921 0.168975
3.334290 0.171745
3.415537 0.174515
3.420052 0.177285
3.511857 0.180055
3.518828 0.182825
3.537830 0.185596
3.542787 0.188366
3.582151 0.191136
3.696201 0.193906
3.767146 0.196676
3.791700 0.199446
3.979848 0.202216
4.019764 0.204986
4.043589 0.207756
4.114570 0.210526
4.216225 0.213296
4.224979 0.216066
4.345517 0.218837
4.354637 0.221607
4.421984 0.224377
4.469988 0.227147
4.526769 0.229917
4.543404 0.232687
4.791071 0.235457
4.870696 0.238227
4.913761 0.240997
4.942802 0.243767
4.963549 0.246537
5.070972 0.249307
5.162536 0.252078
5.363871 0.254848
5.512511 0.257618
5.620039 0.260388
5.780707 0.263158
5.988167 0.265928
6.013159 0.268698
6.144110 0.271468
6.188778 0.274238
6.241800 0.277008
6.339373 0.279778
6.435811 0.282548
6.439054 0.285319
6.452361 0.288089
6.460728 0.290859
6.580362 0.293629
6.597861 0.296399
6.864844 0.299169
6.874401 0.301939
6.896194 0.304709
6.905034 0.307479
6.905233 0.310249
6.932203 0.313019
6.945577 0.315789
7.317497 0.31856
7.331619 0.32133
7.371311 0.3241
7.403753 0.32687
7.428893 0.32964
7.524302 0.33241
7.525722 0.33518
7.650268 0.33795
7.740585 0.34072
7.798935 0.34349
7.835774 0.34626
7.842841 0.34903
8.147953 0.351801
8.166975 0.354571
8.217251 0.357341
8.308595 0.360111
8.342559 0.362881
8.473794 0.365651
8.578444 0.368421
8.757571 0.371191
8.855882 0.373961
8.866696 0.376731
8.961932 0.379501
9.127261 0.382271
9.127990 0.385042
9.136646 0.387812
9.383929 0.390582
9.421937 0.393352
9.465577 0.396122
9.473817 0.398892
9.493071 0.401662
9.595581 0.404432
10.114850 0.407202
10.166356 0.409972
10.324436 0.412742
10.360368 0.415512
10.407228 0.418283
10.585871 0.421053
10.585961 0.423823
10.663628 0.426593
10.676694 0.429363
10.902535 0.432133
11.041167 0.434903
11.042047 0.437673
11.057111 0.440443
11.366640 0.443213
11.397833 0.445983
11.433230 0.448753
11.486156 0.451524
11.534781 0.454294
11.544773 0.457064
11.790257 0.459834
11.965965 0.462604
12.020747 0.465374
12.085175 0.468144
12.243118 0.470914
12.351607 0.473684
12.358054 0.476454
12.429248 0.479224
12.513709 0.481994
12.591361 0.484765
12.718339 0.487535
12.750667 0.490305
13.032171 0.493075
13.101445 0.495845
13.383849 0.498615
13.473861 0.501385
13.692819 0.504155
13.776253 0.506925
13.882434 0.509695
13.888262 0.512465
13.910013 0.515235
14.097452 0.518006
14.139609 0.520776
14.159513 0.523546
14.271495 0.526316
14.310999 0.529086
14.784946 0.531856
15.358134 0.534626
15.645599 0.537396
15.651372 0.540166
15.671822 0.542936
15.713561 0.545706
15.980433 0.548476
16.041334 0.551247
16.077353 0.554017
16.286790 0.556787
16.495246 0.559557
16.623640 0.562327
16.675149 0.565097
16.692594 0.567867
16.759568 0.570637
16.848052 0.573407
16.855043 0.576177
16.871907 0.578947
16.897230 0.581717
17.077383 0.584488
17.209700 0.587258
17.910515 0.590028
17.942189 0.592798
17.970131 0.595568
18.510883 0.598338
18.741837 0.601108
19.248557 0.603878
19.366370 0.606648
19.770858 0.609418
20.222242 0.612188
20.386964 0.614958
20.592010 0.617729
20.724738 0.620499
20.969091 0.623269
21.098794 0.626039
21.615440 0.628809
21.617159 0.631579
21.639059 0.634349
22.561507 0.637119
22.934282 0.639889
23.082909 0.642659
23.174039 0.645429
23.213354 0.648199
23.292542 0.65097
23.560506 0.65374
23.625024 0.65651
23.887430 0.65928
23.979449 0.66205
24.097697 0.66482
24.110833 0.66759
24.614519 0.67036
25.083727 0.67313
25.185001 0.6759
25.811481 0.67867
26.389036 0.68144
26.759464 0.684211
26.993114 0.686981
27.154920 0.689751
27.596337 0.692521
27.645078 0.695291
28.184199 0.698061
28.215167 0.700831
28.628013 0.703601
28.791952 0.706371
28.975388 0.709141
29.187527 0.711911
29.293093 0.714681
29.321259 0.717452
29.578236 0.720222
30.240306 0.722992
30.386838 0.725762
31.606647 0.728532
31.776416 0.731302
32.228860 0.734072
32.442096 0.736842
32.892546 0.739612
33.100095 0.742382
33.728606 0.745152
33.947179 0.747922
34.013557 0.750693
34.450027 0.753463
34.749874 0.756233
35.226834 0.759003
35.361072 0.761773
35.758698 0.764543
35.821456 0.767313
36.070582 0.770083
37.379348 0.772853
37.958032 0.775623
38.335812 0.778393
38.662603 0.781163
39.117458 0.783934
39.173034 0.786704
39.666000 0.789474
40.136698 0.792244
41.671327 0.795014
41.930500 0.797784
42.351544 0.800554
43.248791 0.803324
44.280133 0.806094
44.492275 0.808864
44.648588 0.811634
45.719838 0.814404
45.972851 0.817175
46.185610 0.819945
47.550395 0.822715
49.533048 0.825485
51.874989 0.828255
52.734572 0.831025
54.844069 0.833795
54.940295 0.836565
55.044132 0.839335
56.603354 0.842105
57.370400 0.844875
57.381713 0.847645
57.971179 0.850416
60.551918 0.853186
61.114013 0.855956
61.353785 0.858726
65.063840 0.861496
65.996391 0.864266
67.871499 0.867036
68.270081 0.869806
68.509930 0.872576
74.644017 0.875346
78.366089 0.878116
81.322426 0.880886
85.475254 0.883657
85.781521 0.886427
96.719199 0.889197
100.568628 0.891967
102.510417 0.894737
102.626324 0.897507
104.758584 0.900277
105.931771 0.903047
110.301673 0.905817
110.895813 0.908587
115.433514 0.911357
122.527361 0.914127
127.532148 0.916898
135.366857 0.919668
139.487481 0.922438
140.043080 0.925208
148.831487 0.927978
149.603343 0.930748
151.272571 0.933518
153.399813 0.936288
155.696678 0.939058
156.571722 0.941828
157.716775 0.944598
159.738147 0.947368
162.612009 0.950139
166.283619 0.952909
168.365800 0.955679
171.208012 0.958449
181.613672 0.961219
182.383776 0.963989
193.607962 0.966759
194.364560 0.969529
199.511838 0.972299
210.136056 0.975069
231.797433 0.977839
251.919508 0.980609
265.392184 0.98338
288.415003 0.98615
307.046509 0.98892
322.701478 0.99169
330.949903 0.99446
390.784192 0.99723
399.114466 1
