0 0.00277008
.100 0.0110803
.100 0.0110803
.100 0.0110803
.200 0.0138504
.300 0.0166205
.400 0.0193906
.500 0.0221607
.600 0.033241
.600 0.033241
.600 0.033241
.600 0.033241
.700 0.0387812
.700 0.0387812
.800 0.0443213
.800 0.0443213
.900 0.0498615
.900 0.0498615
1.000 0.0581717
1.000 0.0581717
1.000 0.0581717
1.100 0.0609418
1.200 0.0720222
1.200 0.0720222
1.200 0.0720222
1.200 0.0720222
1.300 0.0775623
1.300 0.0775623
1.400 0.0858726
1.400 0.0858726
1.400 0.0858726
1.500 0.0886427
1.600 0.0941828
1.600 0.0941828
1.700 0.0969529
1.800 0.099723
1.900 0.105263
1.900 0.105263
2.000 0.110803
2.000 0.110803
2.100 0.116343
2.100 0.116343
2.200 0.121884
2.200 0.121884
2.300 0.132964
2.300 0.132964
2.300 0.132964
2.300 0.132964
2.400 0.141274
2.400 0.141274
2.400 0.141274
2.500 0.146814
2.500 0.146814
2.600 0.152355
2.600 0.152355
2.700 0.157895
2.700 0.157895
2.900 0.160665
3.100 0.163435
3.200 0.166205
3.300 0.168975
3.400 0.174515
3.400 0.174515
3.500 0.177285
3.600 0.182825
3.600 0.182825
3.900 0.185596
4.000 0.191136
4.000 0.191136
4.600 0.193906
4.800 0.196676
4.900 0.199446
5.000 0.202216
5.100 0.204986
5.200 0.207756
5.500 0.210526
5.600 0.213296
5.900 0.216066
6.000 0.221607
6.000 0.221607
6.100 0.224377
6.400 0.229917
6.400 0.229917
6.800 0.232687
7.000 0.240997
7.000 0.240997
7.000 0.240997
7.200 0.243767
7.400 0.249307
7.400 0.249307
7.700 0.254848
7.700 0.254848
7.800 0.257618
7.900 0.260388
8.300 0.263158
8.400 0.265928
8.500 0.268698
8.800 0.271468
8.900 0.277008
8.900 0.277008
9.100 0.282548
9.100 0.282548
9.200 0.285319
9.300 0.290859
9.300 0.290859
9.400 0.293629
9.800 0.296399
9.900 0.299169
10.300 0.301939
10.400 0.304709
10.600 0.307479
10.800 0.310249
11.000 0.313019
11.200 0.315789
11.900 0.32133
11.900 0.32133
12.000 0.3241
12.100 0.32687
12.200 0.34349
12.200 0.34349
12.200 0.34349
12.200 0.34349
12.200 0.34349
12.200 0.34349
12.700 0.34903
12.700 0.34903
12.800 0.351801
13.000 0.354571
13.100 0.357341
13.300 0.360111
13.400 0.365651
13.400 0.365651
13.500 0.368421
13.600 0.371191
13.700 0.373961
13.800 0.376731
13.900 0.379501
14.100 0.382271
14.200 0.385042
14.300 0.390582
14.300 0.390582
14.400 0.393352
14.500 0.396122
14.900 0.398892
15.200 0.401662
15.400 0.404432
15.500 0.409972
15.500 0.409972
16.100 0.412742
16.300 0.415512
16.600 0.418283
16.700 0.423823
16.700 0.423823
17.000 0.426593
17.400 0.429363
17.500 0.434903
17.500 0.434903
17.900 0.440443
17.900 0.440443
18.300 0.443213
18.500 0.445983
18.800 0.451524
18.800 0.451524
19.000 0.454294
19.100 0.457064
19.700 0.459834
20.000 0.462604
20.300 0.465374
20.700 0.470914
20.700 0.470914
20.900 0.473684
21.000 0.476454
21.100 0.479224
22.100 0.481994
22.600 0.484765
22.700 0.487535
23.200 0.490305
23.500 0.493075
24.800 0.495845
25.100 0.498615
25.300 0.504155
25.300 0.504155
25.700 0.506925
26.200 0.509695
26.400 0.512465
27.300 0.515235
27.500 0.518006
27.700 0.520776
28.200 0.523546
28.300 0.526316
28.800 0.529086
28.900 0.534626
28.900 0.534626
29.800 0.537396
30.000 0.540166
30.300 0.542936
30.400 0.545706
30.700 0.548476
30.900 0.551247
31.200 0.554017
31.300 0.556787
31.400 0.559557
31.900 0.565097
31.900 0.565097
33.000 0.567867
33.600 0.573407
33.600 0.573407
33.800 0.576177
34.200 0.578947
34.600 0.581717
34.800 0.584488
35.400 0.590028
35.400 0.590028
35.900 0.592798
36.200 0.595568
36.300 0.598338
36.500 0.601108
37.000 0.603878
37.400 0.612188
37.400 0.612188
37.400 0.612188
37.600 0.614958
38.000 0.617729
38.900 0.620499
39.300 0.623269
40.300 0.626039
41.200 0.628809
41.300 0.631579
41.400 0.634349
41.500 0.637119
41.800 0.639889
41.900 0.642659
42.300 0.645429
42.900 0.648199
43.500 0.65097
43.600 0.65374
44.200 0.65651
44.400 0.65928
44.800 0.66205
45.200 0.66482
45.700 0.66759
46.700 0.67036
47.600 0.67313
51.100 0.6759
52.200 0.67867
53.300 0.68144
54.300 0.684211
55.200 0.686981
55.500 0.689751
55.600 0.692521
56.100 0.695291
60.600 0.698061
62.400 0.700831
62.600 0.703601
62.900 0.706371
63.100 0.709141
63.500 0.711911
63.800 0.714681
64.800 0.717452
65.000 0.720222
65.200 0.722992
66.100 0.725762
66.600 0.728532
66.800 0.731302
68.800 0.734072
69.400 0.736842
71.200 0.739612
71.600 0.742382
72.200 0.745152
72.800 0.747922
75.300 0.750693
76.900 0.753463
77.100 0.759003
77.100 0.759003
77.200 0.761773
77.500 0.764543
79.400 0.767313
82.200 0.770083
82.500 0.772853
84.000 0.775623
86.300 0.778393
86.700 0.781163
87.200 0.783934
89.000 0.786704
90.600 0.789474
91.500 0.792244
93.600 0.795014
94.400 0.797784
95.100 0.800554
95.300 0.803324
97.000 0.806094
97.300 0.808864
98.200 0.811634
98.500 0.814404
101.400 0.817175
101.600 0.819945
101.900 0.825485
101.900 0.825485
102.700 0.828255
104.700 0.831025
105.500 0.833795
105.600 0.836565
105.900 0.839335
106.500 0.842105
107.500 0.844875
108.400 0.847645
110.900 0.850416
112.400 0.853186
112.900 0.855956
113.100 0.858726
113.900 0.861496
114.200 0.864266
115.100 0.867036
115.200 0.869806
115.400 0.872576
116.300 0.875346
117.100 0.878116
117.800 0.880886
119.100 0.883657
121.200 0.886427
121.700 0.889197
122.000 0.891967
122.900 0.894737
123.100 0.897507
123.200 0.900277
124.400 0.903047
128.000 0.905817
128.600 0.908587
128.700 0.911357
129.700 0.914127
131.200 0.916898
132.300 0.919668
132.500 0.922438
132.600 0.925208
132.800 0.927978
135.300 0.930748
135.800 0.933518
138.400 0.936288
139.600 0.939058
141.900 0.941828
145.300 0.944598
145.600 0.947368
146.700 0.950139
147.600 0.952909
148.500 0.955679
150.800 0.958449
152.500 0.961219
153.500 0.963989
155.500 0.966759
156.800 0.969529
158.700 0.972299
161.400 0.975069
162.600 0.977839
164.000 0.980609
164.500 0.98338
166.700 0.98615
167.100 0.98892
168.700 0.99169
169.200 0.99446
178.000 0.99723
185.500 1
