0.000384 0.00277008
0.000650 0.00554017
0.000838 0.00831025
0.001556 0.0110803
0.001775 0.0138504
0.002478 0.0166205
0.003253 0.0193906
0.003539 0.0221607
0.005172 0.0249307
0.007067 0.0277008
0.007231 0.033241
0.007231 0.033241
0.007245 0.0360111
0.007741 0.0387812
0.008220 0.0415512
0.008962 0.0443213
0.009246 0.0470914
0.009833 0.0498615
0.009973 0.0526316
0.010807 0.0554017
0.010989 0.0581717
0.011838 0.0609418
0.012477 0.0637119
0.012945 0.066482
0.013020 0.0692521
0.013297 0.0720222
0.014924 0.0747922
0.015193 0.0775623
0.015584 0.0803324
0.015711 0.0831025
0.015929 0.0858726
0.016673 0.0886427
0.017387 0.0914127
0.017978 0.0941828
0.018100 0.0969529
0.018770 0.099723
0.018911 0.102493
0.019299 0.105263
0.019330 0.108033
0.019769 0.110803
0.020080 0.113573
0.020228 0.116343
0.020917 0.119114
0.022950 0.121884
0.023072 0.124654
0.024078 0.127424
0.024689 0.130194
0.024712 0.132964
0.025035 0.135734
0.025215 0.138504
0.025443 0.141274
0.025527 0.144044
0.025824 0.146814
0.025875 0.149584
0.025916 0.152355
0.026490 0.155125
0.027216 0.157895
0.027883 0.160665
0.028122 0.163435
0.028129 0.166205
0.029310 0.168975
0.029344 0.171745
0.029375 0.174515
0.029618 0.177285
0.029789 0.180055
0.029796 0.182825
0.030114 0.185596
0.030464 0.188366
0.031315 0.191136
0.031696 0.193906
0.032102 0.196676
0.032259 0.199446
0.032588 0.202216
0.032805 0.204986
0.033348 0.207756
0.033712 0.210526
0.034595 0.213296
0.035305 0.216066
0.035483 0.218837
0.035714 0.221607
0.036805 0.224377
0.039762 0.227147
0.040828 0.229917
0.044519 0.232687
0.044792 0.235457
0.046093 0.238227
0.050388 0.240997
0.050606 0.243767
0.056167 0.246537
0.057716 0.249307
0.059934 0.252078
0.060324 0.254848
0.063747 0.257618
0.067488 0.260388
0.070116 0.263158
0.072254 0.265928
0.073222 0.268698
0.073676 0.271468
0.074742 0.274238
0.077916 0.277008
0.078665 0.279778
0.082773 0.282548
0.085698 0.285319
0.087950 0.288089
0.088726 0.290859
0.090634 0.293629
0.091729 0.296399
0.094964 0.299169
0.103464 0.301939
0.109873 0.304709
0.110342 0.307479
0.112286 0.310249
0.125703 0.313019
0.127077 0.315789
0.138902 0.31856
0.144132 0.32133
0.149836 0.3241
0.154265 0.32687
0.164973 0.32964
0.171944 0.33241
0.173733 0.33518
0.181248 0.33795
0.189448 0.34072
0.190309 0.34349
0.196936 0.34626
0.199307 0.34903
0.202196 0.351801
0.202213 0.354571
0.209777 0.357341
0.211740 0.360111
0.214312 0.362881
0.218150 0.365651
0.233085 0.368421
0.242859 0.371191
0.261339 0.373961
0.268812 0.376731
0.271285 0.379501
0.279463 0.382271
0.283307 0.385042
0.286929 0.387812
0.288888 0.390582
0.289092 0.393352
0.289208 0.396122
0.289831 0.398892
0.294750 0.401662
0.295375 0.404432
0.300035 0.407202
0.301100 0.409972
0.312447 0.412742
0.314231 0.415512
0.316676 0.418283
0.320859 0.421053
0.324810 0.423823
0.334274 0.426593
0.339563 0.429363
0.346837 0.432133
0.348329 0.434903
0.367029 0.437673
0.370963 0.440443
0.372221 0.443213
0.375836 0.445983
0.385691 0.448753
0.388523 0.451524
0.398795 0.454294
0.399550 0.457064
0.401617 0.459834
0.402144 0.462604
0.403069 0.465374
0.405669 0.468144
0.407928 0.470914
0.430332 0.473684
0.436584 0.476454
0.453866 0.479224
0.457231 0.481994
0.462613 0.484765
0.473431 0.487535
0.490884 0.490305
0.498593 0.493075
0.501932 0.495845
0.502739 0.498615
0.504571 0.501385
0.508442 0.504155
0.509130 0.506925
0.510393 0.509695
0.511909 0.512465
0.515434 0.515235
0.516236 0.518006
0.518581 0.520776
0.526838 0.523546
0.533776 0.526316
0.558024 0.529086
0.569287 0.531856
0.577194 0.534626
0.580513 0.537396
0.581672 0.540166
0.584646 0.542936
0.587079 0.545706
0.587721 0.548476
0.594877 0.551247
0.601689 0.554017
0.605733 0.556787
0.614385 0.559557
0.618894 0.562327
0.620568 0.565097
0.659481 0.567867
0.660692 0.570637
0.665237 0.573407
0.666098 0.576177
0.669851 0.578947
0.675461 0.581717
0.685456 0.584488
0.699052 0.587258
0.703384 0.590028
0.703403 0.592798
0.703785 0.595568
0.704834 0.598338
0.717574 0.601108
0.732254 0.603878
0.753400 0.606648
0.755986 0.609418
0.763815 0.612188
0.766739 0.614958
0.788229 0.617729
0.789208 0.620499
0.795320 0.623269
0.800644 0.626039
0.801075 0.628809
0.817083 0.631579
0.827133 0.634349
0.847133 0.637119
0.847226 0.639889
0.873046 0.642659
0.879243 0.645429
0.879513 0.648199
0.883685 0.65097
0.889205 0.65374
0.889303 0.65651
0.906437 0.65928
0.920172 0.66205
0.952014 0.66482
0.960019 0.66759
1.017124 0.67036
1.030133 0.67313
1.049886 0.6759
1.050052 0.67867
1.061566 0.68144
1.069178 0.684211
1.072514 0.686981
1.076442 0.689751
1.080168 0.692521
1.085615 0.695291
1.097970 0.698061
1.106091 0.700831
1.111123 0.703601
1.139970 0.706371
1.140156 0.709141
1.195507 0.711911
1.227771 0.714681
1.252769 0.717452
1.265465 0.720222
1.278449 0.722992
1.279618 0.725762
1.303719 0.728532
1.409809 0.731302
1.416562 0.734072
1.431002 0.736842
1.434573 0.739612
1.446475 0.742382
1.466491 0.745152
1.467308 0.747922
1.498747 0.750693
1.541060 0.753463
1.560416 0.756233
1.588870 0.759003
1.649922 0.761773
1.657395 0.764543
1.668906 0.767313
1.681598 0.770083
1.699571 0.772853
1.703544 0.775623
1.704148 0.778393
1.715345 0.781163
1.810768 0.783934
1.816725 0.786704
1.830036 0.789474
1.871304 0.792244
1.962229 0.795014
1.977871 0.797784
2.005152 0.800554
2.052871 0.803324
2.076842 0.806094
2.241022 0.808864
2.344597 0.811634
2.442096 0.814404
2.445507 0.817175
2.461924 0.819945
2.487473 0.822715
2.901326 0.825485
2.917556 0.828255
3.119494 0.831025
3.391841 0.833795
3.500070 0.836565
4.806023 0.839335
5.510555 0.842105
6.018452 0.844875
6.307324 0.847645
7.816471 0.850416
9.143912 0.853186
9.171454 0.855956
9.357753 0.858726
10.098837 0.861496
10.362369 0.864266
11.538668 0.867036
13.369293 0.869806
16.945274 0.872576
17.146688 0.875346
17.185692 0.878116
17.415709 0.880886
18.798683 0.883657
19.048542 0.886427
19.065109 0.889197
21.022943 0.891967
25.017641 0.894737
25.684391 0.897507
34.936409 0.900277
42.085449 0.903047
47.577850 0.905817
49.403168 0.908587
51.051487 0.911357
53.164684 0.914127
54.258358 0.916898
55.498211 0.919668
66.776489 0.922438
71.095810 0.925208
79.124878 0.927978
90.873596 0.930748
95.491035 0.933518
112.655907 0.936288
119.309113 0.939058
128.602524 0.941828
130.204941 0.944598
144.077255 0.947368
156.977402 0.950139
164.516891 0.952909
198.242584 0.955679
207.737305 0.958449
239.444824 0.961219
267.571075 0.963989
297.316650 0.966759
303.266632 0.969529
304.422211 0.972299
313.873749 0.975069
329.010803 0.977839
414.292145 0.980609
419.095673 0.98338
458.873016 0.98615
720.540710 0.98892
782.720459 0.99169
1172.069092 0.99446
1807.708740 0.99723
2518.971680 1
