0.020293 0.00277008
0.039299 0.00554017
0.044626 0.00831025
0.054385 0.0110803
0.080713 0.0138504
0.102566 0.0166205
0.143543 0.0193906
0.145378 0.0221607
0.167863 0.0249307
0.170567 0.0277008
0.193598 0.0304709
0.19732 0.033241
0.204924 0.0360111
0.260457 0.0387812
0.308847 0.0415512
0.335101 0.0443213
0.344696 0.0470914
0.351348 0.0498615
0.370629 0.0526316
0.370906 0.0554017
0.371257 0.0581717
0.381224 0.0609418
0.393694 0.0637119
0.396679 0.066482
0.3995 0.0692521
0.404467 0.0720222
0.412429 0.0747922
0.435361 0.0775623
0.448249 0.0803324
0.455581 0.0831025
0.456867 0.0858726
0.475427 0.0886427
0.484024 0.0914127
0.488685 0.0941828
0.500155 0.0969529
0.518323 0.099723
0.52473 0.102493
0.563555 0.105263
0.567429 0.108033
0.575917 0.110803
0.614179 0.113573
0.646844 0.116343
0.647386 0.119114
0.655278 0.121884
0.663165 0.124654
0.663445 0.127424
0.66369 0.130194
0.673085 0.132964
0.684764 0.135734
0.691319 0.138504
0.695636 0.141274
0.703068 0.144044
0.707259 0.146814
0.710434 0.149584
0.725704 0.152355
0.74705 0.155125
0.751915 0.157895
0.752247 0.160665
0.790487 0.163435
0.800585 0.166205
0.807716 0.168975
0.82454 0.171745
0.827816 0.174515
0.832996 0.177285
0.837398 0.180055
0.837659 0.182825
0.848991 0.185596
0.851311 0.188366
0.854263 0.191136
0.859348 0.193906
0.859697 0.196676
0.880657 0.199446
0.883076 0.202216
0.891328 0.204986
0.893173 0.207756
0.903182 0.210526
0.9099 0.213296
0.912771 0.216066
0.915364 0.218837
0.916457 0.221607
0.917057 0.224377
0.924345 0.227147
0.926592 0.229917
0.930165 0.232687
0.930472 0.235457
0.943437 0.238227
0.947281 0.240997
0.957299 0.243767
0.975691 0.246537
0.99059 0.249307
1.00151 0.252078
1.00855 0.254848
1.01162 0.257618
1.02134 0.260388
1.022 0.263158
1.02606 0.265928
1.03763 0.268698
1.04026 0.271468
1.05966 0.274238
1.13812 0.277008
1.17906 0.279778
1.19172 0.282548
1.20115 0.285319
1.20356 0.288089
1.22618 0.290859
1.24051 0.293629
1.24431 0.296399
1.29571 0.299169
1.29873 0.301939
1.34729 0.304709
1.4502 0.307479
1.50511 0.310249
1.5066 0.313019
1.51651 0.315789
1.52367 0.31856
1.53552 0.32133
1.57272 0.3241
1.57632 0.32687
1.62611 0.32964
1.62661 0.33241
1.62683 0.33518
1.74457 0.33795
1.74594 0.34072
1.7655 0.34349
1.7688 0.34626
1.82037 0.34903
1.8405 0.351801
1.87636 0.354571
1.88813 0.357341
1.89701 0.360111
1.96051 0.362881
1.99885 0.365651
2.00523 0.368421
2.0054 0.371191
2.01065 0.373961
2.02383 0.376731
2.08535 0.379501
2.1858 0.382271
2.19501 0.385042
2.2694 0.387812
2.419 0.390582
2.44882 0.393352
2.53395 0.396122
2.65351 0.398892
2.65397 0.401662
2.6634 0.404432
2.67254 0.407202
2.67515 0.409972
2.71753 0.412742
2.74094 0.415512
2.76211 0.418283
2.83051 0.421053
2.8647 0.423823
2.87686 0.426593
2.90847 0.429363
2.91203 0.432133
2.9841 0.434903
2.99859 0.437673
3.08359 0.440443
3.10751 0.443213
3.1139 0.445983
3.13762 0.448753
3.24375 0.451524
3.31761 0.454294
3.33912 0.457064
3.46934 0.459834
3.47125 0.462604
3.47512 0.465374
3.47661 0.468144
3.53272 0.470914
3.59782 0.473684
3.64201 0.476454
3.78033 0.479224
3.80838 0.481994
3.80867 0.484765
3.83635 0.487535
3.86613 0.490305
3.92323 0.493075
4.14243 0.495845
4.46908 0.498615
4.51017 0.501385
4.5669 0.504155
4.5952 0.506925
4.65864 0.509695
4.67399 0.512465
4.7131 0.515235
4.77706 0.518006
4.82467 0.520776
4.85574 0.523546
5.00194 0.526316
5.06917 0.529086
5.11812 0.531856
5.19147 0.534626
5.25472 0.537396
5.2635 0.540166
5.28745 0.542936
5.4373 0.545706
5.46016 0.548476
5.53197 0.551247
5.85486 0.554017
5.97231 0.556787
5.97959 0.559557
6.06274 0.562327
6.28948 0.565097
6.2903 0.567867
6.44 0.570637
6.46668 0.573407
6.69229 0.576177
6.73036 0.578947
6.94214 0.581717
6.9925 0.584488
7.09145 0.587258
7.32378 0.590028
7.4746 0.592798
7.55995 0.595568
7.56744 0.598338
7.6398 0.601108
7.64564 0.603878
7.80084 0.606648
7.88224 0.609418
7.94854 0.612188
7.96983 0.614958
8.46617 0.617729
8.48782 0.620499
8.55887 0.623269
8.62151 0.626039
8.8449 0.628809
8.94959 0.631579
8.95575 0.634349
8.99989 0.637119
9.33957 0.639889
9.39392 0.642659
9.47368 0.645429
9.48299 0.648199
9.69658 0.65097
10.0409 0.65374
10.1973 0.65651
10.3533 0.65928
10.4161 0.66205
10.5881 0.66482
10.6814 0.66759
11.1512 0.67036
11.5277 0.67313
11.59 0.6759
11.6024 0.67867
11.6139 0.68144
11.9653 0.684211
11.9982 0.686981
12.0668 0.689751
12.7207 0.692521
12.8574 0.695291
13.4471 0.698061
13.5065 0.700831
13.6757 0.703601
13.7199 0.706371
13.7934 0.709141
13.9441 0.711911
13.9672 0.714681
14.1282 0.717452
14.401 0.720222
14.6347 0.722992
14.8934 0.725762
15.1633 0.728532
15.1913 0.731302
15.2255 0.734072
15.2864 0.736842
15.3645 0.739612
15.9839 0.742382
16.0575 0.745152
16.0828 0.747922
16.1181 0.750693
17.2682 0.753463
17.5901 0.756233
18.041 0.759003
18.1155 0.761773
18.6546 0.764543
19.2789 0.767313
19.6129 0.770083
20.0823 0.772853
20.6582 0.775623
20.6635 0.778393
20.7325 0.781163
20.8849 0.783934
21.2562 0.786704
21.5328 0.789474
21.6989 0.792244
22.7641 0.795014
23.5063 0.797784
23.5311 0.800554
24.3904 0.803324
24.6764 0.806094
25.4492 0.808864
25.5167 0.811634
27.4924 0.814404
28.5205 0.817175
30.5111 0.819945
30.6967 0.822715
30.8814 0.825485
31.8962 0.828255
34.1602 0.831025
34.1896 0.833795
35.3199 0.836565
37.4456 0.839335
41.0291 0.842105
44.9275 0.844875
47.185 0.847645
52.0162 0.850416
53.963 0.853186
58.1024 0.855956
59.1921 0.858726
59.8163 0.861496
67.8542 0.864266
73.3886 0.867036
73.4697 0.869806
74.0481 0.872576
79.801 0.875346
83.5526 0.878116
86.9718 0.880886
87.5861 0.883657
89.6146 0.886427
93.5127 0.889197
94.8068 0.891967
102.214 0.894737
102.313 0.897507
108.17 0.900277
112.346 0.903047
119.237 0.905817
127.514 0.908587
159.957 0.911357
162.13 0.914127
173.525 0.916898
177.272 0.919668
199.652 0.922438
214.534 0.925208
224.685 0.927978
225.216 0.930748
242.624 0.933518
243.747 0.936288
248.792 0.939058
250.161 0.941828
266.28 0.944598
266.606 0.947368
286.949 0.950139
293.712 0.952909
333.688 0.955679
341.127 0.958449
390.56 0.961219
468.404 0.963989
473.839 0.966759
482.905 0.969529
540.655 0.972299
563.27 0.975069
566.186 0.977839
614.036 0.980609
643.912 0.98338
744.999 0.98615
795.162 0.98892
984.593 0.99169
1460.65 0.99446
2179.24 0.99723
2925.36 1
