3.463379 0.00277008
3.681641 0.00554017
3.763367 0.00831025
4.764648 0.0110803
5.315552 0.0138504
9.217346 0.0166205
9.547485 0.0193906
11.523804 0.0221607
11.990967 0.0249307
12.146118 0.0277008
13.033936 0.0304709
13.146240 0.033241
15.044678 0.0360111
15.046631 0.0387812
16.744385 0.0415512
17.533325 0.0443213
18.246704 0.0470914
18.458618 0.0498615
19.564331 0.0526316
20.558472 0.0554017
20.719238 0.0581717
20.734131 0.0609418
21.768433 0.0637119
23.265381 0.066482
24.059448 0.0692521
24.758789 0.0720222
25.213379 0.0747922
25.328857 0.0775623
25.481812 0.0803324
26.860901 0.0831025
27.065186 0.0858726
27.699707 0.0886427
27.732056 0.0914127
28.149902 0.0941828
28.768555 0.0969529
29.656738 0.099723
29.677124 0.102493
29.754395 0.105263
29.773682 0.108033
30.989136 0.110803
31.291138 0.113573
32.683838 0.116343
32.721313 0.119114
32.762573 0.121884
32.840698 0.124654
32.915894 0.127424
33.665039 0.130194
34.668823 0.132964
34.756348 0.135734
34.999023 0.138504
35.048950 0.141274
35.076294 0.144044
35.449585 0.146814
35.707764 0.149584
36.345825 0.152355
37.656616 0.155125
38.168091 0.157895
38.521851 0.160665
41.851440 0.163435
42.463501 0.166205
42.813477 0.168975
42.854492 0.171745
43.479370 0.174515
43.945557 0.177285
45.468262 0.180055
46.238159 0.182825
46.469971 0.185596
46.545776 0.188366
46.791870 0.191136
48.590576 0.193906
48.966064 0.196676
49.143066 0.199446
50.004272 0.202216
50.300903 0.204986
50.319458 0.207756
50.549316 0.210526
50.739502 0.213296
52.366821 0.216066
52.602539 0.218837
52.971924 0.221607
53.281006 0.224377
55.057983 0.227147
55.849365 0.229917
56.062134 0.232687
56.084473 0.235457
57.222961 0.238227
58.680420 0.240997
59.360596 0.243767
59.936523 0.246537
60.771973 0.249307
64.195435 0.252078
64.959534 0.254848
66.091125 0.257618
66.193359 0.260388
67.042847 0.263158
70.626953 0.265928
71.571533 0.268698
73.109497 0.271468
73.331482 0.274238
73.690552 0.277008
76.880493 0.279778
77.450317 0.282548
77.848877 0.285319
77.876709 0.288089
78.369812 0.290859
79.412842 0.293629
79.430176 0.296399
79.625427 0.299169
79.972412 0.301939
81.141968 0.304709
82.497375 0.307479
83.265747 0.310249
85.937134 0.313019
86.585815 0.315789
86.730469 0.31856
88.088623 0.32133
88.220947 0.3241
89.224182 0.32687
91.123169 0.32964
92.924438 0.33241
94.379883 0.33518
95.223999 0.33795
97.729004 0.34072
98.548950 0.34349
98.630615 0.34626
100.589966 0.34903
100.751587 0.351801
102.257080 0.354571
102.823730 0.357341
103.689575 0.360111
103.986694 0.362881
104.416260 0.365651
108.475708 0.368421
109.172119 0.371191
112.948853 0.373961
113.488770 0.376731
115.481323 0.379501
118.840088 0.382271
119.612671 0.385042
119.733154 0.387812
120.374146 0.390582
121.408447 0.393352
126.775391 0.396122
127.862061 0.398892
128.197571 0.401662
136.018555 0.404432
137.524292 0.407202
143.476685 0.409972
144.042847 0.412742
145.157715 0.415512
148.096313 0.418283
148.742310 0.421053
151.182617 0.423823
152.988037 0.426593
153.134521 0.429363
155.672363 0.432133
156.793823 0.434903
159.211548 0.437673
160.237549 0.440443
161.162598 0.443213
169.200439 0.445983
170.898071 0.448753
171.351807 0.451524
171.685425 0.454294
173.213501 0.457064
174.517456 0.459834
176.503296 0.462604
176.995483 0.465374
177.553345 0.468144
180.076294 0.470914
180.274170 0.473684
184.503784 0.476454
185.175171 0.479224
185.243530 0.481994
186.282593 0.484765
188.627930 0.487535
189.803833 0.490305
194.696777 0.493075
198.775269 0.495845
207.054443 0.498615
209.968140 0.501385
215.062744 0.504155
219.677368 0.506925
222.092773 0.509695
223.092285 0.512465
223.343140 0.515235
225.344482 0.518006
229.180176 0.520776
231.131470 0.523546
233.690186 0.526316
252.631592 0.529086
254.982178 0.531856
257.340210 0.534626
262.478149 0.537396
263.826416 0.540166
263.930542 0.542936
264.406128 0.545706
265.711060 0.548476
265.910034 0.551247
267.073242 0.554017
267.651001 0.556787
272.952026 0.559557
275.162842 0.562327
286.327271 0.565097
287.928223 0.567867
293.618408 0.570637
294.915283 0.573407
295.511597 0.576177
297.753296 0.578947
306.409180 0.581717
318.684570 0.584488
325.181885 0.587258
336.411987 0.590028
342.342041 0.592798
349.380493 0.595568
364.463989 0.598338
369.981567 0.601108
373.079712 0.603878
373.536865 0.606648
382.079346 0.609418
383.649170 0.612188
384.493286 0.614958
386.966797 0.617729
389.426270 0.620499
400.117188 0.623269
400.577637 0.626039
409.766724 0.628809
413.843750 0.631579
420.480713 0.634349
424.298828 0.637119
435.023804 0.639889
439.526855 0.642659
440.233154 0.645429
447.851074 0.648199
464.837891 0.65097
467.163818 0.65374
471.985107 0.65651
474.391357 0.65928
478.323975 0.66205
485.035645 0.66482
499.060181 0.66759
504.253418 0.67036
508.575439 0.67313
525.158325 0.6759
528.070190 0.67867
533.305420 0.68144
536.091309 0.684211
567.480347 0.686981
569.070557 0.689751
585.526001 0.692521
586.453125 0.695291
593.201172 0.698061
601.854736 0.700831
609.420288 0.703601
611.910522 0.706371
619.386963 0.709141
622.999756 0.711911
629.475220 0.714681
635.402100 0.717452
642.170410 0.720222
658.007324 0.722992
661.227417 0.725762
665.916504 0.728532
672.826904 0.731302
677.704102 0.734072
678.094360 0.736842
686.409424 0.739612
693.208862 0.742382
710.753174 0.745152
714.991089 0.747922
725.997803 0.750693
766.413696 0.753463
768.064697 0.756233
770.879028 0.759003
791.792725 0.761773
802.461792 0.764543
802.518066 0.767313
818.919312 0.770083
823.741699 0.772853
834.203369 0.775623
864.842163 0.778393
870.044434 0.781163
878.439453 0.783934
878.982300 0.786704
884.295166 0.789474
884.702881 0.792244
890.164429 0.795014
891.374390 0.797784
931.980347 0.800554
932.896240 0.803324
945.438232 0.806094
951.427246 0.808864
954.177124 0.811634
1000.072998 0.814404
1001.985596 0.817175
1008.674316 0.819945
1011.073853 0.822715
1013.622437 0.825485
1013.774414 0.828255
1034.463013 0.831025
1089.475586 0.833795
1091.813965 0.836565
1101.001221 0.839335
1107.429810 0.842105
1133.160645 0.844875
1173.546997 0.847645
1198.930054 0.850416
1208.516968 0.853186
1211.611084 0.855956
1263.017090 0.858726
1284.238159 0.861496
1314.189697 0.864266
1346.495483 0.867036
1358.359253 0.869806
1400.439697 0.872576
1415.812378 0.875346
1446.799683 0.878116
1469.873535 0.880886
1472.076294 0.883657
1515.860474 0.886427
1660.978271 0.889197
1661.640503 0.891967
1671.413330 0.894737
1688.481079 0.897507
1723.629761 0.900277
1749.947632 0.903047
1788.251465 0.905817
1792.702881 0.908587
1797.996948 0.911357
1855.890015 0.914127
1875.402954 0.916898
1922.513428 0.919668
1995.296265 0.922438
2072.120117 0.925208
2093.215088 0.927978
2105.148438 0.930748
2107.736816 0.933518
2338.155029 0.936288
2365.600830 0.939058
2371.384277 0.941828
2401.028809 0.944598
2401.664795 0.947368
2464.501953 0.950139
2565.584717 0.952909
2573.875977 0.955679
2625.139160 0.958449
2637.545898 0.961219
2758.472656 0.963989
2828.178955 0.966759
3146.711914 0.969529
3315.045410 0.972299
3444.558350 0.975069
3679.424072 0.977839
3840.433105 0.980609
3947.572754 0.98338
4014.984619 0.98615
4216.518066 0.98892
4713.654785 0.99169
4737.064453 0.99446
5181.442383 0.99723
5311.391602 1
