5.600 0.00277008
16.200 0.00554017
39.200 0.00831025
41.300 0.0110803
47.500 0.0138504
53.700 0.0166205
62.500 0.0193906
71.300 0.0221607
71.400 0.0249307
71.500 0.0277008
72.600 0.0304709
73.100 0.033241
76.600 0.0360111
78.800 0.0387812
79.300 0.0415512
83.000 0.0443213
84.800 0.0470914
86.200 0.0498615
87.300 0.0526316
87.600 0.0581717
87.600 0.0581717
88.800 0.0609418
90.900 0.0637119
91.300 0.066482
91.500 0.0692521
91.800 0.0720222
91.900 0.0747922
92.000 0.0803324
92.000 0.0803324
92.100 0.0831025
92.300 0.0858726
92.400 0.0886427
92.500 0.0941828
92.500 0.0941828
93.000 0.0969529
93.100 0.099723
93.200 0.102493
93.300 0.105263
93.400 0.108033
93.500 0.110803
93.900 0.116343
93.900 0.116343
94.000 0.119114
94.100 0.121884
94.200 0.124654
94.600 0.127424
94.700 0.132964
94.700 0.132964
94.800 0.135734
94.900 0.141274
94.900 0.141274
95.000 0.146814
95.000 0.146814
95.200 0.152355
95.200 0.152355
95.300 0.155125
95.400 0.160665
95.400 0.160665
95.500 0.166205
95.500 0.166205
95.600 0.171745
95.600 0.171745
95.700 0.174515
95.800 0.177285
95.900 0.185596
95.900 0.185596
95.900 0.185596
96.000 0.188366
96.100 0.196676
96.100 0.196676
96.100 0.196676
96.200 0.202216
96.200 0.202216
96.300 0.207756
96.300 0.207756
96.400 0.210526
96.600 0.221607
96.600 0.221607
96.600 0.221607
96.600 0.221607
96.700 0.227147
96.700 0.227147
96.800 0.232687
96.800 0.232687
96.900 0.240997
96.900 0.240997
96.900 0.240997
97.100 0.246537
97.100 0.246537
97.400 0.252078
97.400 0.252078
97.500 0.254848
97.600 0.257618
97.700 0.260388
97.800 0.274238
97.800 0.274238
97.800 0.274238
97.800 0.274238
97.800 0.274238
97.900 0.285319
97.900 0.285319
97.900 0.285319
97.900 0.285319
98.000 0.290859
98.000 0.290859
98.100 0.299169
98.100 0.299169
98.100 0.299169
98.200 0.304709
98.200 0.304709
98.300 0.310249
98.300 0.310249
98.500 0.315789
98.500 0.315789
98.600 0.32687
98.600 0.32687
98.600 0.32687
98.600 0.32687
98.700 0.33518
98.700 0.33518
98.700 0.33518
98.800 0.357341
98.800 0.357341
98.800 0.357341
98.800 0.357341
98.800 0.357341
98.800 0.357341
98.800 0.357341
98.800 0.357341
98.900 0.376731
98.900 0.376731
98.900 0.376731
98.900 0.376731
98.900 0.376731
98.900 0.376731
98.900 0.376731
99.000 0.382271
99.000 0.382271
99.100 0.404432
99.100 0.404432
99.100 0.404432
99.100 0.404432
99.100 0.404432
99.100 0.404432
99.100 0.404432
99.100 0.404432
99.200 0.415512
99.200 0.415512
99.200 0.415512
99.200 0.415512
99.300 0.468144
99.300 0.468144
99.300 0.468144
99.300 0.468144
99.300 0.468144
99.300 0.468144
99.300 0.468144
99.300 0.468144
99.300 0.468144
99.300 0.468144
99.300 0.468144
99.300 0.468144
99.300 0.468144
99.300 0.468144
99.300 0.468144
99.300 0.468144
99.300 0.468144
99.300 0.468144
99.300 0.468144
99.400 0.498615
99.400 0.498615
99.400 0.498615
99.400 0.498615
99.400 0.498615
99.400 0.498615
99.400 0.498615
99.400 0.498615
99.400 0.498615
99.400 0.498615
99.400 0.498615
99.500 0.554017
99.500 0.554017
99.500 0.554017
99.500 0.554017
99.500 0.554017
99.500 0.554017
99.500 0.554017
99.500 0.554017
99.500 0.554017
99.500 0.554017
99.500 0.554017
99.500 0.554017
99.500 0.554017
99.500 0.554017
99.500 0.554017
99.500 0.554017
99.500 0.554017
99.500 0.554017
99.500 0.554017
99.500 0.554017
99.600 0.645429
99.600 0.645429
99.600 0.645429
99.600 0.645429
99.600 0.645429
99.600 0.645429
99.600 0.645429
99.600 0.645429
99.600 0.645429
99.600 0.645429
99.600 0.645429
99.600 0.645429
99.600 0.645429
99.600 0.645429
99.600 0.645429
99.600 0.645429
99.600 0.645429
99.600 0.645429
99.600 0.645429
99.600 0.645429
99.600 0.645429
99.600 0.645429
99.600 0.645429
99.600 0.645429
99.600 0.645429
99.600 0.645429
99.600 0.645429
99.600 0.645429
99.600 0.645429
99.600 0.645429
99.600 0.645429
99.600 0.645429
99.600 0.645429
99.700 0.706371
99.700 0.706371
99.700 0.706371
99.700 0.706371
99.700 0.706371
99.700 0.706371
99.700 0.706371
99.700 0.706371
99.700 0.706371
99.700 0.706371
99.700 0.706371
99.700 0.706371
99.700 0.706371
99.700 0.706371
99.700 0.706371
99.700 0.706371
99.700 0.706371
99.700 0.706371
99.700 0.706371
99.700 0.706371
99.700 0.706371
99.700 0.706371
99.800 0.731302
99.800 0.731302
99.800 0.731302
99.800 0.731302
99.800 0.731302
99.800 0.731302
99.800 0.731302
99.800 0.731302
99.800 0.731302
99.900 0.734072
119.400 0.736842
128.200 0.739612
141.300 0.742382
156.500 0.745152
156.800 0.750693
156.800 0.750693
156.900 0.756233
156.900 0.756233
158.900 0.759003
159.300 0.761773
190.200 0.764543
195.900 0.767313
197.100 0.770083
222.100 0.772853
238.600 0.775623
242.800 0.778393
245.800 0.783934
245.800 0.783934
248.600 0.786704
250.900 0.789474
259.800 0.792244
264.400 0.795014
283.500 0.797784
285.500 0.800554
317.300 0.803324
348.100 0.806094
355.100 0.808864
416.600 0.811634
418.500 0.814404
423.200 0.817175
426.200 0.819945
434.600 0.822715
458.900 0.825485
481.900 0.828255
484.300 0.831025
496.200 0.833795
528.300 0.836565
545.900 0.839335
547.000 0.842105
592.000 0.844875
610.100 0.847645
614.100 0.850416
637.500 0.853186
645.500 0.855956
662.500 0.858726
674.700 0.861496
675.500 0.864266
696.800 0.867036
725.500 0.869806
784.700 0.872576
979.500 0.875346
1089.300 0.878116
1143.700 0.880886
1174.500 0.883657
1175.600 0.886427
1205.800 0.889197
1262.500 0.891967
1267.900 0.894737
1318.700 0.897507
1328.600 0.900277
1351.700 0.903047
1378.600 0.905817
1387.800 0.908587
1390.100 0.911357
1392.500 0.914127
1404.400 0.916898
1447.000 0.919668
1464.800 0.922438
1569.700 0.925208
1600.300 0.927978
1732.900 0.930748
1796.800 0.933518
1808.200 0.936288
1872.500 0.939058
1903.600 0.941828
2129.200 0.944598
2132.000 0.947368
2152.400 0.950139
2288.700 0.952909
2478.100 0.955679
2598.100 0.958449
2798.200 0.961219
2803.500 0.963989
2804.100 0.966759
2873.900 0.969529
3027.300 0.972299
3228.700 0.975069
3299.000 0.977839
3327.200 0.980609
4674.200 0.98338
4926.500 0.98615
6484.000 0.98892
206546.100 0.99169
216819.900 0.99446
388830.600 0.99723
1268210.400 1
