.002 0.00277008
.020 0.00554017
.024 0.00831025
.044 0.0110803
.0467 0.0138504
.0773 0.0166205
.0803 0.0193906
.0973 0.0221607
.0983 0.0249307
.103 0.0277008
.109 0.0304709
.1133 0.033241
.11867 0.0360111
.146 0.0387812
.1653 0.0415512
.1673 0.0443213
.1743 0.0470914
.1837 0.0498615
.190 0.0526316
.1927 0.0554017
.1957 0.0581717
.204 0.0609418
.20633 0.0637119
.2073 0.066482
.212 0.0692521
.2183 0.0720222
.223 0.0747922
.22967 0.0775623
.2567 0.0803324
.267 0.0831025
.28167 0.0858726
.2847 0.0886427
.309 0.0914127
.3143 0.0941828
.319 0.0969529
.326 0.099723
.3277 0.102493
.334 0.105263
.353 0.108033
.362 0.110803
.3647 0.113573
.381 0.116343
.391 0.119114
.396 0.121884
.397 0.124654
.4367 0.127424
.463 0.130194
.4727 0.132964
.503 0.135734
.5513 0.138504
.558 0.141274
.559 0.144044
.570 0.146814
.5733 0.149584
.625 0.152355
.6297 0.155125
.704 0.157895
.7783 0.160665
.816 0.163435
.823 0.166205
.886 0.168975
.899 0.171745
.9103 0.174515
.9213 0.177285
.9673 0.180055
.979 0.182825
1.043 0.185596
1.0573 0.188366
1.0727 0.191136
1.1307 0.193906
1.242 0.196676
1.2853 0.199446
1.3127 0.202216
1.3733 0.204986
1.4473 0.207756
1.481 0.210526
1.531 0.213296
1.5947 0.216066
1.607 0.218837
1.6747 0.221607
1.6773 0.224377
1.707 0.227147
1.8047 0.229917
1.8223 0.232687
1.9137 0.235457
1.9557 0.238227
1.9607 0.240997
2.072 0.243767
2.1157 0.246537
2.1343 0.249307
2.1423 0.252078
2.2097 0.254848
2.260 0.257618
2.278 0.260388
2.305 0.263158
2.3443 0.265928
2.385 0.268698
2.4407 0.271468
2.4447 0.274238
2.5177 0.277008
2.5183 0.279778
2.5263 0.282548
2.550 0.285319
2.570 0.288089
2.5857 0.290859
2.648 0.293629
2.7483 0.296399
2.779 0.299169
2.7877 0.301939
2.8523 0.304709
2.881 0.307479
2.896 0.310249
2.9363 0.313019
2.9607 0.315789
2.9813 0.31856
2.9953 0.32133
3.0073 0.3241
3.053 0.32687
3.0713 0.32964
3.1073 0.33241
3.133 0.33518
3.1523 0.33795
3.1963 0.34072
3.268 0.34349
3.423 0.34626
3.4577 0.34903
3.621 0.351801
3.6223 0.354571
3.6423 0.357341
3.656 0.362881
3.656 0.362881
3.6667 0.365651
3.698 0.368421
3.7007 0.371191
3.764 0.373961
3.9427 0.376731
3.9897 0.379501
4.0697 0.382271
4.096 0.385042
4.1947 0.387812
4.3007 0.390582
4.3743 0.393352
4.411 0.396122
4.7657 0.398892
4.966 0.401662
4.9887 0.404432
5.1327 0.407202
5.170 0.409972
5.246 0.412742
5.2997 0.415512
5.3703 0.418283
5.453 0.421053
5.6513 0.423823
5.6853 0.426593
5.793 0.429363
5.9177 0.432133
6.002 0.434903
6.0353 0.437673
6.3037 0.440443
6.3527 0.443213
6.4197 0.445983
6.4303 0.448753
6.495 0.451524
6.526 0.454294
6.5503 0.457064
6.557 0.459834
6.9127 0.462604
6.9687 0.465374
7.0173 0.468144
7.0703 0.470914
7.169 0.473684
7.2037 0.476454
7.2173 0.479224
7.2927 0.481994
7.329 0.484765
7.3387 0.487535
7.349 0.490305
7.394 0.493075
7.4167 0.495845
7.4457 0.498615
7.4653 0.501385
7.471 0.504155
7.765 0.506925
7.8847 0.509695
7.909 0.512465
8.1583 0.515235
8.232 0.518006
8.541 0.520776
8.746 0.523546
8.770 0.526316
8.7837 0.529086
8.914 0.531856
8.955 0.534626
8.9603 0.537396
9.248 0.540166
9.2663 0.542936
9.4133 0.545706
9.459 0.548476
9.505 0.551247
10.2257 0.554017
10.2597 0.556787
10.554 0.559557
10.5677 0.562327
10.6647 0.565097
10.7147 0.567867
10.8963 0.570637
11.3423 0.573407
11.4083 0.576177
11.5213 0.578947
11.5793 0.581717
11.7933 0.584488
11.8753 0.587258
11.897 0.590028
12.479 0.592798
12.5123 0.595568
12.6337 0.598338
12.680 0.601108
12.9083 0.603878
12.9917 0.606648
13.019 0.609418
13.0867 0.612188
13.166 0.614958
13.3923 0.617729
13.4933 0.620499
13.499 0.623269
13.874 0.626039
13.9063 0.628809
14.0857 0.631579
14.5217 0.634349
14.6313 0.637119
14.7197 0.639889
14.7783 0.642659
15.812 0.645429
16.3483 0.648199
16.669 0.65097
16.9113 0.65374
17.695 0.65651
17.7943 0.65928
18.1033 0.66205
18.4607 0.66482
18.650 0.66759
18.9373 0.67036
19.652 0.67313
19.811 0.6759
20.2773 0.67867
20.703 0.68144
21.2487 0.684211
21.3823 0.686981
21.541 0.689751
21.6467 0.692521
21.9233 0.695291
22.019 0.698061
22.6073 0.700831
22.692 0.703601
22.819 0.706371
23.1257 0.709141
24.1223 0.711911
24.905 0.714681
26.011 0.717452
26.397 0.720222
27.7787 0.722992
27.7823 0.725762
27.998 0.728532
28.2663 0.731302
28.918 0.734072
28.9453 0.736842
29.007 0.739612
29.994 0.742382
31.0177 0.745152
31.5257 0.747922
31.5653 0.750693
31.697 0.753463
32.4583 0.756233
33.2933 0.759003
33.398 0.761773
33.6027 0.764543
33.7733 0.767313
33.883 0.770083
34.234 0.772853
34.556 0.775623
35.330 0.778393
35.6807 0.781163
35.7853 0.783934
36.635 0.786704
36.9327 0.789474
37.447 0.792244
37.519 0.795014
39.7933 0.797784
40.3563 0.800554
42.066 0.803324
42.1473 0.806094
42.572 0.808864
43.4507 0.811634
43.8483 0.814404
44.3173 0.817175
45.2633 0.819945
46.3783 0.822715
46.695 0.825485
46.6997 0.828255
47.7603 0.831025
48.536 0.833795
49.2197 0.836565
51.442 0.839335
52.5537 0.842105
52.7833 0.844875
53.504 0.847645
56.7773 0.850416
56.8467 0.853186
58.7407 0.855956
59.4253 0.858726
60.8937 0.861496
60.9797 0.864266
65.5387 0.867036
66.0823 0.869806
67.341 0.872576
67.4727 0.875346
67.549 0.878116
68.129 0.880886
68.3317 0.883657
69.1493 0.886427
70.097 0.889197
70.6633 0.891967
71.204 0.894737
71.3383 0.897507
73.4397 0.900277
75.8783 0.903047
76.425 0.905817
77.669 0.908587
78.294 0.911357
78.691 0.914127
86.5867 0.916898
89.347 0.919668
97.8267 0.922438
102.597 0.925208
102.9487 0.927978
104.660 0.930748
106.1843 0.933518
112.1867 0.936288
113.884 0.939058
114.161 0.941828
114.485 0.944598
114.795 0.947368
119.827 0.950139
122.9653 0.952909
123.788 0.955679
124.532 0.958449
125.713 0.961219
143.202 0.963989
144.186 0.966759
145.702 0.969529
146.180 0.972299
148.4627 0.975069
148.8463 0.977839
152.207 0.980609
152.6703 0.98338
153.7747 0.98615
159.690 0.98892
203.488 0.99169
208.179 0.99446
226.172 0.99723
230.460 1
