3.341735 0.00277008
8.491348 0.00554017
9.018908 0.00831025
15.961109 0.0110803
20.211853 0.0138504
21.064620 0.0166205
40.809542 0.0193906
45.045787 0.0221607
67.255825 0.0249307
70.473599 0.0277008
70.961380 0.0304709
75.337410 0.033241
77.117479 0.0360111
79.016703 0.0387812
80.301052 0.0415512
80.316961 0.0443213
81.995636 0.0470914
82.147747 0.0498615
82.390434 0.0526316
83.351934 0.0554017
85.429490 0.0581717
85.770124 0.0609418
86.001676 0.0637119
86.751455 0.066482
87.203765 0.0692521
87.665200 0.0720222
87.847251 0.0747922
88.235390 0.0775623
88.553381 0.0803324
89.881843 0.0831025
90.388060 0.0858726
90.412313 0.0886427
91.052282 0.0914127
91.850299 0.0941828
91.851968 0.0969529
92.009729 0.099723
92.108983 0.102493
92.442793 0.105263
93.045712 0.108033
93.071669 0.110803
93.163604 0.113573
93.359447 0.116343
93.555498 0.119114
93.620223 0.121884
93.663114 0.124654
93.766958 0.127424
94.162297 0.130194
94.246030 0.132964
94.321370 0.135734
94.650126 0.138504
94.659597 0.141274
94.701290 0.144044
94.784421 0.146814
95.227224 0.149584
95.310903 0.152355
95.422083 0.155125
95.465451 0.157895
95.539516 0.160665
95.636821 0.163435
95.897758 0.166205
95.909059 0.168975
95.936888 0.171745
95.955533 0.174515
96.046340 0.177285
96.047014 0.180055
96.121389 0.182825
96.142799 0.185596
96.368849 0.188366
96.424633 0.191136
96.462274 0.193906
96.634620 0.196676
96.703303 0.199446
96.848994 0.202216
96.942127 0.204986
97.004110 0.207756
97.057581 0.210526
97.210854 0.213296
97.443545 0.216066
97.501069 0.218837
97.743207 0.221607
97.770578 0.224377
97.867513 0.227147
97.927755 0.229917
98.018038 0.232687
98.018420 0.235457
98.040599 0.238227
98.043805 0.240997
98.060584 0.243767
98.086923 0.246537
98.100841 0.249307
98.124921 0.252078
98.148602 0.254848
98.335189 0.257618
98.361856 0.260388
98.367852 0.263158
98.447162 0.265928
98.472285 0.268698
98.474991 0.271468
98.519897 0.274238
98.522955 0.277008
98.535126 0.279778
98.549342 0.282548
98.600709 0.285319
98.601097 0.288089
98.633593 0.290859
98.694927 0.293629
98.733634 0.296399
98.749226 0.299169
98.773396 0.301939
98.809141 0.304709
98.851496 0.307479
98.855096 0.310249
98.865598 0.313019
98.873705 0.315789
98.883516 0.31856
98.892921 0.32133
98.918408 0.3241
98.955828 0.32687
98.981684 0.32964
99.001157 0.33241
99.009931 0.33518
99.014175 0.33795
99.095672 0.34072
99.105024 0.34349
99.107629 0.34626
99.130195 0.34903
99.181503 0.351801
99.208593 0.354571
99.241453 0.357341
99.254668 0.360111
99.258828 0.362881
99.259090 0.365651
99.270582 0.368421
99.289042 0.371191
99.301893 0.373961
99.304575 0.376731
99.334860 0.379501
99.339199 0.382271
99.339682 0.385042
99.344331 0.387812
99.358189 0.390582
99.370462 0.393352
99.382848 0.396122
99.383003 0.398892
99.385816 0.401662
99.388146 0.404432
99.392635 0.407202
99.404979 0.409972
99.421066 0.412742
99.430424 0.415512
99.434233 0.418283
99.439865 0.421053
99.443388 0.423823
99.443710 0.426593
99.448305 0.429363
99.449050 0.432133
99.463910 0.434903
99.469632 0.437673
99.475420 0.440443
99.477094 0.443213
99.484861 0.445983
99.486971 0.448753
99.491978 0.451524
99.498141 0.454294
99.505556 0.457064
99.515140 0.459834
99.518520 0.462604
99.523705 0.465374
99.532682 0.468144
99.555689 0.470914
99.557227 0.473684
99.568206 0.476454
99.573404 0.479224
99.575263 0.481994
99.577981 0.484765
99.581945 0.487535
99.587208 0.490305
99.600536 0.493075
99.601895 0.495845
99.602550 0.498615
99.605697 0.501385
99.609137 0.504155
99.610758 0.506925
99.618483 0.509695
99.621260 0.512465
99.631530 0.515235
99.640274 0.518006
99.646765 0.520776
99.652356 0.523546
99.653643 0.526316
99.661529 0.529086
99.665165 0.531856
99.666595 0.534626
99.667907 0.537396
99.668497 0.540166
99.668670 0.542936
99.673361 0.545706
99.679404 0.548476
99.681163 0.551247
99.684519 0.554017
99.685270 0.556787
99.685729 0.559557
99.699461 0.562327
99.701709 0.565097
99.701768 0.567867
99.703282 0.570637
99.703443 0.573407
99.704248 0.576177
99.705511 0.578947
99.706864 0.581717
99.711770 0.584488
99.720770 0.587258
99.722439 0.590028
99.723428 0.592798
99.726158 0.595568
99.732453 0.598338
99.733895 0.601108
99.735129 0.603878
99.736363 0.606648
99.736965 0.609418
99.742812 0.612188
99.742872 0.614958
99.745589 0.617729
99.747568 0.620499
99.751616 0.623269
99.753237 0.626039
99.753916 0.628809
99.755627 0.631579
99.756563 0.634349
99.760938 0.637119
99.773705 0.639889
99.778253 0.642659
99.778503 0.645429
99.779618 0.648199
99.779677 0.65097
99.780482 0.65374
99.781013 0.65651
99.783605 0.65928
99.784309 0.66205
99.784392 0.66482
99.785501 0.66759
99.785811 0.67036
99.786574 0.67313
99.788135 0.6759
99.789035 0.67867
99.792510 0.68144
99.793553 0.684211
99.798566 0.686981
99.802166 0.689751
99.802786 0.692521
99.804705 0.695291
99.805743 0.698061
99.806488 0.700831
99.809867 0.703601
99.811029 0.706371
99.818373 0.709141
99.819750 0.711911
99.823415 0.714681
99.823916 0.717452
99.824560 0.720222
99.825126 0.722992
99.825323 0.725762
99.829477 0.728532
99.830699 0.731302
99.831539 0.734072
99.833536 0.736842
99.835438 0.739612
99.835449 0.742382
99.835479 0.745152
99.835759 0.747922
99.837011 0.750693
99.839038 0.753463
99.842817 0.756233
99.843842 0.759003
99.847388 0.761773
99.848944 0.764543
99.851227 0.767313
99.859411 0.770083
99.861228 0.772853
99.863523 0.775623
99.869168 0.778393
99.870360 0.781163
99.870849 0.783934
99.872833 0.786704
99.876630 0.789474
99.876970 0.792244
99.878103 0.795014
99.879253 0.797784
99.882150 0.800554
99.883324 0.803324
99.883837 0.806094
99.889672 0.808864
99.891889 0.811634
99.893540 0.814404
99.893975 0.817175
99.904835 0.819945
99.911201 0.822715
99.916536 0.825485
99.917716 0.828255
99.917746 0.831025
99.918866 0.833795
99.924326 0.836565
99.924612 0.839335
99.927330 0.842105
99.929887 0.844875
99.933708 0.847645
99.958432 0.850416
99.978155 0.853186
102.421153 0.855956
151.843643 0.858726
159.598374 0.861496
205.154824 0.864266
233.781433 0.867036
323.999310 0.869806
379.040146 0.872576
396.073914 0.875346
453.554821 0.878116
502.530003 0.880886
561.986589 0.883657
577.373505 0.886427
623.877430 0.889197
670.075512 0.891967
674.747705 0.894737
699.578190 0.897507
708.283758 0.900277
713.293743 0.903047
720.327854 0.905817
748.653984 0.908587
836.331940 0.911357
922.387123 0.914127
1339.945221 0.916898
1366.500568 0.919668
1415.665913 0.922438
1506.051159 0.925208
1751.289940 0.927978
1934.661865 0.930748
1968.808556 0.933518
2025.269318 0.936288
2139.050674 0.939058
2348.793411 0.941828
2414.641762 0.944598
2540.018845 0.947368
2585.624123 0.950139
2705.828285 0.952909
2945.270729 0.955679
2977.349854 0.958449
3606.812286 0.961219
3766.447449 0.963989
4436.425018 0.966759
4804.811096 0.969529
5128.702545 0.972299
5626.869583 0.975069
5782.628632 0.977839
5947.065353 0.980609
6574.633789 0.98338
7189.890289 0.98615
10099.741364 0.98892
10104.257965 0.99169
94108.001709 0.99446
695334.033203 0.99723
2087091.406250 1
