0.0767818 0.00277008
0.128331 0.00554017
0.163267 0.00831025
0.168402 0.0110803
0.29095 0.0138504
0.314486 0.0166205
0.379985 0.0193906
0.494399 0.0221607
0.661706 0.0249307
0.691852 0.0277008
0.817534 0.0304709
0.893379 0.033241
0.896886 0.0360111
1.03721 0.0387812
1.07236 0.0415512
1.08637 0.0443213
1.16404 0.0470914
1.33149 0.0498615
1.37214 0.0526316
1.4836 0.0554017
1.69857 0.0581717
1.81888 0.0609418
1.83763 0.0637119
1.87824 0.066482
1.91675 0.0692521
1.98759 0.0720222
2.00037 0.0747922
2.04648 0.0775623
2.0656 0.0803324
2.17126 0.0831025
2.18136 0.0858726
2.20427 0.0886427
2.36997 0.0914127
2.39605 0.0941828
2.43281 0.0969529
2.44202 0.099723
2.45302 0.102493
2.58456 0.105263
2.61085 0.108033
2.64151 0.110803
2.68547 0.113573
2.70092 0.116343
2.79252 0.119114
2.8282 0.121884
2.84995 0.124654
2.85154 0.127424
2.90251 0.130194
2.92235 0.132964
2.94077 0.135734
2.99534 0.138504
3.04429 0.141274
3.09791 0.144044
3.13779 0.146814
3.16789 0.149584
3.23877 0.152355
3.24014 0.155125
3.24055 0.157895
3.30436 0.160665
3.31338 0.163435
3.34852 0.166205
3.35236 0.168975
3.35483 0.171745
3.38284 0.174515
3.40646 0.177285
3.47278 0.180055
3.53261 0.182825
3.56696 0.185596
3.6604 0.188366
3.67688 0.191136
3.7159 0.193906
3.74454 0.196676
3.85816 0.199446
3.8794 0.202216
3.95194 0.204986
3.99388 0.207756
4.12793 0.210526
4.25439 0.213296
4.26318 0.216066
4.27435 0.218837
4.35986 0.221607
4.44149 0.224377
4.46031 0.227147
4.48342 0.229917
4.67367 0.232687
4.71315 0.235457
4.89771 0.238227
4.97326 0.240997
5.10045 0.243767
5.13295 0.246537
5.14717 0.249307
5.21634 0.252078
5.37102 0.254848
5.50132 0.257618
5.57566 0.260388
5.77258 0.263158
6.11608 0.265928
6.27879 0.268698
6.3366 0.271468
6.40624 0.274238
6.43504 0.277008
6.5041 0.279778
6.54694 0.282548
6.68772 0.285319
6.70053 0.288089
6.77496 0.290859
6.90228 0.293629
7.00046 0.296399
7.02433 0.299169
7.10346 0.301939
7.31512 0.304709
7.44592 0.307479
7.45666 0.310249
7.57845 0.313019
7.6875 0.315789
7.73637 0.31856
7.74157 0.32133
7.79799 0.3241
7.9415 0.32687
7.95687 0.32964
8.00078 0.33241
8.02062 0.33518
8.22593 0.33795
8.22625 0.34072
8.25796 0.34349
8.2642 0.34626
8.26638 0.34903
8.65271 0.351801
8.6704 0.354571
8.6976 0.357341
8.73748 0.360111
8.82436 0.362881
8.83322 0.365651
8.88325 0.368421
8.92969 0.371191
8.93684 0.373961
9.01935 0.376731
9.47206 0.379501
9.5 0.382271
9.5364 0.385042
9.58381 0.387812
9.66205 0.390582
9.72782 0.393352
9.79661 0.396122
9.8634 0.398892
10.0882 0.401662
10.1313 0.404432
10.242 0.407202
10.3852 0.409972
10.5677 0.412742
10.5716 0.415512
10.7101 0.418283
10.7366 0.421053
10.9497 0.423823
11.0306 0.426593
11.1118 0.429363
11.4357 0.432133
11.4714 0.434903
11.5563 0.437673
11.7495 0.440443
11.9889 0.443213
12.0797 0.445983
12.1779 0.448753
12.3317 0.451524
12.3839 0.454294
12.7351 0.457064
13.0689 0.459834
13.1985 0.462604
13.2887 0.465374
13.3144 0.468144
13.5345 0.470914
13.5467 0.473684
13.631 0.476454
13.7177 0.479224
13.7414 0.481994
13.8372 0.484765
13.8785 0.487535
13.9048 0.490305
14.1965 0.493075
14.2613 0.495845
14.2969 0.498615
14.3911 0.501385
14.3996 0.504155
14.6382 0.506925
14.647 0.509695
14.8422 0.512465
15.3554 0.515235
15.5141 0.518006
15.6326 0.520776
15.7993 0.523546
16.059 0.526316
16.1613 0.529086
16.3861 0.531856
16.5238 0.534626
16.6159 0.537396
16.8167 0.540166
17.1995 0.542936
17.3028 0.545706
17.5267 0.548476
17.5468 0.551247
17.617 0.554017
17.6613 0.556787
17.7344 0.559557
17.9089 0.562327
17.9149 0.565097
17.9386 0.567867
18.0695 0.570637
18.4777 0.573407
18.9711 0.576177
19.2091 0.578947
19.3047 0.581717
19.3371 0.584488
19.4428 0.587258
19.4952 0.590028
19.978 0.592798
20.4958 0.595568
20.8212 0.598338
20.8894 0.601108
21.0583 0.603878
21.2226 0.606648
21.6937 0.609418
21.7361 0.612188
22.2288 0.614958
22.2449 0.617729
22.4221 0.620499
22.4465 0.623269
22.9368 0.626039
22.9526 0.628809
22.9896 0.631579
23.2753 0.634349
23.8059 0.637119
23.8903 0.639889
23.9283 0.642659
24.3862 0.645429
24.6136 0.648199
24.6728 0.65097
24.9178 0.65374
25.5611 0.65651
25.7074 0.65928
25.9334 0.66205
26.8876 0.66482
27.2551 0.66759
27.5694 0.67036
27.8912 0.67313
28.46 0.6759
28.511 0.67867
28.5636 0.68144
28.984 0.684211
29.8399 0.686981
30.0492 0.689751
30.4571 0.692521
30.4757 0.695291
30.5166 0.698061
31.7172 0.700831
31.8763 0.703601
31.9823 0.706371
32.1128 0.709141
32.1996 0.711911
32.6858 0.714681
32.933 0.717452
32.9354 0.720222
33.1578 0.722992
33.2347 0.725762
33.8025 0.728532
33.8294 0.731302
33.9879 0.734072
34.3465 0.736842
34.4755 0.739612
34.7064 0.742382
34.7355 0.745152
34.7681 0.747922
34.7903 0.750693
35.6396 0.753463
36.8422 0.756233
37.4057 0.759003
38.97 0.761773
39.2409 0.764543
39.5961 0.767313
39.651 0.770083
39.7532 0.772853
41.3124 0.775623
41.6924 0.778393
42.1586 0.781163
42.1984 0.783934
42.972 0.786704
43.5379 0.789474
44.3643 0.792244
44.6099 0.795014
45.7282 0.797784
46.0093 0.800554
49.11 0.803324
51.4243 0.806094
51.9233 0.808864
52.7642 0.811634
53.6042 0.814404
54.8043 0.817175
55.1392 0.819945
56.0747 0.822715
56.5013 0.825485
56.9205 0.828255
56.9623 0.831025
58.1579 0.833795
59.401 0.836565
60.2136 0.839335
60.4591 0.842105
60.5937 0.844875
64.2604 0.847645
66.0893 0.850416
70.5036 0.853186
74.1568 0.855956
77.5314 0.858726
80.8865 0.861496
84.4648 0.864266
85.2635 0.867036
97.0065 0.869806
99.5101 0.872576
102.557 0.875346
105.509 0.878116
106.821 0.880886
109.032 0.883657
112.484 0.886427
125.025 0.889197
128.928 0.891967
138.08 0.894737
151.001 0.897507
151.023 0.900277
151.804 0.903047
153.228 0.905817
160.597 0.908587
173.989 0.911357
174.414 0.914127
182.821 0.916898
187.867 0.919668
195.887 0.922438
201.754 0.925208
204.576 0.927978
205.603 0.930748
223.762 0.933518
232.821 0.936288
233.964 0.939058
241.378 0.941828
263.696 0.944598
275.253 0.947368
291.894 0.950139
294.192 0.952909
307.118 0.955679
317.008 0.958449
318.457 0.961219
350.767 0.963989
379.172 0.966759
392.597 0.969529
417.74 0.972299
533.127 0.975069
541.517 0.977839
567.344 0.980609
595.716 0.98338
627.932 0.98615
670.427 0.98892
812.038 0.99169
1308.09 0.99446
1752.5 0.99723
1939.09 1
