.150 0.00277008
1.750 0.00554017
1.800 0.00831025
2.9187 0.0110803
3.850 0.0138504
4.750 0.0166205
5.7975 0.0193906
6.437 0.0221607
7.0258 0.0249307
7.0808 0.0277008
7.300 0.0304709
8.5138 0.033241
8.6017 0.0360111
9.538 0.0387812
10.38362 0.0415512
12.3975 0.0443213
12.750 0.0470914
12.9563 0.0498615
13.250 0.0526316
13.7775 0.0554017
13.938 0.0581717
14.6388 0.0609418
14.6775 0.0637119
15.2512 0.066482
15.450 0.0692521
15.47475 0.0720222
16.700 0.0747922
16.8617 0.0775623
17.22525 0.0803324
18.863 0.0831025
19.1013 0.0858726
19.2525 0.0886427
19.850 0.0914127
20.025 0.0941828
21.4992 0.0969529
21.8350 0.099723
23.6350 0.102493
24.438 0.105263
24.450 0.108033
24.5775 0.110803
24.64612 0.113573
24.9108 0.116343
27.3525 0.119114
27.5013 0.121884
27.912 0.124654
27.950 0.127424
28.500 0.130194
29.700 0.132964
30.887 0.135734
31.050 0.138504
31.675 0.141274
33.337 0.144044
34.1363 0.146814
34.4558 0.149584
34.725 0.152355
36.2738 0.155125
39.6483 0.157895
41.850 0.160665
44.000 0.163435
46.0650 0.166205
46.875 0.168975
47.2275 0.171745
48.1988 0.174515
48.6433 0.177285
53.6350 0.180055
54.2738 0.182825
56.188 0.185596
61.725 0.188366
63.1575 0.191136
63.750 0.193906
64.625 0.196676
65.188 0.199446
65.575 0.202216
66.450 0.204986
70.6688 0.207756
71.400 0.210526
72.025 0.213296
73.425 0.216066
74.050 0.218837
74.8825 0.221607
80.3363 0.224377
81.575 0.227147
82.8633 0.229917
83.7350 0.232687
85.575 0.235457
89.437 0.238227
91.6675 0.240997
92.425 0.243767
95.6850 0.246537
97.7850 0.249307
98.0350 0.252078
104.8317 0.254848
112.7938 0.257618
113.8938 0.260388
114.8608 0.263158
115.1738 0.265928
115.600 0.268698
115.8288 0.271468
119.1425 0.274238
119.6025 0.277008
120.1638 0.279778
122.0350 0.282548
128.025 0.285319
132.400 0.288089
132.4925 0.290859
133.962 0.293629
135.788 0.296399
137.4150 0.299169
140.613 0.301939
144.800 0.304709
148.712 0.307479
152.6138 0.310249
155.988 0.313019
157.6150 0.315789
160.0725 0.31856
170.850 0.32133
173.687 0.3241
181.300 0.32687
183.5188 0.32964
184.900 0.33241
185.1238 0.33518
186.3313 0.33795
187.9562 0.34072
188.8275 0.34349
192.750 0.34626
193.9275 0.34903
194.2063 0.351801
195.812 0.354571
197.1175 0.357341
197.750 0.360111
199.7683 0.362881
201.687 0.365651
205.1258 0.368421
213.9108 0.371191
215.0350 0.373961
216.1063 0.376731
220.3508 0.379501
225.075 0.382271
228.500 0.385042
228.975 0.387812
235.3325 0.390582
243.9238 0.393352
249.5758 0.396122
259.0612 0.398892
261.3262 0.401662
263.850 0.404432
268.5150 0.407202
274.200 0.409972
275.238 0.412742
277.5525 0.415512
285.950 0.418283
295.7025 0.421053
299.2275 0.423823
310.375 0.426593
311.7933 0.429363
316.9508 0.432133
318.7008 0.434903
324.750 0.437673
324.7925 0.440443
328.0725 0.443213
328.875 0.445983
329.350 0.448753
329.963 0.451524
335.813 0.454294
336.0113 0.457064
347.6575 0.459834
350.8650 0.462604
353.5150 0.465374
355.3308 0.468144
356.438 0.470914
358.400 0.473684
360.1850 0.476454
361.475 0.479224
362.588 0.481994
367.0363 0.484765
367.450 0.487535
369.4575 0.490305
372.2850 0.493075
385.962 0.495845
393.9812 0.498615
397.0438 0.501385
401.2317 0.504155
409.3933 0.506925
432.0437 0.509695
432.0488 0.512465
434.475 0.515235
442.2488 0.518006
449.1108 0.520776
458.063 0.523546
458.6688 0.526316
466.5808 0.529086
472.950 0.531856
473.7638 0.534626
477.138 0.537396
482.2725 0.540166
485.312 0.542936
488.213 0.545706
491.300 0.548476
491.775 0.551247
494.4892 0.554017
506.212 0.556787
517.7983 0.559557
520.275 0.562327
528.0888 0.565097
533.813 0.567867
535.7350 0.570637
537.675 0.573407
546.9525 0.576177
551.9888 0.578947
556.2525 0.581717
567.1150 0.584488
593.175 0.587258
593.7650 0.590028
603.0575 0.592798
611.8725 0.595568
617.400 0.598338
631.5142 0.601108
645.4150 0.603878
653.712 0.606648
655.950 0.609418
658.7775 0.612188
666.5438 0.614958
668.550 0.617729
674.6650 0.620499
678.8738 0.623269
704.2850 0.626039
709.7163 0.628809
723.7063 0.631579
769.4775 0.634349
788.1425 0.637119
790.600 0.639889
792.5775 0.642659
796.8263 0.645429
817.2225 0.648199
822.1238 0.65097
832.3325 0.65374
833.450 0.65651
837.0188 0.65928
840.0675 0.66205
854.1463 0.66482
855.712 0.66759
855.850 0.67036
867.2138 0.67313
883.250 0.6759
889.7150 0.67867
894.7487 0.68144
907.6062 0.684211
914.4563 0.686981
923.3175 0.689751
932.500 0.692521
933.938 0.695291
936.175 0.698061
951.000 0.700831
970.863 0.703601
978.675 0.706371
981.5025 0.709141
990.550 0.711911
998.2262 0.714681
1021.7688 0.717452
1056.9563 0.720222
1059.9863 0.722992
1082.3338 0.725762
1082.3350 0.728532
1094.8267 0.731302
1131.5825 0.734072
1152.025 0.736842
1153.7938 0.739612
1159.4575 0.742382
1194.0075 0.745152
1230.4925 0.747922
1252.425 0.750693
1266.4983 0.753463
1267.3313 0.756233
1282.463 0.759003
1286.8588 0.761773
1293.938 0.764543
1295.850 0.767313
1308.250 0.770083
1313.8425 0.772853
1319.5825 0.775623
1336.3938 0.778393
1337.600 0.781163
1338.0263 0.783934
1341.9488 0.786704
1388.9350 0.789474
1389.1150 0.792244
1418.250 0.795014
1423.550 0.797784
1427.013 0.800554
1431.063 0.803324
1434.938 0.806094
1447.2650 0.808864
1468.5175 0.811634
1485.6325 0.814404
1492.2488 0.817175
1497.838 0.819945
1499.700 0.822715
1513.3613 0.825485
1522.3425 0.828255
1524.4925 0.831025
1537.0663 0.833795
1547.350 0.836565
1548.313 0.839335
1550.8850 0.842105
1556.650 0.844875
1571.413 0.847645
1577.475 0.850416
1578.2650 0.853186
1580.5238 0.855956
1584.850 0.858726
1596.450 0.861496
1615.575 0.864266
1622.9150 0.867036
1625.688 0.869806
1629.4013 0.872576
1638.4675 0.875346
1644.3113 0.878116
1652.0575 0.880886
1657.0138 0.883657
1661.8988 0.886427
1686.8175 0.889197
1688.725 0.891967
1694.150 0.894737
1695.5475 0.897507
1703.225 0.900277
1728.7325 0.903047
1749.875 0.905817
1751.063 0.908587
1751.2388 0.911357
1752.425 0.914127
1780.100 0.916898
1783.4575 0.919668
1790.025 0.922438
1802.325 0.925208
1820.100 0.927978
1821.275 0.930748
1827.250 0.933518
1831.750 0.936288
1835.9925 0.939058
1855.7838 0.941828
1860.5788 0.944598
1875.950 0.947368
1896.9575 0.950139
1902.588 0.952909
1908.3788 0.955679
1910.625 0.958449
1922.1838 0.961219
1929.075 0.963989
1967.275 0.966759
1996.125 0.969529
2131.7513 0.972299
2233.675 0.975069
2445.6675 0.977839
2525.288 0.980609
2543.600 0.98338
2602.238 0.98615
2649.8738 0.98892
2654.6075 0.99169
2804.6675 0.99446
2827.150 0.99723
2880.750 1
