0.00677543 0.00277008
0.0088364 0.00554017
0.0127379 0.00831025
0.0148633 0.0110803
0.0176504 0.0138504
0.0201488 0.0166205
0.0232858 0.0193906
0.0250493 0.0221607
0.0414584 0.0249307
0.0706479 0.0277008
0.104386 0.0304709
0.104612 0.033241
0.105546 0.0360111
0.118218 0.0387812
0.124309 0.0415512
0.125758 0.0443213
0.127591 0.0470914
0.132602 0.0498615
0.163225 0.0526316
0.166424 0.0554017
0.167429 0.0581717
0.173017 0.0609418
0.183354 0.0637119
0.188615 0.066482
0.203319 0.0692521
0.20362 0.0720222
0.210234 0.0747922
0.233184 0.0775623
0.243387 0.0803324
0.247968 0.0831025
0.306291 0.0858726
0.31099 0.0886427
0.326378 0.0914127
0.327049 0.0941828
0.333277 0.0969529
0.341455 0.099723
0.342038 0.102493
0.355604 0.105263
0.396771 0.108033
0.44938 0.110803
0.463989 0.113573
0.470233 0.116343
0.478505 0.119114
0.490152 0.121884
0.528252 0.124654
0.535956 0.127424
0.551066 0.130194
0.555141 0.132964
0.571097 0.135734
0.572717 0.138504
0.598204 0.141274
0.603685 0.144044
0.611898 0.146814
0.613512 0.149584
0.646165 0.152355
0.695311 0.155125
0.862772 0.157895
0.888494 0.160665
0.925454 0.163435
0.943123 0.166205
0.961616 0.168975
0.978419 0.171745
0.997631 0.174515
1.02561 0.177285
1.03416 0.180055
1.04982 0.182825
1.08002 0.185596
1.19326 0.188366
1.27341 0.191136
1.32725 0.193906
1.34659 0.196676
1.37451 0.199446
1.39041 0.202216
1.44479 0.204986
1.47648 0.207756
1.50001 0.210526
1.51077 0.213296
1.58488 0.216066
1.6149 0.218837
1.63305 0.221607
1.68439 0.224377
1.70595 0.227147
1.73561 0.229917
1.79802 0.232687
1.85558 0.235457
1.8763 0.238227
1.93772 0.240997
1.9467 0.243767
1.95863 0.246537
1.97509 0.249307
1.99891 0.252078
2.0657 0.254848
2.13312 0.257618
2.14548 0.260388
2.20795 0.263158
2.24344 0.265928
2.24925 0.268698
2.27378 0.271468
2.27899 0.274238
2.33381 0.277008
2.39033 0.279778
2.42851 0.282548
2.49798 0.285319
2.51922 0.288089
2.52496 0.290859
2.53568 0.293629
2.57872 0.296399
2.58053 0.299169
2.59923 0.301939
2.65477 0.304709
2.68037 0.307479
2.71124 0.310249
2.71359 0.313019
2.77398 0.315789
2.8882 0.31856
2.90702 0.32133
2.91369 0.3241
2.91601 0.32687
2.95089 0.32964
2.99184 0.33241
3.00071 0.33518
3.02602 0.33795
3.05231 0.34072
3.11393 0.34349
3.23789 0.34626
3.24574 0.34903
3.26277 0.351801
3.33141 0.354571
3.45449 0.357341
3.46436 0.360111
3.49326 0.362881
3.56534 0.365651
3.63009 0.368421
3.63322 0.371191
3.68858 0.373961
3.73812 0.376731
3.84735 0.379501
3.88207 0.382271
4.0607 0.385042
4.0864 0.387812
4.21808 0.390582
4.26789 0.393352
4.30401 0.396122
4.30538 0.398892
4.31585 0.401662
4.46648 0.404432
4.52764 0.407202
4.78758 0.409972
4.87561 0.412742
4.88542 0.415512
4.96639 0.418283
5.2848 0.421053
5.35182 0.423823
5.39091 0.426593
5.40541 0.429363
5.40859 0.432133
5.59971 0.434903
5.64259 0.437673
5.67487 0.440443
5.86479 0.443213
5.91801 0.445983
5.99778 0.448753
6.13688 0.451524
6.15344 0.454294
6.15692 0.457064
6.21482 0.459834
6.23615 0.462604
6.26222 0.465374
6.32023 0.468144
6.50192 0.470914
6.51068 0.473684
6.53575 0.476454
6.60162 0.479224
6.60973 0.481994
6.85003 0.484765
6.94189 0.487535
6.95294 0.490305
7.00988 0.493075
7.01863 0.495845
7.04489 0.498615
7.16453 0.501385
7.29203 0.504155
7.34937 0.506925
7.56376 0.509695
7.70562 0.512465
7.88687 0.515235
8.06167 0.518006
8.12809 0.520776
8.17779 0.523546
8.36946 0.526316
8.45867 0.529086
8.73567 0.531856
8.89708 0.534626
8.91103 0.537396
8.9267 0.540166
8.93712 0.542936
8.93756 0.545706
8.9696 0.548476
9.11052 0.551247
9.22324 0.554017
9.41386 0.556787
9.6242 0.559557
9.65806 0.562327
9.95474 0.565097
10.2439 0.567867
10.4149 0.570637
10.9767 0.573407
11.2811 0.576177
11.3069 0.578947
11.5139 0.581717
11.5301 0.584488
11.9672 0.587258
12.2926 0.590028
12.3076 0.592798
12.377 0.595568
12.4034 0.598338
12.586 0.601108
12.6823 0.603878
12.7026 0.606648
12.7375 0.609418
12.9013 0.612188
13.033 0.614958
13.0722 0.617729
13.1556 0.620499
13.4371 0.623269
13.6941 0.626039
14.243 0.628809
14.4918 0.631579
14.5501 0.634349
15.6276 0.637119
15.7729 0.639889
15.8491 0.642659
15.9665 0.645429
16.0154 0.648199
16.1845 0.65097
16.6578 0.65374
16.7777 0.65651
17.2321 0.65928
17.4705 0.66205
18.9193 0.66482
19.0527 0.66759
19.4319 0.67036
19.7806 0.67313
19.997 0.6759
20.2128 0.67867
20.2619 0.68144
20.6907 0.684211
20.7482 0.686981
21.8502 0.689751
22.0404 0.692521
22.5935 0.695291
23.1497 0.698061
23.8623 0.700831
24.1535 0.703601
24.6497 0.706371
25.7752 0.709141
26.4221 0.711911
26.457 0.714681
26.6296 0.717452
26.8705 0.720222
27.4654 0.722992
27.483 0.725762
27.8891 0.728532
27.9768 0.731302
28.4996 0.734072
28.7786 0.736842
29.1177 0.739612
29.7467 0.742382
30.3861 0.745152
30.5991 0.747922
31.1361 0.750693
31.1414 0.753463
31.5354 0.756233
31.5869 0.759003
31.7918 0.761773
32.3526 0.764543
32.6645 0.767313
33.1434 0.770083
33.3789 0.772853
33.4232 0.775623
33.9157 0.778393
33.9282 0.781163
36.1496 0.783934
36.5345 0.786704
36.6251 0.789474
38.7329 0.792244
39.0509 0.795014
39.4234 0.797784
40.5414 0.800554
40.7495 0.803324
41.5261 0.806094
41.7625 0.808864
42.213 0.811634
42.8276 0.814404
42.9499 0.817175
42.9974 0.819945
43.8558 0.822715
44.4704 0.825485
45.8707 0.828255
46.4667 0.831025
48.5234 0.833795
50.153 0.836565
50.739 0.839335
51.7893 0.842105
52.0811 0.844875
53.6949 0.847645
55.5722 0.850416
55.7171 0.853186
55.9706 0.855956
56.0513 0.858726
57.5359 0.861496
57.6672 0.864266
59.4373 0.867036
64.3611 0.869806
64.5642 0.872576
64.8048 0.875346
65.5116 0.878116
65.7989 0.880886
66.336 0.883657
67.7594 0.886427
67.8386 0.889197
68.3322 0.891967
68.6653 0.894737
69.3479 0.897507
71.9758 0.900277
73.8018 0.903047
74.4346 0.905817
75.2435 0.908587
78.6805 0.911357
84.9335 0.914127
86.8055 0.916898
88.8802 0.919668
94.3986 0.922438
94.6069 0.925208
97.0996 0.927978
98.5942 0.930748
102.636 0.933518
104.064 0.936288
104.733 0.939058
108.058 0.941828
108.15 0.944598
109.915 0.947368
110.114 0.950139
111.81 0.952909
120.151 0.955679
120.784 0.958449
121.711 0.961219
122.236 0.963989
133.865 0.966759
137.559 0.969529
143.068 0.972299
144.464 0.975069
145.172 0.977839
145.285 0.980609
147.888 0.98338
151.365 0.98615
159.662 0.98892
197.983 0.99169
208.169 0.99446
222.04 0.99723
228.594 1
