0.047583 0.00277008
0.072899 0.00554017
0.073584 0.00831025
0.089960 0.0110803
0.102964 0.0138504
0.168451 0.0166205
0.185188 0.0193906
0.187586 0.0221607
0.194816 0.0249307
0.202742 0.0277008
0.258600 0.0304709
0.291420 0.033241
0.291460 0.0360111
0.319652 0.0387812
0.329519 0.0415512
0.341461 0.0443213
0.347679 0.0470914
0.357552 0.0498615
0.357956 0.0526316
0.357993 0.0554017
0.364897 0.0581717
0.365732 0.0609418
0.383550 0.0637119
0.386181 0.066482
0.389433 0.0692521
0.418406 0.0720222
0.423425 0.0747922
0.428020 0.0775623
0.428295 0.0803324
0.452329 0.0831025
0.453328 0.0858726
0.459826 0.0886427
0.466043 0.0914127
0.483104 0.0941828
0.493287 0.0969529
0.504770 0.099723
0.520308 0.102493
0.524263 0.105263
0.535425 0.108033
0.548801 0.110803
0.553855 0.113573
0.600275 0.116343
0.633827 0.119114
0.646355 0.121884
0.654894 0.124654
0.657892 0.127424
0.661212 0.130194
0.661863 0.132964
0.679840 0.135734
0.686674 0.138504
0.691675 0.141274
0.702212 0.144044
0.704037 0.146814
0.714102 0.149584
0.722654 0.152355
0.731165 0.155125
0.748825 0.157895
0.750433 0.160665
0.756232 0.163435
0.759781 0.166205
0.780684 0.168975
0.795239 0.171745
0.798386 0.174515
0.805210 0.177285
0.814795 0.180055
0.818098 0.182825
0.829666 0.185596
0.845375 0.188366
0.854167 0.191136
0.854228 0.193906
0.855487 0.196676
0.874416 0.199446
0.882366 0.202216
0.882558 0.204986
0.883752 0.207756
0.884727 0.210526
0.901611 0.213296
0.903511 0.216066
0.903831 0.218837
0.912787 0.221607
0.944873 0.224377
0.952381 0.227147
0.954858 0.229917
0.962066 0.232687
0.974352 0.235457
0.978763 0.238227
0.982848 0.240997
1.003236 0.243767
1.048666 0.246537
1.066498 0.249307
1.081827 0.252078
1.085951 0.254848
1.086382 0.257618
1.117666 0.260388
1.119463 0.263158
1.120911 0.265928
1.141445 0.268698
1.153140 0.271468
1.177681 0.274238
1.196142 0.277008
1.200962 0.279778
1.213024 0.282548
1.230681 0.285319
1.260986 0.288089
1.273654 0.290859
1.298813 0.293629
1.306997 0.296399
1.424417 0.299169
1.507969 0.301939
1.509329 0.304709
1.528048 0.307479
1.535898 0.310249
1.549103 0.313019
1.555724 0.315789
1.556793 0.31856
1.578493 0.32133
1.601383 0.3241
1.605972 0.32687
1.625038 0.32964
1.741371 0.33241
1.744383 0.33518
1.804661 0.33795
1.847300 0.34072
1.898868 0.34349
1.908466 0.34626
1.941864 0.34903
1.972816 0.351801
1.991743 0.354571
2.033665 0.357341
2.035580 0.360111
2.057662 0.362881
2.107582 0.365651
2.142788 0.368421
2.162746 0.371191
2.214565 0.373961
2.224600 0.376731
2.238623 0.379501
2.255476 0.382271
2.287203 0.385042
2.287502 0.387812
2.305264 0.390582
2.319284 0.393352
2.332979 0.396122
2.333649 0.398892
2.384541 0.401662
2.394100 0.404432
2.455696 0.407202
2.476748 0.409972
2.478803 0.412742
2.488998 0.415512
2.516275 0.418283
2.561834 0.421053
2.613134 0.423823
2.634743 0.426593
2.651514 0.429363
2.656029 0.432133
2.781101 0.434903
2.811771 0.437673
2.881207 0.440443
2.886503 0.443213
2.912367 0.445983
2.937846 0.448753
2.966290 0.451524
2.967482 0.454294
2.973900 0.457064
2.999516 0.459834
3.024338 0.462604
3.037169 0.465374
3.057365 0.468144
3.197754 0.470914
3.392700 0.473684
3.418951 0.476454
3.426056 0.479224
3.430004 0.481994
3.491993 0.484765
3.609116 0.487535
3.676588 0.490305
3.794744 0.493075
3.811506 0.495845
3.848185 0.498615
3.882006 0.501385
3.926823 0.504155
4.055000 0.506925
4.106718 0.509695
4.178902 0.512465
4.272147 0.515235
4.563887 0.518006
4.598264 0.520776
4.602386 0.523546
4.714890 0.526316
4.809746 0.529086
4.827616 0.531856
4.838509 0.534626
4.939121 0.537396
4.984798 0.540166
5.084320 0.542936
5.146946 0.545706
5.162994 0.548476
5.571911 0.551247
5.628788 0.554017
5.680477 0.556787
5.761848 0.559557
5.835093 0.562327
5.952732 0.565097
6.003414 0.567867
6.007599 0.570637
6.045528 0.573407
6.179417 0.576177
6.181892 0.578947
6.222816 0.581717
6.493912 0.584488
6.572865 0.587258
6.852634 0.590028
6.922220 0.592798
7.135227 0.595568
7.334154 0.598338
7.346972 0.601108
7.495724 0.603878
7.530046 0.606648
7.543365 0.609418
7.759369 0.612188
8.155523 0.614958
8.277521 0.617729
8.279404 0.620499
8.351948 0.623269
8.426611 0.626039
8.446281 0.628809
8.507904 0.631579
8.515707 0.634349
8.606354 0.637119
8.675079 0.639889
8.788733 0.642659
8.892002 0.645429
8.916243 0.648199
9.057190 0.65097
9.142567 0.65374
9.240595 0.65651
9.411896 0.65928
9.890715 0.66205
9.924141 0.66482
9.964912 0.66759
10.233185 0.67036
10.249731 0.67313
10.391148 0.6759
10.643291 0.67867
10.646097 0.68144
11.020748 0.684211
11.111923 0.686981
11.119507 0.689751
11.207491 0.692521
11.428694 0.695291
11.434631 0.698061
11.494034 0.700831
11.852985 0.703601
11.999054 0.706371
12.056816 0.709141
12.647404 0.711911
13.064545 0.714681
13.097488 0.717452
13.321445 0.720222
13.356638 0.722992
13.767618 0.725762
14.368217 0.728532
14.645050 0.731302
14.794350 0.734072
14.877768 0.736842
14.961061 0.739612
15.208466 0.742382
15.407822 0.745152
15.654402 0.747922
16.075552 0.750693
16.087975 0.753463
16.350006 0.756233
16.503948 0.759003
16.597584 0.761773
17.003880 0.764543
17.555532 0.767313
18.005424 0.770083
18.052891 0.772853
18.313572 0.775623
18.422966 0.778393
18.836334 0.781163
18.857082 0.783934
19.380978 0.786704
19.814240 0.789474
20.710888 0.792244
21.408005 0.795014
22.582603 0.797784
22.734770 0.800554
22.816608 0.803324
22.979298 0.806094
23.469463 0.808864
24.032089 0.811634
24.783823 0.814404
25.456459 0.817175
25.553680 0.819945
25.662401 0.822715
26.261658 0.825485
26.331802 0.828255
26.333763 0.831025
26.656677 0.833795
29.937050 0.836565
30.481743 0.839335
32.396248 0.842105
34.616486 0.844875
36.640289 0.847645
38.912064 0.850416
42.400543 0.853186
43.006981 0.855956
45.822777 0.858726
45.934803 0.861496
46.563709 0.864266
46.932693 0.867036
47.204292 0.869806
49.049210 0.872576
54.983009 0.875346
57.082458 0.878116
58.868370 0.880886
62.942596 0.883657
64.504013 0.886427
65.572083 0.889197
66.638565 0.891967
67.959137 0.894737
68.185432 0.897507
68.238770 0.900277
68.939796 0.903047
69.446655 0.905817
69.825127 0.908587
74.621750 0.911357
77.487236 0.914127
80.470680 0.916898
81.289902 0.919668
81.853851 0.922438
85.449066 0.925208
93.243843 0.927978
102.428970 0.930748
109.838409 0.933518
122.202400 0.936288
122.432587 0.939058
131.091248 0.941828
135.186646 0.944598
145.560013 0.947368
147.090424 0.950139
150.785355 0.952909
165.109665 0.955679
183.384705 0.958449
188.365875 0.961219
193.294281 0.963989
201.872620 0.966759
206.267624 0.969529
216.350800 0.972299
221.817947 0.975069
260.003571 0.977839
270.161438 0.980609
288.582275 0.98338
301.210449 0.98615
309.613556 0.98892
314.900757 0.99169
330.707306 0.99446
371.534454 0.99723
406.387634 1
