0.258955 0.00277008
0.378057 0.00554017
0.610057 0.00831025
0.640807 0.0110803
0.770346 0.0138504
0.771103 0.0166205
0.865768 0.0193906
1.132897 0.0221607
1.232711 0.0249307
2.125099 0.0277008
2.820305 0.0304709
2.919363 0.033241
3.024369 0.0360111
3.206069 0.0387812
3.207739 0.0415512
3.318290 0.0443213
4.090980 0.0470914
4.769102 0.0498615
4.891032 0.0526316
4.929158 0.0554017
5.312270 0.0581717
5.545099 0.0609418
5.764775 0.0637119
5.905465 0.066482
5.943237 0.0692521
6.142256 0.0720222
6.156861 0.0747922
6.177951 0.0775623
6.664139 0.0803324
6.710871 0.0831025
6.816208 0.0858726
6.888562 0.0886427
7.176783 0.0914127
7.205664 0.0941828
7.409900 0.0969529
7.697247 0.099723
7.703476 0.102493
8.420684 0.105263
8.600083 0.108033
8.903261 0.110803
9.197093 0.113573
9.529649 0.116343
9.760483 0.119114
9.827825 0.121884
9.984396 0.124654
10.070176 0.127424
10.078350 0.130194
10.194689 0.132964
10.293444 0.135734
10.405240 0.138504
10.487919 0.141274
10.780177 0.144044
10.895800 0.146814
10.961480 0.149584
11.381885 0.152355
11.556605 0.155125
11.848193 0.157895
11.966690 0.160665
12.120425 0.163435
12.166760 0.166205
12.199095 0.168975
12.307626 0.171745
12.327784 0.174515
12.352615 0.177285
12.509713 0.180055
12.801640 0.182825
12.836713 0.185596
12.849732 0.188366
13.103075 0.191136
13.106059 0.193906
13.140360 0.196676
13.301255 0.199446
13.440634 0.202216
13.458255 0.204986
13.476364 0.207756
13.725297 0.210526
13.777068 0.213296
13.839139 0.216066
13.982266 0.218837
14.002220 0.221607
14.268810 0.224377
14.611502 0.227147
14.619744 0.229917
14.810102 0.232687
15.189195 0.235457
15.270080 0.238227
15.659544 0.240997
15.701923 0.243767
16.151606 0.246537
16.165484 0.249307
16.407882 0.252078
16.447517 0.254848
16.587968 0.257618
16.635604 0.260388
17.221890 0.263158
17.230541 0.265928
17.278951 0.268698
17.651102 0.271468
17.976411 0.274238
18.348044 0.277008
18.387887 0.279778
18.566076 0.282548
18.860205 0.285319
19.012934 0.288089
19.768092 0.290859
19.841932 0.293629
20.266066 0.296399
20.620751 0.299169
20.822814 0.301939
21.196051 0.304709
21.268043 0.307479
21.590398 0.310249
21.916509 0.313019
22.268873 0.315789
22.849452 0.31856
23.039235 0.32133
23.089616 0.3241
23.107974 0.32687
23.437698 0.32964
23.585457 0.33241
23.714705 0.33518
23.722705 0.33795
23.757794 0.34072
23.915797 0.34349
24.533822 0.34626
25.178471 0.34903
25.230816 0.351801
25.478968 0.354571
26.093119 0.357341
26.359260 0.360111
26.404580 0.362881
26.614562 0.365651
27.857366 0.368421
29.272828 0.371191
29.470062 0.373961
29.551548 0.376731
29.932475 0.379501
29.971629 0.382271
30.326167 0.385042
30.870751 0.387812
31.091732 0.390582
31.112230 0.393352
31.274471 0.396122
31.361225 0.398892
31.409472 0.401662
32.160544 0.404432
32.178655 0.407202
32.495973 0.409972
34.283879 0.412742
34.313068 0.415512
34.927449 0.418283
35.139811 0.421053
35.364661 0.423823
35.386652 0.426593
35.488406 0.429363
35.909438 0.432133
36.165461 0.434903
36.389288 0.437673
36.600107 0.440443
37.113523 0.443213
37.383905 0.445983
37.641099 0.448753
38.096961 0.451524
38.236552 0.454294
39.376739 0.457064
39.627486 0.459834
39.630654 0.462604
39.945802 0.465374
40.184548 0.468144
40.341100 0.470914
40.544304 0.473684
40.842858 0.476454
40.876031 0.479224
42.006561 0.481994
42.269793 0.484765
42.313892 0.487535
42.860949 0.490305
42.861462 0.493075
44.838256 0.495845
44.842249 0.498615
46.484908 0.501385
46.625587 0.504155
46.710542 0.506925
46.813536 0.509695
46.950734 0.512465
47.058380 0.515235
47.165802 0.518006
47.194448 0.520776
47.211927 0.523546
47.969222 0.526316
48.040038 0.529086
48.993722 0.531856
49.305436 0.534626
50.665331 0.537396
50.774091 0.540166
50.893039 0.542936
51.251334 0.545706
51.358747 0.548476
51.472443 0.551247
53.471166 0.554017
53.504914 0.556787
53.823864 0.559557
53.928065 0.562327
54.471737 0.565097
54.884207 0.567867
56.431812 0.570637
56.857061 0.573407
57.095516 0.576177
57.145530 0.578947
58.999795 0.581717
59.026390 0.584488
59.525895 0.587258
59.819943 0.590028
59.954631 0.592798
60.039943 0.595568
60.748947 0.598338
61.121577 0.601108
61.434591 0.603878
62.175518 0.606648
63.531637 0.609418
64.034593 0.612188
65.514463 0.614958
67.289615 0.617729
68.500078 0.620499
69.943911 0.623269
70.402569 0.626039
71.646047 0.628809
74.142402 0.631579
74.332839 0.634349
74.383563 0.637119
74.400514 0.639889
74.455392 0.642659
75.003791 0.645429
76.039362 0.648199
76.306403 0.65097
76.322740 0.65374
77.423382 0.65651
78.017241 0.65928
78.158545 0.66205
78.367329 0.66482
80.166137 0.66759
80.984747 0.67036
82.052225 0.67313
82.520950 0.6759
82.570648 0.67867
83.929497 0.68144
84.016520 0.684211
84.291130 0.686981
85.491633 0.689751
85.567051 0.692521
85.571355 0.695291
85.577863 0.698061
85.764295 0.700831
86.456764 0.703601
87.422293 0.706371
88.340837 0.709141
88.358778 0.711911
88.634872 0.714681
88.725400 0.717452
89.498305 0.720222
90.857935 0.722992
91.215885 0.725762
91.337794 0.728532
91.546017 0.731302
91.667283 0.734072
91.756719 0.736842
92.300391 0.739612
92.343068 0.742382
92.489141 0.745152
92.786574 0.747922
93.110222 0.750693
93.253154 0.753463
93.359470 0.756233
93.779641 0.759003
94.110161 0.761773
94.115847 0.764543
94.142908 0.767313
94.468009 0.770083
94.535601 0.772853
94.600564 0.775623
94.947386 0.778393
95.041239 0.781163
95.922875 0.783934
96.044701 0.786704
96.104729 0.789474
96.130735 0.792244
96.705973 0.795014
96.771187 0.797784
96.854335 0.800554
97.293496 0.803324
97.466516 0.806094
97.830445 0.808864
99.341410 0.811634
99.849981 0.814404
101.391399 0.817175
101.773608 0.819945
103.348076 0.822715
103.378737 0.825485
103.418922 0.828255
104.166520 0.831025
107.699060 0.833795
110.093749 0.836565
112.798977 0.839335
116.858208 0.842105
119.244993 0.844875
122.931015 0.847645
123.625410 0.850416
125.908828 0.853186
128.306293 0.855956
129.795170 0.858726
138.125873 0.861496
160.162997 0.864266
167.105997 0.867036
169.992638 0.869806
201.586103 0.872576
213.099170 0.875346
223.430610 0.878116
225.593162 0.880886
228.280187 0.883657
228.710079 0.886427
230.221319 0.889197
275.517893 0.891967
334.844971 0.894737
378.212547 0.897507
380.401587 0.900277
386.127186 0.903047
412.989378 0.905817
427.131748 0.908587
447.556734 0.911357
454.091454 0.914127
470.065737 0.916898
478.606987 0.919668
561.388779 0.922438
630.253124 0.925208
695.841455 0.927978
745.063019 0.930748
772.373199 0.933518
792.173862 0.936288
1067.267990 0.939058
1072.372150 0.941828
1236.565495 0.944598
1287.987423 0.947368
1439.354610 0.950139
1485.523129 0.952909
1648.787117 0.955679
1834.935188 0.958449
2674.695778 0.961219
6199.996185 0.963989
7096.794891 0.966759
11669.419861 0.969529
11821.264648 0.972299
31440.017700 0.975069
32568.008423 0.977839
41385.958862 0.980609
45151.516724 0.98338
51070.941162 0.98615
65539.898682 0.98892
113944.299316 0.99169
118613.024902 0.99446
140574.926758 0.99723
255959.179688 1
