0.000283 0.00277008
0.000430 0.00554017
0.000538 0.00831025
0.000966 0.0110803
0.001137 0.0138504
0.001185 0.0166205
0.001558 0.0193906
0.001585 0.0221607
0.002290 0.0249307
0.002337 0.0277008
0.002992 0.0304709
0.003363 0.033241
0.003376 0.0360111
0.003968 0.0387812
0.004358 0.0415512
0.004482 0.0443213
0.004539 0.0470914
0.004966 0.0498615
0.005265 0.0526316
0.005501 0.0554017
0.006384 0.0581717
0.006763 0.0609418
0.007325 0.0637119
0.007760 0.066482
0.007805 0.0692521
0.007938 0.0720222
0.008293 0.0747922
0.009141 0.0775623
0.009202 0.0803324
0.009291 0.0831025
0.009366 0.0858726
0.009541 0.0886427
0.010194 0.0914127
0.010278 0.0941828
0.011701 0.0969529
0.011756 0.099723
0.011953 0.102493
0.012083 0.105263
0.012223 0.108033
0.012536 0.110803
0.013718 0.113573
0.014479 0.116343
0.014588 0.119114
0.015186 0.121884
0.015548 0.124654
0.016219 0.127424
0.016968 0.130194
0.017211 0.132964
0.018048 0.135734
0.018605 0.138504
0.018642 0.141274
0.018945 0.144044
0.019609 0.146814
0.019619 0.149584
0.019986 0.152355
0.020073 0.155125
0.020241 0.157895
0.020595 0.160665
0.021047 0.163435
0.021219 0.166205
0.021456 0.168975
0.021898 0.171745
0.022723 0.174515
0.022816 0.177285
0.023223 0.180055
0.023319 0.182825
0.023887 0.185596
0.024227 0.188366
0.024705 0.191136
0.024958 0.193906
0.025140 0.196676
0.025277 0.199446
0.025362 0.202216
0.025943 0.204986
0.026093 0.207756
0.026941 0.210526
0.026997 0.213296
0.027166 0.216066
0.027682 0.218837
0.027739 0.221607
0.027750 0.224377
0.028327 0.227147
0.029366 0.229917
0.030336 0.232687
0.030896 0.235457
0.031930 0.238227
0.032039 0.240997
0.032093 0.243767
0.032358 0.246537
0.032394 0.249307
0.032818 0.252078
0.033242 0.254848
0.034526 0.257618
0.034634 0.260388
0.034768 0.263158
0.035217 0.265928
0.036345 0.268698
0.036926 0.271468
0.037746 0.274238
0.038021 0.277008
0.041431 0.279778
0.041683 0.282548
0.042558 0.285319
0.042864 0.288089
0.044263 0.290859
0.044430 0.293629
0.044485 0.296399
0.044486 0.299169
0.044850 0.301939
0.044933 0.304709
0.045601 0.307479
0.046340 0.310249
0.047508 0.313019
0.047786 0.315789
0.047928 0.31856
0.048420 0.32133
0.049202 0.3241
0.050084 0.32687
0.050216 0.32964
0.050764 0.33241
0.051195 0.33518
0.051222 0.33795
0.053425 0.34072
0.053537 0.34349
0.054113 0.34626
0.054134 0.34903
0.056026 0.351801
0.056256 0.354571
0.056491 0.357341
0.057009 0.360111
0.058239 0.362881
0.059771 0.365651
0.060459 0.368421
0.060648 0.371191
0.060779 0.373961
0.060885 0.376731
0.061291 0.379501
0.062192 0.382271
0.062728 0.385042
0.062770 0.387812
0.063856 0.390582
0.064199 0.393352
0.064995 0.396122
0.067485 0.398892
0.067970 0.401662
0.068267 0.404432
0.068615 0.407202
0.068764 0.409972
0.069391 0.412742
0.069528 0.415512
0.070552 0.418283
0.070789 0.421053
0.070989 0.423823
0.073301 0.426593
0.074007 0.429363
0.075034 0.432133
0.076203 0.434903
0.077709 0.437673
0.077939 0.440443
0.078231 0.443213
0.078746 0.445983
0.078962 0.448753
0.079866 0.451524
0.079987 0.454294
0.080760 0.457064
0.081846 0.459834
0.082211 0.462604
0.082299 0.465374
0.082628 0.468144
0.087320 0.470914
0.087721 0.473684
0.091794 0.476454
0.091803 0.479224
0.092334 0.481994
0.094204 0.484765
0.097156 0.487535
0.097498 0.490305
0.100725 0.493075
0.100799 0.495845
0.104055 0.498615
0.104971 0.501385
0.106580 0.504155
0.108097 0.506925
0.108105 0.509695
0.110428 0.512465
0.112941 0.515235
0.113538 0.518006
0.114688 0.520776
0.116866 0.523546
0.117742 0.526316
0.121538 0.529086
0.123187 0.531856
0.123863 0.534626
0.125352 0.537396
0.128188 0.540166
0.129003 0.542936
0.134999 0.545706
0.135708 0.548476
0.136139 0.551247
0.138261 0.554017
0.140175 0.556787
0.140482 0.559557
0.141764 0.562327
0.143050 0.565097
0.143771 0.567867
0.144196 0.570637
0.144206 0.573407
0.144669 0.576177
0.146587 0.578947
0.148745 0.581717
0.150770 0.584488
0.150910 0.587258
0.152505 0.590028
0.154558 0.592798
0.159451 0.595568
0.161127 0.598338
0.161621 0.601108
0.162618 0.603878
0.162640 0.606648
0.167446 0.609418
0.176047 0.612188
0.182256 0.614958
0.185908 0.617729
0.191308 0.620499
0.192017 0.623269
0.195927 0.626039
0.198868 0.628809
0.202708 0.631579
0.203571 0.634349
0.205627 0.637119
0.208378 0.639889
0.209047 0.642659
0.210849 0.645429
0.213095 0.648199
0.217098 0.65097
0.220591 0.65374
0.223607 0.65651
0.234079 0.65928
0.240818 0.66205
0.242062 0.66482
0.242673 0.66759
0.244773 0.67036
0.247714 0.67313
0.263409 0.6759
0.270705 0.67867
0.273034 0.68144
0.274801 0.684211
0.275721 0.686981
0.276754 0.689751
0.281209 0.692521
0.291261 0.695291
0.294808 0.698061
0.295239 0.700831
0.302117 0.703601
0.302792 0.706371
0.305862 0.709141
0.308424 0.711911
0.314763 0.714681
0.324432 0.717452
0.325466 0.720222
0.327066 0.722992
0.328979 0.725762
0.332980 0.728532
0.333980 0.731302
0.336859 0.734072
0.338037 0.736842
0.361732 0.739612
0.365022 0.742382
0.367894 0.745152
0.373024 0.747922
0.378354 0.750693
0.380798 0.753463
0.398309 0.756233
0.399723 0.759003
0.402283 0.761773
0.407630 0.764543
0.422915 0.767313
0.442410 0.770083
0.444202 0.772853
0.488826 0.775623
0.495104 0.778393
0.542937 0.781163
0.584220 0.783934
0.607388 0.786704
0.637406 0.789474
0.645518 0.792244
0.649023 0.795014
0.649784 0.797784
0.653375 0.800554
0.658804 0.803324
0.669210 0.806094
0.676935 0.808864
0.686985 0.811634
0.691992 0.814404
0.712080 0.817175
0.765572 0.819945
0.774374 0.822715
0.790366 0.825485
0.800522 0.828255
0.813009 0.831025
0.813926 0.833795
0.828970 0.836565
0.839525 0.839335
0.882884 0.842105
0.952703 0.844875
0.964340 0.847645
1.028635 0.850416
1.047174 0.853186
1.071513 0.855956
1.123663 0.858726
1.132186 0.861496
1.253030 0.864266
1.261729 0.867036
1.317155 0.869806
1.395521 0.872576
1.408385 0.875346
1.567070 0.878116
1.617578 0.880886
1.680052 0.883657
1.696274 0.886427
1.734935 0.889197
1.755899 0.891967
1.768069 0.894737
1.847363 0.897507
1.936785 0.900277
1.942147 0.903047
2.375221 0.905817
2.375927 0.908587
2.605601 0.911357
2.691399 0.914127
2.766041 0.916898
2.792684 0.919668
2.810117 0.922438
2.877575 0.925208
3.067651 0.927978
4.167187 0.930748
4.173410 0.933518
4.352853 0.936288
4.409658 0.939058
4.412786 0.941828
4.437836 0.944598
5.100630 0.947368
5.695878 0.950139
6.071086 0.952909
6.631437 0.955679
7.259659 0.958449
7.325039 0.961219
7.341454 0.963989
7.604425 0.966759
7.726103 0.969529
7.800125 0.972299
9.003807 0.975069
11.220637 0.977839
15.540288 0.980609
16.415237 0.98338
20.331440 0.98615
23.460180 0.98892
23.491232 0.99169
24.456541 0.99446
36.212791 0.99723
53.014313 1
