0.011488 0.00277008
0.144801 0.00554017
0.207219 0.00831025
0.211762 0.0110803
0.220465 0.0138504
0.231739 0.0166205
0.244371 0.0193906
0.346481 0.0221607
0.387047 0.0249307
0.399761 0.0277008
0.542541 0.0304709
0.562147 0.033241
0.592680 0.0360111
0.623340 0.0387812
0.639819 0.0415512
0.682648 0.0443213
0.715591 0.0470914
0.727256 0.0498615
0.755553 0.0526316
0.769954 0.0554017
0.798613 0.0581717
0.854095 0.0609418
0.871415 0.0637119
0.964441 0.066482
1.026388 0.0692521
1.139957 0.0720222
1.144031 0.0747922
1.161360 0.0775623
1.175466 0.0803324
1.247672 0.0831025
1.254978 0.0858726
1.325033 0.0886427
1.359589 0.0914127
1.407005 0.0941828
1.480285 0.0969529
1.503925 0.099723
1.524137 0.102493
1.530310 0.105263
1.550096 0.108033
1.604726 0.110803
1.733990 0.113573
1.739453 0.116343
1.744759 0.119114
1.765380 0.121884
1.774838 0.124654
1.826722 0.127424
1.843381 0.130194
1.873487 0.132964
1.890023 0.135734
1.902363 0.138504
1.941594 0.141274
2.005266 0.144044
2.031709 0.146814
2.061419 0.149584
2.083671 0.152355
2.238593 0.155125
2.264798 0.157895
2.302528 0.160665
2.304001 0.163435
2.304529 0.166205
2.319658 0.168975
2.371586 0.171745
2.374486 0.174515
2.377416 0.177285
2.439733 0.180055
2.462776 0.182825
2.559974 0.185596
2.561029 0.188366
2.588209 0.191136
2.597830 0.193906
2.793231 0.196676
2.801782 0.199446
2.804550 0.202216
2.810340 0.204986
2.833160 0.207756
2.872401 0.210526
2.978076 0.213296
2.988899 0.216066
3.034196 0.218837
3.148637 0.221607
3.163541 0.224377
3.271969 0.227147
3.277119 0.229917
3.320981 0.232687
3.364125 0.235457
3.407729 0.238227
3.435454 0.240997
3.499258 0.243767
3.522006 0.246537
3.527943 0.249307
3.541045 0.252078
3.545090 0.254848
3.572536 0.257618
3.611344 0.260388
3.656370 0.263158
3.658150 0.265928
3.663882 0.268698
3.696415 0.271468
3.800341 0.274238
3.825392 0.277008
3.989532 0.279778
3.991453 0.282548
3.999348 0.285319
4.007062 0.288089
4.011191 0.290859
4.031517 0.293629
4.093380 0.296399
4.275788 0.299169
4.390712 0.301939
4.422941 0.304709
4.429181 0.307479
4.451216 0.310249
4.488371 0.313019
4.542522 0.315789
4.586811 0.31856
4.666987 0.32133
4.765791 0.3241
4.787051 0.32687
4.824115 0.32964
4.833750 0.33241
5.018965 0.33518
5.364947 0.33795
5.481844 0.34072
5.511736 0.34349
5.614450 0.34626
5.726103 0.34903
5.745431 0.351801
5.816428 0.354571
5.918461 0.357341
5.961745 0.360111
6.013993 0.362881
6.015596 0.365651
6.036087 0.368421
6.135590 0.371191
6.193198 0.373961
6.272876 0.376731
6.354936 0.379501
6.365196 0.382271
6.491082 0.385042
6.702099 0.387812
6.705873 0.390582
6.715271 0.393352
6.902777 0.396122
6.909880 0.398892
7.135686 0.401662
7.189441 0.404432
7.259011 0.407202
7.337378 0.409972
7.396401 0.412742
7.462201 0.415512
7.556390 0.418283
7.691897 0.421053
7.843605 0.423823
7.863820 0.426593
7.994533 0.429363
8.041897 0.432133
8.082368 0.434903
8.175174 0.437673
8.197922 0.440443
8.209954 0.443213
8.257581 0.445983
8.263050 0.448753
8.286183 0.451524
8.327898 0.454294
8.406243 0.457064
8.627427 0.459834
8.743615 0.462604
8.759995 0.465374
8.792720 0.468144
8.803380 0.470914
8.952472 0.473684
8.965881 0.476454
9.014151 0.479224
9.019380 0.481994
9.054939 0.484765
9.105474 0.487535
9.106647 0.490305
9.135177 0.493075
9.136399 0.495845
9.142324 0.498615
9.145253 0.501385
9.237056 0.504155
9.271272 0.506925
9.282309 0.509695
9.306683 0.512465
9.355099 0.515235
9.367703 0.518006
9.376921 0.520776
9.396707 0.523546
9.551624 0.526316
9.641869 0.529086
9.662497 0.531856
9.689538 0.534626
9.814744 0.537396
9.917637 0.540166
9.928286 0.542936
10.131960 0.545706
10.167518 0.548476
10.277628 0.551247
10.314989 0.554017
10.348982 0.556787
10.494228 0.559557
10.502975 0.562327
10.619310 0.565097
10.647224 0.567867
10.762334 0.570637
10.781486 0.573407
10.800516 0.576177
10.885141 0.578947
10.948303 0.581717
11.122079 0.584488
11.188392 0.587258
11.231848 0.590028
11.618015 0.592798
11.811200 0.595568
11.915617 0.598338
11.959489 0.601108
11.984920 0.603878
12.000836 0.606648
12.009430 0.609418
12.185990 0.612188
12.206764 0.614958
12.399475 0.617729
12.575677 0.620499
12.621155 0.623269
12.699291 0.626039
12.879436 0.628809
12.909611 0.631579
13.139622 0.634349
13.173133 0.637119
13.212532 0.639889
13.258561 0.642659
13.327341 0.645429
13.333386 0.648199
13.351071 0.65097
13.371897 0.65374
13.445584 0.65651
13.570483 0.65928
13.600671 0.66205
13.641313 0.66482
13.658784 0.66759
13.676007 0.67036
13.712890 0.67313
13.848388 0.6759
13.949144 0.67867
13.949406 0.68144
13.973846 0.684211
14.011194 0.686981
14.033762 0.689751
14.059226 0.692521
14.176330 0.695291
14.231111 0.698061
14.315309 0.700831
14.352734 0.703601
14.408387 0.706371
14.556897 0.709141
14.640161 0.711911
14.727049 0.714681
15.213735 0.717452
15.303592 0.720222
15.368342 0.722992
15.372704 0.725762
15.416190 0.728532
15.704437 0.731302
15.724862 0.734072
16.413389 0.736842
16.527706 0.739612
16.791375 0.742382
16.856107 0.745152
16.945946 0.747922
17.097124 0.750693
17.190090 0.753463
17.543609 0.756233
18.191509 0.759003
18.436415 0.761773
18.584256 0.764543
18.778767 0.767313
18.905467 0.770083
19.064559 0.772853
19.219001 0.775623
19.327506 0.778393
19.671707 0.781163
19.673999 0.783934
19.822165 0.786704
20.060398 0.789474
20.098071 0.792244
20.109649 0.795014
20.173249 0.797784
20.291477 0.800554
20.299731 0.803324
20.372604 0.806094
20.487176 0.808864
20.542145 0.811634
20.624876 0.814404
20.794642 0.817175
21.039002 0.819945
21.171401 0.822715
21.420194 0.825485
21.773659 0.828255
22.292306 0.831025
22.318393 0.833795
22.583713 0.836565
22.628875 0.839335
22.896187 0.842105
24.015343 0.844875
24.073686 0.847645
24.124318 0.850416
24.361648 0.853186
24.709266 0.855956
25.303438 0.858726
25.940368 0.861496
26.050338 0.864266
26.419854 0.867036
26.530445 0.869806
27.252287 0.872576
27.282080 0.875346
27.391618 0.878116
27.522975 0.880886
27.876103 0.883657
28.002179 0.886427
28.773180 0.889197
29.365295 0.891967
29.609022 0.894737
29.983130 0.897507
30.667347 0.900277
30.990735 0.903047
32.008243 0.905817
32.117805 0.908587
32.385892 0.911357
32.561353 0.914127
32.600209 0.916898
32.718733 0.919668
32.788667 0.922438
33.451897 0.925208
34.428543 0.927978
34.458092 0.930748
34.475780 0.933518
34.894493 0.936288
34.991926 0.939058
35.455483 0.941828
35.875341 0.944598
36.005268 0.947368
36.201474 0.950139
36.871028 0.952909
38.122657 0.955679
39.591891 0.958449
40.084100 0.961219
40.779856 0.963989
42.247093 0.966759
42.528284 0.969529
43.939340 0.972299
48.604682 0.975069
61.364150 0.977839
64.104635 0.980609
120.413637 0.98338
121.691024 0.98615
134.140491 0.98892
144.406223 0.99169
150.231981 0.99446
150.941133 0.99723
176.846468 1
