0.187622 0.00277008
1.696350 0.00554017
2.354736 0.00831025
2.456787 0.0110803
2.557373 0.0138504
2.870361 0.0166205
3.313965 0.0193906
4.144043 0.0221607
4.281128 0.0249307
5.383057 0.0277008
6.044067 0.0304709
7.089722 0.033241
7.321045 0.0360111
8.529419 0.0387812
9.571289 0.0415512
9.942139 0.0443213
10.400513 0.0470914
10.703857 0.0498615
10.800415 0.0526316
11.061157 0.0554017
11.090454 0.0581717
12.956787 0.0609418
14.085815 0.0637119
14.430054 0.066482
14.526550 0.0692521
14.596191 0.0720222
14.828979 0.0747922
15.461548 0.0775623
16.044128 0.0803324
16.157349 0.0831025
17.515381 0.0858726
17.998413 0.0886427
18.265503 0.0914127
19.402344 0.0941828
19.989136 0.0969529
20.161621 0.099723
20.365234 0.102493
20.425049 0.105263
21.890991 0.108033
22.052002 0.110803
22.661255 0.113573
24.104248 0.116343
24.136719 0.119114
24.470581 0.121884
24.512451 0.124654
24.579224 0.127424
25.139526 0.130194
25.218262 0.132964
25.315308 0.135734
25.994995 0.138504
26.265137 0.141274
26.631836 0.144044
28.015259 0.146814
28.285645 0.149584
28.728638 0.152355
29.028809 0.155125
29.622681 0.157895
29.824219 0.160665
30.048340 0.163435
31.514160 0.166205
32.392944 0.168975
32.407715 0.171745
33.949097 0.174515
34.403564 0.177285
34.451172 0.180055
35.419556 0.182825
35.919312 0.185596
37.041382 0.188366
37.072021 0.191136
37.853638 0.193906
37.941284 0.196676
38.088867 0.199446
39.393066 0.202216
39.417236 0.204986
39.630615 0.207756
39.821777 0.210526
39.947510 0.213296
40.274658 0.216066
40.942871 0.218837
41.137695 0.221607
41.226379 0.224377
42.342773 0.227147
42.388672 0.229917
43.026367 0.232687
43.194946 0.235457
43.554199 0.238227
43.745605 0.240997
43.897949 0.243767
44.504639 0.246537
46.497314 0.249307
46.658081 0.252078
46.691528 0.254848
47.617188 0.257618
48.369751 0.260388
49.502319 0.263158
52.176636 0.265928
52.716675 0.268698
52.978638 0.271468
53.700928 0.274238
53.930420 0.277008
55.595337 0.279778
57.060181 0.282548
57.286621 0.285319
58.050903 0.288089
59.147217 0.290859
59.150085 0.293629
60.913818 0.296399
63.129150 0.299169
63.278809 0.301939
64.367676 0.304709
65.788696 0.307479
65.821899 0.310249
66.610718 0.313019
66.817871 0.315789
67.109619 0.31856
69.250183 0.32133
69.908691 0.3241
70.941162 0.32687
72.350342 0.32964
72.727783 0.33241
73.786438 0.33518
74.220215 0.33795
74.505127 0.34072
74.615234 0.34349
74.779541 0.34626
75.571411 0.34903
76.676453 0.351801
77.219849 0.354571
79.278687 0.357341
81.708862 0.360111
82.296509 0.362881
82.372925 0.365651
82.801758 0.368421
84.500366 0.371191
85.194885 0.373961
85.366638 0.376731
85.837036 0.379501
85.902100 0.382271
86.262451 0.385042
86.404297 0.387812
87.430481 0.390582
87.651855 0.393352
89.912842 0.396122
91.556824 0.398892
91.946899 0.401662
91.947754 0.404432
92.435791 0.407202
92.569336 0.409972
94.809204 0.412742
95.175293 0.415512
96.457153 0.418283
97.659790 0.421053
97.734802 0.423823
97.966797 0.426593
98.561768 0.429363
99.300293 0.432133
100.614075 0.434903
101.285767 0.437673
101.469360 0.440443
101.902588 0.443213
101.984619 0.445983
102.400574 0.448753
102.519897 0.451524
103.434265 0.454294
103.524292 0.457064
103.561890 0.459834
104.027222 0.462604
104.073242 0.465374
104.792847 0.468144
105.435913 0.470914
105.738098 0.473684
105.954224 0.476454
106.475220 0.479224
107.317993 0.481994
110.637207 0.484765
111.842529 0.487535
113.179321 0.490305
113.247681 0.493075
113.905640 0.495845
116.704102 0.498615
117.194824 0.501385
119.290039 0.504155
119.406982 0.506925
122.637085 0.509695
125.121704 0.512465
126.112305 0.515235
127.048828 0.518006
127.664307 0.520776
129.931641 0.523546
132.597534 0.526316
133.354370 0.529086
135.889893 0.531856
136.003418 0.534626
136.366699 0.537396
136.567627 0.540166
137.743713 0.542936
139.765747 0.545706
140.045471 0.548476
143.308350 0.551247
144.101685 0.554017
145.315552 0.556787
145.443848 0.559557
145.851318 0.562327
147.935059 0.565097
152.834595 0.567867
152.849121 0.570637
156.651489 0.573407
157.689819 0.576177
157.889648 0.578947
159.585815 0.581717
162.184570 0.584488
163.083374 0.587258
164.352905 0.590028
166.923096 0.592798
167.565552 0.595568
170.780396 0.598338
172.767334 0.601108
179.099365 0.603878
180.010620 0.606648
182.351196 0.609418
183.681152 0.612188
187.212646 0.614958
188.061646 0.617729
188.317993 0.620499
191.744873 0.623269
194.240112 0.626039
198.119507 0.628809
199.124634 0.631579
199.932983 0.634349
201.946777 0.637119
206.717529 0.639889
210.366455 0.642659
213.308594 0.645429
216.308594 0.648199
216.582153 0.65097
216.641602 0.65374
223.782593 0.65651
224.167236 0.65928
229.212769 0.66205
232.285034 0.66482
240.813965 0.66759
241.617065 0.67036
243.928955 0.67313
245.594360 0.6759
246.851318 0.67867
248.175903 0.68144
250.142578 0.684211
262.023315 0.686981
263.813232 0.689751
264.272827 0.692521
266.217407 0.695291
267.720947 0.698061
269.506348 0.700831
269.867676 0.703601
271.870850 0.706371
272.141479 0.709141
273.143066 0.711911
280.154663 0.714681
280.245117 0.717452
287.684692 0.720222
288.792603 0.722992
293.865967 0.725762
294.981567 0.728532
295.701660 0.731302
300.304932 0.734072
301.759033 0.736842
302.901123 0.739612
303.686401 0.742382
303.741699 0.745152
304.093140 0.747922
306.506836 0.750693
308.149658 0.753463
310.706421 0.756233
319.718628 0.759003
320.962402 0.761773
321.422485 0.764543
322.183838 0.767313
323.556152 0.770083
327.099365 0.772853
331.426758 0.775623
332.142578 0.778393
334.952637 0.781163
347.241211 0.783934
348.958008 0.786704
353.811646 0.789474
353.886841 0.792244
356.464111 0.795014
362.062866 0.797784
372.296631 0.800554
377.146240 0.803324
378.752075 0.806094
382.407349 0.808864
387.351074 0.811634
398.059204 0.814404
407.212646 0.817175
407.860107 0.819945
415.417725 0.822715
418.223511 0.825485
425.265381 0.828255
425.632812 0.831025
426.759033 0.833795
434.295410 0.836565
440.982544 0.839335
442.027710 0.842105
443.205811 0.844875
455.358887 0.847645
464.358887 0.850416
464.884277 0.853186
466.843872 0.855956
473.496826 0.858726
485.354980 0.861496
492.968018 0.864266
497.301758 0.867036
509.215820 0.869806
511.043091 0.872576
543.915527 0.875346
550.178223 0.878116
561.426514 0.880886
564.198975 0.883657
565.459106 0.886427
570.079590 0.889197
572.225586 0.891967
601.493042 0.894737
606.624268 0.897507
614.822144 0.900277
625.470215 0.903047
630.707520 0.905817
639.655273 0.908587
648.781372 0.911357
649.758301 0.914127
667.509521 0.916898
684.619873 0.919668
724.398682 0.922438
732.707886 0.925208
733.484375 0.927978
733.708130 0.930748
745.260254 0.933518
754.895752 0.936288
810.105835 0.939058
823.296631 0.941828
831.311035 0.944598
841.577393 0.947368
852.215698 0.950139
902.516602 0.952909
905.871704 0.955679
981.184937 0.958449
989.733643 0.961219
1046.922607 0.963989
1058.522095 0.966759
1106.250488 0.969529
1132.061523 0.972299
1163.282227 0.975069
1186.986694 0.977839
1345.803223 0.980609
1709.828979 0.98338
1770.827026 0.98615
1791.510620 0.98892
1837.351074 0.99169
1849.205811 0.99446
1930.791992 0.99723
2012.277100 1
