0.0129539 0.00277008
0.0745907 0.00554017
0.251589 0.00831025
0.270137 0.0110803
0.292282 0.0138504
0.304136 0.0166205
0.31356 0.0193906
0.33838 0.0221607
0.340105 0.0249307
0.381927 0.0277008
0.436096 0.0304709
0.43836 0.033241
0.528442 0.0360111
0.557548 0.0387812
0.617118 0.0415512
0.796861 0.0443213
0.806131 0.0470914
0.869586 0.0498615
0.870791 0.0526316
0.9105 0.0554017
0.970883 0.0581717
0.977272 0.0609418
1.07497 0.0637119
1.11749 0.066482
1.12582 0.0692521
1.13909 0.0720222
1.14497 0.0747922
1.17527 0.0775623
1.21001 0.0803324
1.27622 0.0831025
1.30992 0.0858726
1.31596 0.0886427
1.31695 0.0914127
1.34363 0.0941828
1.41483 0.0969529
1.42999 0.099723
1.52347 0.102493
1.54105 0.105263
1.66424 0.108033
1.73853 0.110803
1.82107 0.113573
1.85014 0.116343
1.87626 0.119114
1.91089 0.121884
1.91277 0.124654
1.98268 0.127424
2.02435 0.130194
2.05256 0.132964
2.07334 0.135734
2.10698 0.138504
2.22616 0.141274
2.25841 0.144044
2.27344 0.146814
2.31834 0.149584
2.40756 0.152355
2.47258 0.155125
2.48999 0.157895
2.49175 0.160665
2.53317 0.163435
2.63299 0.166205
2.63619 0.168975
2.63754 0.171745
2.68057 0.174515
2.70464 0.177285
2.72062 0.180055
2.72774 0.182825
2.75916 0.185596
2.76644 0.188366
2.79845 0.191136
2.82042 0.193906
2.82512 0.196676
2.94323 0.199446
2.9436 0.202216
2.94931 0.204986
2.98145 0.207756
2.99971 0.210526
3.05782 0.213296
3.21806 0.216066
3.23478 0.218837
3.30668 0.221607
3.3131 0.224377
3.31376 0.227147
3.33404 0.229917
3.35858 0.232687
3.42574 0.235457
3.44402 0.238227
3.45356 0.240997
3.52335 0.243767
3.55991 0.246537
3.56107 0.249307
3.56356 0.252078
3.60478 0.254848
3.64873 0.257618
3.68351 0.260388
3.80735 0.263158
3.81042 0.265928
3.82449 0.268698
3.85071 0.271468
3.87065 0.274238
3.93019 0.277008
3.95944 0.279778
3.96808 0.282548
3.9915 0.285319
4.02205 0.288089
4.07794 0.290859
4.08506 0.293629
4.13388 0.296399
4.13483 0.299169
4.32819 0.301939
4.33524 0.304709
4.42893 0.307479
4.42954 0.310249
4.48168 0.313019
4.51043 0.315789
4.53991 0.31856
4.55851 0.32133
4.56581 0.3241
4.61933 0.32687
4.65313 0.32964
4.69498 0.33241
4.81725 0.33518
4.91914 0.33795
4.97548 0.34072
5.12298 0.34349
5.33074 0.34626
5.37303 0.34903
5.39805 0.351801
5.56872 0.354571
5.60005 0.357341
5.63404 0.360111
5.83154 0.362881
5.86505 0.365651
5.90877 0.368421
6.11485 0.371191
6.30019 0.373961
6.41261 0.376731
6.4562 0.379501
6.58437 0.382271
6.74701 0.385042
6.89339 0.387812
6.89492 0.390582
6.92263 0.393352
6.9388 0.396122
7.0055 0.398892
7.01919 0.401662
7.09115 0.404432
7.22289 0.407202
7.23139 0.409972
7.34288 0.412742
7.37607 0.415512
7.51861 0.418283
7.56339 0.421053
7.57012 0.423823
7.57985 0.426593
7.7962 0.429363
7.86221 0.432133
7.95104 0.434903
7.99113 0.437673
8.11 0.440443
8.15982 0.443213
8.31423 0.445983
8.34184 0.448753
8.37342 0.451524
8.3858 0.454294
8.39335 0.457064
8.40566 0.459834
8.43306 0.462604
8.45069 0.465374
8.63876 0.468144
8.69889 0.470914
8.82772 0.473684
8.84509 0.476454
8.86576 0.479224
8.88155 0.481994
8.89792 0.484765
8.90819 0.487535
8.92342 0.490305
8.92835 0.493075
8.93037 0.495845
8.94452 0.498615
8.97956 0.501385
9.17563 0.504155
9.18653 0.506925
9.21799 0.509695
9.31304 0.512465
9.40991 0.515235
9.45262 0.518006
9.46544 0.520776
9.5277 0.523546
9.64423 0.526316
9.74188 0.529086
9.87744 0.531856
9.87954 0.534626
10.0487 0.537396
10.0971 0.540166
10.1966 0.542936
10.2091 0.545706
10.2224 0.548476
10.246 0.551247
10.3241 0.554017
10.4009 0.556787
10.6604 0.559557
10.8676 0.562327
10.8886 0.565097
10.9662 0.567867
11.2364 0.570637
11.2554 0.573407
11.2917 0.576177
11.2994 0.578947
11.3717 0.581717
11.4461 0.584488
11.4567 0.587258
11.5727 0.590028
11.8606 0.592798
11.8829 0.595568
11.8911 0.598338
12.0726 0.601108
12.1007 0.603878
12.1631 0.606648
12.2149 0.609418
12.3414 0.612188
12.344 0.614958
12.6516 0.617729
12.6558 0.620499
12.7463 0.623269
12.7574 0.626039
12.8546 0.628809
12.9951 0.631579
13.0914 0.634349
13.1729 0.637119
13.1817 0.639889
13.2838 0.642659
13.3025 0.645429
13.3526 0.648199
13.3608 0.65097
13.4573 0.65374
13.4624 0.65651
13.5775 0.65928
13.6079 0.66205
13.8788 0.66482
13.9562 0.66759
14.0035 0.67036
14.2745 0.67313
14.3454 0.6759
14.3468 0.67867
14.3555 0.68144
14.4182 0.684211
14.4189 0.686981
14.5272 0.689751
14.8626 0.692521
15.0344 0.695291
15.0421 0.698061
15.1171 0.700831
15.1475 0.703601
15.6609 0.706371
15.7035 0.709141
15.8004 0.711911
15.859 0.714681
16.0571 0.717452
16.0648 0.720222
16.2573 0.722992
16.3122 0.725762
16.5986 0.728532
16.6441 0.731302
16.8357 0.734072
16.95 0.736842
17.0803 0.739612
17.423 0.742382
17.5722 0.745152
17.6153 0.747922
17.7241 0.750693
17.8115 0.753463
18.2739 0.756233
18.4317 0.759003
18.4817 0.761773
18.6419 0.764543
18.751 0.767313
18.8128 0.770083
19.1284 0.772853
19.1396 0.775623
19.4412 0.778393
19.4495 0.781163
19.506 0.783934
19.608 0.786704
19.7967 0.789474
19.8706 0.792244
19.9169 0.795014
20.0958 0.797784
20.116 0.800554
20.2156 0.803324
20.7132 0.806094
20.7467 0.808864
20.7738 0.811634
21.2245 0.814404
21.3139 0.817175
22.0647 0.819945
22.4227 0.822715
22.4922 0.825485
22.5235 0.828255
22.5258 0.831025
22.5639 0.833795
23.2299 0.836565
23.7598 0.839335
23.767 0.842105
23.8845 0.844875
23.9931 0.847645
24.6987 0.850416
24.8933 0.853186
24.9529 0.855956
25.1416 0.858726
25.4007 0.861496
25.6226 0.864266
25.6272 0.867036
26.0502 0.869806
26.1404 0.872576
26.2364 0.875346
26.2457 0.878116
27.2244 0.880886
27.3971 0.883657
28.0384 0.886427
28.8757 0.889197
29.3017 0.891967
29.4162 0.894737
30.0768 0.897507
30.2071 0.900277
30.5083 0.903047
31.341 0.905817
32.2125 0.908587
32.2296 0.911357
32.2485 0.914127
32.7819 0.916898
33.5577 0.919668
34.1112 0.922438
34.2041 0.925208
34.3517 0.927978
34.4626 0.930748
34.5867 0.933518
34.9631 0.936288
35.1794 0.939058
35.4397 0.941828
35.775 0.944598
36.4618 0.947368
36.7891 0.950139
37.425 0.952909
39.3109 0.955679
39.4108 0.958449
40.1497 0.961219
42.1736 0.963989
42.3002 0.966759
42.924 0.969529
49.1536 0.972299
49.8248 0.975069
50.9706 0.977839
60.8345 0.980609
113.189 0.98338
156.788 0.98615
157.501 0.98892
174.093 0.99169
190.232 0.99446
201.791 0.99723
236.017 1
