0.019933 0.00277008
0.021713 0.00554017
0.022378 0.00831025
0.023889 0.0110803
0.043941 0.0138504
0.044291 0.0166205
0.058020 0.0193906
0.058178 0.0221607
0.060030 0.0249307
0.085995 0.0277008
0.097655 0.0304709
0.108316 0.033241
0.119824 0.0360111
0.120062 0.0387812
0.121784 0.0415512
0.133392 0.0443213
0.135918 0.0470914
0.143120 0.0498615
0.147038 0.0526316
0.153196 0.0554017
0.154027 0.0581717
0.164833 0.0609418
0.166121 0.0637119
0.198390 0.066482
0.200369 0.0692521
0.205406 0.0720222
0.206949 0.0747922
0.213234 0.0775623
0.217377 0.0803324
0.223103 0.0831025
0.223743 0.0858726
0.225136 0.0886427
0.227482 0.0914127
0.230059 0.0941828
0.232432 0.0969529
0.241903 0.099723
0.245095 0.102493
0.250137 0.105263
0.254208 0.108033
0.264624 0.110803
0.267255 0.113573
0.273161 0.116343
0.275194 0.119114
0.279280 0.121884
0.280303 0.124654
0.285257 0.127424
0.297836 0.130194
0.302435 0.132964
0.302671 0.135734
0.303540 0.138504
0.303900 0.141274
0.316044 0.144044
0.323118 0.146814
0.344552 0.149584
0.352295 0.152355
0.354216 0.155125
0.375311 0.157895
0.392500 0.160665
0.401577 0.163435
0.404558 0.166205
0.411041 0.168975
0.413696 0.171745
0.423186 0.174515
0.443004 0.177285
0.446395 0.180055
0.447638 0.182825
0.455414 0.185596
0.457958 0.188366
0.470316 0.191136
0.492319 0.193906
0.505348 0.196676
0.540048 0.199446
0.543465 0.202216
0.544073 0.204986
0.570816 0.207756
0.582001 0.210526
0.595450 0.213296
0.602282 0.216066
0.604067 0.218837
0.619802 0.221607
0.626749 0.224377
0.631707 0.227147
0.635601 0.229917
0.642223 0.232687
0.654003 0.235457
0.680201 0.238227
0.683125 0.240997
0.687050 0.243767
0.698559 0.246537
0.706779 0.249307
0.714607 0.252078
0.739284 0.254848
0.749836 0.257618
0.763124 0.260388
0.765182 0.263158
0.774494 0.265928
0.786074 0.268698
0.796558 0.271468
0.802902 0.274238
0.806158 0.277008
0.812820 0.279778
0.819340 0.282548
0.823456 0.285319
0.834036 0.288089
0.835405 0.290859
0.838280 0.293629
0.844425 0.296399
0.845592 0.299169
0.852844 0.301939
0.853055 0.304709
0.855558 0.307479
0.857032 0.310249
0.864033 0.313019
0.887756 0.315789
0.889956 0.31856
0.910200 0.32133
0.922676 0.3241
0.954418 0.32687
0.968821 0.32964
0.971962 0.33241
0.990221 0.33518
0.997329 0.33795
1.020782 0.34072
1.048405 0.34349
1.059143 0.34626
1.062843 0.34903
1.083408 0.351801
1.090979 0.354571
1.092010 0.357341
1.095413 0.360111
1.149010 0.362881
1.179838 0.365651
1.193161 0.368421
1.193267 0.371191
1.209122 0.373961
1.246914 0.376731
1.264875 0.379501
1.274414 0.382271
1.290178 0.385042
1.293821 0.387812
1.342519 0.390582
1.356161 0.393352
1.410582 0.396122
1.414831 0.398892
1.458748 0.401662
1.465248 0.404432
1.466360 0.407202
1.491083 0.409972
1.500302 0.412742
1.505394 0.415512
1.508137 0.418283
1.558841 0.421053
1.583750 0.423823
1.620894 0.426593
1.625641 0.429363
1.668486 0.432133
1.716106 0.434903
1.739599 0.437673
1.775711 0.440443
1.775789 0.443213
1.785748 0.445983
1.796679 0.448753
1.808357 0.451524
1.816566 0.454294
1.820763 0.457064
1.904799 0.459834
1.987026 0.462604
2.006311 0.465374
2.094370 0.468144
2.106323 0.470914
2.113914 0.473684
2.239655 0.476454
2.266985 0.479224
2.302898 0.481994
2.365751 0.484765
2.366386 0.487535
2.377329 0.490305
2.391308 0.493075
2.494473 0.495845
2.497299 0.498615
2.572361 0.501385
2.602139 0.504155
2.621870 0.506925
2.648304 0.509695
2.731930 0.512465
2.736523 0.515235
2.824783 0.518006
2.840481 0.520776
2.868828 0.523546
2.910889 0.526316
2.998436 0.529086
3.052486 0.531856
3.080390 0.534626
3.092762 0.537396
3.103546 0.540166
3.104401 0.542936
3.140537 0.545706
3.177767 0.548476
3.210793 0.551247
3.303520 0.554017
3.310486 0.556787
3.367599 0.559557
3.445770 0.562327
3.486328 0.565097
3.503660 0.567867
3.601471 0.570637
3.699570 0.573407
3.749815 0.576177
3.766014 0.578947
3.845791 0.581717
3.910751 0.584488
3.934143 0.587258
3.941845 0.590028
3.969959 0.592798
3.973877 0.595568
4.118023 0.598338
4.166351 0.601108
4.259460 0.603878
4.286514 0.606648
4.304092 0.609418
4.337757 0.612188
4.363909 0.614958
4.517803 0.617729
4.610794 0.620499
4.643639 0.623269
4.659456 0.626039
4.663456 0.628809
4.719206 0.631579
4.782822 0.634349
4.800194 0.637119
4.820581 0.639889
4.981621 0.642659
4.986929 0.645429
5.079250 0.648199
5.111104 0.65097
5.214615 0.65374
5.244864 0.65651
5.271133 0.65928
5.358023 0.66205
5.462997 0.66482
5.466248 0.66759
5.530384 0.67036
5.534599 0.67313
5.585739 0.6759
5.624760 0.67867
5.649992 0.68144
5.675865 0.684211
5.809460 0.686981
5.816368 0.689751
5.830669 0.692521
5.958065 0.695291
6.052200 0.698061
6.095547 0.700831
6.111740 0.703601
6.208864 0.706371
6.311089 0.709141
6.340633 0.711911
6.355812 0.714681
6.381491 0.717452
6.684538 0.720222
6.751579 0.722992
6.917736 0.725762
6.961128 0.728532
7.089151 0.731302
7.163084 0.734072
7.302757 0.736842
7.319956 0.739612
7.535591 0.742382
7.630486 0.745152
7.973640 0.747922
8.117432 0.750693
8.161217 0.753463
8.362761 0.756233
8.373047 0.759003
8.520363 0.761773
8.550476 0.764543
8.669392 0.767313
8.712320 0.770083
8.726112 0.772853
8.954567 0.775623
9.089779 0.778393
9.138855 0.781163
9.172516 0.783934
9.329010 0.786704
9.422474 0.789474
9.486351 0.792244
9.578478 0.795014
9.791641 0.797784
9.815641 0.800554
9.880161 0.803324
10.104694 0.806094
10.320602 0.808864
10.395344 0.811634
10.455353 0.814404
10.523857 0.817175
10.565033 0.819945
10.651947 0.822715
10.856926 0.825485
11.044540 0.828255
11.423952 0.831025
11.515537 0.833795
11.968960 0.836565
12.271706 0.839335
12.413158 0.842105
12.420609 0.844875
12.554064 0.847645
13.056221 0.850416
13.297646 0.853186
13.540276 0.855956
13.918510 0.858726
14.474157 0.861496
14.633574 0.864266
14.638969 0.867036
14.800571 0.869806
15.009605 0.872576
15.120392 0.875346
16.369036 0.878116
17.247730 0.880886
17.467209 0.883657
17.771835 0.886427
18.342087 0.889197
19.940689 0.891967
19.996971 0.894737
20.543144 0.897507
21.480179 0.900277
21.707451 0.903047
22.286514 0.905817
22.873661 0.908587
23.892357 0.911357
23.914516 0.914127
26.882530 0.916898
27.679741 0.919668
28.074776 0.922438
28.438236 0.925208
29.168968 0.927978
29.728050 0.930748
29.858215 0.933518
30.596344 0.936288
33.233162 0.939058
34.355736 0.941828
34.941269 0.944598
35.364838 0.947368
35.423668 0.950139
36.420242 0.952909
38.042290 0.955679
39.896988 0.958449
41.567825 0.961219
43.748581 0.963989
48.381199 0.966759
53.058929 0.969529
55.057877 0.972299
65.294067 0.975069
65.444679 0.977839
66.345795 0.980609
69.404388 0.98338
78.246811 0.98615
81.726959 0.98892
89.438858 0.99169
105.721786 0.99446
109.280334 0.99723
132.630280 1
