0.00168814 0.00277008
0.0292861 0.00554017
0.0397432 0.00831025
0.0525744 0.0110803
0.102014 0.0138504
0.157949 0.0166205
0.167211 0.0193906
0.220077 0.0221607
0.224198 0.0249307
0.234209 0.0277008
0.274365 0.0304709
0.284297 0.033241
0.300513 0.0360111
0.305568 0.0387812
0.320976 0.0415512
0.381501 0.0443213
0.430602 0.0470914
0.444864 0.0498615
0.4834 0.0526316
0.486447 0.0554017
0.48705 0.0581717
0.487533 0.0609418
0.519145 0.0637119
0.670252 0.066482
0.699421 0.0692521
0.767018 0.0720222
0.850799 0.0747922
0.90922 0.0775623
0.919509 0.0803324
0.935823 0.0831025
0.941268 0.0858726
0.963272 0.0886427
0.987884 0.0914127
1.09319 0.0941828
1.12059 0.0969529
1.15359 0.099723
1.1625 0.102493
1.1663 0.105263
1.20702 0.108033
1.24667 0.110803
1.26894 0.113573
1.29305 0.116343
1.3081 0.119114
1.38941 0.121884
1.4021 0.124654
1.45558 0.127424
1.47926 0.130194
1.51069 0.132964
1.53666 0.135734
1.54103 0.138504
1.54843 0.141274
1.56881 0.144044
1.59634 0.146814
1.60492 0.149584
1.60638 0.152355
1.62966 0.155125
1.67126 0.157895
1.68659 0.160665
1.69081 0.163435
1.69274 0.166205
1.75605 0.168975
1.75978 0.171745
1.83068 0.174515
2.05252 0.177285
2.07262 0.180055
2.0857 0.182825
2.08983 0.185596
2.10497 0.188366
2.12047 0.191136
2.12747 0.193906
2.17762 0.196676
2.18924 0.199446
2.21843 0.202216
2.24358 0.204986
2.35874 0.207756
2.38851 0.210526
2.39544 0.213296
2.42094 0.216066
2.427 0.218837
2.44545 0.221607
2.53492 0.224377
2.56983 0.227147
2.59497 0.229917
2.66614 0.232687
2.75303 0.235457
2.81357 0.238227
2.83754 0.240997
2.90486 0.243767
2.95423 0.246537
3.12043 0.249307
3.15678 0.252078
3.21615 0.254848
3.29179 0.257618
3.33318 0.260388
3.35996 0.263158
3.38678 0.265928
3.42074 0.268698
3.46622 0.271468
3.49316 0.274238
3.66657 0.277008
3.687 0.279778
3.70866 0.282548
3.72618 0.285319
3.82392 0.288089
3.89892 0.290859
4.08023 0.293629
4.10345 0.296399
4.1268 0.299169
4.15251 0.301939
4.15484 0.304709
4.19822 0.307479
4.21642 0.310249
4.23221 0.313019
4.23617 0.315789
4.24791 0.31856
4.39857 0.32133
4.41849 0.3241
4.55089 0.32687
4.603 0.32964
4.61013 0.33241
4.6135 0.33518
4.61508 0.33795
4.62686 0.34072
4.6523 0.34349
4.65516 0.34626
4.739 0.34903
4.77386 0.351801
4.82568 0.354571
4.84209 0.357341
4.88767 0.360111
4.89711 0.362881
4.93275 0.365651
4.95723 0.368421
5.02732 0.371191
5.0594 0.373961
5.09181 0.376731
5.12414 0.379501
5.1511 0.382271
5.16244 0.385042
5.21295 0.387812
5.27096 0.390582
5.31675 0.393352
5.32413 0.396122
5.35139 0.398892
5.44805 0.401662
5.53812 0.404432
5.59745 0.407202
5.63737 0.409972
5.7546 0.412742
5.89179 0.415512
6.06146 0.418283
6.13903 0.421053
6.15805 0.423823
6.19213 0.426593
6.20207 0.429363
6.27467 0.432133
6.30165 0.434903
6.30885 0.437673
6.31892 0.440443
6.40415 0.443213
6.4289 0.445983
6.49495 0.448753
6.55196 0.451524
6.85806 0.454294
6.89989 0.457064
7.00847 0.459834
7.03146 0.462604
7.12514 0.465374
7.14435 0.468144
7.17971 0.470914
7.26122 0.473684
7.33553 0.476454
7.40486 0.479224
7.4107 0.481994
7.48493 0.484765
7.56415 0.487535
7.60938 0.490305
7.65186 0.493075
7.71674 0.495845
7.75473 0.498615
7.89235 0.501385
8.10607 0.504155
8.10738 0.506925
8.23353 0.509695
8.31129 0.512465
8.53999 0.515235
8.5614 0.518006
8.62729 0.520776
8.6502 0.523546
8.8903 0.526316
8.92732 0.529086
8.93855 0.531856
8.93975 0.534626
9.04328 0.537396
9.31488 0.540166
9.34711 0.542936
9.34986 0.545706
9.40704 0.548476
9.41619 0.551247
9.41693 0.554017
9.45994 0.556787
9.47948 0.559557
9.5102 0.562327
9.71217 0.565097
9.72694 0.567867
9.86175 0.570637
10.0631 0.573407
10.158 0.576177
10.1819 0.578947
10.3619 0.581717
10.3648 0.584488
10.5092 0.587258
10.5988 0.590028
10.6199 0.592798
10.8254 0.595568
10.9545 0.598338
11.0324 0.601108
11.0367 0.603878
11.3341 0.606648
11.4111 0.609418
11.5636 0.612188
11.7026 0.614958
11.895 0.617729
12.0303 0.620499
12.0611 0.623269
12.0722 0.626039
12.1299 0.628809
12.4055 0.631579
12.4784 0.634349
12.5183 0.637119
12.5381 0.639889
12.5426 0.642659
12.5731 0.645429
13.1601 0.648199
13.223 0.65097
13.405 0.65374
13.4655 0.65651
13.5215 0.65928
13.5836 0.66205
13.7766 0.66482
13.8344 0.66759
14.0022 0.67036
14.0258 0.67313
14.1235 0.6759
14.1593 0.67867
14.3399 0.68144
14.446 0.684211
14.5314 0.686981
14.5549 0.689751
14.7501 0.692521
14.9535 0.695291
15.1874 0.698061
15.3565 0.700831
15.6071 0.703601
15.7967 0.706371
15.9272 0.709141
15.9506 0.711911
16.0668 0.714681
16.1676 0.717452
16.2526 0.720222
16.3576 0.722992
16.55 0.725762
17.1177 0.728532
17.129 0.731302
17.1857 0.734072
17.4063 0.736842
17.4438 0.739612
17.5604 0.742382
17.5954 0.745152
18.1851 0.747922
18.3975 0.750693
18.6147 0.753463
18.8966 0.756233
18.949 0.759003
19.0175 0.761773
19.2584 0.764543
19.3274 0.767313
19.3872 0.770083
19.4046 0.772853
19.7961 0.775623
20.083 0.778393
20.1984 0.781163
20.6403 0.783934
20.8593 0.786704
20.8876 0.789474
21.1394 0.792244
21.1699 0.795014
21.5009 0.797784
21.5793 0.800554
21.9085 0.803324
22.1127 0.806094
22.1545 0.808864
22.2419 0.811634
22.3589 0.814404
23.2107 0.817175
23.5253 0.819945
23.53 0.822715
24.2716 0.825485
24.2877 0.828255
24.2945 0.831025
24.377 0.833795
24.6724 0.836565
24.7151 0.839335
25.3762 0.842105
25.6058 0.844875
25.688 0.847645
25.8683 0.850416
27.1978 0.853186
27.4047 0.855956
27.8128 0.858726
27.8484 0.861496
28.037 0.864266
28.3528 0.867036
29.3493 0.869806
29.6255 0.872576
30.1969 0.875346
30.5168 0.878116
30.6877 0.880886
31.9746 0.883657
32.0606 0.886427
32.5962 0.889197
33.0357 0.891967
33.663 0.894737
34.1167 0.897507
34.4165 0.900277
35.4489 0.903047
36.3108 0.905817
36.9408 0.908587
37.2643 0.911357
38.8321 0.914127
39.2976 0.916898
39.6789 0.919668
39.9 0.922438
39.9888 0.925208
40.3077 0.927978
40.54 0.930748
40.7697 0.933518
40.8028 0.936288
43.5024 0.939058
44.4648 0.941828
47.5478 0.944598
52.1237 0.947368
54.4011 0.950139
54.848 0.952909
54.8615 0.955679
55.8281 0.958449
61.4289 0.961219
63.3732 0.963989
66.3347 0.966759
68.6053 0.969529
72.0941 0.972299
73.9252 0.975069
84.0964 0.977839
98.8558 0.980609
105.896 0.98338
140.059 0.98615
155.078 0.98892
165.134 0.99169
188.268 0.99446
191.636 0.99723
229.994 1
