0.0635115 0.00277008
0.192093 0.00554017
0.200489 0.00831025
0.211685 0.0110803
0.25621 0.0138504
0.362115 0.0166205
0.379662 0.0193906
0.4272 0.0221607
0.44075 0.0249307
0.570041 0.0277008
0.714206 0.0304709
0.778343 0.033241
0.803229 0.0360111
0.869903 0.0387812
0.885781 0.0415512
0.892371 0.0443213
0.926183 0.0470914
0.989444 0.0498615
1.13685 0.0526316
1.14597 0.0554017
1.29922 0.0581717
1.39782 0.0609418
1.40318 0.0637119
1.41607 0.066482
1.41785 0.0692521
1.41866 0.0720222
1.42263 0.0747922
1.46806 0.0775623
1.49973 0.0803324
1.5054 0.0831025
1.54235 0.0858726
1.57022 0.0886427
1.58339 0.0914127
1.60282 0.0941828
1.62503 0.0969529
1.73027 0.099723
1.80696 0.102493
1.83192 0.105263
1.83468 0.108033
1.86247 0.110803
1.99964 0.113573
2.01711 0.116343
2.06432 0.119114
2.08624 0.121884
2.16554 0.124654
2.24648 0.127424
2.29269 0.130194
2.31677 0.132964
2.33096 0.135734
2.33658 0.138504
2.36788 0.141274
2.44795 0.144044
2.45242 0.146814
2.50663 0.149584
2.50679 0.152355
2.528 0.155125
2.58398 0.157895
2.58804 0.160665
2.61291 0.163435
2.64166 0.166205
2.65938 0.168975
2.67156 0.171745
2.83743 0.174515
2.86685 0.177285
2.97186 0.180055
2.97698 0.182825
3.02386 0.185596
3.0412 0.188366
3.07416 0.191136
3.09032 0.193906
3.15899 0.196676
3.19435 0.199446
3.39049 0.202216
3.39242 0.204986
3.42283 0.207756
3.44545 0.210526
3.45791 0.213296
3.63056 0.216066
3.76276 0.218837
3.78641 0.221607
3.8023 0.224377
3.80257 0.227147
3.87151 0.229917
3.98139 0.232687
4.01902 0.235457
4.03025 0.238227
4.04974 0.240997
4.09532 0.243767
4.10832 0.246537
4.19002 0.249307
4.22433 0.252078
4.26012 0.254848
4.31631 0.257618
4.3386 0.260388
4.38075 0.263158
4.41289 0.265928
4.51226 0.268698
4.54234 0.271468
4.6174 0.274238
4.65367 0.277008
4.71634 0.279778
4.77943 0.282548
4.79435 0.285319
4.8195 0.288089
4.88134 0.290859
4.88919 0.293629
5.11299 0.296399
5.11903 0.299169
5.15316 0.301939
5.1883 0.304709
5.53382 0.307479
5.53512 0.310249
5.557 0.313019
5.69002 0.315789
5.74034 0.31856
5.78789 0.32133
5.81576 0.3241
5.82064 0.32687
5.85626 0.32964
5.88394 0.33241
5.88679 0.33518
5.98443 0.33795
6.06007 0.34072
6.09284 0.34349
6.10829 0.34626
6.13109 0.34903
6.2365 0.351801
6.48128 0.354571
6.52255 0.357341
6.60518 0.360111
6.66985 0.362881
6.67106 0.365651
6.72787 0.368421
6.73586 0.371191
6.81097 0.373961
6.91323 0.376731
7.03855 0.379501
7.04455 0.382271
7.06209 0.385042
7.06239 0.387812
7.11083 0.390582
7.13945 0.393352
7.23354 0.396122
7.24188 0.398892
7.37449 0.401662
7.42615 0.404432
7.51703 0.407202
7.68217 0.409972
7.69068 0.412742
7.70828 0.415512
7.8207 0.418283
7.82827 0.421053
7.87584 0.423823
7.89121 0.426593
8.07022 0.429363
8.08652 0.432133
8.16027 0.434903
8.18397 0.437673
8.19915 0.440443
8.3389 0.443213
8.34918 0.445983
8.3525 0.448753
8.35917 0.451524
8.49399 0.454294
8.62397 0.457064
8.65721 0.459834
8.6784 0.462604
8.78039 0.465374
8.78698 0.468144
8.79026 0.470914
8.83163 0.473684
8.87851 0.476454
8.95015 0.479224
9.13674 0.481994
9.14272 0.484765
9.1802 0.487535
9.25531 0.490305
9.28823 0.493075
9.37562 0.495845
9.40752 0.498615
9.44422 0.501385
9.46196 0.504155
9.50807 0.506925
9.51458 0.509695
9.68895 0.512465
9.85109 0.515235
9.8609 0.518006
9.87648 0.520776
9.97083 0.523546
9.9954 0.526316
10.0396 0.529086
10.0803 0.531856
10.1409 0.534626
10.2161 0.537396
10.3217 0.540166
10.3334 0.542936
10.3437 0.545706
10.3644 0.548476
10.4193 0.551247
10.4212 0.554017
10.4599 0.556787
10.5522 0.559557
10.5808 0.562327
10.6867 0.565097
10.7289 0.567867
10.9961 0.570637
11.031 0.573407
11.0991 0.576177
11.1181 0.578947
11.173 0.581717
11.2013 0.584488
11.3426 0.587258
11.4526 0.590028
11.4999 0.592798
11.5005 0.595568
11.518 0.598338
11.6485 0.601108
11.6622 0.603878
11.6944 0.606648
11.7807 0.609418
11.7897 0.612188
11.9024 0.614958
11.9152 0.617729
11.9941 0.620499
12.0648 0.623269
12.0862 0.626039
12.1027 0.628809
12.2553 0.631579
12.4227 0.634349
12.4613 0.637119
12.5308 0.639889
12.6551 0.642659
12.7326 0.645429
12.8254 0.648199
12.8281 0.65097
12.839 0.65374
12.9072 0.65651
13.0155 0.65928
13.2581 0.66205
13.5352 0.66482
13.6212 0.66759
13.7089 0.67036
13.7441 0.67313
13.8778 0.6759
13.9476 0.67867
14.1912 0.68144
14.2015 0.684211
14.2833 0.686981
14.5477 0.689751
14.6127 0.692521
14.6919 0.695291
15.2602 0.698061
15.329 0.700831
15.3747 0.703601
15.375 0.706371
15.3865 0.709141
15.727 0.711911
15.9654 0.714681
16.1145 0.717452
16.2332 0.720222
16.3452 0.722992
16.3744 0.725762
16.5124 0.728532
16.5748 0.731302
16.7093 0.734072
16.7859 0.736842
16.9633 0.739612
17.1253 0.742382
17.3681 0.745152
17.7086 0.747922
17.7091 0.750693
17.7572 0.753463
17.9278 0.756233
18.7956 0.759003
18.8078 0.761773
18.8513 0.764543
19.2988 0.767313
19.8924 0.770083
20.0343 0.772853
20.399 0.775623
20.423 0.778393
20.4499 0.781163
20.8514 0.783934
21.1479 0.786704
21.5112 0.789474
21.5328 0.792244
21.6227 0.795014
22.1937 0.797784
22.2526 0.800554
22.4701 0.803324
22.5308 0.806094
22.7169 0.808864
22.899 0.811634
23.0148 0.814404
23.2343 0.817175
23.6044 0.819945
23.6548 0.822715
23.9039 0.825485
24.0083 0.828255
24.2456 0.831025
24.7419 0.833795
24.8473 0.836565
24.9816 0.839335
25.2217 0.842105
25.2472 0.844875
25.4093 0.847645
25.7227 0.850416
25.7726 0.853186
26.9577 0.855956
27.0499 0.858726
27.315 0.861496
28.4958 0.864266
28.7265 0.867036
28.7894 0.869806
28.9017 0.872576
29.2063 0.875346
29.4703 0.878116
29.8392 0.880886
29.9269 0.883657
30.1854 0.886427
30.5316 0.889197
30.6374 0.891967
31.6614 0.894737
32.6816 0.897507
33.027 0.900277
33.5371 0.903047
34.1558 0.905817
34.4703 0.908587
34.7961 0.911357
35.9119 0.914127
36.0864 0.916898
36.1241 0.919668
36.6347 0.922438
36.8787 0.925208
37.669 0.927978
38.4172 0.930748
39.8997 0.933518
39.9999 0.936288
41.5933 0.939058
42.1796 0.941828
42.2895 0.944598
42.4714 0.947368
43.5698 0.950139
43.6047 0.952909
43.8366 0.955679
44.521 0.958449
47.0367 0.961219
48.1662 0.963989
48.8439 0.966759
51.8146 0.969529
67.5404 0.972299
80.6173 0.975069
86.9685 0.977839
103.297 0.980609
108.85 0.98338
152.237 0.98615
162.03 0.98892
166.257 0.99169
193.393 0.99446
201.553 0.99723
239.82 1
