0.00310634 0.00277008
0.0324008 0.00554017
0.192272 0.00831025
0.194346 0.0110803
0.205484 0.0138504
0.300671 0.0166205
0.387724 0.0193906
0.395575 0.0221607
0.416995 0.0249307
0.418808 0.0277008
0.437808 0.0304709
0.468844 0.033241
0.481672 0.0360111
0.518226 0.0387812
0.549087 0.0415512
0.550345 0.0443213
0.670758 0.0470914
0.674084 0.0498615
0.767371 0.0526316
0.857981 0.0554017
0.867729 0.0581717
0.87586 0.0609418
0.88295 0.0637119
0.886093 0.066482
0.928067 0.0692521
0.969793 0.0720222
0.983405 0.0747922
1.03068 0.0775623
1.093 0.0803324
1.10825 0.0831025
1.16325 0.0858726
1.24217 0.0886427
1.24915 0.0914127
1.28221 0.0941828
1.3013 0.0969529
1.30696 0.099723
1.31349 0.102493
1.33197 0.105263
1.38389 0.108033
1.39812 0.110803
1.4086 0.113573
1.42526 0.116343
1.5295 0.119114
1.54787 0.121884
1.5482 0.124654
1.56541 0.127424
1.56841 0.130194
1.65349 0.132964
1.68504 0.135734
1.69342 0.138504
1.72314 0.141274
1.85296 0.144044
1.90515 0.146814
1.9649 0.149584
1.99732 0.152355
2.0123 0.155125
2.02498 0.157895
2.02807 0.160665
2.05182 0.163435
2.11748 0.166205
2.14327 0.168975
2.20248 0.171745
2.23615 0.174515
2.26261 0.177285
2.32688 0.180055
2.35281 0.182825
2.38418 0.185596
2.41989 0.188366
2.48109 0.191136
2.53683 0.193906
2.58603 0.196676
2.59131 0.199446
2.64278 0.202216
2.74132 0.204986
2.85272 0.207756
2.90949 0.210526
2.91667 0.213296
2.93932 0.216066
2.9682 0.218837
2.9743 0.221607
2.99737 0.224377
3.00505 0.227147
3.00618 0.229917
3.04995 0.232687
3.06491 0.235457
3.1508 0.238227
3.16544 0.240997
3.20525 0.243767
3.24709 0.246537
3.32956 0.249307
3.44009 0.252078
3.48167 0.254848
3.57085 0.257618
3.59577 0.260388
3.62694 0.263158
3.63679 0.265928
3.64274 0.268698
3.65712 0.271468
3.66159 0.274238
3.70765 0.277008
3.74214 0.279778
3.80897 0.282548
3.82637 0.285319
3.83389 0.288089
3.90286 0.290859
3.92757 0.293629
3.95325 0.296399
4.00349 0.299169
4.00606 0.301939
4.02664 0.304709
4.04087 0.307479
4.16079 0.310249
4.2108 0.313019
4.21761 0.315789
4.22027 0.31856
4.3042 0.32133
4.42249 0.3241
4.46077 0.32687
4.4841 0.32964
4.72997 0.33241
4.73942 0.33518
4.75604 0.33795
4.78112 0.34072
4.79436 0.34349
4.88002 0.34626
4.90276 0.34903
4.90716 0.351801
4.91924 0.354571
5.12688 0.357341
5.15787 0.360111
5.18255 0.362881
5.249 0.365651
5.25989 0.368421
5.34613 0.371191
5.3862 0.373961
5.4482 0.376731
5.45622 0.379501
5.47131 0.382271
5.47283 0.385042
5.53522 0.387812
5.56658 0.390582
5.61918 0.393352
5.69691 0.396122
5.71338 0.398892
5.79906 0.401662
5.9288 0.404432
5.93764 0.407202
6.00637 0.409972
6.11905 0.412742
6.12208 0.415512
6.12212 0.418283
6.13642 0.421053
6.24637 0.423823
6.24833 0.426593
6.27501 0.429363
6.28265 0.432133
6.32322 0.434903
6.34298 0.437673
6.39847 0.440443
6.40865 0.443213
6.49034 0.445983
6.572 0.448753
6.60697 0.451524
6.61264 0.454294
6.63011 0.457064
6.68385 0.459834
6.87203 0.462604
6.97106 0.465374
7.01037 0.468144
7.23401 0.470914
7.44662 0.473684
7.48495 0.476454
7.54853 0.479224
7.67777 0.481994
7.71572 0.484765
7.8402 0.487535
7.85836 0.490305
7.93179 0.493075
7.94222 0.495845
8.04937 0.498615
8.12605 0.501385
8.17871 0.504155
8.21086 0.506925
8.23804 0.509695
8.28853 0.512465
8.30311 0.515235
8.44196 0.518006
8.47683 0.520776
8.48743 0.523546
8.49323 0.526316
8.56513 0.529086
8.57766 0.531856
8.59078 0.534626
8.60802 0.537396
8.83219 0.540166
8.86492 0.542936
8.8769 0.545706
8.93856 0.548476
9.25297 0.551247
9.44279 0.554017
9.47876 0.556787
9.56133 0.559557
9.59915 0.562327
9.89511 0.565097
9.92441 0.567867
10.1169 0.570637
10.4181 0.573407
10.5004 0.576177
10.7406 0.578947
10.8013 0.581717
10.8641 0.584488
10.9007 0.587258
11.0241 0.590028
11.0334 0.592798
11.1097 0.595568
11.2052 0.598338
11.3053 0.601108
11.3657 0.603878
11.3935 0.606648
11.4075 0.609418
11.534 0.612188
11.6133 0.614958
11.6593 0.617729
12.0051 0.620499
12.0355 0.623269
12.087 0.626039
12.0964 0.628809
12.4267 0.631579
12.434 0.634349
12.4947 0.637119
12.6173 0.639889
12.6852 0.642659
12.6989 0.645429
12.8492 0.648199
12.8625 0.65097
12.9132 0.65374
12.9559 0.65651
13.0427 0.65928
13.2141 0.66205
13.3315 0.66482
13.5457 0.66759
13.6524 0.67036
13.6634 0.67313
13.6955 0.6759
13.7685 0.67867
13.7923 0.68144
13.9402 0.684211
14.9315 0.686981
15.0601 0.689751
15.1008 0.692521
15.1042 0.695291
15.1368 0.698061
15.4028 0.700831
15.4209 0.703601
15.4621 0.706371
15.5891 0.709141
15.607 0.711911
16.3489 0.714681
16.3886 0.717452
16.4343 0.720222
16.6603 0.722992
16.8593 0.725762
17.2318 0.728532
17.3099 0.731302
17.4185 0.734072
17.4957 0.736842
17.5084 0.739612
17.564 0.742382
17.5688 0.745152
17.9335 0.747922
18.0055 0.750693
18.495 0.753463
18.5999 0.756233
18.6532 0.759003
18.8236 0.761773
19.1409 0.764543
19.2343 0.767313
19.6477 0.770083
19.8676 0.772853
19.9552 0.775623
20.0575 0.778393
20.1536 0.781163
20.3344 0.783934
20.4458 0.786704
20.9772 0.789474
21.2015 0.792244
21.4137 0.795014
21.8195 0.797784
21.8283 0.800554
21.9965 0.803324
22.435 0.806094
24.2659 0.808864
24.3747 0.811634
24.4795 0.814404
24.522 0.817175
24.5807 0.819945
24.7017 0.822715
24.7221 0.825485
24.9836 0.828255
25.6129 0.831025
25.8618 0.833795
26.2161 0.836565
26.9425 0.839335
27.0415 0.842105
27.0509 0.844875
27.3564 0.847645
28.1158 0.850416
28.4173 0.853186
28.4966 0.855956
29.1607 0.858726
29.4843 0.861496
30.198 0.864266
30.3036 0.867036
30.7611 0.869806
31.0817 0.872576
31.3473 0.875346
32.5163 0.878116
32.6645 0.880886
32.6961 0.883657
33.1709 0.886427
33.4076 0.889197
33.8709 0.891967
34.2641 0.894737
34.3685 0.897507
34.606 0.900277
35.3845 0.903047
36.2818 0.905817
36.9272 0.908587
39.7343 0.911357
39.7506 0.914127
40.7562 0.916898
40.9186 0.919668
41.7914 0.922438
42.8638 0.925208
42.8871 0.927978
42.9219 0.930748
43.7607 0.933518
45.127 0.936288
45.1974 0.939058
47.3154 0.941828
47.4797 0.944598
48.799 0.947368
48.9698 0.950139
49.1021 0.952909
50.1791 0.955679
52.2138 0.958449
56.6153 0.961219
57.6327 0.963989
66.7245 0.966759
81.7077 0.969529
86.2983 0.972299
89.2879 0.975069
95.2558 0.977839
102.154 0.980609
108.693 0.98338
147.521 0.98615
161.221 0.98892
167.705 0.99169
196.38 0.99446
197.45 0.99723
234.803 1
