0.093603 0.00277008
0.143238 0.00554017
0.168369 0.00831025
0.169391 0.0110803
0.173316 0.0138504
0.189405 0.0166205
0.205248 0.0193906
0.255358 0.0221607
0.264624 0.0249307
0.278948 0.0277008
0.291896 0.0304709
0.294972 0.033241
0.307468 0.0360111
0.318898 0.0387812
0.335022 0.0415512
0.369141 0.0443213
0.502965 0.0470914
0.514624 0.0498615
0.580230 0.0526316
0.623857 0.0554017
0.636134 0.0581717
0.643383 0.0609418
0.684103 0.0637119
0.687984 0.066482
0.722659 0.0692521
0.761232 0.0720222
0.852263 0.0747922
0.897918 0.0775623
0.936650 0.0803324
0.989580 0.0831025
1.004175 0.0858726
1.026394 0.0886427
1.049131 0.0914127
1.080409 0.0941828
1.135532 0.0969529
1.177549 0.099723
1.203055 0.102493
1.267774 0.105263
1.289066 0.108033
1.294327 0.110803
1.321802 0.113573
1.336425 0.116343
1.339797 0.119114
1.398227 0.121884
1.463190 0.124654
1.464234 0.127424
1.474341 0.130194
1.489546 0.132964
1.491184 0.135734
1.521429 0.138504
1.565986 0.141274
1.573709 0.144044
1.634828 0.146814
1.683541 0.149584
1.711431 0.152355
1.717735 0.155125
1.742438 0.157895
1.786105 0.160665
1.790851 0.163435
1.799458 0.166205
1.804716 0.168975
1.822445 0.171745
1.861989 0.174515
1.875564 0.177285
1.926956 0.180055
1.937320 0.182825
1.950631 0.185596
2.014542 0.188366
2.033272 0.191136
2.081269 0.193906
2.091036 0.196676
2.120550 0.199446
2.129708 0.202216
2.138208 0.204986
2.143824 0.207756
2.149911 0.210526
2.163512 0.213296
2.173785 0.216066
2.218438 0.218837
2.260201 0.221607
2.286124 0.224377
2.320267 0.227147
2.405519 0.229917
2.470263 0.232687
2.524127 0.235457
2.591040 0.238227
2.682132 0.240997
2.746026 0.243767
2.774329 0.246537
2.989776 0.249307
3.029299 0.252078
3.048421 0.254848
3.095617 0.257618
3.116560 0.260388
3.138525 0.263158
3.148364 0.265928
3.173246 0.268698
3.186646 0.271468
3.192024 0.274238
3.307491 0.277008
3.311909 0.279778
3.336376 0.282548
3.450083 0.285319
3.555506 0.288089
3.614653 0.290859
3.628573 0.293629
3.672542 0.296399
3.679600 0.299169
3.697790 0.301939
3.719848 0.304709
3.727194 0.307479
3.785831 0.310249
3.806766 0.313019
3.863126 0.315789
3.915070 0.31856
3.966418 0.32133
3.979927 0.3241
4.005317 0.32687
4.041453 0.32964
4.078448 0.33241
4.106601 0.33518
4.114801 0.33795
4.157725 0.34072
4.182388 0.34349
4.201623 0.34626
4.270972 0.34903
4.342715 0.351801
4.372681 0.354571
4.428791 0.357341
4.448708 0.360111
4.556018 0.362881
4.598288 0.365651
4.609309 0.368421
4.621466 0.371191
4.627747 0.373961
4.702721 0.376731
4.773273 0.379501
4.829539 0.382271
4.937246 0.385042
5.013023 0.387812
5.060056 0.390582
5.196708 0.393352
5.216490 0.396122
5.303111 0.398892
5.357587 0.401662
5.366390 0.404432
5.413261 0.407202
5.415678 0.409972
5.472099 0.412742
5.593618 0.415512
5.639496 0.418283
5.662518 0.421053
5.665056 0.423823
5.860683 0.426593
5.904226 0.429363
5.939595 0.432133
6.075663 0.434903
6.089083 0.437673
6.096458 0.440443
6.151805 0.443213
6.238414 0.445983
6.616810 0.448753
6.641775 0.451524
6.672986 0.454294
6.717224 0.457064
6.740627 0.459834
6.765860 0.462604
6.918724 0.465374
7.023397 0.468144
7.193460 0.470914
7.275057 0.473684
7.281396 0.476454
7.391871 0.479224
7.441147 0.481994
7.666432 0.484765
7.677328 0.487535
7.759471 0.490305
7.809205 0.493075
7.944958 0.495845
7.978474 0.498615
7.982893 0.501385
8.005489 0.504155
8.042588 0.506925
8.073146 0.509695
8.151674 0.512465
8.277150 0.515235
8.419468 0.518006
8.427109 0.520776
8.428581 0.523546
8.431224 0.526316
8.574659 0.529086
8.624613 0.531856
8.811201 0.534626
8.814780 0.537396
9.070887 0.540166
9.087862 0.542936
9.092006 0.545706
9.129886 0.548476
9.286343 0.551247
9.432901 0.554017
9.499241 0.556787
9.535194 0.559557
9.600467 0.562327
9.639598 0.565097
9.651612 0.567867
9.879216 0.570637
10.039853 0.573407
10.107837 0.576177
10.108668 0.578947
10.160883 0.581717
10.204646 0.584488
10.334232 0.587258
10.479387 0.590028
10.528322 0.592798
10.691921 0.595568
10.764340 0.598338
11.137318 0.601108
11.157136 0.603878
11.197199 0.606648
11.312531 0.609418
11.400821 0.612188
11.406429 0.614958
11.604544 0.617729
11.629891 0.620499
11.687434 0.623269
11.700409 0.626039
11.727851 0.628809
11.987466 0.631579
12.144630 0.634349
12.246902 0.637119
12.381802 0.639889
12.451418 0.642659
12.574433 0.645429
12.798753 0.648199
13.121364 0.65097
13.214429 0.65374
13.239802 0.65651
13.331228 0.65928
13.555969 0.66205
13.591327 0.66482
13.621324 0.66759
13.950723 0.67036
13.994539 0.67313
14.044547 0.6759
14.143971 0.67867
14.298452 0.68144
14.319155 0.684211
14.320925 0.686981
14.342667 0.689751
14.949794 0.692521
14.985284 0.695291
15.268676 0.698061
15.825276 0.700831
15.868691 0.703601
15.996200 0.706371
16.043957 0.709141
16.204205 0.711911
16.339859 0.714681
16.400969 0.717452
16.711910 0.720222
16.795754 0.722992
16.862257 0.725762
16.904929 0.728532
16.945431 0.731302
17.023261 0.734072
17.135967 0.736842
17.831880 0.739612
17.877054 0.742382
17.894305 0.745152
18.026911 0.747922
18.419456 0.750693
18.601161 0.753463
18.622403 0.756233
18.735324 0.759003
18.776822 0.761773
19.124080 0.764543
19.249094 0.767313
19.295557 0.770083
19.664602 0.772853
19.774953 0.775623
19.906136 0.778393
19.915177 0.781163
19.968712 0.783934
20.067644 0.786704
20.203154 0.789474
20.571160 0.792244
20.673960 0.795014
20.902102 0.797784
20.957834 0.800554
21.110733 0.803324
21.166025 0.806094
21.238056 0.808864
21.411487 0.811634
21.578260 0.814404
21.853983 0.817175
21.951626 0.819945
22.640677 0.822715
22.669649 0.825485
23.249687 0.828255
23.783030 0.831025
23.867957 0.833795
23.914102 0.836565
24.510469 0.839335
24.560452 0.842105
24.997401 0.844875
25.593308 0.847645
25.802320 0.850416
25.979978 0.853186
27.345470 0.855956
27.621588 0.858726
27.796951 0.861496
28.290415 0.864266
28.464907 0.867036
29.178429 0.869806
29.530838 0.872576
29.898381 0.875346
30.077833 0.878116
31.758299 0.880886
31.947446 0.883657
32.108647 0.886427
32.718176 0.889197
33.124298 0.891967
33.511418 0.894737
34.626284 0.897507
35.246333 0.900277
35.270873 0.903047
35.546252 0.905817
36.321679 0.908587
36.701757 0.911357
38.934186 0.914127
39.515090 0.916898
39.599305 0.919668
39.898148 0.922438
39.910066 0.925208
41.165376 0.927978
42.410049 0.930748
43.805131 0.933518
44.262338 0.936288
45.307234 0.939058
45.734662 0.941828
47.255927 0.944598
47.999111 0.947368
49.307069 0.950139
49.582309 0.952909
50.932604 0.955679
53.532016 0.958449
54.728115 0.961219
64.014834 0.963989
69.364160 0.966759
70.675880 0.969529
71.020985 0.972299
71.359617 0.975069
83.245343 0.977839
101.239038 0.980609
114.131844 0.98338
121.441150 0.98615
132.716167 0.98892
142.475784 0.99169
142.808580 0.99446
144.931984 0.99723
177.073050 1
