0.003864 0.00277008
0.018197 0.00554017
0.02047 0.00831025
0.021948 0.0110803
0.023219 0.0138504
0.027212 0.0166205
0.030272 0.0193906
0.039233 0.0221607
0.062559 0.0249307
0.064054 0.0277008
0.081962 0.0304709
0.08222 0.033241
0.09171 0.0360111
0.091907 0.0387812
0.09332 0.0415512
0.13703 0.0443213
0.14732 0.0470914
0.150129 0.0498615
0.15289 0.0526316
0.154665 0.0554017
0.159996 0.0581717
0.165861 0.0609418
0.16761 0.0637119
0.181256 0.066482
0.181912 0.0692521
0.19437 0.0720222
0.203047 0.0747922
0.203632 0.0775623
0.213793 0.0803324
0.214957 0.0831025
0.219171 0.0858726
0.221601 0.0886427
0.233448 0.0914127
0.237849 0.0941828
0.247329 0.0969529
0.255783 0.099723
0.260171 0.102493
0.263749 0.105263
0.268415 0.108033
0.268598 0.110803
0.269621 0.113573
0.276621 0.116343
0.278343 0.119114
0.278548 0.121884
0.282266 0.124654
0.291803 0.127424
0.295489 0.130194
0.307509 0.132964
0.310687 0.135734
0.315758 0.138504
0.31747 0.141274
0.317823 0.144044
0.322913 0.146814
0.32858 0.149584
0.328733 0.152355
0.337597 0.155125
0.340702 0.157895
0.364378 0.160665
0.369208 0.163435
0.39493 0.166205
0.397179 0.168975
0.404405 0.171745
0.448376 0.174515
0.452773 0.177285
0.459222 0.180055
0.464895 0.182825
0.480618 0.185596
0.49747 0.188366
0.505398 0.191136
0.508096 0.193906
0.511012 0.196676
0.553776 0.199446
0.557794 0.202216
0.576706 0.204986
0.599666 0.207756
0.60224 0.210526
0.616906 0.213296
0.642019 0.216066
0.649024 0.218837
0.650699 0.221607
0.663149 0.224377
0.66989 0.227147
0.671598 0.229917
0.676772 0.232687
0.683577 0.235457
0.685819 0.238227
0.691788 0.240997
0.692818 0.243767
0.717758 0.246537
0.733719 0.249307
0.752467 0.252078
0.762115 0.254848
0.76851 0.257618
0.772229 0.260388
0.783635 0.263158
0.784887 0.265928
0.790874 0.268698
0.797177 0.271468
0.806327 0.274238
0.80726 0.277008
0.826604 0.279778
0.849984 0.282548
0.853973 0.285319
0.870549 0.288089
0.871592 0.290859
0.898049 0.293629
0.903138 0.296399
0.903443 0.299169
0.903656 0.301939
0.919801 0.304709
0.934629 0.307479
0.937194 0.310249
0.941986 0.313019
0.955695 0.315789
0.957027 0.31856
0.960941 0.32133
0.968701 0.3241
0.992827 0.32687
1.02055 0.32964
1.04639 0.33241
1.06411 0.33518
1.09683 0.33795
1.10653 0.34072
1.11259 0.34349
1.11361 0.34626
1.13994 0.34903
1.16596 0.351801
1.18056 0.354571
1.20502 0.357341
1.21452 0.360111
1.21728 0.362881
1.28064 0.365651
1.30092 0.368421
1.33492 0.371191
1.33578 0.373961
1.3585 0.376731
1.38795 0.379501
1.41327 0.382271
1.43672 0.385042
1.45731 0.387812
1.46374 0.390582
1.46413 0.393352
1.46661 0.396122
1.48041 0.398892
1.49469 0.401662
1.52135 0.404432
1.56439 0.407202
1.57191 0.409972
1.57546 0.412742
1.58906 0.415512
1.62963 0.418283
1.64199 0.421053
1.65395 0.423823
1.66086 0.426593
1.66702 0.429363
1.74736 0.432133
1.78623 0.434903
1.79439 0.437673
1.79765 0.440443
1.81346 0.443213
1.91475 0.445983
1.91499 0.448753
1.94612 0.451524
1.9643 0.454294
2.03159 0.457064
2.08096 0.459834
2.1325 0.462604
2.13279 0.465374
2.15823 0.468144
2.16234 0.470914
2.26025 0.473684
2.26469 0.476454
2.28868 0.479224
2.42848 0.481994
2.50119 0.484765
2.62336 0.487535
2.62539 0.490305
2.63992 0.493075
2.68861 0.495845
2.70548 0.498615
2.72231 0.501385
2.72643 0.504155
2.77019 0.506925
2.78697 0.509695
2.84307 0.512465
2.95209 0.515235
3.04487 0.518006
3.13145 0.520776
3.1359 0.523546
3.15944 0.526316
3.16115 0.529086
3.19268 0.531856
3.22292 0.534626
3.2355 0.537396
3.24549 0.540166
3.2473 0.542936
3.30114 0.545706
3.32542 0.548476
3.34646 0.551247
3.42377 0.554017
3.59036 0.556787
3.66972 0.559557
3.68592 0.562327
3.70084 0.565097
3.7626 0.567867
3.81019 0.570637
3.84127 0.573407
3.84199 0.576177
3.93346 0.578947
3.97672 0.581717
3.97809 0.584488
4.18662 0.587258
4.23972 0.590028
4.25961 0.592798
4.27667 0.595568
4.28999 0.598338
4.30858 0.601108
4.36228 0.603878
4.45829 0.606648
4.47434 0.609418
4.5252 0.612188
4.53741 0.614958
4.65144 0.617729
4.67866 0.620499
4.90861 0.623269
4.97422 0.626039
4.99113 0.628809
5.11184 0.631579
5.12467 0.634349
5.13192 0.637119
5.21144 0.639889
5.32015 0.642659
5.35661 0.645429
5.38665 0.648199
5.49657 0.65097
5.54245 0.65374
5.56669 0.65651
5.57635 0.65928
5.64887 0.66205
5.68359 0.66482
5.75533 0.66759
5.8116 0.67036
5.82841 0.67313
5.85745 0.6759
5.89197 0.67867
5.95278 0.68144
6.01908 0.684211
6.06731 0.686981
6.2204 0.689751
6.23481 0.692521
6.32309 0.695291
6.60671 0.698061
6.65629 0.700831
6.65959 0.703601
6.71337 0.706371
6.71355 0.709141
6.83144 0.711911
7.00483 0.714681
7.07995 0.717452
7.1696 0.720222
7.22747 0.722992
7.29917 0.725762
7.41745 0.728532
7.60498 0.731302
7.84358 0.734072
8.12441 0.736842
8.21026 0.739612
8.34859 0.742382
8.40563 0.745152
8.73028 0.747922
8.73514 0.750693
8.85988 0.753463
8.88126 0.756233
8.93136 0.759003
8.97383 0.761773
9.10458 0.764543
9.44761 0.767313
9.47058 0.770083
9.54649 0.772853
9.62768 0.775623
9.68266 0.778393
9.71492 0.781163
9.78228 0.783934
10.1633 0.786704
10.2359 0.789474
10.3174 0.792244
10.369 0.795014
10.483 0.797784
10.5471 0.800554
10.7102 0.803324
10.7347 0.806094
10.9381 0.808864
11.4543 0.811634
11.5024 0.814404
11.5906 0.817175
12.2683 0.819945
12.3161 0.822715
12.4184 0.825485
12.4407 0.828255
12.5834 0.831025
13.0866 0.833795
14.0097 0.836565
14.2323 0.839335
14.3734 0.842105
14.3991 0.844875
14.7089 0.847645
14.7376 0.850416
14.8325 0.853186
15.1182 0.855956
15.3465 0.858726
15.5486 0.861496
15.5917 0.864266
16.5887 0.867036
16.8763 0.869806
17.5536 0.872576
17.8655 0.875346
18.4502 0.878116
19.2537 0.880886
21.2587 0.883657
21.3745 0.886427
21.4697 0.889197
21.9093 0.891967
21.939 0.894737
22.1607 0.897507
22.2123 0.900277
23.7743 0.903047
24.5765 0.905817
27.9824 0.908587
28.4541 0.911357
28.8702 0.914127
30.375 0.916898
30.484 0.919668
30.5645 0.922438
30.7996 0.925208
31.2953 0.927978
31.5932 0.930748
33.4065 0.933518
33.8606 0.936288
35.8009 0.939058
36.3008 0.941828
36.7732 0.944598
42.2722 0.947368
42.8209 0.950139
44.8722 0.952909
45.3853 0.955679
46.6443 0.958449
57.4338 0.961219
60.4004 0.963989
62.4988 0.966759
63.9215 0.969529
68.0868 0.972299
68.1361 0.975069
69.2234 0.977839
72.01 0.980609
89.4346 0.98338
89.5271 0.98615
93.8485 0.98892
101.707 0.99169
109.895 0.99446
116.885 0.99723
132.871 1
