0.00457887 0.00277008
0.083972 0.00554017
0.0979015 0.00831025
0.111658 0.0110803
0.141939 0.0138504
0.172795 0.0166205
0.185676 0.0193906
0.196879 0.0221607
0.217902 0.0249307
0.219565 0.0277008
0.224198 0.0304709
0.236796 0.033241
0.300513 0.0360111
0.371588 0.0387812
0.443933 0.0415512
0.469304 0.0443213
0.471379 0.0470914
0.486447 0.0498615
0.487533 0.0526316
0.519268 0.0554017
0.553069 0.0581717
0.617921 0.0609418
0.676794 0.0637119
0.710019 0.066482
0.735351 0.0692521
0.761026 0.0720222
0.786058 0.0747922
0.793903 0.0775623
0.824603 0.0803324
0.885444 0.0831025
0.935823 0.0858726
0.936895 0.0886427
0.942285 0.0914127
0.971729 0.0941828
0.997824 0.0969529
1.04652 0.099723
1.07393 0.102493
1.08359 0.105263
1.11224 0.108033
1.23286 0.110803
1.28992 0.113573
1.38012 0.116343
1.39972 0.119114
1.45558 0.121884
1.46619 0.124654
1.48262 0.127424
1.53666 0.130194
1.54136 0.132964
1.54843 0.135734
1.63045 0.138504
1.69274 0.141274
1.70633 0.144044
1.76298 0.146814
1.77147 0.149584
1.79383 0.152355
1.79703 0.155125
1.84779 0.157895
1.85913 0.160665
1.86448 0.163435
1.86522 0.166205
1.90779 0.168975
1.9324 0.171745
1.93777 0.174515
1.94406 0.177285
1.98038 0.180055
2.03818 0.182825
2.06673 0.185596
2.07262 0.188366
2.11496 0.191136
2.12047 0.193906
2.15444 0.196676
2.15649 0.199446
2.17348 0.202216
2.17762 0.204986
2.31499 0.207756
2.42094 0.210526
2.43764 0.213296
2.45797 0.216066
2.4693 0.218837
2.50648 0.221607
2.53492 0.224377
2.60483 0.227147
2.61593 0.229917
2.77265 0.232687
2.81764 0.235457
2.85473 0.238227
3.00506 0.240997
3.02165 0.243767
3.03963 0.246537
3.05187 0.249307
3.15395 0.252078
3.41835 0.254848
3.41858 0.257618
3.45068 0.260388
3.50239 0.263158
3.53415 0.265928
3.53871 0.268698
3.58816 0.271468
3.6315 0.274238
3.67919 0.277008
3.72448 0.279778
3.73266 0.282548
3.81132 0.285319
3.88362 0.288089
3.95138 0.290859
3.95186 0.293629
3.98082 0.296399
4.00345 0.299169
4.02492 0.301939
4.06669 0.304709
4.11965 0.307479
4.13846 0.310249
4.20863 0.313019
4.21642 0.315789
4.24747 0.31856
4.37945 0.32133
4.40918 0.3241
4.54021 0.32687
4.57923 0.32964
4.6135 0.33241
4.62429 0.33518
4.65516 0.33795
4.65652 0.34072
4.70205 0.34349
4.70464 0.34626
4.73609 0.34903
4.74138 0.351801
4.77496 0.354571
4.81592 0.357341
4.84579 0.360111
4.89026 0.362881
4.91685 0.365651
4.96326 0.368421
5.01987 0.371191
5.04171 0.373961
5.08748 0.376731
5.18693 0.379501
5.20484 0.382271
5.26588 0.385042
5.43166 0.387812
5.44805 0.390582
5.46034 0.393352
5.58429 0.396122
5.60158 0.398892
5.62903 0.401662
5.71366 0.404432
5.74233 0.407202
5.89179 0.409972
5.92281 0.412742
5.95311 0.415512
6.06233 0.418283
6.06709 0.421053
6.16288 0.423823
6.26663 0.426593
6.32019 0.429363
6.4427 0.432133
6.47274 0.434903
6.57949 0.437673
6.61141 0.440443
6.62434 0.443213
6.78424 0.445983
6.89044 0.448753
6.94034 0.451524
6.95372 0.454294
7.03146 0.457064
7.09017 0.459834
7.14999 0.462604
7.17621 0.465374
7.19258 0.468144
7.33553 0.470914
7.3398 0.473684
7.35051 0.476454
7.3902 0.479224
7.52728 0.481994
7.59728 0.484765
7.66728 0.487535
7.93994 0.490305
8.01007 0.493075
8.01919 0.495845
8.02249 0.498615
8.0355 0.501385
8.27732 0.504155
8.28294 0.506925
8.61676 0.509695
8.64363 0.512465
8.68447 0.515235
8.76315 0.518006
8.82003 0.520776
8.83117 0.523546
8.91717 0.526316
9.07425 0.529086
9.12195 0.531856
9.14044 0.534626
9.14111 0.537396
9.25278 0.540166
9.27554 0.542936
9.36725 0.545706
9.44741 0.548476
9.50627 0.551247
9.60772 0.554017
9.62398 0.556787
9.71632 0.559557
9.75019 0.562327
9.78096 0.565097
9.8099 0.567867
9.88316 0.570637
10.0813 0.573407
10.127 0.576177
10.3062 0.578947
10.3319 0.581717
10.3355 0.584488
10.609 0.590028
10.609 0.590028
10.7322 0.592798
10.827 0.595568
10.9184 0.598338
11.2002 0.601108
11.307 0.603878
11.433 0.606648
11.542 0.609418
11.799 0.612188
11.8836 0.614958
11.9289 0.617729
12.1172 0.620499
12.1219 0.623269
12.1225 0.626039
12.2493 0.628809
12.3274 0.631579
12.3807 0.634349
12.5746 0.637119
12.6102 0.639889
12.6142 0.642659
12.7499 0.645429
12.8969 0.648199
13.0845 0.65097
13.4828 0.65374
13.5689 0.65651
13.6438 0.65928
13.8227 0.66205
14.0342 0.66482
14.0476 0.66759
14.0987 0.67036
14.1006 0.67313
14.1724 0.6759
14.239 0.67867
14.4312 0.68144
14.4872 0.684211
14.9011 0.686981
14.9307 0.689751
15.156 0.692521
15.54 0.695291
15.597 0.698061
15.6938 0.700831
15.7448 0.703601
15.76 0.706371
16.2414 0.709141
16.2614 0.711911
16.3986 0.714681
16.8512 0.717452
17.0556 0.720222
17.123 0.722992
17.1602 0.725762
17.2953 0.728532
17.3238 0.731302
17.659 0.734072
17.706 0.736842
17.7257 0.739612
17.9581 0.742382
18.0425 0.745152
18.0682 0.747922
18.2377 0.750693
18.3487 0.753463
18.4421 0.756233
18.7708 0.759003
19.0703 0.761773
19.4258 0.764543
19.4425 0.767313
19.467 0.770083
19.7478 0.772853
19.7746 0.775623
19.9127 0.778393
20.3023 0.781163
20.687 0.783934
21.1326 0.786704
21.2966 0.789474
21.3024 0.792244
21.5625 0.795014
21.6437 0.797784
21.8134 0.800554
21.8495 0.803324
21.9442 0.806094
21.9931 0.808864
22.0193 0.811634
22.7471 0.814404
23.4916 0.817175
23.523 0.819945
23.6732 0.822715
24.1637 0.825485
24.3824 0.828255
24.4557 0.831025
24.6455 0.833795
25.1676 0.836565
25.4838 0.839335
25.7392 0.842105
25.9727 0.844875
25.9841 0.847645
26.2648 0.850416
27.6944 0.853186
27.9916 0.855956
28.1067 0.858726
28.2059 0.861496
28.4365 0.864266
28.5093 0.867036
29.4837 0.869806
29.7578 0.872576
30.8036 0.875346
31.2535 0.878116
31.5938 0.880886
31.9861 0.883657
32.1149 0.886427
32.7295 0.889197
33.1748 0.891967
33.5829 0.894737
34.7801 0.897507
35.3566 0.900277
35.6996 0.903047
36.5737 0.905817
36.7229 0.908587
37.3642 0.911357
38.9909 0.914127
39.4508 0.916898
39.826 0.919668
40.0409 0.922438
40.0532 0.925208
40.7056 0.927978
40.7431 0.930748
40.7903 0.933518
40.9411 0.936288
42.7288 0.939058
43.6368 0.941828
47.8106 0.944598
52.3827 0.947368
54.2362 0.950139
55.7904 0.952909
55.7986 0.955679
55.8282 0.958449
62.2079 0.961219
64.4361 0.963989
64.4887 0.966759
68.7763 0.969529
72.08 0.972299
73.8435 0.975069
84.9599 0.977839
98.9773 0.980609
106.852 0.98338
132.642 0.98615
152.367 0.98892
169.075 0.99169
187.971 0.99446
191.415 0.99723
230.11 1
