0.146006 0.00277008
0.341319 0.00554017
0.375847 0.00831025
0.457422 0.0110803
0.510102 0.0138504
0.625391 0.0166205
0.645267 0.0193906
0.770346 0.0221607
0.951896 0.0249307
1.088036 0.0277008
1.167090 0.0304709
1.248150 0.033241
1.262919 0.0360111
2.348698 0.0387812
2.394423 0.0415512
2.491264 0.0443213
2.517148 0.0470914
2.544373 0.0498615
2.608304 0.0526316
2.659302 0.0554017
3.171310 0.0581717
3.193514 0.0609418
3.200090 0.0637119
3.240300 0.066482
3.406760 0.0692521
3.482074 0.0720222
3.590810 0.0747922
3.678172 0.0775623
3.779791 0.0803324
3.935805 0.0831025
4.306497 0.0858726
4.354884 0.0886427
4.757809 0.0914127
5.002400 0.0941828
5.002452 0.0969529
5.291604 0.099723
5.331023 0.102493
5.460054 0.105263
5.477648 0.108033
5.611568 0.110803
5.626862 0.113573
5.767883 0.116343
5.991293 0.119114
6.018814 0.121884
6.054165 0.124654
6.183022 0.127424
6.238869 0.130194
6.419917 0.132964
6.650776 0.135734
6.670106 0.138504
6.806436 0.141274
6.986345 0.144044
7.178083 0.146814
7.198349 0.149584
7.276458 0.152355
7.330522 0.155125
7.484392 0.157895
7.652003 0.160665
7.656343 0.163435
7.687942 0.166205
7.693711 0.168975
7.786087 0.171745
7.955993 0.174515
8.089999 0.177285
8.138604 0.180055
8.443339 0.182825
8.657800 0.185596
8.795628 0.188366
8.837162 0.191136
8.883744 0.193906
9.089912 0.196676
9.373968 0.199446
9.442589 0.202216
9.769813 0.204986
9.964507 0.207756
10.367431 0.210526
10.600160 0.213296
10.635792 0.216066
10.684018 0.218837
10.734880 0.221607
10.741457 0.224377
10.771966 0.227147
10.833374 0.229917
10.845017 0.232687
10.869821 0.235457
10.969112 0.238227
11.020036 0.240997
11.338526 0.243767
11.655556 0.246537
11.691492 0.249307
11.768739 0.252078
11.888329 0.254848
11.937521 0.257618
12.187608 0.260388
12.407424 0.263158
12.538365 0.265928
12.799455 0.268698
13.134396 0.271468
13.160682 0.274238
13.347740 0.277008
13.351773 0.279778
13.362935 0.282548
13.689509 0.285319
13.743946 0.288089
13.878448 0.290859
14.006442 0.293629
14.155152 0.296399
14.273423 0.299169
14.298755 0.301939
14.376694 0.304709
15.044571 0.307479
15.385851 0.310249
15.496551 0.313019
15.688793 0.315789
15.825589 0.31856
15.957883 0.32133
16.139302 0.3241
16.154616 0.32687
16.326126 0.32964
16.828798 0.33241
17.231821 0.33518
17.688300 0.33795
17.699713 0.34072
17.708887 0.34349
17.786381 0.34626
17.808802 0.34903
17.842378 0.351801
18.010505 0.354571
18.126474 0.357341
18.286438 0.360111
18.305686 0.362881
18.338570 0.365651
18.350570 0.368421
18.413027 0.371191
18.745473 0.373961
19.015820 0.376731
19.296455 0.379501
19.585095 0.382271
19.661702 0.385042
19.743767 0.387812
19.836323 0.390582
20.301563 0.393352
20.856005 0.396122
20.880841 0.398892
21.016055 0.401662
21.330731 0.404432
21.565177 0.407202
21.610360 0.409972
22.308558 0.412742
22.452515 0.415512
22.615819 0.418283
22.810154 0.421053
22.976974 0.423823
23.261599 0.426593
23.405838 0.429363
23.637415 0.432133
23.815602 0.434903
23.974831 0.437673
24.302238 0.440443
24.308892 0.443213
24.361421 0.445983
24.404283 0.448753
24.543333 0.451524
24.634251 0.454294
25.091696 0.457064
25.308853 0.459834
25.471207 0.462604
25.717750 0.465374
25.730404 0.468144
25.734159 0.470914
26.339397 0.473684
26.378819 0.476454
26.382911 0.479224
26.475555 0.481994
27.510929 0.484765
27.616853 0.487535
28.220347 0.490305
28.383911 0.493075
28.576544 0.495845
28.628290 0.498615
29.091123 0.501385
29.244494 0.504155
29.254016 0.506925
29.309034 0.509695
30.001548 0.512465
30.085418 0.515235
30.243975 0.518006
30.251035 0.520776
30.338734 0.523546
30.915773 0.526316
31.389728 0.529086
31.830373 0.531856
32.253435 0.534626
32.828712 0.537396
32.946837 0.540166
32.967094 0.542936
33.033898 0.545706
33.070746 0.548476
33.200526 0.551247
33.294302 0.554017
33.302477 0.556787
33.314317 0.559557
33.495933 0.562327
33.607426 0.565097
33.939773 0.567867
34.974429 0.570637
35.186595 0.573407
36.868683 0.576177
37.088734 0.578947
37.586361 0.581717
37.798727 0.584488
37.879166 0.587258
38.358182 0.590028
39.066502 0.592798
39.284497 0.595568
39.658248 0.598338
40.233263 0.601108
40.702954 0.603878
40.856618 0.606648
40.979883 0.609418
41.309220 0.612188
41.321328 0.614958
42.828688 0.617729
43.488377 0.620499
44.185349 0.623269
44.294733 0.626039
46.288970 0.628809
46.514753 0.631579
46.819213 0.634349
47.328380 0.637119
47.503793 0.639889
48.222071 0.642659
48.384038 0.645429
50.237644 0.648199
51.328433 0.65097
51.343977 0.65374
51.369995 0.65651
51.525134 0.65928
52.211404 0.66205
53.271830 0.66482
53.795880 0.66759
53.987426 0.67036
54.127938 0.67313
54.973054 0.6759
55.555052 0.67867
56.610608 0.68144
57.056719 0.684211
57.075351 0.686981
58.548981 0.689751
61.983329 0.692521
62.113744 0.695291
63.010234 0.698061
65.610373 0.700831
66.334492 0.703601
67.668647 0.706371
69.596916 0.709141
70.827448 0.711911
70.840806 0.714681
72.122175 0.717452
72.359318 0.720222
72.930562 0.722992
74.275810 0.725762
75.012934 0.728532
75.056982 0.731302
75.604695 0.734072
75.648743 0.736842
75.874758 0.739612
76.972145 0.742382
77.324796 0.745152
77.492684 0.747922
78.062028 0.750693
78.112012 0.753463
78.324169 0.756233
79.971898 0.759003
80.098641 0.761773
80.717337 0.764543
80.927050 0.767313
81.029934 0.770083
82.411271 0.772853
82.730430 0.775623
83.562630 0.778393
84.145433 0.781163
84.260464 0.783934
84.649873 0.786704
86.067212 0.789474
86.105669 0.792244
86.303353 0.795014
86.787015 0.797784
86.899060 0.800554
87.306750 0.803324
89.887834 0.806094
90.376770 0.808864
90.749359 0.811634
91.937268 0.814404
92.897999 0.817175
96.365666 0.819945
97.639465 0.822715
98.489594 0.825485
98.525876 0.828255
99.041760 0.831025
99.614787 0.833795
104.053271 0.836565
104.542041 0.839335
112.615240 0.842105
120.678878 0.844875
124.029624 0.847645
129.293740 0.850416
134.008551 0.853186
135.311270 0.855956
135.910237 0.858726
138.801968 0.861496
139.251602 0.864266
151.035762 0.867036
154.759383 0.869806
161.218524 0.872576
172.502041 0.875346
179.733801 0.878116
188.128316 0.880886
213.243461 0.883657
244.658756 0.886427
250.892639 0.889197
272.807813 0.891967
272.838092 0.894737
276.416373 0.897507
279.787040 0.900277
314.463472 0.903047
324.496508 0.905817
331.258678 0.908587
339.017153 0.911357
365.813899 0.914127
389.507532 0.916898
425.463295 0.919668
460.610914 0.922438
586.963606 0.925208
600.858784 0.927978
605.374479 0.930748
800.242710 0.933518
891.336536 0.936288
956.033421 0.939058
1011.419678 0.941828
1385.795593 0.944598
1558.936024 0.947368
2197.289848 0.950139
3216.930389 0.952909
4360.251999 0.955679
4471.075821 0.958449
4604.799652 0.961219
5522.024536 0.963989
5947.595596 0.966759
8999.645233 0.969529
9299.279785 0.972299
24253.875732 0.975069
25565.711975 0.977839
29132.214355 0.980609
37674.542236 0.98338
42608.261108 0.98615
49089.770508 0.98892
82119.464111 0.99169
116897.436523 0.99446
126744.738770 0.99723
229446.166992 1
