1.120972 0.00277008
1.732910 0.00554017
1.793945 0.00831025
1.848389 0.0110803
2.014038 0.0138504
2.239868 0.0166205
2.286499 0.0193906
2.995239 0.0221607
3.135986 0.0249307
3.189209 0.0277008
3.954712 0.0304709
4.244507 0.033241
4.644775 0.0360111
5.490723 0.0387812
5.510132 0.0415512
6.653809 0.0443213
7.556030 0.0470914
7.774048 0.0498615
8.380981 0.0526316
8.637207 0.0554017
8.758057 0.0581717
9.271423 0.0609418
9.756104 0.0637119
10.584229 0.066482
10.604004 0.0692521
10.683838 0.0720222
10.756348 0.0747922
11.377075 0.0775623
11.726807 0.0803324
11.792480 0.0831025
11.853516 0.0858726
12.653015 0.0886427
12.973877 0.0914127
13.014893 0.0941828
13.862427 0.0969529
14.445923 0.099723
14.487305 0.102493
14.577515 0.105263
15.663208 0.108033
15.927246 0.110803
16.680908 0.113573
16.819458 0.116343
17.134399 0.119114
17.818848 0.121884
17.855103 0.124654
18.107178 0.127424
18.199585 0.130194
18.470337 0.132964
19.284912 0.135734
19.669312 0.138504
20.463867 0.141274
20.705322 0.144044
20.885376 0.146814
20.918823 0.149584
21.097900 0.152355
21.688477 0.155125
21.976318 0.157895
22.811157 0.160665
22.859863 0.163435
22.935547 0.166205
23.045105 0.168975
23.056519 0.171745
23.419189 0.174515
23.514282 0.177285
24.052979 0.180055
24.129761 0.182825
24.584595 0.185596
24.725586 0.188366
25.028076 0.191136
25.135132 0.193906
25.178955 0.196676
25.414429 0.199446
25.498169 0.202216
26.451416 0.204986
26.659668 0.207756
26.996460 0.210526
27.219116 0.213296
27.318726 0.216066
28.056396 0.218837
29.039673 0.221607
30.045776 0.224377
31.997314 0.227147
32.510376 0.229917
32.939087 0.232687
33.265259 0.235457
34.635986 0.238227
36.141907 0.240997
36.745117 0.243767
36.891602 0.246537
37.113892 0.249307
38.086792 0.252078
38.093140 0.254848
38.710205 0.257618
39.396240 0.260388
39.870361 0.263158
40.781555 0.265928
41.155151 0.268698
41.961914 0.271468
42.097656 0.274238
42.510986 0.277008
43.933594 0.279778
44.042969 0.282548
44.232300 0.285319
45.481201 0.288089
45.936768 0.290859
45.983032 0.293629
46.551147 0.296399
46.601562 0.299169
47.169434 0.301939
48.604248 0.304709
48.878296 0.307479
49.064941 0.310249
49.812134 0.313019
50.666992 0.315789
51.577148 0.31856
53.590576 0.32133
54.051025 0.3241
54.092529 0.32687
54.237793 0.32964
54.307373 0.33241
54.365967 0.33518
54.678223 0.33795
54.869263 0.34072
55.930908 0.34349
56.161621 0.34626
56.454834 0.34903
57.624634 0.351801
59.317627 0.354571
60.822388 0.357341
60.981201 0.360111
61.576172 0.362881
62.587158 0.365651
62.731201 0.368421
63.515747 0.371191
64.533691 0.373961
64.861938 0.376731
65.299194 0.379501
65.427612 0.382271
65.988770 0.385042
66.535522 0.387812
66.605347 0.390582
68.364868 0.393352
68.367798 0.396122
69.704468 0.398892
70.426758 0.401662
70.465454 0.404432
70.640869 0.407202
72.261230 0.409972
72.554321 0.412742
73.872314 0.415512
76.500488 0.418283
76.774902 0.421053
77.132812 0.423823
77.168335 0.426593
77.715942 0.429363
78.601562 0.432133
79.638672 0.434903
79.916260 0.437673
79.938232 0.440443
80.737671 0.443213
83.040771 0.445983
84.757568 0.448753
85.244995 0.451524
86.082642 0.454294
87.811401 0.457064
88.201172 0.459834
88.593994 0.462604
89.806885 0.465374
91.290039 0.468144
91.610352 0.470914
92.737915 0.473684
94.874756 0.476454
98.280884 0.479224
98.335205 0.481994
103.497314 0.484765
105.179321 0.487535
106.756348 0.490305
107.394043 0.493075
108.634644 0.495845
109.130859 0.498615
109.358521 0.501385
111.697266 0.504155
115.372559 0.506925
116.949707 0.509695
117.622559 0.512465
117.894287 0.515235
118.944824 0.518006
120.615356 0.520776
120.826660 0.523546
122.131958 0.526316
127.185547 0.529086
134.223633 0.531856
135.027222 0.534626
135.354004 0.537396
135.610352 0.540166
135.731689 0.542936
135.732300 0.545706
139.018066 0.548476
140.755859 0.551247
142.515869 0.554017
144.991577 0.556787
145.880493 0.559557
150.139771 0.562327
150.163757 0.565097
150.563965 0.567867
151.761108 0.570637
154.794312 0.573407
155.238403 0.576177
157.377319 0.578947
161.517151 0.581717
161.700195 0.584488
162.130371 0.587258
163.662109 0.590028
165.030762 0.592798
166.560303 0.595568
168.010376 0.598338
169.544922 0.601108
173.293213 0.603878
175.407959 0.606648
177.461060 0.609418
180.876465 0.612188
183.945801 0.614958
184.807373 0.617729
191.372437 0.620499
191.996765 0.623269
196.484863 0.626039
198.539062 0.628809
200.762695 0.631579
203.100098 0.634349
205.760376 0.637119
207.260986 0.639889
207.898804 0.642659
212.592957 0.645429
212.974731 0.648199
215.051025 0.65097
215.087769 0.65374
218.520752 0.65651
219.894653 0.65928
219.908569 0.66205
220.174805 0.66482
222.198730 0.66759
223.930176 0.67036
224.697388 0.67313
233.231567 0.6759
233.861572 0.67867
234.192627 0.68144
238.347412 0.684211
242.800537 0.686981
242.976929 0.689751
244.273438 0.692521
254.230591 0.695291
254.243896 0.698061
254.414185 0.700831
260.567871 0.703601
261.925171 0.706371
268.003418 0.709141
272.049561 0.711911
273.872314 0.714681
276.770020 0.717452
277.235107 0.720222
284.396729 0.722992
298.548828 0.725762
299.913452 0.728532
301.699707 0.731302
301.958740 0.734072
306.985107 0.736842
307.584961 0.739612
312.445068 0.742382
314.207031 0.745152
328.881348 0.747922
345.089233 0.750693
348.662109 0.753463
349.956421 0.756233
351.845947 0.759003
353.729004 0.761773
357.296265 0.764543
358.092407 0.767313
359.301636 0.770083
365.148682 0.772853
372.992554 0.775623
376.953613 0.778393
377.004883 0.781163
380.692139 0.783934
389.024902 0.786704
389.030640 0.789474
389.350098 0.792244
390.103516 0.795014
405.821533 0.797784
414.577026 0.800554
423.722778 0.803324
450.901611 0.806094
459.022583 0.808864
459.999390 0.811634
464.358154 0.814404
471.642944 0.817175
477.906616 0.819945
502.664551 0.822715
506.228394 0.825485
508.499512 0.828255
529.989624 0.831025
541.488770 0.833795
543.293945 0.836565
554.243652 0.839335
558.797729 0.842105
560.489014 0.844875
561.343018 0.847645
564.122681 0.850416
566.381592 0.853186
570.656982 0.855956
574.334229 0.858726
594.489502 0.861496
615.228271 0.864266
615.798828 0.867036
617.897705 0.869806
620.206543 0.872576
634.008667 0.875346
676.501465 0.878116
701.988037 0.880886
712.753296 0.883657
729.063965 0.886427
751.100952 0.889197
755.458374 0.891967
759.485352 0.894737
765.497192 0.897507
794.592896 0.900277
798.556641 0.903047
805.911133 0.905817
808.982910 0.908587
824.194458 0.911357
832.499390 0.914127
845.908936 0.916898
880.635864 0.919668
884.660278 0.922438
884.906006 0.925208
899.737549 0.927978
935.580811 0.930748
961.044556 0.933518
979.588867 0.936288
1027.347656 0.939058
1028.155640 0.941828
1032.343750 0.944598
1034.977295 0.947368
1042.018799 0.950139
1094.872070 0.952909
1126.526001 0.955679
1129.865601 0.958449
1131.001709 0.961219
1140.345459 0.963989
1150.726318 0.966759
1302.674194 0.969529
1332.051392 0.972299
1347.952637 0.975069
1393.324097 0.977839
1473.213257 0.980609
1685.200562 0.98338
1691.036011 0.98615
1724.419067 0.98892
1817.841797 0.99169
1828.746826 0.99446
1862.676025 0.99723
2014.855225 1
