1 0.093603
2 0.143238
3 0.168369
4 0.169391
5 0.173316
6 0.189405
7 0.205248
8 0.255358
9 0.264624
10 0.278948
11 0.291896
12 0.294972
13 0.307468
14 0.318898
15 0.335022
16 0.369141
17 0.502965
18 0.514624
19 0.580230
20 0.623857
21 0.636134
22 0.643383
23 0.684103
24 0.687984
25 0.722659
26 0.761232
27 0.852263
28 0.897918
29 0.936650
30 0.989580
31 1.004175
32 1.026394
33 1.049131
34 1.080409
35 1.135532
36 1.177549
37 1.203055
38 1.267774
39 1.289066
40 1.294327
41 1.321802
42 1.336425
43 1.339797
44 1.398227
45 1.463190
46 1.464234
47 1.474341
48 1.489546
49 1.491184
50 1.521429
51 1.565986
52 1.573709
53 1.634828
54 1.683541
55 1.711431
56 1.717735
57 1.742438
58 1.786105
59 1.790851
60 1.799458
61 1.804716
62 1.822445
63 1.861989
64 1.875564
65 1.926956
66 1.937320
67 1.950631
68 2.014542
69 2.033272
70 2.081269
71 2.091036
72 2.120550
73 2.129708
74 2.138208
75 2.143824
76 2.149911
77 2.163512
78 2.173785
79 2.218438
80 2.260201
81 2.286124
82 2.320267
83 2.405519
84 2.470263
85 2.524127
86 2.591040
87 2.682132
88 2.746026
89 2.774329
90 2.989776
91 3.029299
92 3.048421
93 3.095617
94 3.116560
95 3.138525
96 3.148364
97 3.173246
98 3.186646
99 3.192024
100 3.307491
101 3.311909
102 3.336376
103 3.450083
104 3.555506
105 3.614653
106 3.628573
107 3.672542
108 3.679600
109 3.697790
110 3.719848
111 3.727194
112 3.785831
113 3.806766
114 3.863126
115 3.915070
116 3.966418
117 3.979927
118 4.005317
119 4.041453
120 4.078448
121 4.106601
122 4.114801
123 4.157725
124 4.182388
125 4.201623
126 4.270972
127 4.342715
128 4.372681
129 4.428791
130 4.448708
131 4.556018
132 4.598288
133 4.609309
134 4.621466
135 4.627747
136 4.702721
137 4.773273
138 4.829539
139 4.937246
140 5.013023
141 5.060056
142 5.196708
143 5.216490
144 5.303111
145 5.357587
146 5.366390
147 5.413261
148 5.415678
149 5.472099
150 5.593618
151 5.639496
152 5.662518
153 5.665056
154 5.860683
155 5.904226
156 5.939595
157 6.075663
158 6.089083
159 6.096458
160 6.151805
161 6.238414
162 6.616810
163 6.641775
164 6.672986
165 6.717224
166 6.740627
167 6.765860
168 6.918724
169 7.023397
170 7.193460
171 7.275057
172 7.281396
173 7.391871
174 7.441147
175 7.666432
176 7.677328
177 7.759471
178 7.809205
179 7.944958
180 7.978474
181 7.982893
182 8.005489
183 8.042588
184 8.073146
185 8.151674
186 8.277150
187 8.419468
188 8.427109
189 8.428581
190 8.431224
191 8.574659
192 8.624613
193 8.811201
194 8.814780
195 9.070887
196 9.087862
197 9.092006
198 9.129886
199 9.286343
200 9.432901
201 9.499241
202 9.535194
203 9.600467
204 9.639598
205 9.651612
206 9.879216
207 10.039853
208 10.107837
209 10.108668
210 10.160883
211 10.204646
212 10.334232
213 10.479387
214 10.528322
215 10.691921
216 10.764340
217 11.137318
218 11.157136
219 11.197199
220 11.312531
221 11.400821
222 11.406429
223 11.604544
224 11.629891
225 11.687434
226 11.700409
227 11.727851
228 11.987466
229 12.144630
230 12.246902
231 12.381802
232 12.451418
233 12.574433
234 12.798753
235 13.121364
236 13.214429
237 13.239802
238 13.331228
239 13.555969
240 13.591327
241 13.621324
242 13.950723
243 13.994539
244 14.044547
245 14.143971
246 14.298452
247 14.319155
248 14.320925
249 14.342667
250 14.949794
251 14.985284
252 15.268676
253 15.825276
254 15.868691
255 15.996200
256 16.043957
257 16.204205
258 16.339859
259 16.400969
260 16.711910
261 16.795754
262 16.862257
263 16.904929
264 16.945431
265 17.023261
266 17.135967
267 17.831880
268 17.877054
269 17.894305
270 18.026911
271 18.419456
272 18.601161
273 18.622403
274 18.735324
275 18.776822
276 19.124080
277 19.249094
278 19.295557
279 19.664602
280 19.774953
281 19.906136
282 19.915177
283 19.968712
284 20.067644
285 20.203154
286 20.571160
287 20.673960
288 20.902102
289 20.957834
290 21.110733
291 21.166025
292 21.238056
293 21.411487
294 21.578260
295 21.853983
296 21.951626
297 22.640677
298 22.669649
299 23.249687
300 23.783030
301 23.867957
302 23.914102
303 24.510469
304 24.560452
305 24.997401
306 25.593308
307 25.802320
308 25.979978
309 27.345470
310 27.621588
311 27.796951
312 28.290415
313 28.464907
314 29.178429
315 29.530838
316 29.898381
317 30.077833
318 31.758299
319 31.947446
320 32.108647
321 32.718176
322 33.124298
323 33.511418
324 34.626284
325 35.246333
326 35.270873
327 35.546252
328 36.321679
329 36.701757
330 38.934186
331 39.515090
332 39.599305
333 39.898148
334 39.910066
335 41.165376
336 42.410049
337 43.805131
338 44.262338
339 45.307234
340 45.734662
341 47.255927
342 47.999111
343 49.307069
344 49.582309
345 50.932604
346 53.532016
347 54.728115
348 64.014834
349 69.364160
350 70.675880
351 71.020985
352 71.359617
353 83.245343
354 101.239038
355 114.131844
356 121.441150
357 132.716167
358 142.475784
359 142.808580
360 144.931984
361 177.073050
