0.346873 0.0020202
0.626863 0.0040404
0.667891 0.00606061
0.799963 0.00808081
1.46132 0.010101
1.76024 0.0121212
1.79212 0.0141414
2.00365 0.0161616
2.04026 0.0181818
2.13458 0.020202
2.35666 0.0222222
2.95988 0.0242424
3.50018 0.0262626
3.56598 0.0282828
3.87606 0.030303
4.13563 0.0323232
4.16117 0.0343434
4.50475 0.0363636
4.8848 0.0383838
4.89119 0.040404
4.98534 0.0424242
5.09093 0.0444444
5.22472 0.0464646
5.279 0.0484848
5.73916 0.0505051
6.75971 0.0525253
7.21197 0.0545455
7.49001 0.0565657
7.80849 0.0585859
8.94489 0.0606061
9.14509 0.0626263
9.48513 0.0646465
10.3579 0.0666667
10.5661 0.0686869
10.6703 0.0707071
11.2673 0.0727273
11.295 0.0747475
11.4701 0.0767677
11.9571 0.0787879
11.9756 0.0808081
12.0253 0.0828283
12.3619 0.0848485
12.6939 0.0868687
12.8003 0.0888889
12.8765 0.0909091
12.8787 0.0929293
13.3956 0.0949495
13.5114 0.0969697
13.9971 0.0989899
14.4301 0.10101
15.5724 0.10303
15.8883 0.105051
15.9255 0.107071
15.9764 0.109091
16.0299 0.111111
16.7394 0.113131
17.31 0.115152
17.4837 0.117172
17.9895 0.119192
18.5457 0.121212
18.7739 0.123232
19.3457 0.125253
20.6766 0.127273
21.8405 0.129293
22.0665 0.131313
22.3677 0.133333
22.8777 0.135354
23.1942 0.137374
23.1969 0.139394
23.5751 0.141414
23.6018 0.143434
23.832 0.145455
24.1408 0.147475
24.5075 0.149495
25.2141 0.151515
27.1314 0.153535
27.4607 0.155556
27.6855 0.157576
27.8177 0.159596
28.2134 0.161616
28.7829 0.163636
29.0048 0.165657
29.6173 0.167677
30.3323 0.169697
31.7463 0.171717
32.1843 0.173737
32.2468 0.175758
32.4116 0.177778
32.6633 0.179798
32.6985 0.181818
32.7875 0.183838
33.2181 0.185859
33.3329 0.187879
33.6948 0.189899
34.1429 0.191919
34.1433 0.193939
34.5404 0.19596
34.6201 0.19798
34.8796 0.2
35.2336 0.20202
35.318 0.20404
35.662 0.206061
35.776 0.208081
35.8058 0.210101
35.8635 0.212121
35.8725 0.214141
36.0539 0.216162
36.3007 0.218182
36.5922 0.220202
36.7097 0.222222
36.741 0.224242
36.9305 0.226263
37.054 0.228283
37.0867 0.230303
37.2449 0.232323
37.4262 0.234343
37.4583 0.236364
37.4897 0.238384
37.6672 0.240404
37.6967 0.242424
37.7299 0.244444
37.8995 0.246465
37.9072 0.248485
37.977 0.250505
38.0246 0.252525
38.1695 0.254545
38.1897 0.256566
38.2354 0.258586
38.5379 0.260606
38.5611 0.262626
38.5892 0.264646
38.756 0.266667
39.0876 0.268687
39.2376 0.270707
39.3788 0.272727
39.4996 0.274747
40.3393 0.276768
40.5004 0.278788
40.8098 0.280808
41.1015 0.282828
41.2564 0.284848
41.2622 0.286869
41.3384 0.288889
42.4769 0.290909
42.5395 0.292929
42.5412 0.294949
42.7634 0.29697
42.9711 0.29899
43.2411 0.30101
43.3247 0.30303
43.8354 0.305051
44.8668 0.307071
45.3791 0.309091
45.7265 0.311111
47.7262 0.313131
49.4581 0.315152
49.54 0.317172
50.1728 0.319192
50.7468 0.321212
51.2042 0.323232
52.1614 0.325253
52.3687 0.327273
52.658 0.329293
52.9327 0.331313
52.9902 0.333333
53.3059 0.335354
53.7021 0.337374
55.1893 0.339394
55.3197 0.341414
55.5929 0.343434
55.6156 0.345455
55.7529 0.347475
55.8563 0.349495
55.9146 0.351515
56.8886 0.353535
57.0582 0.355556
57.2212 0.357576
58.0469 0.359596
58.1392 0.361616
58.8546 0.363636
58.8554 0.365657
58.9568 0.367677
59.1306 0.369697
59.4985 0.371717
59.5859 0.373737
59.6328 0.375758
60.0773 0.377778
60.2457 0.379798
60.5262 0.381818
60.5987 0.383838
60.6515 0.385859
60.7018 0.387879
60.8001 0.389899
60.8459 0.391919
61.0758 0.393939
61.1794 0.39596
61.3361 0.39798
61.4208 0.4
61.5017 0.40202
61.5288 0.40404
61.5923 0.406061
61.6625 0.408081
61.6719 0.410101
61.9016 0.412121
61.9342 0.414141
62.0331 0.416162
62.0866 0.418182
62.1093 0.420202
62.2037 0.422222
62.2564 0.424242
62.3717 0.426263
62.4335 0.428283
62.4439 0.430303
62.4798 0.432323
62.5606 0.434343
62.5629 0.436364
62.6905 0.438384
62.7654 0.440404
62.8085 0.442424
62.8447 0.444444
62.9614 0.446465
63.0843 0.448485
63.3039 0.450505
63.3559 0.452525
63.531 0.454545
63.7773 0.456566
63.8359 0.458586
63.8393 0.460606
64.1716 0.462626
64.3017 0.464646
64.5361 0.466667
64.5479 0.468687
64.5497 0.470707
64.8325 0.472727
64.893 0.474747
65.2033 0.476768
65.3012 0.478788
65.3764 0.480808
65.3797 0.482828
65.436 0.484848
65.5856 0.486869
65.5905 0.488889
66.1948 0.490909
66.2075 0.492929
67.3209 0.494949
67.5551 0.49697
68.3099 0.49899
68.5298 0.50101
68.6893 0.50303
69.0641 0.505051
70.0597 0.507071
70.3797 0.509091
70.5238 0.511111
70.5461 0.513131
70.8378 0.515152
71.1136 0.517172
71.4314 0.519192
71.6794 0.521212
71.8107 0.523232
71.9848 0.525253
72.0119 0.527273
72.0858 0.529293
72.1905 0.531313
72.2436 0.533333
72.2474 0.535354
72.3363 0.537374
72.39 0.539394
72.4838 0.541414
72.5388 0.543434
72.5509 0.545455
72.5722 0.547475
72.5811 0.549495
72.6203 0.551515
72.6416 0.553535
72.7143 0.555556
72.7276 0.557576
72.7756 0.559596
72.7797 0.561616
72.8467 0.563636
72.8747 0.565657
73.0413 0.567677
73.1519 0.569697
73.1629 0.571717
73.172 0.573737
73.1734 0.575758
73.1897 0.577778
73.2216 0.579798
73.2509 0.581818
73.2999 0.583838
73.3011 0.585859
73.3065 0.587879
73.3461 0.589899
73.4237 0.591919
73.4854 0.593939
73.8151 0.59596
73.8549 0.59798
73.9935 0.6
74.0191 0.60202
74.0456 0.60404
74.0697 0.606061
74.2331 0.608081
74.2569 0.610101
74.4079 0.612121
74.9774 0.614141
74.9816 0.616162
75.2763 0.618182
75.7072 0.620202
75.7974 0.622222
75.8118 0.624242
75.9323 0.626263
76.039 0.628283
76.2288 0.630303
76.301 0.632323
76.3095 0.634343
76.4096 0.636364
76.4491 0.638384
76.4621 0.640404
76.4672 0.642424
76.534 0.644444
76.5733 0.646465
76.6067 0.648485
76.7295 0.650505
76.7592 0.652525
76.7917 0.654545
76.8371 0.656566
76.8685 0.658586
77.0378 0.660606
77.1873 0.662626
77.2446 0.664646
77.259 0.666667
77.2601 0.668687
77.3086 0.670707
77.3716 0.672727
77.459 0.674747
77.5647 0.676768
77.5817 0.678788
77.6563 0.680808
77.7399 0.682828
78.1373 0.684848
78.3263 0.686869
78.3529 0.688889
78.3757 0.690909
78.5349 0.692929
78.5996 0.694949
78.6007 0.69697
78.6408 0.69899
78.6825 0.70101
78.7904 0.70303
79.0072 0.705051
79.0809 0.707071
79.1384 0.709091
79.2819 0.711111
79.295 0.713131
79.3601 0.715152
80.4543 0.717172
80.6928 0.719192
81.5437 0.721212
83.9274 0.723232
83.9898 0.725253
84.1311 0.727273
86.0311 0.729293
86.1969 0.731313
86.6835 0.733333
87.868 0.735354
87.9317 0.737374
88.3691 0.739394
88.5312 0.741414
88.5344 0.743434
88.8874 0.745455
88.9202 0.747475
88.927 0.749495
88.9506 0.751515
89.0571 0.753535
89.2814 0.755556
89.3071 0.757576
89.5471 0.759596
89.7194 0.761616
89.8477 0.763636
89.8563 0.765657
89.8704 0.767677
89.8776 0.769697
90.0481 0.771717
90.1905 0.773737
90.4766 0.775758
90.5067 0.777778
90.523 0.779798
90.6064 0.781818
90.613 0.783838
90.6583 0.785859
90.6951 0.787879
90.7456 0.789899
90.7995 0.791919
91.0205 0.793939
91.1641 0.79596
91.1847 0.79798
91.1927 0.8
91.2938 0.80202
91.3977 0.80404
91.7777 0.806061
91.8679 0.808081
91.9151 0.810101
92.0163 0.812121
92.084 0.814141
92.5453 0.816162
92.9708 0.818182
93.047 0.820202
93.2095 0.822222
93.6985 0.824242
94.3405 0.826263
94.9065 0.828283
95.0906 0.830303
95.1583 0.832323
96.3738 0.834343
97.6003 0.836364
97.8877 0.838384
98.3261 0.840404
98.3717 0.842424
98.9424 0.844444
99.4968 0.846465
100.572 0.848485
101.671 0.850505
102.496 0.852525
104.91 0.854545
106.328 0.856566
107.922 0.858586
107.982 0.860606
108.067 0.862626
109.757 0.864646
110.402 0.866667
110.804 0.868687
111.187 0.870707
111.489 0.872727
111.784 0.874747
111.842 0.876768
113.343 0.878788
113.557 0.880808
118.195 0.882828
119.996 0.884848
120.007 0.886869
125.927 0.888889
128.19 0.890909
132.93 0.892929
134.263 0.894949
154.383 0.89697
157.851 0.89899
158.528 0.90101
159.724 0.90303
167.402 0.905051
168.494 0.907071
174.898 0.909091
181.123 0.911111
181.344 0.913131
181.736 0.915152
183.2 0.917172
192.932 0.919192
194.689 0.921212
199.183 0.923232
200.645 0.925253
208.957 0.927273
213.833 0.929293
223.593 0.931313
230.5 0.933333
233.732 0.935354
242.726 0.937374
249.107 0.939394
256.574 0.941414
257.771 0.943434
261.531 0.945455
277.639 0.947475
278.483 0.949495
279.009 0.951515
302.62 0.953535
331.553 0.955556
337.237 0.957576
338.539 0.959596
346.416 0.961616
351.626 0.963636
353.053 0.965657
361.613 0.967677
364.825 0.969697
366.083 0.971717
386.046 0.973737
401.182 0.975758
417.04 0.977778
432.344 0.979798
440.246 0.981818
456.304 0.983838
458.332 0.985859
461.399 0.987879
479.406 0.989899
555.496 0.991919
556.971 0.993939
564.741 0.99596
577.044 0.99798
609.747 1
622.088 1.00202
702.16 1.00404
742.591 1.00606
866.871 1.00808
872.702 1.0101
1102.77 1.01212
1136.88 1.01414
