 102 108.102 198.819 90.717 83.900
 206 47.128 57.999 10.871 23.000
 308 28.9287 33.914 4.9853 17.200
 413 21.856 24.002 2.146 9.800
 518 17.4393 18.546 1.1067 6.300
 619 14.504 15.127 .623 4.200
 720 12.347 12.766 .419 3.300
 102 259.28 29038763.294 29038504.014 11199669.800
 206 126.05 263068.180 262942.130 208601.400
 308 86.7163 138076.338 137989.6217 159127.600
 413 62.4683 26362.019 26299.5507 42100.600
 518 49.5073 27151.826 27102.3187 54744.000
 619 41.958 5748.896 5706.938 13601.500
 720 36.0627 1380.566 1344.5033 3728.200
 102 175.43 79154147952199.352 79154147952023.922 45120075216339.200
 206 122.194 57274869546347.438 57274869546225.244 46872080090859.800
 308 81.276 504639015.855 504638934.579 620895386.800
 413 61.4057 350709.248 350647.8423 571034.600
 518 48.1167 2527.985 2479.8683 5153.800
 619 40.4953 157.091 116.5957 287.900
 720 35.1177 55.923 20.8053 59.200
 102 250.882 2642515.148 2642264.266 1053190.000
 206 135.88 89958.768 89822.888 66104.500
 308 92.668 56971.538 56878.870 61379.100
 413 66.78 11238.440 11171.660 16729.000
 518 50.7393 8684.584 8633.8447 17016.000
 619 42.495 2753.960 2711.465 6380.600
 720 36.4573 2042.408 2005.9507 5502.100
 102 147.845 276879238.922 276879091.077 187276601.200
 206 66.8337 235.806 168.9723 252.800
 308 42.774 60.810 18.036 42.100
 413 32.23 34.877 2.647 8.200
 518 24.5423 24.477 .0653 .200
 619 19.8797 18.827 1.0527 5.200
 720 16.0757 15.306 .7697 4.700
 102 248.642 17020477689655.132 17020477689406.490 6845375153596.900
 206 119.981 168407938.744 168407818.763 140362072.900
 308 61.4777 7611.219 7549.7413 12280.400
 413 43.0017 135.434 92.4323 214.900
 518 33.232 51.200 17.968 54.000
 619 24.3617 31.524 7.1623 29.300
 720 17.231 22.760 5.529 32.000
 102 127.228 6313070.919 6312943.691 4961913.800
 206 54.198 144.220 90.022 166.000
 308 35.2197 52.209 16.9893 48.200
 413 25.28 31.887 6.607 26.100
 518 20.5937 22.937 2.3433 11.300
 619 16.5463 17.912 1.3657 8.200
 720 14.465 14.697 .232 1.600
 102 247.056 215514606316808496.414 215514606316808249.358 87233099506511984.800
 206 120.586 19869451802.787 19869451682.201 16477411707.900
 308 70.526 609143.968 609073.442 863615.400
 413 46.344 830.771 784.427 1692.600
 518 34.2357 89.833 55.5973 162.300
 619 26.539 42.925 16.386 61.700
 720 21.76 28.119 6.359 29.200
 102 114.224 11157228.011 11157113.787 9767749.100
 206 50.8163 152.821 102.0047 200.700
 308 32.8113 53.328 20.5167 62.500
 413 24.6153 32.296 7.6807 31.200
 518 18.8067 23.134 4.3273 23.000
 619 15.8553 18.049 2.1937 13.800
 720 13.7807 14.791 1.0103 7.300
 102 175.407 55398378363709.849 55398378363534.442 31582763722961.100
 206 68.1993 275030.138 274961.9387 403174.100
 308 42.3917 200.699 158.3073 373.400
 413 31.263 58.511 27.248 87.100
 518 24.568 34.127 9.559 38.900
 619 20.2783 24.070 3.7917 18.600
 720 17.5813 18.594 1.0127 5.700
 102 246.935 17738457914.490 17738457667.555 7183452190.800
 206 125.462 7682326555.811 7682326430.349 6123229687.300
 308 81.6223 109955411.197 109955329.5747 134712363.600
 413 61.099 499302.440 499241.341 817102.300
 518 49.1773 2970.124 2920.9467 5939.600
 619 39.8147 183.987 144.1723 362.100
 720 33.604 59.340 25.736 76.500
 102 255.88 10963550129653.678 10963550129397.798 4284645196731.900
 206 128.049 5841907248.332 5841907120.283 4562243453.800
 308 86.3823 74333015.640 74332929.2577 86051111.400
 413 64.6147 3496679.137 3496614.5223 5411484.500
 518 51.2947 338339.889 338288.5943 659500.000
 619 41.787 52056.663 52014.876 124476.200
 720 36.0297 11171.431 11135.4013 30906.100
 102 140.108 274463450756.218 274463450616.110 195894203483.100
 206 55.7787 3577.528 3521.7493 6313.700
 308 35.32 95.134 59.814 169.300
 413 25.3887 44.032 18.6433 73.400
 518 20.5493 28.639 8.0897 39.300
 619 16.591 21.189 4.598 27.700
 720 14.3397 16.827 2.4873 17.300
 102 247.641 23503786.311 23503538.670 9490972.200
 206 122.352 129723705.671 129723583.319 106024898.000
 308 81.895 3100389.293 3100307.398 3785710.200
 413 60.3893 10683.432 10623.0427 17590.900
 102 108.102 198.819 90.717 83.900
 206 47.128 57.999 10.871 23.000
 308 28.9287 33.914 4.9853 17.200
 413 21.856 24.002 2.146 9.800
 518 17.4393 18.546 1.1067 6.300
 619 14.504 15.127 .623 4.200
 720 12.347 12.766 .419 3.300
 102 259.28 29038763.294 29038504.014 11199669.800
 206 126.05 263068.180 262942.130 208601.400
 308 86.7163 138076.338 137989.6217 159127.600
 413 62.4683 26362.019 26299.5507 42100.600
 518 49.5073 27151.826 27102.3187 54744.000
 619 41.958 5748.896 5706.938 13601.500
 720 36.0627 1380.566 1344.5033 3728.200
 102 175.43 79154147952199.352 79154147952023.922 45120075216339.200
 206 122.194 57274869546347.438 57274869546225.244 46872080090859.800
 308 81.276 504639015.855 504638934.579 620895386.800
 413 61.4057 350709.248 350647.8423 571034.600
 518 48.1167 2527.985 2479.8683 5153.800
 619 40.4953 157.091 116.5957 287.900
 720 35.1177 55.923 20.8053 59.200
 102 250.882 2642515.148 2642264.266 1053190.000
 206 135.88 89958.768 89822.888 66104.500
 308 92.668 56971.538 56878.870 61379.100
 413 66.78 11238.440 11171.660 16729.000
 518 50.7393 8684.584 8633.8447 17016.000
 619 42.495 2753.960 2711.465 6380.600
 720 36.4573 2042.408 2005.9507 5502.100
 102 147.845 276879238.922 276879091.077 187276601.200
 206 66.8337 235.806 168.9723 252.800
 308 42.774 60.810 18.036 42.100
 413 32.23 34.877 2.647 8.200
 518 24.5423 24.477 .0653 .200
 619 19.8797 18.827 1.0527 5.200
 720 16.0757 15.306 .7697 4.700
 102 248.642 17020477689655.132 17020477689406.490 6845375153596.900
 206 119.981 168407938.744 168407818.763 140362072.900
 308 61.4777 7611.219 7549.7413 12280.400
 413 43.0017 135.434 92.4323 214.900
 518 33.232 51.200 17.968 54.000
 619 24.3617 31.524 7.1623 29.300
 720 17.231 22.760 5.529 32.000
 102 127.228 6313070.919 6312943.691 4961913.800
 206 54.198 144.220 90.022 166.000
 308 35.2197 52.209 16.9893 48.200
 413 25.28 31.887 6.607 26.100
 518 20.5937 22.937 2.3433 11.300
 619 16.5463 17.912 1.3657 8.200
 720 14.465 14.697 .232 1.600
 102 247.056 215514606316808496.414 215514606316808249.358 87233099506511984.800
 206 120.586 19869451802.787 19869451682.201 16477411707.900
 308 70.526 609143.968 609073.442 863615.400
 413 46.344 830.771 784.427 1692.600
 518 34.2357 89.833 55.5973 162.300
 619 26.539 42.925 16.386 61.700
 720 21.76 28.119 6.359 29.200
 102 114.224 11157228.011 11157113.787 9767749.100
 206 50.8163 152.821 102.0047 200.700
 308 32.8113 53.328 20.5167 62.500
 413 24.6153 32.296 7.6807 31.200
 518 18.8067 23.134 4.3273 23.000
 619 15.8553 18.049 2.1937 13.800
 720 13.7807 14.791 1.0103 7.300
 102 175.407 55398378363709.849 55398378363534.442 31582763722961.100
 206 68.1993 275030.138 274961.9387 403174.100
 308 42.3917 200.699 158.3073 373.400
 413 31.263 58.511 27.248 87.100
 518 24.568 34.127 9.559 38.900
 619 20.2783 24.070 3.7917 18.600
 720 17.5813 18.594 1.0127 5.700
 102 246.935 17738457914.490 17738457667.555 7183452190.800
 206 125.462 7682326555.811 7682326430.349 6123229687.300
 308 81.6223 109955411.197 109955329.5747 134712363.600
 413 61.099 499302.440 499241.341 817102.300
 518 49.1773 2970.124 2920.9467 5939.600
 619 39.8147 183.987 144.1723 362.100
 720 33.604 59.340 25.736 76.500
 102 255.88 10963550129653.678 10963550129397.798 4284645196731.900
 206 128.049 5841907248.332 5841907120.283 4562243453.800
 308 86.3823 74333015.640 74332929.2577 86051111.400
 413 64.6147 3496679.137 3496614.5223 5411484.500
 518 51.2947 338339.889 338288.5943 659500.000
 619 41.787 52056.663 52014.876 124476.200
 720 36.0297 11171.431 11135.4013 30906.100
 102 140.108 274463450756.218 274463450616.110 195894203483.100
 206 55.7787 3577.528 3521.7493 6313.700
 308 35.32 95.134 59.814 169.300
 413 25.3887 44.032 18.6433 73.400
 518 20.5493 28.639 8.0897 39.300
 619 16.591 21.189 4.598 27.700
 720 14.3397 16.827 2.4873 17.300
 102 247.641 23503786.311 23503538.670 9490972.200
 206 122.352 129723705.671 129723583.319 106024898.000
 308 81.895 3100389.293 3100307.398 3785710.200
 413 60.3893 10683.432 10623.0427 17590.900
 518 45.05 212.008 166.958 370.600
 619 35.4507 61.493 26.0423 73.400
 720 29.3827 35.035 5.6523 19.200
 102 249.81 7197681.664 7197431.854 2881162.400
 206 124.495 79853393.469 79853268.974 64141747.800
 308 81.8787 11496245.065 11496163.1863 14040480.800
 413 62.1517 517453.045 517390.8933 832464.500
 518 49.4643 16557.244 16507.7797 33373.100
 619 40.7737 831.290 790.5163 1938.700
 720 35.0133 135.041 100.0277 285.600
 102 246.999 44638091.755 44637844.756 18072075.000
 206 123.518 108153237.504 108153113.986 87560609.700
 308 82.111 1246240.542 1246158.431 1517651.000
 413 56.2353 1318.973 1262.7377 2245.400
 518 41.7197 103.071 61.3513 147.000
 619 32.579 45.655 13.076 40.100
 720 26.9073 29.325 2.4177 8.900
 102 226.619 146956555166285398765.076 146956555166285398538.457 64847411367222253446.700
 206 108.258 385636301605.355 385636301497.097 356219680298.000
 308 71.07 5102748.076 5102677.006 7179790.300
 413 52.505 3721.256 3668.751 6987.400
 518 41.6317 142.868 101.2363 243.100
 619 34.541 52.714 18.173 52.600
 720 29.731 32.051 2.320 7.800
 102 252.515 57780435819563.827 57780435819311.312 22881981592899.900
 206 124.441 92052916279.050 92052916154.609 73973140809.300
 308 84.945 2076840688.555 2076840603.610 2444923896.100
 413 63.1537 41765876.428 41765813.2743 66133596.700
 518 50.1903 2098576.785 2098526.5947 4181139.700
 619 41.5333 191204.162 191162.6287 460263.500
 720 35.281 26636.876 26601.595 75399.200
 102 166.666 59006836626264.637 59006836626097.971 35404243592633.100
 206 79.2473 291141.222 291061.9747 367283.100
 308 51.8303 203.538 151.7077 292.700
 413 38.622 58.675 20.053 51.900
 518 30.6023 34.193 3.5907 11.700
 619 25.4943 24.111 1.3833 5.400
 720 21.5857 18.629 2.9567 13.600
 102 250.799 381.747 130.948 52.200
 206 71.7897 90.849 19.0593 26.500
 308 38.4663 43.034 4.5677 11.800
 413 26.2457 28.200 1.9543 7.400
 518 20.001 20.955 .954 4.700
 619 16.071 16.683 .612 3.800
 720 13.4697 13.831 .3613 2.600
 102 282.109 1155.153 873.044 309.400
 206 125.176 157.736 32.560 26.000
 308 62.253 77.166 14.913 23.900
 413 35.945 39.792 3.847 10.700
 518 25.0693 26.787 1.7177 6.800
 619 19.3183 20.165 .8467 4.300
 720 16.8547 16.183 .6717 3.900
 102 191.531 15236163956111768.453 15236163956111576.922 7954933643176079.500
 206 92.7693 52227873.546 52227780.7767 56298560.800
 308 60.5723 2115.559 2054.9867 3392.600
 413 42.0947 100.782 58.6873 139.400
 518 31.776 45.252 13.476 42.400
 619 25.791 29.108 3.317 12.800
 720 22.136 21.461 .675 3.000
 102 216.011 50376368793833.472 50376368793617.461 23321205306034.100
 206 124.434 6568428759396.229 6568428759271.795 5278644710667.300
 308 81.8463 8453662506.740 8453662424.8937 10328704443.400
 413 60.9297 3987488.153 3987427.2233 6544307.900
 518 49.1637 15275.900 15226.7363 30971.500
 619 40.3973 423.243 382.8457 947.700
 720 34.566 83.692 49.126 142.100
 102 264.279 48077.455 47813.176 18091.900
 206 129.171 56171.847 56042.676 43386.400
 308 84.693 800990.162 800905.469 945657.200
 413 41.8453 5253.959 5212.1137 12455.600
 518 39.3 2988.916 2949.616 7505.300
 619 30.441 505.966 475.525 1562.100
 720 16.4043 57.854 41.4497 252.600
 102 132.225 1966.080 1833.855 1386.900
 206 53.1113 80.773 27.6617 52.000
 308 32.7453 40.631 7.8857 24.000
 413 22.7017 27.156 4.4543 19.600
 518 17.967 20.398 2.431 13.500
 619 14.844 16.328 1.484 9.900
 720 12.7357 13.597 .8613 6.700
 102 138.891 5639.290 5500.399 3960.200
 206 54.5467 86.753 32.2063 59.000
 308 32.913 42.133 9.220 28.000
 413 23.1687 27.811 4.6423 20.000
 518 18.1723 20.758 2.5857 14.200
 619 14.919 16.561 1.642 11.000
 720 12.761 13.761 1.000 7.800
 102 266.546 600013664.993 600013398.447 225106885.200
 206 125.842 114772716.011 114772590.169 91203723.800
 308 85.1283 7048313.928 7048228.7997 8279536.600
 413 66.097 5785360.424 5785294.327 8752733.500
 518 50.445 1023087.116 1023036.671 2028023.900
 619 41.665 251534.530 251492.865 603607.000
 720 35.9423 77749.351 77713.4087 216217.100
 102 280.38 146139688.386 146139408.006 52121908.800
 206 143.573 4700038.758 4699895.185 3273523.000
 308 91.075 637439.865 637348.790 699806.500
 413 68.09 155970.498 155902.408 228965.200
 518 54.394 52728.758 52674.364 96838.500
 619 45.1093 21883.356 21838.2467 48411.800
 720 38.5413 10468.328 10429.7867 27061.300
 102 112.99 374660632.657 374660519.667 331587326.000
 206 49.8027 250.019 200.2163 402.000
 308 30.8333 61.766 30.9327 100.300
 413 22.2187 35.184 12.9653 58.300
 518 14.7633 24.592 9.8287 66.500
 619 13.7223 18.923 5.2007 37.800
 720 12.9823 15.376 2.3937 18.400
 102 93.3923 795.361 701.9687 751.600
 206 32.8277 74.752 41.9243 127.700
 308 20.2953 39.129 18.8337 92.700
 413 14.786 26.460 11.674 78.900
 518 11.744 19.906 8.162 69.400
 619 9.69833 16.042 6.34367 65.400
 720 8.29333 13.422 5.12867 61.800
 102 144.242 1015820039332817.797 1015820039332673.555 704247056566515.600
 206 72.4583 359989974.753 359989902.2947 496823555.400
 308 47.6707 45023.306 44975.6353 94346.400
 413 35.678 377.815 342.137 958.900
 518 24.9507 73.138 48.1873 193.100
 619 11.722 38.364 26.642 227.200
 720 11.3183 26.235 14.9167 131.700
 102 143.43 26313.359 26169.929 18245.700
 206 42.892 96.133 53.241 124.100
 308 25.6687 44.235 18.5663 72.300
 413 17.5847 28.712 11.1273 63.200
 518 13.9173 21.250 7.3327 52.600
 619 10.7937 16.875 6.0813 56.300
 720 9.36967 13.995 4.62533 49.300
 102 288.206 26792.427 26504.221 9196.200
 206 137.144 2027.274 1890.130 1378.200
 308 90.6543 495.740 405.0857 446.800
 413 62.455 340.930 278.475 445.800
 518 49.2197 939.835 890.6153 1809.400
 619 39.176 1197.327 1158.151 2956.200
 720 27.5723 131.940 104.3677 378.500
 102 371.821 3294954958949417022.013 3294954958949416650.192 886166988671811611.000
 206 177.39 31093076144825.016 31093076144647.626 17528088474348.900
 308 108.657 354490168.725 354490060.068 326246868.600
 413 77.1237 151196.569 151119.4453 195944.200
 518 60.1813 925.319 865.1377 1437.500
 619 48.4417 103.230 54.7883 113.100
 720 40.3217 46.070 5.7483 14.200
 102 283.59 15579981045871079306375.168 15579981045871079306091.578 5493840066952670865013.400
 206 132.343 37921809285883.002 37921809285750.659 28654185930310.300
 308 85.0743 425734298.189 425734213.1147 500426348.600
 413 61.5943 182688.686 182627.0917 296499.900
 518 48.0623 1055.178 1007.1157 2095.400
 619 40.1777 107.790 67.6123 168.200
 720 34.077 46.995 12.918 37.900
 102 369.754 53911383917.035 53911383547.281 14580338156.500
 206 115.257 3283.066 3167.809 2748.400
 308 57.6677 93.959 36.2913 62.900
 413 38.3637 43.233 4.8693 12.600
 518 29.3897 28.393 .9967 3.300
 619 23.882 21.052 2.830 11.800
 720 20.1817 16.675 3.5067 17.300
 102 400.074 133321.523 132921.449 33224.200
 206 186.946 224225.198 224038.252 119841.100
 308 118.027 2556.060 2438.033 2065.600
 413 60.3433 103.444 43.1007 71.400
 518 49.1723 46.006 3.1663 6.400
 619 32.7693 29.476 3.2933 10.000
 720 25.523 21.578 3.945 15.400
 102 246.13 21833993907836.026 21833993907589.896 8870919395274.800
 206 111.471 118640.762 118529.291 106331.900
 308 71.4413 166.675 95.2337 133.300
 413 51.9903 55.050 3.0597 5.800
 518 40.954 32.899 8.055 19.600
 619 33.802 23.455 10.347 30.600
 720 28.9983 18.255 10.7433 37.000
 102 373.599 270061400476626732.564 270061400476626358.965 72286435583774677.900
 206 185.441 319599586714674.176 319599586714488.735 172345698477946.400
 308 115.578 9884414721.360 9884414605.782 8552159239.400
 413 81.3163 3568251.248 3568169.9317 4388013.100
 518 61.5197 11398.217 11336.6973 18427.700
 619 49.3707 323.111 273.7403 554.400
 720 40.5513 74.483 33.9317 83.600
 102 371.039 2908274368.102 2908273997.063 783818950.800
 206 129.413 52810.055 52680.642 40707.300
 308 71.148 142.673 71.525 100.500
 413 49.3087 52.101 2.7923 5.600
 518 36.956 31.801 5.155 13.900
 619 30.0213 22.896 7.1253 23.700
 720 24.7613 17.892 6.8693 27.700
 102 244.579 602057229.352 602056984.773 246160539.000
 206 123.671 1795.604 1671.933 1351.900
 308 48.082 91.666 43.584 90.600
 413 34.814 43.683 8.869 25.400
 518 27.4497 28.409 .9593 3.400
 619 22.5237 21.148 1.3757 6.100
 720 19.2183 16.792 2.4263 12.600
 102 154.622 1124.679 970.057 627.300
 206 66.508 171.376 104.868 157.600
 308 36.1513 54.939 18.7877 51.900
 413 25.422 32.788 7.366 28.900
 518 19.6867 23.347 3.6603 18.500
 619 16.0877 18.199 2.1113 13.100
 720 13.6383 14.908 1.2697 9.300
 102 96.888 185.712 88.824 91.600
 206 46.2213 56.729 10.5077 22.700
 308 30.658 33.504 2.846 9.200
 413 22.9293 23.777 .8477 3.600
 518 18.318 18.415 .097 .500
 619 15.195 15.045 .150 .900
 720 13.0457 12.696 .3497 2.600
 102 274.921 9271059351.879 9271059076.958 3372262968.900
 206 137.223 76084175.462 76084038.239 55445543.500
 308 91.4383 4689496.805 4689405.3667 5128491.400
 413 68.459 660758.097 660689.638 965088.000
 518 54.7883 146805.620 146750.8317 267850.600
 619 45.7403 43578.205 43532.4647 95173.100
 720 39.2227 15795.909 15756.6863 40172.300
 102 108.259 151709.122 151600.863 140035.300
 206 53.5107 204.308 150.7973 281.800
 308 33.9337 61.220 27.2863 80.400
 413 23.684 33.976 10.292 43.400
 518 20.8827 24.526 3.6433 17.400
 619 15.1297 18.486 3.3563 22.100
 720 13.3027 15.329 2.0263 15.200
 102 120.867 684.359 563.492 466.200
 206 56.5843 73.359 16.7747 29.600
 308 36.833 38.747 1.914 5.100
 413 27.3917 26.398 .9937 3.600
 518 21.7583 19.873 1.8853 8.600
 619 18.093 16.001 2.092 11.500
 720 15.448 13.398 2.050 13.200
 102 208.991 1837.793 1628.802 779.300
 206 123.537 1827.512 1703.975 1379.300
 308 52.672 126.290 73.618 139.700
 413 32.664 50.278 17.614 53.900
 518 23.3433 31.047 7.7037 33.000
 619 18.1473 22.527 4.3797 24.100
 720 15.152 17.681 2.529 16.600
 102 205.803 33313.914 33108.111 16087.200
 206 124.412 29339.607 29215.195 23482.600
 308 82.648 7404.021 7321.373 8858.400
 413 61.9777 524.533 462.5553 746.300
 518 49.6907 98.811 49.1203 98.800
 619 39.0557 45.355 6.2993 16.100
 720 20.0527 29.173 9.1203 45.400
 102 281.819 81077525840433286.758 81077525840433004.939 28769361129105207.500
 206 117.921 13845374635.417 13845374517.496 11741228888.400
 308 72.7767 225843.092 225770.3153 310223.300
 413 51.6597 472.227 420.5673 814.100
 518 39.1467 76.546 37.3993 95.500
 619 31.5883 39.566 7.9777 25.200
 720 26.4437 26.645 .2013 .700
 102 249.674 388133213133592.903 388133213133343.229 155455999877177.100
 206 124.043 34445834689.331 34445834565.288 27769269177.000
 308 82.2933 42008854.479 42008772.1857 51047621.300
 413 61.105 458220.625 458159.520 749790.500
 518 49.584 9422.323 9372.739 18902.700
 619 40.7823 442.739 401.9567 985.600
 720 35.0883 90.713 55.6247 158.500
 102 239.179 18411763282421502.033 18411763282421262.854 7697901271608821.300
 206 104.273 62590373.273 62590269.000 60025384.300
 308 62.843 2384.960 2322.117 3695.100
 413 44.051 103.854 59.803 135.700
 518 33.6753 45.760 12.0847 35.800
 619 26.9417 29.353 2.4113 8.900
 720 22.8313 21.590 1.2413 5.400
 102 248.35 115282672939506526742.937 115282672939506526494.587 46419437463058798669.000
 206 123.868 35013524040678.359 35013524040554.491 28266803404070.800
 308 82.3047 1599527204.381 1599527122.0763 1943421362.400
 413 61.4027 807023.984 806962.5813 1314213.500
 518 49.1317 4316.741 4267.6093 8686.000
 619 40.2163 195.920 155.7037 387.100
 720 33.9637 60.815 26.8513 79.000
 102 252.939 1090087147877.580 1090087147624.641 430968394602.900
 206 125.993 1159450690.068 1159450564.075 920249985.300
 308 85.6653 97173081.248 97172995.5827 113433321.900
 413 63.8637 4552888.913 4552825.0493 7128971.600
 518 50.3387 438370.451 438320.1123 870741.800
 619 41.5367 67025.553 66984.0163 161264.600
 720 35.892 14304.372 14268.480 39753.900
 102 187.05 52296463632379764.981 52296463632379577.931 27958547785287130.600
 206 90.619 170321185.710 170321095.091 187952962.500
 308 59.3587 5053.548 4994.1893 8413.500
 413 43.6317 122.736 79.1043 181.300
 518 34.3407 49.201 14.8603 43.200
 619 28.447 30.746 2.299 8.000
 720 23.9067 22.327 1.5797 6.600
 102 281.543 5523.292 5241.749 1861.700
 206 138.193 505.856 367.663 266.000
 308 86.78 151.166 64.386 74.100
 413 63.6613 72.151 8.4897 13.300
 518 50.347 48.414 1.933 3.800
 619 40.8047 34.419 6.3857 15.600
 720 31.1123 24.527 6.5853 21.100
 102 108.102 198.819 90.717 83.900
 206 47.128 57.999 10.871 23.000
 308 28.9287 33.914 4.9853 17.200
 413 21.856 24.002 2.146 9.800
 518 17.4393 18.546 1.1067 6.300
 619 14.504 15.127 .623 4.200
 720 12.347 12.766 .419 3.300
 102 259.28 29038763.294 29038504.014 11199669.800
 206 126.05 263068.180 262942.130 208601.400
 308 86.7163 138076.338 137989.6217 159127.600
 413 62.4683 26362.019 26299.5507 42100.600
 518 49.5073 27151.826 27102.3187 54744.000
 619 41.958 5748.896 5706.938 13601.500
 720 36.0627 1380.566 1344.5033 3728.200
 102 175.43 79154147952199.352 79154147952023.922 45120075216339.200
 206 122.194 57274869546347.438 57274869546225.244 46872080090859.800
 308 81.276 504639015.855 504638934.579 620895386.800
 413 61.4057 350709.248 350647.8423 571034.600
 518 48.1167 2527.985 2479.8683 5153.800
 619 40.4953 157.091 116.5957 287.900
 720 35.1177 55.923 20.8053 59.200
 102 250.882 2642515.148 2642264.266 1053190.000
 206 135.88 89958.768 89822.888 66104.500
 308 92.668 56971.538 56878.870 61379.100
 413 66.78 11238.440 11171.660 16729.000
 518 50.7393 8684.584 8633.8447 17016.000
 619 42.495 2753.960 2711.465 6380.600
 720 36.4573 2042.408 2005.9507 5502.100
 102 147.845 276879238.922 276879091.077 187276601.200
 206 66.8337 235.806 168.9723 252.800
 308 42.774 60.810 18.036 42.100
 413 32.23 34.877 2.647 8.200
 518 24.5423 24.477 .0653 .200
 619 19.8797 18.827 1.0527 5.200
 720 16.0757 15.306 .7697 4.700
 102 248.642 17020477689655.132 17020477689406.490 6845375153596.900
 206 119.981 168407938.744 168407818.763 140362072.900
 308 61.4777 7611.219 7549.7413 12280.400
 413 43.0017 135.434 92.4323 214.900
 518 33.232 51.200 17.968 54.000
 619 24.3617 31.524 7.1623 29.300
 720 17.231 22.760 5.529 32.000
 102 127.228 6313070.919 6312943.691 4961913.800
 206 54.198 144.220 90.022 166.000
 308 35.2197 52.209 16.9893 48.200
 413 25.28 31.887 6.607 26.100
 518 20.5937 22.937 2.3433 11.300
 619 16.5463 17.912 1.3657 8.200
 720 14.465 14.697 .232 1.600
 102 247.056 215514606316808496.414 215514606316808249.358 87233099506511984.800
 206 120.586 19869451802.787 19869451682.201 16477411707.900
 308 70.526 609143.968 609073.442 863615.400
 413 46.344 830.771 784.427 1692.600
 518 34.2357 89.833 55.5973 162.300
 619 26.539 42.925 16.386 61.700
 720 21.76 28.119 6.359 29.200
 102 114.224 11157228.011 11157113.787 9767749.100
 206 50.8163 152.821 102.0047 200.700
 308 32.8113 53.328 20.5167 62.500
 413 24.6153 32.296 7.6807 31.200
 518 18.8067 23.134 4.3273 23.000
 619 15.8553 18.049 2.1937 13.800
 720 13.7807 14.791 1.0103 7.300
 102 175.407 55398378363709.849 55398378363534.442 31582763722961.100
 206 68.1993 275030.138 274961.9387 403174.100
 308 42.3917 200.699 158.3073 373.400
 413 31.263 58.511 27.248 87.100
 518 24.568 34.127 9.559 38.900
 619 20.2783 24.070 3.7917 18.600
 720 17.5813 18.594 1.0127 5.700
 102 246.935 17738457914.490 17738457667.555 7183452190.800
 206 125.462 7682326555.811 7682326430.349 6123229687.300
 308 81.6223 109955411.197 109955329.5747 134712363.600
 413 61.099 499302.440 499241.341 817102.300
 518 49.1773 2970.124 2920.9467 5939.600
 619 39.8147 183.987 144.1723 362.100
 720 33.604 59.340 25.736 76.500
 102 255.88 10963550129653.678 10963550129397.798 4284645196731.900
 206 128.049 5841907248.332 5841907120.283 4562243453.800
 308 86.3823 74333015.640 74332929.2577 86051111.400
 413 64.6147 3496679.137 3496614.5223 5411484.500
 518 51.2947 338339.889 338288.5943 659500.000
 619 41.787 52056.663 52014.876 124476.200
 720 36.0297 11171.431 11135.4013 30906.100
 102 140.108 274463450756.218 274463450616.110 195894203483.100
 206 55.7787 3577.528 3521.7493 6313.700
 308 35.32 95.134 59.814 169.300
 413 25.3887 44.032 18.6433 73.400
 518 20.5493 28.639 8.0897 39.300
 619 16.591 21.189 4.598 27.700
 720 14.3397 16.827 2.4873 17.300
 102 247.641 23503786.311 23503538.670 9490972.200
 206 122.352 129723705.671 129723583.319 106024898.000
 308 81.895 3100389.293 3100307.398 3785710.200
 413 60.3893 10683.432 10623.0427 17590.900
 518 45.05 212.008 166.958 370.600
 619 35.4507 61.493 26.0423 73.400
 720 29.3827 35.035 5.6523 19.200
 102 249.81 7197681.664 7197431.854 2881162.400
 206 124.495 79853393.469 79853268.974 64141747.800
 308 81.8787 11496245.065 11496163.1863 14040480.800
 413 62.1517 517453.045 517390.8933 832464.500
 518 49.4643 16557.244 16507.7797 33373.100
 619 40.7737 831.290 790.5163 1938.700
 720 35.0133 135.041 100.0277 285.600
 102 246.999 44638091.755 44637844.756 18072075.000
 206 123.518 108153237.504 108153113.986 87560609.700
 308 82.111 1246240.542 1246158.431 1517651.000
 413 56.2353 1318.973 1262.7377 2245.400
 518 41.7197 103.071 61.3513 147.000
 619 32.579 45.655 13.076 40.100
 720 26.9073 29.325 2.4177 8.900
 102 226.619 146956555166285398765.076 146956555166285398538.457 64847411367222253446.700
 206 108.258 385636301605.355 385636301497.097 356219680298.000
 308 71.07 5102748.076 5102677.006 7179790.300
 413 52.505 3721.256 3668.751 6987.400
 518 41.6317 142.868 101.2363 243.100
 619 34.541 52.714 18.173 52.600
 720 29.731 32.051 2.320 7.800
 102 252.515 57780435819563.827 57780435819311.312 22881981592899.900
 206 124.441 92052916279.050 92052916154.609 73973140809.300
 308 84.945 2076840688.555 2076840603.610 2444923896.100
 413 63.1537 41765876.428 41765813.2743 66133596.700
 518 50.1903 2098576.785 2098526.5947 4181139.700
 619 41.5333 191204.162 191162.6287 460263.500
 720 35.281 26636.876 26601.595 75399.200
 102 166.666 59006836626264.637 59006836626097.971 35404243592633.100
 206 79.2473 291141.222 291061.9747 367283.100
 308 51.8303 203.538 151.7077 292.700
 413 38.622 58.675 20.053 51.900
 518 30.6023 34.193 3.5907 11.700
 619 25.4943 24.111 1.3833 5.400
 720 21.5857 18.629 2.9567 13.600
 102 250.799 381.747 130.948 52.200
 206 71.7897 90.849 19.0593 26.500
 308 38.4663 43.034 4.5677 11.800
 413 26.2457 28.200 1.9543 7.400
 518 20.001 20.955 .954 4.700
 619 16.071 16.683 .612 3.800
 720 13.4697 13.831 .3613 2.600
 102 282.109 1155.153 873.044 309.400
 206 125.176 157.736 32.560 26.000
 308 62.253 77.166 14.913 23.900
 413 35.945 39.792 3.847 10.700
 518 25.0693 26.787 1.7177 6.800
 619 19.3183 20.165 .8467 4.300
 720 16.8547 16.183 .6717 3.900
 102 191.531 15236163956111768.453 15236163956111576.922 7954933643176079.500
 206 92.7693 52227873.546 52227780.7767 56298560.800
 308 60.5723 2115.559 2054.9867 3392.600
 413 42.0947 100.782 58.6873 139.400
 518 31.776 45.252 13.476 42.400
 619 25.791 29.108 3.317 12.800
 720 22.136 21.461 .675 3.000
 102 216.011 50376368793833.472 50376368793617.461 23321205306034.100
 206 124.434 6568428759396.229 6568428759271.795 5278644710667.300
 308 81.8463 8453662506.740 8453662424.8937 10328704443.400
 413 60.9297 3987488.153 3987427.2233 6544307.900
 518 49.1637 15275.900 15226.7363 30971.500
 619 40.3973 423.243 382.8457 947.700
 720 34.566 83.692 49.126 142.100
 102 264.279 48077.455 47813.176 18091.900
 206 129.171 56171.847 56042.676 43386.400
 308 84.693 800990.162 800905.469 945657.200
 413 41.8453 5253.959 5212.1137 12455.600
 518 39.3 2988.916 2949.616 7505.300
 619 30.441 505.966 475.525 1562.100
 720 16.4043 57.854 41.4497 252.600
 102 132.225 1966.080 1833.855 1386.900
 206 53.1113 80.773 27.6617 52.000
 308 32.7453 40.631 7.8857 24.000
 413 22.7017 27.156 4.4543 19.600
 518 17.967 20.398 2.431 13.500
 619 14.844 16.328 1.484 9.900
 720 12.7357 13.597 .8613 6.700
 102 138.891 5639.290 5500.399 3960.200
 206 54.5467 86.753 32.2063 59.000
 308 32.913 42.133 9.220 28.000
 413 23.1687 27.811 4.6423 20.000
 518 18.1723 20.758 2.5857 14.200
 619 14.919 16.561 1.642 11.000
 720 12.761 13.761 1.000 7.800
 102 266.546 600013664.993 600013398.447 225106885.200
 206 125.842 114772716.011 114772590.169 91203723.800
 308 85.1283 7048313.928 7048228.7997 8279536.600
 413 66.097 5785360.424 5785294.327 8752733.500
 518 50.445 1023087.116 1023036.671 2028023.900
 619 41.665 251534.530 251492.865 603607.000
 720 35.9423 77749.351 77713.4087 216217.100
 102 280.38 146139688.386 146139408.006 52121908.800
 206 143.573 4700038.758 4699895.185 3273523.000
 308 91.075 637439.865 637348.790 699806.500
 413 68.09 155970.498 155902.408 228965.200
 518 54.394 52728.758 52674.364 96838.500
 619 45.1093 21883.356 21838.2467 48411.800
 720 38.5413 10468.328 10429.7867 27061.300
 102 112.99 374660632.657 374660519.667 331587326.000
 206 49.8027 250.019 200.2163 402.000
 308 30.8333 61.766 30.9327 100.300
 413 22.2187 35.184 12.9653 58.300
 518 14.7633 24.592 9.8287 66.500
 619 13.7223 18.923 5.2007 37.800
 720 12.9823 15.376 2.3937 18.400
 102 93.3923 795.361 701.9687 751.600
 206 32.8277 74.752 41.9243 127.700
 308 20.2953 39.129 18.8337 92.700
 413 14.786 26.460 11.674 78.900
 518 11.744 19.906 8.162 69.400
 619 9.69833 16.042 6.34367 65.400
 720 8.29333 13.422 5.12867 61.800
 102 144.242 1015820039332817.797 1015820039332673.555 704247056566515.600
 206 72.4583 359989974.753 359989902.2947 496823555.400
 308 47.6707 45023.306 44975.6353 94346.400
 413 35.678 377.815 342.137 958.900
 518 24.9507 73.138 48.1873 193.100
 619 11.722 38.364 26.642 227.200
 720 11.3183 26.235 14.9167 131.700
 102 143.43 26313.359 26169.929 18245.700
 206 42.892 96.133 53.241 124.100
 308 25.6687 44.235 18.5663 72.300
 413 17.5847 28.712 11.1273 63.200
 518 13.9173 21.250 7.3327 52.600
 619 10.7937 16.875 6.0813 56.300
 720 9.36967 13.995 4.62533 49.300
 102 288.206 26792.427 26504.221 9196.200
 206 137.144 2027.274 1890.130 1378.200
 308 90.6543 495.740 405.0857 446.800
 413 62.455 340.930 278.475 445.800
 518 49.2197 939.835 890.6153 1809.400
 619 39.176 1197.327 1158.151 2956.200
 720 27.5723 131.940 104.3677 378.500
 102 371.821 3294954958949417022.013 3294954958949416650.192 886166988671811611.000
 206 177.39 31093076144825.016 31093076144647.626 17528088474348.900
 308 108.657 354490168.725 354490060.068 326246868.600
 413 77.1237 151196.569 151119.4453 195944.200
 518 60.1813 925.319 865.1377 1437.500
 619 48.4417 103.230 54.7883 113.100
 720 40.3217 46.070 5.7483 14.200
 102 283.59 15579981045871079306375.168 15579981045871079306091.578 5493840066952670865013.400
 206 132.343 37921809285883.002 37921809285750.659 28654185930310.300
 308 85.0743 425734298.189 425734213.1147 500426348.600
 413 61.5943 182688.686 182627.0917 296499.900
 518 48.0623 1055.178 1007.1157 2095.400
 619 40.1777 107.790 67.6123 168.200
 720 34.077 46.995 12.918 37.900
 102 369.754 53911383917.035 53911383547.281 14580338156.500
 206 115.257 3283.066 3167.809 2748.400
 308 57.6677 93.959 36.2913 62.900
 413 38.3637 43.233 4.8693 12.600
 518 29.3897 28.393 .9967 3.300
 619 23.882 21.052 2.830 11.800
 720 20.1817 16.675 3.5067 17.300
 102 400.074 133321.523 132921.449 33224.200
 206 186.946 224225.198 224038.252 119841.100
 308 118.027 2556.060 2438.033 2065.600
 413 60.3433 103.444 43.1007 71.400
 518 49.1723 46.006 3.1663 6.400
 619 32.7693 29.476 3.2933 10.000
 720 25.523 21.578 3.945 15.400
 102 246.13 21833993907836.026 21833993907589.896 8870919395274.800
 206 111.471 118640.762 118529.291 106331.900
 308 71.4413 166.675 95.2337 133.300
 413 51.9903 55.050 3.0597 5.800
 518 40.954 32.899 8.055 19.600
 619 33.802 23.455 10.347 30.600
 720 28.9983 18.255 10.7433 37.000
 102 373.599 270061400476626732.564 270061400476626358.965 72286435583774677.900
 206 185.441 319599586714674.176 319599586714488.735 172345698477946.400
 308 115.578 9884414721.360 9884414605.782 8552159239.400
 413 81.3163 3568251.248 3568169.9317 4388013.100
 518 61.5197 11398.217 11336.6973 18427.700
 619 49.3707 323.111 273.7403 554.400
 720 40.5513 74.483 33.9317 83.600
 102 371.039 2908274368.102 2908273997.063 783818950.800
 206 129.413 52810.055 52680.642 40707.300
 308 71.148 142.673 71.525 100.500
 413 49.3087 52.101 2.7923 5.600
 518 36.956 31.801 5.155 13.900
 619 30.0213 22.896 7.1253 23.700
 720 24.7613 17.892 6.8693 27.700
 102 244.579 602057229.352 602056984.773 246160539.000
 206 123.671 1795.604 1671.933 1351.900
 308 48.082 91.666 43.584 90.600
 413 34.814 43.683 8.869 25.400
 518 27.4497 28.409 .9593 3.400
 619 22.5237 21.148 1.3757 6.100
 720 19.2183 16.792 2.4263 12.600
 102 154.622 1124.679 970.057 627.300
 206 66.508 171.376 104.868 157.600
 308 36.1513 54.939 18.7877 51.900
 413 25.422 32.788 7.366 28.900
 518 19.6867 23.347 3.6603 18.500
 619 16.0877 18.199 2.1113 13.100
 720 13.6383 14.908 1.2697 9.300
 102 96.888 185.712 88.824 91.600
 206 46.2213 56.729 10.5077 22.700
 308 30.658 33.504 2.846 9.200
 413 22.9293 23.777 .8477 3.600
 518 18.318 18.415 .097 .500
 619 15.195 15.045 .150 .900
 720 13.0457 12.696 .3497 2.600
 102 274.921 9271059351.879 9271059076.958 3372262968.900
 206 137.223 76084175.462 76084038.239 55445543.500
 308 91.4383 4689496.805 4689405.3667 5128491.400
 413 68.459 660758.097 660689.638 965088.000
 518 54.7883 146805.620 146750.8317 267850.600
 619 45.7403 43578.205 43532.4647 95173.100
 720 39.2227 15795.909 15756.6863 40172.300
 102 108.259 151709.122 151600.863 140035.300
 206 53.5107 204.308 150.7973 281.800
 308 33.9337 61.220 27.2863 80.400
 413 23.684 33.976 10.292 43.400
 518 20.8827 24.526 3.6433 17.400
 619 15.1297 18.486 3.3563 22.100
 720 13.3027 15.329 2.0263 15.200
 102 120.867 684.359 563.492 466.200
 206 56.5843 73.359 16.7747 29.600
 308 36.833 38.747 1.914 5.100
 413 27.3917 26.398 .9937 3.600
 518 21.7583 19.873 1.8853 8.600
 619 18.093 16.001 2.092 11.500
 720 15.448 13.398 2.050 13.200
 102 208.991 1837.793 1628.802 779.300
 206 123.537 1827.512 1703.975 1379.300
 308 52.672 126.290 73.618 139.700
 413 32.664 50.278 17.614 53.900
 518 23.3433 31.047 7.7037 33.000
 619 18.1473 22.527 4.3797 24.100
 720 15.152 17.681 2.529 16.600
 102 205.803 33313.914 33108.111 16087.200
 206 124.412 29339.607 29215.195 23482.600
 308 82.648 7404.021 7321.373 8858.400
 413 61.9777 524.533 462.5553 746.300
 518 49.6907 98.811 49.1203 98.800
 619 39.0557 45.355 6.2993 16.100
 720 20.0527 29.173 9.1203 45.400
 102 281.819 81077525840433286.758 81077525840433004.939 28769361129105207.500
 206 117.921 13845374635.417 13845374517.496 11741228888.400
 308 72.7767 225843.092 225770.3153 310223.300
 413 51.6597 472.227 420.5673 814.100
 518 39.1467 76.546 37.3993 95.500
 619 31.5883 39.566 7.9777 25.200
 720 26.4437 26.645 .2013 .700
 102 249.674 388133213133592.903 388133213133343.229 155455999877177.100
 206 124.043 34445834689.331 34445834565.288 27769269177.000
 308 82.2933 42008854.479 42008772.1857 51047621.300
 413 61.105 458220.625 458159.520 749790.500
 518 49.584 9422.323 9372.739 18902.700
 619 40.7823 442.739 401.9567 985.600
 720 35.0883 90.713 55.6247 158.500
 102 239.179 18411763282421502.033 18411763282421262.854 7697901271608821.300
 206 104.273 62590373.273 62590269.000 60025384.300
 308 62.843 2384.960 2322.117 3695.100
 413 44.051 103.854 59.803 135.700
 518 33.6753 45.760 12.0847 35.800
 619 26.9417 29.353 2.4113 8.900
 720 22.8313 21.590 1.2413 5.400
 102 248.35 115282672939506526742.937 115282672939506526494.587 46419437463058798669.000
 206 123.868 35013524040678.359 35013524040554.491 28266803404070.800
 308 82.3047 1599527204.381 1599527122.0763 1943421362.400
 413 61.4027 807023.984 806962.5813 1314213.500
 518 49.1317 4316.741 4267.6093 8686.000
 619 40.2163 195.920 155.7037 387.100
 720 33.9637 60.815 26.8513 79.000
 102 252.939 1090087147877.580 1090087147624.641 430968394602.900
 206 125.993 1159450690.068 1159450564.075 920249985.300
 308 85.6653 97173081.248 97172995.5827 113433321.900
 413 63.8637 4552888.913 4552825.0493 7128971.600
 518 50.3387 438370.451 438320.1123 870741.800
 619 41.5367 67025.553 66984.0163 161264.600
 720 35.892 14304.372 14268.480 39753.900
 102 187.05 52296463632379764.981 52296463632379577.931 27958547785287130.600
 206 90.619 170321185.710 170321095.091 187952962.500
 308 59.3587 5053.548 4994.1893 8413.500
 413 43.6317 122.736 79.1043 181.300
 518 34.3407 49.201 14.8603 43.200
 619 28.447 30.746 2.299 8.000
 720 23.9067 22.327 1.5797 6.600
 102 281.543 5523.292 5241.749 1861.700
 206 138.193 505.856 367.663 266.000
 308 86.78 151.166 64.386 74.100
 413 63.6613 72.151 8.4897 13.300
 518 50.347 48.414 1.933 3.800
 619 40.8047 34.419 6.3857 15.600
 720 31.1123 24.527 6.5853 21.100
 102 108.102 198.819 90.717 83.900
 206 47.128 57.999 10.871 23.000
 308 28.9287 33.914 4.9853 17.200
 413 21.856 24.002 2.146 9.800
 518 17.4393 18.546 1.1067 6.300
 619 14.504 15.127 .623 4.200
 720 12.347 12.766 .419 3.300
 102 259.28 29038763.294 29038504.014 11199669.800
 206 126.05 263068.180 262942.130 208601.400
 308 86.7163 138076.338 137989.6217 159127.600
 413 62.4683 26362.019 26299.5507 42100.600
 518 49.5073 27151.826 27102.3187 54744.000
 619 41.958 5748.896 5706.938 13601.500
 720 36.0627 1380.566 1344.5033 3728.200
 102 175.43 79154147952199.352 79154147952023.922 45120075216339.200
 206 122.194 57274869546347.438 57274869546225.244 46872080090859.800
 308 81.276 504639015.855 504638934.579 620895386.800
 413 61.4057 350709.248 350647.8423 571034.600
 518 48.1167 2527.985 2479.8683 5153.800
 619 40.4953 157.091 116.5957 287.900
 720 35.1177 55.923 20.8053 59.200
 102 250.882 2642515.148 2642264.266 1053190.000
 206 135.88 89958.768 89822.888 66104.500
 308 92.668 56971.538 56878.870 61379.100
 413 66.78 11238.440 11171.660 16729.000
 518 50.7393 8684.584 8633.8447 17016.000
 619 42.495 2753.960 2711.465 6380.600
 720 36.4573 2042.408 2005.9507 5502.100
 102 147.845 276879238.922 276879091.077 187276601.200
 206 66.8337 235.806 168.9723 252.800
 308 42.774 60.810 18.036 42.100
 413 32.23 34.877 2.647 8.200
 518 24.5423 24.477 .0653 .200
 619 19.8797 18.827 1.0527 5.200
 720 16.0757 15.306 .7697 4.700
 102 248.642 17020477689655.132 17020477689406.490 6845375153596.900
 206 119.981 168407938.744 168407818.763 140362072.900
 308 61.4777 7611.219 7549.7413 12280.400
 413 43.0017 135.434 92.4323 214.900
 518 33.232 51.200 17.968 54.000
 619 24.3617 31.524 7.1623 29.300
 720 17.231 22.760 5.529 32.000
 102 127.228 6313070.919 6312943.691 4961913.800
 206 54.198 144.220 90.022 166.000
 308 35.2197 52.209 16.9893 48.200
 413 25.28 31.887 6.607 26.100
 518 20.5937 22.937 2.3433 11.300
 619 16.5463 17.912 1.3657 8.200
 720 14.465 14.697 .232 1.600
 102 247.056 215514606316808496.414 215514606316808249.358 87233099506511984.800
 206 120.586 19869451802.787 19869451682.201 16477411707.900
 308 70.526 609143.968 609073.442 863615.400
 413 46.344 830.771 784.427 1692.600
 518 34.2357 89.833 55.5973 162.300
 619 26.539 42.925 16.386 61.700
 720 21.76 28.119 6.359 29.200
 102 114.224 11157228.011 11157113.787 9767749.100
 206 50.8163 152.821 102.0047 200.700
 308 32.8113 53.328 20.5167 62.500
 413 24.6153 32.296 7.6807 31.200
 518 18.8067 23.134 4.3273 23.000
 619 15.8553 18.049 2.1937 13.800
 720 13.7807 14.791 1.0103 7.300
 102 175.407 55398378363709.849 55398378363534.442 31582763722961.100
 206 68.1993 275030.138 274961.9387 403174.100
 308 42.3917 200.699 158.3073 373.400
 413 31.263 58.511 27.248 87.100
 518 24.568 34.127 9.559 38.900
 619 20.2783 24.070 3.7917 18.600
 720 17.5813 18.594 1.0127 5.700
 102 246.935 17738457914.490 17738457667.555 7183452190.800
 206 125.462 7682326555.811 7682326430.349 6123229687.300
 308 81.6223 109955411.197 109955329.5747 134712363.600
 413 61.099 499302.440 499241.341 817102.300
 518 49.1773 2970.124 2920.9467 5939.600
 619 39.8147 183.987 144.1723 362.100
 720 33.604 59.340 25.736 76.500
 102 255.88 10963550129653.678 10963550129397.798 4284645196731.900
 206 128.049 5841907248.332 5841907120.283 4562243453.800
 308 86.3823 74333015.640 74332929.2577 86051111.400
 413 64.6147 3496679.137 3496614.5223 5411484.500
 518 51.2947 338339.889 338288.5943 659500.000
 619 41.787 52056.663 52014.876 124476.200
 720 36.0297 11171.431 11135.4013 30906.100
 102 140.108 274463450756.218 274463450616.110 195894203483.100
 206 55.7787 3577.528 3521.7493 6313.700
 308 35.32 95.134 59.814 169.300
 413 25.3887 44.032 18.6433 73.400
 518 20.5493 28.639 8.0897 39.300
 619 16.591 21.189 4.598 27.700
 720 14.3397 16.827 2.4873 17.300
 102 247.641 23503786.311 23503538.670 9490972.200
 206 122.352 129723705.671 129723583.319 106024898.000
 308 81.895 3100389.293 3100307.398 3785710.200
 413 60.3893 10683.432 10623.0427 17590.900
 518 45.05 212.008 166.958 370.600
 619 35.4507 61.493 26.0423 73.400
 720 29.3827 35.035 5.6523 19.200
 102 249.81 7197681.664 7197431.854 2881162.400
 206 124.495 79853393.469 79853268.974 64141747.800
 308 81.8787 11496245.065 11496163.1863 14040480.800
 413 62.1517 517453.045 517390.8933 832464.500
 518 49.4643 16557.244 16507.7797 33373.100
 619 40.7737 831.290 790.5163 1938.700
 720 35.0133 135.041 100.0277 285.600
 102 246.999 44638091.755 44637844.756 18072075.000
 206 123.518 108153237.504 108153113.986 87560609.700
 308 82.111 1246240.542 1246158.431 1517651.000
 413 56.2353 1318.973 1262.7377 2245.400
 518 41.7197 103.071 61.3513 147.000
 619 32.579 45.655 13.076 40.100
 720 26.9073 29.325 2.4177 8.900
 102 226.619 146956555166285398765.076 146956555166285398538.457 64847411367222253446.700
 206 108.258 385636301605.355 385636301497.097 356219680298.000
 308 71.07 5102748.076 5102677.006 7179790.300
 413 52.505 3721.256 3668.751 6987.400
 518 41.6317 142.868 101.2363 243.100
 619 34.541 52.714 18.173 52.600
 720 29.731 32.051 2.320 7.800
 102 252.515 57780435819563.827 57780435819311.312 22881981592899.900
 206 124.441 92052916279.050 92052916154.609 73973140809.300
 308 84.945 2076840688.555 2076840603.610 2444923896.100
 413 63.1537 41765876.428 41765813.2743 66133596.700
 518 50.1903 2098576.785 2098526.5947 4181139.700
 619 41.5333 191204.162 191162.6287 460263.500
 720 35.281 26636.876 26601.595 75399.200
 102 166.666 59006836626264.637 59006836626097.971 35404243592633.100
 206 79.2473 291141.222 291061.9747 367283.100
 308 51.8303 203.538 151.7077 292.700
 413 38.622 58.675 20.053 51.900
 518 30.6023 34.193 3.5907 11.700
 619 25.4943 24.111 1.3833 5.400
 720 21.5857 18.629 2.9567 13.600
 102 250.799 381.747 130.948 52.200
 206 71.7897 90.849 19.0593 26.500
 308 38.4663 43.034 4.5677 11.800
 413 26.2457 28.200 1.9543 7.400
 518 20.001 20.955 .954 4.700
 619 16.071 16.683 .612 3.800
 720 13.4697 13.831 .3613 2.600
 102 282.109 1155.153 873.044 309.400
 206 125.176 157.736 32.560 26.000
 308 62.253 77.166 14.913 23.900
 413 35.945 39.792 3.847 10.700
 518 25.0693 26.787 1.7177 6.800
 619 19.3183 20.165 .8467 4.300
 720 16.8547 16.183 .6717 3.900
 102 191.531 15236163956111768.453 15236163956111576.922 7954933643176079.500
 206 92.7693 52227873.546 52227780.7767 56298560.800
 308 60.5723 2115.559 2054.9867 3392.600
 413 42.0947 100.782 58.6873 139.400
 518 31.776 45.252 13.476 42.400
 619 25.791 29.108 3.317 12.800
 720 22.136 21.461 .675 3.000
 102 216.011 50376368793833.472 50376368793617.461 23321205306034.100
 206 124.434 6568428759396.229 6568428759271.795 5278644710667.300
 308 81.8463 8453662506.740 8453662424.8937 10328704443.400
 413 60.9297 3987488.153 3987427.2233 6544307.900
 518 49.1637 15275.900 15226.7363 30971.500
 619 40.3973 423.243 382.8457 947.700
 720 34.566 83.692 49.126 142.100
 102 264.279 48077.455 47813.176 18091.900
 206 129.171 56171.847 56042.676 43386.400
 308 84.693 800990.162 800905.469 945657.200
 413 41.8453 5253.959 5212.1137 12455.600
 518 39.3 2988.916 2949.616 7505.300
 619 30.441 505.966 475.525 1562.100
 720 16.4043 57.854 41.4497 252.600
 102 132.225 1966.080 1833.855 1386.900
 206 53.1113 80.773 27.6617 52.000
 308 32.7453 40.631 7.8857 24.000
 413 22.7017 27.156 4.4543 19.600
 518 17.967 20.398 2.431 13.500
 619 14.844 16.328 1.484 9.900
 720 12.7357 13.597 .8613 6.700
 102 138.891 5639.290 5500.399 3960.200
 206 54.5467 86.753 32.2063 59.000
 308 32.913 42.133 9.220 28.000
 413 23.1687 27.811 4.6423 20.000
 518 18.1723 20.758 2.5857 14.200
 619 14.919 16.561 1.642 11.000
 720 12.761 13.761 1.000 7.800
 102 266.546 600013664.993 600013398.447 225106885.200
 206 125.842 114772716.011 114772590.169 91203723.800
 308 85.1283 7048313.928 7048228.7997 8279536.600
 413 66.097 5785360.424 5785294.327 8752733.500
 518 50.445 1023087.116 1023036.671 2028023.900
 619 41.665 251534.530 251492.865 603607.000
 720 35.9423 77749.351 77713.4087 216217.100
 102 280.38 146139688.386 146139408.006 52121908.800
 206 143.573 4700038.758 4699895.185 3273523.000
 308 91.075 637439.865 637348.790 699806.500
 413 68.09 155970.498 155902.408 228965.200
 518 54.394 52728.758 52674.364 96838.500
 619 45.1093 21883.356 21838.2467 48411.800
 720 38.5413 10468.328 10429.7867 27061.300
 102 112.99 374660632.657 374660519.667 331587326.000
 206 49.8027 250.019 200.2163 402.000
 308 30.8333 61.766 30.9327 100.300
 413 22.2187 35.184 12.9653 58.300
 518 14.7633 24.592 9.8287 66.500
 619 13.7223 18.923 5.2007 37.800
 720 12.9823 15.376 2.3937 18.400
 102 93.3923 795.361 701.9687 751.600
 206 32.8277 74.752 41.9243 127.700
 308 20.2953 39.129 18.8337 92.700
 413 14.786 26.460 11.674 78.900
 518 11.744 19.906 8.162 69.400
 619 9.69833 16.042 6.34367 65.400
 720 8.29333 13.422 5.12867 61.800
 102 144.242 1015820039332817.797 1015820039332673.555 704247056566515.600
 206 72.4583 359989974.753 359989902.2947 496823555.400
 308 47.6707 45023.306 44975.6353 94346.400
 413 35.678 377.815 342.137 958.900
 518 24.9507 73.138 48.1873 193.100
 619 11.722 38.364 26.642 227.200
 720 11.3183 26.235 14.9167 131.700
 102 143.43 26313.359 26169.929 18245.700
 206 42.892 96.133 53.241 124.100
 308 25.6687 44.235 18.5663 72.300
 413 17.5847 28.712 11.1273 63.200
 518 13.9173 21.250 7.3327 52.600
 619 10.7937 16.875 6.0813 56.300
 720 9.36967 13.995 4.62533 49.300
 102 288.206 26792.427 26504.221 9196.200
 206 137.144 2027.274 1890.130 1378.200
 308 90.6543 495.740 405.0857 446.800
 413 62.455 340.930 278.475 445.800
 518 49.2197 939.835 890.6153 1809.400
 619 39.176 1197.327 1158.151 2956.200
 720 27.5723 131.940 104.3677 378.500
 102 371.821 3294954958949417022.013 3294954958949416650.192 886166988671811611.000
 206 177.39 31093076144825.016 31093076144647.626 17528088474348.900
 308 108.657 354490168.725 354490060.068 326246868.600
 413 77.1237 151196.569 151119.4453 195944.200
 518 60.1813 925.319 865.1377 1437.500
 619 48.4417 103.230 54.7883 113.100
 720 40.3217 46.070 5.7483 14.200
 102 283.59 15579981045871079306375.168 15579981045871079306091.578 5493840066952670865013.400
 206 132.343 37921809285883.002 37921809285750.659 28654185930310.300
 308 85.0743 425734298.189 425734213.1147 500426348.600
 413 61.5943 182688.686 182627.0917 296499.900
 518 48.0623 1055.178 1007.1157 2095.400
 619 40.1777 107.790 67.6123 168.200
 720 34.077 46.995 12.918 37.900
 102 369.754 53911383917.035 53911383547.281 14580338156.500
 206 115.257 3283.066 3167.809 2748.400
 308 57.6677 93.959 36.2913 62.900
 413 38.3637 43.233 4.8693 12.600
 518 29.3897 28.393 .9967 3.300
 619 23.882 21.052 2.830 11.800
 720 20.1817 16.675 3.5067 17.300
 102 400.074 133321.523 132921.449 33224.200
 206 186.946 224225.198 224038.252 119841.100
 308 118.027 2556.060 2438.033 2065.600
 413 60.3433 103.444 43.1007 71.400
 518 49.1723 46.006 3.1663 6.400
 619 32.7693 29.476 3.2933 10.000
 720 25.523 21.578 3.945 15.400
 102 246.13 21833993907836.026 21833993907589.896 8870919395274.800
 206 111.471 118640.762 118529.291 106331.900
 308 71.4413 166.675 95.2337 133.300
 413 51.9903 55.050 3.0597 5.800
 518 40.954 32.899 8.055 19.600
 619 33.802 23.455 10.347 30.600
 720 28.9983 18.255 10.7433 37.000
 102 373.599 270061400476626732.564 270061400476626358.965 72286435583774677.900
 206 185.441 319599586714674.176 319599586714488.735 172345698477946.400
 308 115.578 9884414721.360 9884414605.782 8552159239.400
 413 81.3163 3568251.248 3568169.9317 4388013.100
 518 61.5197 11398.217 11336.6973 18427.700
 619 49.3707 323.111 273.7403 554.400
 720 40.5513 74.483 33.9317 83.600
 102 371.039 2908274368.102 2908273997.063 783818950.800
 206 129.413 52810.055 52680.642 40707.300
 308 71.148 142.673 71.525 100.500
 413 49.3087 52.101 2.7923 5.600
 518 36.956 31.801 5.155 13.900
 619 30.0213 22.896 7.1253 23.700
 720 24.7613 17.892 6.8693 27.700
 102 244.579 602057229.352 602056984.773 246160539.000
 206 123.671 1795.604 1671.933 1351.900
 308 48.082 91.666 43.584 90.600
 413 34.814 43.683 8.869 25.400
 518 27.4497 28.409 .9593 3.400
 619 22.5237 21.148 1.3757 6.100
 720 19.2183 16.792 2.4263 12.600
 102 154.622 1124.679 970.057 627.300
 206 66.508 171.376 104.868 157.600
 308 36.1513 54.939 18.7877 51.900
 413 25.422 32.788 7.366 28.900
 518 19.6867 23.347 3.6603 18.500
 619 16.0877 18.199 2.1113 13.100
 720 13.6383 14.908 1.2697 9.300
 102 96.888 185.712 88.824 91.600
 206 46.2213 56.729 10.5077 22.700
 308 30.658 33.504 2.846 9.200
 413 22.9293 23.777 .8477 3.600
 518 18.318 18.415 .097 .500
 619 15.195 15.045 .150 .900
 720 13.0457 12.696 .3497 2.600
 102 274.921 9271059351.879 9271059076.958 3372262968.900
 206 137.223 76084175.462 76084038.239 55445543.500
 308 91.4383 4689496.805 4689405.3667 5128491.400
 413 68.459 660758.097 660689.638 965088.000
 518 54.7883 146805.620 146750.8317 267850.600
 619 45.7403 43578.205 43532.4647 95173.100
 720 39.2227 15795.909 15756.6863 40172.300
 102 108.259 151709.122 151600.863 140035.300
 206 53.5107 204.308 150.7973 281.800
 308 33.9337 61.220 27.2863 80.400
 413 23.684 33.976 10.292 43.400
 518 20.8827 24.526 3.6433 17.400
 619 15.1297 18.486 3.3563 22.100
 720 13.3027 15.329 2.0263 15.200
 102 120.867 684.359 563.492 466.200
 206 56.5843 73.359 16.7747 29.600
 308 36.833 38.747 1.914 5.100
 413 27.3917 26.398 .9937 3.600
 518 21.7583 19.873 1.8853 8.600
 619 18.093 16.001 2.092 11.500
 720 15.448 13.398 2.050 13.200
 102 208.991 1837.793 1628.802 779.300
 206 123.537 1827.512 1703.975 1379.300
 308 52.672 126.290 73.618 139.700
 413 32.664 50.278 17.614 53.900
 518 23.3433 31.047 7.7037 33.000
 619 18.1473 22.527 4.3797 24.100
 720 15.152 17.681 2.529 16.600
 102 205.803 33313.914 33108.111 16087.200
 206 124.412 29339.607 29215.195 23482.600
 308 82.648 7404.021 7321.373 8858.400
 413 61.9777 524.533 462.5553 746.300
 518 49.6907 98.811 49.1203 98.800
 619 39.0557 45.355 6.2993 16.100
 720 20.0527 29.173 9.1203 45.400
 102 281.819 81077525840433286.758 81077525840433004.939 28769361129105207.500
 206 117.921 13845374635.417 13845374517.496 11741228888.400
 308 72.7767 225843.092 225770.3153 310223.300
 413 51.6597 472.227 420.5673 814.100
 518 39.1467 76.546 37.3993 95.500
 619 31.5883 39.566 7.9777 25.200
 720 26.4437 26.645 .2013 .700
 102 249.674 388133213133592.903 388133213133343.229 155455999877177.100
 206 124.043 34445834689.331 34445834565.288 27769269177.000
 308 82.2933 42008854.479 42008772.1857 51047621.300
 413 61.105 458220.625 458159.520 749790.500
 518 49.584 9422.323 9372.739 18902.700
 619 40.7823 442.739 401.9567 985.600
 720 35.0883 90.713 55.6247 158.500
 102 239.179 18411763282421502.033 18411763282421262.854 7697901271608821.300
 206 104.273 62590373.273 62590269.000 60025384.300
 308 62.843 2384.960 2322.117 3695.100
 413 44.051 103.854 59.803 135.700
 518 33.6753 45.760 12.0847 35.800
 619 26.9417 29.353 2.4113 8.900
 720 22.8313 21.590 1.2413 5.400
 102 248.35 115282672939506526742.937 115282672939506526494.587 46419437463058798669.000
 206 123.868 35013524040678.359 35013524040554.491 28266803404070.800
 308 82.3047 1599527204.381 1599527122.0763 1943421362.400
 413 61.4027 807023.984 806962.5813 1314213.500
 518 49.1317 4316.741 4267.6093 8686.000
 619 40.2163 195.920 155.7037 387.100
 720 33.9637 60.815 26.8513 79.000
 102 252.939 1090087147877.580 1090087147624.641 430968394602.900
 206 125.993 1159450690.068 1159450564.075 920249985.300
 308 85.6653 97173081.248 97172995.5827 113433321.900
 413 63.8637 4552888.913 4552825.0493 7128971.600
 518 50.3387 438370.451 438320.1123 870741.800
 619 41.5367 67025.553 66984.0163 161264.600
 720 35.892 14304.372 14268.480 39753.900
 102 187.05 52296463632379764.981 52296463632379577.931 27958547785287130.600
 206 90.619 170321185.710 170321095.091 187952962.500
 308 59.3587 5053.548 4994.1893 8413.500
 413 43.6317 122.736 79.1043 181.300
 518 34.3407 49.201 14.8603 43.200
 619 28.447 30.746 2.299 8.000
 720 23.9067 22.327 1.5797 6.600
 102 281.543 5523.292 5241.749 1861.700
 206 138.193 505.856 367.663 266.000
 308 86.78 151.166 64.386 74.100
 413 63.6613 72.151 8.4897 13.300
 518 50.347 48.414 1.933 3.800
 619 40.8047 34.419 6.3857 15.600
 720 31.1123 24.527 6.5853 21.100
 102 108.102 198.819 90.717 83.900
 206 47.128 57.999 10.871 23.000
 308 28.9287 33.914 4.9853 17.200
 413 21.856 24.002 2.146 9.800
 518 17.4393 18.546 1.1067 6.300
 619 14.504 15.127 .623 4.200
 720 12.347 12.766 .419 3.300
 102 259.28 29038763.294 29038504.014 11199669.800
 206 126.05 263068.180 262942.130 208601.400
 308 86.7163 138076.338 137989.6217 159127.600
 413 62.4683 26362.019 26299.5507 42100.600
 518 49.5073 27151.826 27102.3187 54744.000
 619 41.958 5748.896 5706.938 13601.500
 720 36.0627 1380.566 1344.5033 3728.200
 102 175.43 79154147952199.352 79154147952023.922 45120075216339.200
 206 122.194 57274869546347.438 57274869546225.244 46872080090859.800
 308 81.276 504639015.855 504638934.579 620895386.800
 413 61.4057 350709.248 350647.8423 571034.600
 518 48.1167 2527.985 2479.8683 5153.800
 619 40.4953 157.091 116.5957 287.900
 720 35.1177 55.923 20.8053 59.200
 102 250.882 2642515.148 2642264.266 1053190.000
 206 135.88 89958.768 89822.888 66104.500
 308 92.668 56971.538 56878.870 61379.100
 413 66.78 11238.440 11171.660 16729.000
 518 50.7393 8684.584 8633.8447 17016.000
 619 42.495 2753.960 2711.465 6380.600
 720 36.4573 2042.408 2005.9507 5502.100
 102 147.845 276879238.922 276879091.077 187276601.200
 206 66.8337 235.806 168.9723 252.800
 308 42.774 60.810 18.036 42.100
 413 32.23 34.877 2.647 8.200
 518 24.5423 24.477 .0653 .200
 619 19.8797 18.827 1.0527 5.200
 720 16.0757 15.306 .7697 4.700
 102 248.642 17020477689655.132 17020477689406.490 6845375153596.900
 206 119.981 168407938.744 168407818.763 140362072.900
 308 61.4777 7611.219 7549.7413 12280.400
 413 43.0017 135.434 92.4323 214.900
 518 33.232 51.200 17.968 54.000
 619 24.3617 31.524 7.1623 29.300
 720 17.231 22.760 5.529 32.000
 102 127.228 6313070.919 6312943.691 4961913.800
 206 54.198 144.220 90.022 166.000
 308 35.2197 52.209 16.9893 48.200
 413 25.28 31.887 6.607 26.100
 518 20.5937 22.937 2.3433 11.300
 619 16.5463 17.912 1.3657 8.200
 720 14.465 14.697 .232 1.600
 102 247.056 215514606316808496.414 215514606316808249.358 87233099506511984.800
 206 120.586 19869451802.787 19869451682.201 16477411707.900
 308 70.526 609143.968 609073.442 863615.400
 413 46.344 830.771 784.427 1692.600
 518 34.2357 89.833 55.5973 162.300
 619 26.539 42.925 16.386 61.700
 720 21.76 28.119 6.359 29.200
 102 114.224 11157228.011 11157113.787 9767749.100
 206 50.8163 152.821 102.0047 200.700
 308 32.8113 53.328 20.5167 62.500
 413 24.6153 32.296 7.6807 31.200
 518 18.8067 23.134 4.3273 23.000
 619 15.8553 18.049 2.1937 13.800
 720 13.7807 14.791 1.0103 7.300
 102 175.407 55398378363709.849 55398378363534.442 31582763722961.100
 206 68.1993 275030.138 274961.9387 403174.100
 308 42.3917 200.699 158.3073 373.400
 413 31.263 58.511 27.248 87.100
 518 24.568 34.127 9.559 38.900
 619 20.2783 24.070 3.7917 18.600
 720 17.5813 18.594 1.0127 5.700
 102 246.935 17738457914.490 17738457667.555 7183452190.800
 206 125.462 7682326555.811 7682326430.349 6123229687.300
 308 81.6223 109955411.197 109955329.5747 134712363.600
 413 61.099 499302.440 499241.341 817102.300
 518 49.1773 2970.124 2920.9467 5939.600
 619 39.8147 183.987 144.1723 362.100
 720 33.604 59.340 25.736 76.500
 102 255.88 10963550129653.678 10963550129397.798 4284645196731.900
 206 128.049 5841907248.332 5841907120.283 4562243453.800
 308 86.3823 74333015.640 74332929.2577 86051111.400
 413 64.6147 3496679.137 3496614.5223 5411484.500
 518 51.2947 338339.889 338288.5943 659500.000
 619 41.787 52056.663 52014.876 124476.200
 720 36.0297 11171.431 11135.4013 30906.100
 102 140.108 274463450756.218 274463450616.110 195894203483.100
 206 55.7787 3577.528 3521.7493 6313.700
 308 35.32 95.134 59.814 169.300
 413 25.3887 44.032 18.6433 73.400
 518 20.5493 28.639 8.0897 39.300
 619 16.591 21.189 4.598 27.700
 720 14.3397 16.827 2.4873 17.300
 102 247.641 23503786.311 23503538.670 9490972.200
 206 122.352 129723705.671 129723583.319 106024898.000
 308 81.895 3100389.293 3100307.398 3785710.200
 413 60.3893 10683.432 10623.0427 17590.900
 518 45.05 212.008 166.958 370.600
 619 35.4507 61.493 26.0423 73.400
 720 29.3827 35.035 5.6523 19.200
 102 249.81 7197681.664 7197431.854 2881162.400
 206 124.495 79853393.469 79853268.974 64141747.800
 308 81.8787 11496245.065 11496163.1863 14040480.800
 413 62.1517 517453.045 517390.8933 832464.500
 518 49.4643 16557.244 16507.7797 33373.100
 619 40.7737 831.290 790.5163 1938.700
 720 35.0133 135.041 100.0277 285.600
 102 246.999 44638091.755 44637844.756 18072075.000
 206 123.518 108153237.504 108153113.986 87560609.700
 308 82.111 1246240.542 1246158.431 1517651.000
 413 56.2353 1318.973 1262.7377 2245.400
 518 41.7197 103.071 61.3513 147.000
 619 32.579 45.655 13.076 40.100
 720 26.9073 29.325 2.4177 8.900
 102 226.619 146956555166285398765.076 146956555166285398538.457 64847411367222253446.700
 206 108.258 385636301605.355 385636301497.097 356219680298.000
 308 71.07 5102748.076 5102677.006 7179790.300
 413 52.505 3721.256 3668.751 6987.400
 518 41.6317 142.868 101.2363 243.100
 619 34.541 52.714 18.173 52.600
 720 29.731 32.051 2.320 7.800
 102 252.515 57780435819563.827 57780435819311.312 22881981592899.900
 206 124.441 92052916279.050 92052916154.609 73973140809.300
 308 84.945 2076840688.555 2076840603.610 2444923896.100
 413 63.1537 41765876.428 41765813.2743 66133596.700
 518 50.1903 2098576.785 2098526.5947 4181139.700
 619 41.5333 191204.162 191162.6287 460263.500
 720 35.281 26636.876 26601.595 75399.200
 102 166.666 59006836626264.637 59006836626097.971 35404243592633.100
 206 79.2473 291141.222 291061.9747 367283.100
 308 51.8303 203.538 151.7077 292.700
 413 38.622 58.675 20.053 51.900
 518 30.6023 34.193 3.5907 11.700
 619 25.4943 24.111 1.3833 5.400
 720 21.5857 18.629 2.9567 13.600
 102 250.799 381.747 130.948 52.200
 206 71.7897 90.849 19.0593 26.500
 308 38.4663 43.034 4.5677 11.800
 413 26.2457 28.200 1.9543 7.400
 518 20.001 20.955 .954 4.700
 619 16.071 16.683 .612 3.800
 720 13.4697 13.831 .3613 2.600
 102 282.109 1155.153 873.044 309.400
 206 125.176 157.736 32.560 26.000
 308 62.253 77.166 14.913 23.900
 413 35.945 39.792 3.847 10.700
 518 25.0693 26.787 1.7177 6.800
 619 19.3183 20.165 .8467 4.300
 720 16.8547 16.183 .6717 3.900
 102 191.531 15236163956111768.453 15236163956111576.922 7954933643176079.500
 206 92.7693 52227873.546 52227780.7767 56298560.800
 308 60.5723 2115.559 2054.9867 3392.600
 413 42.0947 100.782 58.6873 139.400
 518 31.776 45.252 13.476 42.400
 619 25.791 29.108 3.317 12.800
 720 22.136 21.461 .675 3.000
 102 216.011 50376368793833.472 50376368793617.461 23321205306034.100
 206 124.434 6568428759396.229 6568428759271.795 5278644710667.300
 308 81.8463 8453662506.740 8453662424.8937 10328704443.400
 413 60.9297 3987488.153 3987427.2233 6544307.900
 518 49.1637 15275.900 15226.7363 30971.500
 619 40.3973 423.243 382.8457 947.700
 720 34.566 83.692 49.126 142.100
 102 264.279 48077.455 47813.176 18091.900
 206 129.171 56171.847 56042.676 43386.400
 308 84.693 800990.162 800905.469 945657.200
 413 41.8453 5253.959 5212.1137 12455.600
 518 39.3 2988.916 2949.616 7505.300
 619 30.441 505.966 475.525 1562.100
 720 16.4043 57.854 41.4497 252.600
 102 132.225 1966.080 1833.855 1386.900
 206 53.1113 80.773 27.6617 52.000
 308 32.7453 40.631 7.8857 24.000
 413 22.7017 27.156 4.4543 19.600
 518 17.967 20.398 2.431 13.500
 619 14.844 16.328 1.484 9.900
 720 12.7357 13.597 .8613 6.700
 102 138.891 5639.290 5500.399 3960.200
 206 54.5467 86.753 32.2063 59.000
 308 32.913 42.133 9.220 28.000
 413 23.1687 27.811 4.6423 20.000
 518 18.1723 20.758 2.5857 14.200
 619 14.919 16.561 1.642 11.000
 720 12.761 13.761 1.000 7.800
 102 266.546 600013664.993 600013398.447 225106885.200
 206 125.842 114772716.011 114772590.169 91203723.800
 308 85.1283 7048313.928 7048228.7997 8279536.600
 413 66.097 5785360.424 5785294.327 8752733.500
 518 50.445 1023087.116 1023036.671 2028023.900
 619 41.665 251534.530 251492.865 603607.000
 720 35.9423 77749.351 77713.4087 216217.100
 102 280.38 146139688.386 146139408.006 52121908.800
 206 143.573 4700038.758 4699895.185 3273523.000
 308 91.075 637439.865 637348.790 699806.500
 413 68.09 155970.498 155902.408 228965.200
 518 54.394 52728.758 52674.364 96838.500
 619 45.1093 21883.356 21838.2467 48411.800
 720 38.5413 10468.328 10429.7867 27061.300
 102 112.99 374660632.657 374660519.667 331587326.000
 206 49.8027 250.019 200.2163 402.000
 308 30.8333 61.766 30.9327 100.300
 413 22.2187 35.184 12.9653 58.300
 518 14.7633 24.592 9.8287 66.500
 619 13.7223 18.923 5.2007 37.800
 720 12.9823 15.376 2.3937 18.400
 102 93.3923 795.361 701.9687 751.600
 206 32.8277 74.752 41.9243 127.700
 308 20.2953 39.129 18.8337 92.700
 413 14.786 26.460 11.674 78.900
 518 11.744 19.906 8.162 69.400
 619 9.69833 16.042 6.34367 65.400
 720 8.29333 13.422 5.12867 61.800
 102 144.242 1015820039332817.797 1015820039332673.555 704247056566515.600
 206 72.4583 359989974.753 359989902.2947 496823555.400
 308 47.6707 45023.306 44975.6353 94346.400
 413 35.678 377.815 342.137 958.900
 518 24.9507 73.138 48.1873 193.100
 619 11.722 38.364 26.642 227.200
 720 11.3183 26.235 14.9167 131.700
 102 143.43 26313.359 26169.929 18245.700
 206 42.892 96.133 53.241 124.100
 308 25.6687 44.235 18.5663 72.300
 413 17.5847 28.712 11.1273 63.200
 518 13.9173 21.250 7.3327 52.600
 619 10.7937 16.875 6.0813 56.300
 720 9.36967 13.995 4.62533 49.300
 102 288.206 26792.427 26504.221 9196.200
 206 137.144 2027.274 1890.130 1378.200
 308 90.6543 495.740 405.0857 446.800
 413 62.455 340.930 278.475 445.800
 518 49.2197 939.835 890.6153 1809.400
 619 39.176 1197.327 1158.151 2956.200
 720 27.5723 131.940 104.3677 378.500
 102 371.821 3294954958949417022.013 3294954958949416650.192 886166988671811611.000
 206 177.39 31093076144825.016 31093076144647.626 17528088474348.900
 308 108.657 354490168.725 354490060.068 326246868.600
 413 77.1237 151196.569 151119.4453 195944.200
 518 60.1813 925.319 865.1377 1437.500
 619 48.4417 103.230 54.7883 113.100
 720 40.3217 46.070 5.7483 14.200
 102 283.59 15579981045871079306375.168 15579981045871079306091.578 5493840066952670865013.400
 206 132.343 37921809285883.002 37921809285750.659 28654185930310.300
 308 85.0743 425734298.189 425734213.1147 500426348.600
 413 61.5943 182688.686 182627.0917 296499.900
 518 48.0623 1055.178 1007.1157 2095.400
 619 40.1777 107.790 67.6123 168.200
 720 34.077 46.995 12.918 37.900
 102 369.754 53911383917.035 53911383547.281 14580338156.500
 206 115.257 3283.066 3167.809 2748.400
 308 57.6677 93.959 36.2913 62.900
 413 38.3637 43.233 4.8693 12.600
 518 29.3897 28.393 .9967 3.300
 619 23.882 21.052 2.830 11.800
 720 20.1817 16.675 3.5067 17.300
 102 400.074 133321.523 132921.449 33224.200
 206 186.946 224225.198 224038.252 119841.100
 308 118.027 2556.060 2438.033 2065.600
 413 60.3433 103.444 43.1007 71.400
 518 49.1723 46.006 3.1663 6.400
 619 32.7693 29.476 3.2933 10.000
 720 25.523 21.578 3.945 15.400
 102 246.13 21833993907836.026 21833993907589.896 8870919395274.800
 206 111.471 118640.762 118529.291 106331.900
 308 71.4413 166.675 95.2337 133.300
 413 51.9903 55.050 3.0597 5.800
 518 40.954 32.899 8.055 19.600
 619 33.802 23.455 10.347 30.600
 720 28.9983 18.255 10.7433 37.000
 102 373.599 270061400476626732.564 270061400476626358.965 72286435583774677.900
 206 185.441 319599586714674.176 319599586714488.735 172345698477946.400
 308 115.578 9884414721.360 9884414605.782 8552159239.400
 413 81.3163 3568251.248 3568169.9317 4388013.100
 518 61.5197 11398.217 11336.6973 18427.700
 619 49.3707 323.111 273.7403 554.400
 720 40.5513 74.483 33.9317 83.600
 102 371.039 2908274368.102 2908273997.063 783818950.800
 206 129.413 52810.055 52680.642 40707.300
 308 71.148 142.673 71.525 100.500
 413 49.3087 52.101 2.7923 5.600
 518 36.956 31.801 5.155 13.900
 619 30.0213 22.896 7.1253 23.700
 720 24.7613 17.892 6.8693 27.700
 102 244.579 602057229.352 602056984.773 246160539.000
 206 123.671 1795.604 1671.933 1351.900
 308 48.082 91.666 43.584 90.600
 413 34.814 43.683 8.869 25.400
 518 27.4497 28.409 .9593 3.400
 619 22.5237 21.148 1.3757 6.100
 720 19.2183 16.792 2.4263 12.600
 102 154.622 1124.679 970.057 627.300
 206 66.508 171.376 104.868 157.600
 308 36.1513 54.939 18.7877 51.900
 413 25.422 32.788 7.366 28.900
 518 19.6867 23.347 3.6603 18.500
 619 16.0877 18.199 2.1113 13.100
 720 13.6383 14.908 1.2697 9.300
 102 96.888 185.712 88.824 91.600
 206 46.2213 56.729 10.5077 22.700
 308 30.658 33.504 2.846 9.200
 413 22.9293 23.777 .8477 3.600
 518 18.318 18.415 .097 .500
 619 15.195 15.045 .150 .900
 720 13.0457 12.696 .3497 2.600
 102 274.921 9271059351.879 9271059076.958 3372262968.900
 206 137.223 76084175.462 76084038.239 55445543.500
 308 91.4383 4689496.805 4689405.3667 5128491.400
 413 68.459 660758.097 660689.638 965088.000
 518 54.7883 146805.620 146750.8317 267850.600
 619 45.7403 43578.205 43532.4647 95173.100
 720 39.2227 15795.909 15756.6863 40172.300
 102 108.259 151709.122 151600.863 140035.300
 206 53.5107 204.308 150.7973 281.800
 308 33.9337 61.220 27.2863 80.400
 413 23.684 33.976 10.292 43.400
 518 20.8827 24.526 3.6433 17.400
 619 15.1297 18.486 3.3563 22.100
 720 13.3027 15.329 2.0263 15.200
 102 120.867 684.359 563.492 466.200
 206 56.5843 73.359 16.7747 29.600
 308 36.833 38.747 1.914 5.100
 413 27.3917 26.398 .9937 3.600
 518 21.7583 19.873 1.8853 8.600
 619 18.093 16.001 2.092 11.500
 720 15.448 13.398 2.050 13.200
 102 208.991 1837.793 1628.802 779.300
 206 123.537 1827.512 1703.975 1379.300
 308 52.672 126.290 73.618 139.700
 413 32.664 50.278 17.614 53.900
 518 23.3433 31.047 7.7037 33.000
 619 18.1473 22.527 4.3797 24.100
 720 15.152 17.681 2.529 16.600
 102 205.803 33313.914 33108.111 16087.200
 206 124.412 29339.607 29215.195 23482.600
 308 82.648 7404.021 7321.373 8858.400
 413 61.9777 524.533 462.5553 746.300
 518 49.6907 98.811 49.1203 98.800
 619 39.0557 45.355 6.2993 16.100
 720 20.0527 29.173 9.1203 45.400
 102 281.819 81077525840433286.758 81077525840433004.939 28769361129105207.500
 206 117.921 13845374635.417 13845374517.496 11741228888.400
 308 72.7767 225843.092 225770.3153 310223.300
 413 51.6597 472.227 420.5673 814.100
 518 39.1467 76.546 37.3993 95.500
 619 31.5883 39.566 7.9777 25.200
 720 26.4437 26.645 .2013 .700
 102 249.674 388133213133592.903 388133213133343.229 155455999877177.100
 206 124.043 34445834689.331 34445834565.288 27769269177.000
 308 82.2933 42008854.479 42008772.1857 51047621.300
 413 61.105 458220.625 458159.520 749790.500
 518 49.584 9422.323 9372.739 18902.700
 619 40.7823 442.739 401.9567 985.600
 720 35.0883 90.713 55.6247 158.500
 102 239.179 18411763282421502.033 18411763282421262.854 7697901271608821.300
 206 104.273 62590373.273 62590269.000 60025384.300
 308 62.843 2384.960 2322.117 3695.100
 413 44.051 103.854 59.803 135.700
 518 33.6753 45.760 12.0847 35.800
 619 26.9417 29.353 2.4113 8.900
 720 22.8313 21.590 1.2413 5.400
 102 248.35 115282672939506526742.937 115282672939506526494.587 46419437463058798669.000
 206 123.868 35013524040678.359 35013524040554.491 28266803404070.800
 308 82.3047 1599527204.381 1599527122.0763 1943421362.400
 413 61.4027 807023.984 806962.5813 1314213.500
 518 49.1317 4316.741 4267.6093 8686.000
 619 40.2163 195.920 155.7037 387.100
 720 33.9637 60.815 26.8513 79.000
 102 252.939 1090087147877.580 1090087147624.641 430968394602.900
 206 125.993 1159450690.068 1159450564.075 920249985.300
 308 85.6653 97173081.248 97172995.5827 113433321.900
 413 63.8637 4552888.913 4552825.0493 7128971.600
 518 50.3387 438370.451 438320.1123 870741.800
 619 41.5367 67025.553 66984.0163 161264.600
 720 35.892 14304.372 14268.480 39753.900
 102 187.05 52296463632379764.981 52296463632379577.931 27958547785287130.600
 206 90.619 170321185.710 170321095.091 187952962.500
 308 59.3587 5053.548 4994.1893 8413.500
 413 43.6317 122.736 79.1043 181.300
 518 34.3407 49.201 14.8603 43.200
 619 28.447 30.746 2.299 8.000
 720 23.9067 22.327 1.5797 6.600
 102 281.543 5523.292 5241.749 1861.700
 206 138.193 505.856 367.663 266.000
 308 86.78 151.166 64.386 74.100
 413 63.6613 72.151 8.4897 13.300
 518 50.347 48.414 1.933 3.800
 619 40.8047 34.419 6.3857 15.600
 720 31.1123 24.527 6.5853 21.100
 102 108.102 198.819 90.717 83.900
 206 47.128 57.999 10.871 23.000
 308 28.9287 33.914 4.9853 17.200
 413 21.856 24.002 2.146 9.800
 518 17.4393 18.546 1.1067 6.300
 619 14.504 15.127 .623 4.200
 720 12.347 12.766 .419 3.300
 102 259.28 29038763.294 29038504.014 11199669.800
 206 126.05 263068.180 262942.130 208601.400
 308 86.7163 138076.338 137989.6217 159127.600
 413 62.4683 26362.019 26299.5507 42100.600
 518 49.5073 27151.826 27102.3187 54744.000
 619 41.958 5748.896 5706.938 13601.500
 720 36.0627 1380.566 1344.5033 3728.200
 102 175.43 79154147952199.352 79154147952023.922 45120075216339.200
 206 122.194 57274869546347.438 57274869546225.244 46872080090859.800
 308 81.276 504639015.855 504638934.579 620895386.800
 413 61.4057 350709.248 350647.8423 571034.600
 518 48.1167 2527.985 2479.8683 5153.800
 619 40.4953 157.091 116.5957 287.900
 720 35.1177 55.923 20.8053 59.200
 102 250.882 2642515.148 2642264.266 1053190.000
 206 135.88 89958.768 89822.888 66104.500
 308 92.668 56971.538 56878.870 61379.100
 413 66.78 11238.440 11171.660 16729.000
 518 50.7393 8684.584 8633.8447 17016.000
 619 42.495 2753.960 2711.465 6380.600
 720 36.4573 2042.408 2005.9507 5502.100
 102 147.845 276879238.922 276879091.077 187276601.200
 206 66.8337 235.806 168.9723 252.800
 308 42.774 60.810 18.036 42.100
 413 32.23 34.877 2.647 8.200
 518 24.5423 24.477 .0653 .200
 619 19.8797 18.827 1.0527 5.200
 720 16.0757 15.306 .7697 4.700
 102 248.642 17020477689655.132 17020477689406.490 6845375153596.900
 206 119.981 168407938.744 168407818.763 140362072.900
 308 61.4777 7611.219 7549.7413 12280.400
 413 43.0017 135.434 92.4323 214.900
 518 33.232 51.200 17.968 54.000
 619 24.3617 31.524 7.1623 29.300
 720 17.231 22.760 5.529 32.000
 102 127.228 6313070.919 6312943.691 4961913.800
 206 54.198 144.220 90.022 166.000
 308 35.2197 52.209 16.9893 48.200
 413 25.28 31.887 6.607 26.100
 518 20.5937 22.937 2.3433 11.300
 619 16.5463 17.912 1.3657 8.200
 720 14.465 14.697 .232 1.600
 102 247.056 215514606316808496.414 215514606316808249.358 87233099506511984.800
 206 120.586 19869451802.787 19869451682.201 16477411707.900
 308 70.526 609143.968 609073.442 863615.400
 413 46.344 830.771 784.427 1692.600
 518 34.2357 89.833 55.5973 162.300
 619 26.539 42.925 16.386 61.700
 720 21.76 28.119 6.359 29.200
 102 114.224 11157228.011 11157113.787 9767749.100
 206 50.8163 152.821 102.0047 200.700
 308 32.8113 53.328 20.5167 62.500
 413 24.6153 32.296 7.6807 31.200
 518 18.8067 23.134 4.3273 23.000
 619 15.8553 18.049 2.1937 13.800
 720 13.7807 14.791 1.0103 7.300
 102 175.407 55398378363709.849 55398378363534.442 31582763722961.100
 206 68.1993 275030.138 274961.9387 403174.100
 308 42.3917 200.699 158.3073 373.400
 413 31.263 58.511 27.248 87.100
 518 24.568 34.127 9.559 38.900
 619 20.2783 24.070 3.7917 18.600
 720 17.5813 18.594 1.0127 5.700
 102 246.935 17738457914.490 17738457667.555 7183452190.800
 206 125.462 7682326555.811 7682326430.349 6123229687.300
 308 81.6223 109955411.197 109955329.5747 134712363.600
 413 61.099 499302.440 499241.341 817102.300
 518 49.1773 2970.124 2920.9467 5939.600
 619 39.8147 183.987 144.1723 362.100
 720 33.604 59.340 25.736 76.500
 102 255.88 10963550129653.678 10963550129397.798 4284645196731.900
 206 128.049 5841907248.332 5841907120.283 4562243453.800
 308 86.3823 74333015.640 74332929.2577 86051111.400
 413 64.6147 3496679.137 3496614.5223 5411484.500
 518 51.2947 338339.889 338288.5943 659500.000
 619 41.787 52056.663 52014.876 124476.200
 720 36.0297 11171.431 11135.4013 30906.100
 102 140.108 274463450756.218 274463450616.110 195894203483.100
 206 55.7787 3577.528 3521.7493 6313.700
 308 35.32 95.134 59.814 169.300
 413 25.3887 44.032 18.6433 73.400
 518 20.5493 28.639 8.0897 39.300
 619 16.591 21.189 4.598 27.700
 720 14.3397 16.827 2.4873 17.300
 102 247.641 23503786.311 23503538.670 9490972.200
 206 122.352 129723705.671 129723583.319 106024898.000
 308 81.895 3100389.293 3100307.398 3785710.200
 413 60.3893 10683.432 10623.0427 17590.900
 518 45.05 212.008 166.958 370.600
 619 35.4507 61.493 26.0423 73.400
 720 29.3827 35.035 5.6523 19.200
 102 249.81 7197681.664 7197431.854 2881162.400
 206 124.495 79853393.469 79853268.974 64141747.800
 308 81.8787 11496245.065 11496163.1863 14040480.800
 413 62.1517 517453.045 517390.8933 832464.500
 518 49.4643 16557.244 16507.7797 33373.100
 619 40.7737 831.290 790.5163 1938.700
 720 35.0133 135.041 100.0277 285.600
 102 246.999 44638091.755 44637844.756 18072075.000
 206 123.518 108153237.504 108153113.986 87560609.700
 308 82.111 1246240.542 1246158.431 1517651.000
 413 56.2353 1318.973 1262.7377 2245.400
 518 41.7197 103.071 61.3513 147.000
 619 32.579 45.655 13.076 40.100
 720 26.9073 29.325 2.4177 8.900
 102 226.619 146956555166285398765.076 146956555166285398538.457 64847411367222253446.700
 206 108.258 385636301605.355 385636301497.097 356219680298.000
 308 71.07 5102748.076 5102677.006 7179790.300
 413 52.505 3721.256 3668.751 6987.400
 518 41.6317 142.868 101.2363 243.100
 619 34.541 52.714 18.173 52.600
 720 29.731 32.051 2.320 7.800
 102 252.515 57780435819563.827 57780435819311.312 22881981592899.900
 206 124.441 92052916279.050 92052916154.609 73973140809.300
 308 84.945 2076840688.555 2076840603.610 2444923896.100
 413 63.1537 41765876.428 41765813.2743 66133596.700
 518 50.1903 2098576.785 2098526.5947 4181139.700
 619 41.5333 191204.162 191162.6287 460263.500
 720 35.281 26636.876 26601.595 75399.200
 102 166.666 59006836626264.637 59006836626097.971 35404243592633.100
 206 79.2473 291141.222 291061.9747 367283.100
 308 51.8303 203.538 151.7077 292.700
 413 38.622 58.675 20.053 51.900
 518 30.6023 34.193 3.5907 11.700
 619 25.4943 24.111 1.3833 5.400
 720 21.5857 18.629 2.9567 13.600
 102 250.799 381.747 130.948 52.200
 206 71.7897 90.849 19.0593 26.500
 308 38.4663 43.034 4.5677 11.800
 413 26.2457 28.200 1.9543 7.400
 518 20.001 20.955 .954 4.700
 619 16.071 16.683 .612 3.800
 720 13.4697 13.831 .3613 2.600
 102 282.109 1155.153 873.044 309.400
 206 125.176 157.736 32.560 26.000
 308 62.253 77.166 14.913 23.900
 413 35.945 39.792 3.847 10.700
 518 25.0693 26.787 1.7177 6.800
 619 19.3183 20.165 .8467 4.300
 720 16.8547 16.183 .6717 3.900
 102 191.531 15236163956111768.453 15236163956111576.922 7954933643176079.500
 206 92.7693 52227873.546 52227780.7767 56298560.800
 308 60.5723 2115.559 2054.9867 3392.600
 413 42.0947 100.782 58.6873 139.400
 518 31.776 45.252 13.476 42.400
 619 25.791 29.108 3.317 12.800
 720 22.136 21.461 .675 3.000
 102 216.011 50376368793833.472 50376368793617.461 23321205306034.100
 206 124.434 6568428759396.229 6568428759271.795 5278644710667.300
 308 81.8463 8453662506.740 8453662424.8937 10328704443.400
 413 60.9297 3987488.153 3987427.2233 6544307.900
 518 49.1637 15275.900 15226.7363 30971.500
 619 40.3973 423.243 382.8457 947.700
 720 34.566 83.692 49.126 142.100
 102 264.279 48077.455 47813.176 18091.900
 206 129.171 56171.847 56042.676 43386.400
 308 84.693 800990.162 800905.469 945657.200
 413 41.8453 5253.959 5212.1137 12455.600
 518 39.3 2988.916 2949.616 7505.300
 619 30.441 505.966 475.525 1562.100
 720 16.4043 57.854 41.4497 252.600
 102 132.225 1966.080 1833.855 1386.900
 206 53.1113 80.773 27.6617 52.000
 308 32.7453 40.631 7.8857 24.000
 413 22.7017 27.156 4.4543 19.600
 518 17.967 20.398 2.431 13.500
 619 14.844 16.328 1.484 9.900
 720 12.7357 13.597 .8613 6.700
 102 138.891 5639.290 5500.399 3960.200
 206 54.5467 86.753 32.2063 59.000
 308 32.913 42.133 9.220 28.000
 413 23.1687 27.811 4.6423 20.000
 518 18.1723 20.758 2.5857 14.200
 619 14.919 16.561 1.642 11.000
 720 12.761 13.761 1.000 7.800
 102 266.546 600013664.993 600013398.447 225106885.200
 206 125.842 114772716.011 114772590.169 91203723.800
 308 85.1283 7048313.928 7048228.7997 8279536.600
 413 66.097 5785360.424 5785294.327 8752733.500
 518 50.445 1023087.116 1023036.671 2028023.900
 619 41.665 251534.530 251492.865 603607.000
 720 35.9423 77749.351 77713.4087 216217.100
 102 280.38 146139688.386 146139408.006 52121908.800
 206 143.573 4700038.758 4699895.185 3273523.000
 308 91.075 637439.865 637348.790 699806.500
 413 68.09 155970.498 155902.408 228965.200
 518 54.394 52728.758 52674.364 96838.500
 619 45.1093 21883.356 21838.2467 48411.800
 720 38.5413 10468.328 10429.7867 27061.300
 102 112.99 219527714.448 219527601.458 194289407.400
 206 49.8027 146.496 96.6933 194.100
 308 30.8333 36.192 5.3587 17.300
 413 22.2187 20.616 1.6027 7.200
 518 14.7633 14.409 .3543 2.300
 619 13.7223 11.088 2.6343 19.100
 720 12.9823 9.010 3.9723 30.500
 102 93.3923 466.032 372.6397 399.000
 206 32.8277 43.800 10.9723 33.400
 308 20.2953 22.928 2.6327 12.900
 413 14.786 15.504 .718 4.800
 518 11.744 11.664 .080 .600
 619 9.69833 9.400 .29833 3.000
 720 8.29333 7.864 .42933 5.100
 102 144.242 595207054296572.928 595207054296428.686 412644759706901.300
 206 72.4583 210931625.832 210931553.3737 291107510.600
 308 47.6707 26381.488 26333.8173 55241.000
 413 35.678 221.376 185.698 520.400
 518 24.9507 42.854 17.9033 71.700
 619 11.722 22.480 10.758 91.700
 720 11.3183 15.373 4.0547 35.800
 102 143.43 15417.984 15274.554 10649.400
 206 42.892 56.328 13.436 31.300
 308 25.6687 25.920 .2513 .900
 413 17.5847 16.824 .7607 4.300
 518 13.9173 12.451 1.4663 10.500
 619 10.7937 9.888 .9057 8.300
 720 9.36967 8.200 1.16967 12.400
 102 288.206 26792.427 26504.221 9196.200
 206 137.144 2027.274 1890.130 1378.200
 308 90.6543 495.740 405.0857 446.800
 413 62.455 340.930 278.475 445.800
 518 49.2197 939.835 890.6153 1809.400
 619 39.176 1197.327 1158.151 2956.200
 720 27.5723 131.940 104.3677 378.500
 102 371.821 4942432438424125533.020 4942432438424125161.199 1329250483007717466.500
 206 177.39 46639614217237.524 46639614217060.134 26292132711573.400
 308 108.657 531748235.223 531748126.566 489382300.700
 413 77.1237 226794.854 226717.7303 293966.300
 518 60.1813 1387.978 1327.7967 2206.300
 619 48.4417 154.849 106.4073 219.600
 720 40.3217 69.110 28.7883 71.300
 102 283.59 23369971568806618959562.752 23369971568806618959279.162 8240760100429006297570.100
 206 132.343 56882713928824.504 56882713928692.161 42981278895515.500
 308 85.0743 638617038.520 638616953.4457 750657899.500
 413 61.5943 274033.029 273971.4347 444799.900
 518 48.0623 1582.768 1534.7057 3193.100
 619 40.1777 161.689 121.5113 302.400
 720 34.077 70.496 36.419 106.800
 102 369.754 80867075875.553 80867075505.799 21870507284.700
 206 115.257 4924.600 4809.343 4172.700
 308 57.6677 140.943 83.2753 144.400
 413 38.3637 64.849 26.4853 69.000
 518 29.3897 42.590 13.2003 44.900
 619 23.882 31.580 7.698 32.200
 720 20.1817 25.014 4.8323 23.900
 102 400.074 199982.284 199582.210 49886.300
 206 186.946 336337.797 336150.851 179811.700
 308 118.027 3834.183 3716.156 3148.500
 413 60.3433 155.166 94.8227 157.100
 518 49.1723 69.009 19.8367 40.300
 619 32.7693 44.216 11.4467 34.900
 720 25.523 32.369 6.846 26.800
 102 246.13 32750990861754.040 32750990861507.910 13306379092962.200
 206 111.471 177961.144 177849.673 159547.900
 308 71.4413 250.019 178.5777 249.900
 413 51.9903 82.575 30.5847 58.800
 518 40.954 49.348 8.394 20.400
 619 33.802 35.184 1.382 4.000
 720 28.9983 27.384 1.6143 5.500
 102 373.599 405092100714940098.846 405092100714939725.247 108429653375662066.800
 206 185.441 479399380072011.264 479399380071825.823 258518547716969.700
 308 115.578 14826984068.956 14826983953.378 12828552106.200
 413 81.3163 5352376.872 5352295.5557 6582069.700
 518 61.5197 17097.326 17035.8063 27691.600
 619 49.3707 484.679 435.3083 881.700
 720 40.5513 111.731 71.1797 175.500
 102 371.039 4362411552.153 4362411181.114 1175728476.200
 206 129.413 79215.083 79085.670 61111.000
 308 71.148 214.016 142.868 200.800
 413 49.3087 78.151 28.8423 58.400
 518 36.956 47.702 10.746 29.000
 619 30.0213 34.344 4.3227 14.300
 720 24.7613 26.840 2.0787 8.300
 102 244.579 602057229.352 602056984.773 246160539.000
 206 123.671 1795.604 1671.933 1351.900
 308 48.082 91.666 43.584 90.600
 413 34.814 43.683 8.869 25.400
 518 27.4497 28.409 .9593 3.400
 619 22.5237 21.148 1.3757 6.100
 720 19.2183 16.792 2.4263 12.600
 102 154.622 1124.679 970.057 627.300
 206 66.508 171.376 104.868 157.600
 308 36.1513 54.939 18.7877 51.900
 413 25.422 32.788 7.366 28.900
 518 19.6867 23.347 3.6603 18.500
 619 16.0877 18.199 2.1113 13.100
 720 13.6383 14.908 1.2697 9.300
 102 96.888 185.712 88.824 91.600
 206 46.2213 56.729 10.5077 22.700
 308 30.658 33.504 2.846 9.200
 413 22.9293 23.777 .8477 3.600
 518 18.318 18.415 .097 .500
 619 15.195 15.045 .150 .900
 720 13.0457 12.696 .3497 2.600
 102 274.921 9271059351.879 9271059076.958 3372262968.900
 206 137.223 76084175.462 76084038.239 55445543.500
 308 91.4383 4689496.805 4689405.3667 5128491.400
 413 68.459 660758.097 660689.638 965088.000
 518 54.7883 146805.620 146750.8317 267850.600
 619 45.7403 43578.205 43532.4647 95173.100
 720 39.2227 15795.909 15756.6863 40172.300
 102 108.259 151709.122 151600.863 140035.300
 206 53.5107 204.308 150.7973 281.800
 308 33.9337 61.220 27.2863 80.400
 413 23.684 33.976 10.292 43.400
 518 20.8827 24.526 3.6433 17.400
 619 15.1297 18.486 3.3563 22.100
 720 13.3027 15.329 2.0263 15.200
 102 120.867 684.359 563.492 466.200
 206 56.5843 73.359 16.7747 29.600
 308 36.833 38.747 1.914 5.100
 413 27.3917 26.398 .9937 3.600
 518 21.7583 19.873 1.8853 8.600
 619 18.093 16.001 2.092 11.500
 720 15.448 13.398 2.050 13.200
 102 208.991 1837.793 1628.802 779.300
 206 123.537 1827.512 1703.975 1379.300
 308 52.672 126.290 73.618 139.700
 413 32.664 50.278 17.614 53.900
 518 23.3433 31.047 7.7037 33.000
 619 18.1473 22.527 4.3797 24.100
 720 15.152 17.681 2.529 16.600
 102 205.803 33313.914 33108.111 16087.200
 206 124.412 29339.607 29215.195 23482.600
 308 82.648 7404.021 7321.373 8858.400
 413 61.9777 524.533 462.5553 746.300
 518 49.6907 98.811 49.1203 98.800
 619 39.0557 45.355 6.2993 16.100
 720 20.0527 29.173 9.1203 45.400
 102 281.819 81077525840433286.758 81077525840433004.939 28769361129105207.500
 206 117.921 13845374635.417 13845374517.496 11741228888.400
 308 72.7767 225843.092 225770.3153 310223.300
 413 51.6597 472.227 420.5673 814.100
 518 39.1467 76.546 37.3993 95.500
 619 31.5883 39.566 7.9777 25.200
 720 26.4437 26.645 .2013 .700
 102 249.674 388133213133592.903 388133213133343.229 155455999877177.100
 206 124.043 34445834689.331 34445834565.288 27769269177.000
 308 82.2933 42008854.479 42008772.1857 51047621.300
 413 61.105 458220.625 458159.520 749790.500
 518 49.584 9422.323 9372.739 18902.700
 619 40.7823 442.739 401.9567 985.600
 720 35.0883 90.713 55.6247 158.500
 102 239.179 18411763282421502.033 18411763282421262.854 7697901271608821.300
 206 104.273 62590373.273 62590269.000 60025384.300
 308 62.843 2384.960 2322.117 3695.100
 413 44.051 103.854 59.803 135.700
 518 33.6753 45.760 12.0847 35.800
 619 26.9417 29.353 2.4113 8.900
 720 22.8313 21.590 1.2413 5.400
 102 248.35 115282672939506526742.937 115282672939506526494.587 46419437463058798669.000
 206 123.868 35013524040678.359 35013524040554.491 28266803404070.800
 308 82.3047 1599527204.381 1599527122.0763 1943421362.400
 413 61.4027 807023.984 806962.5813 1314213.500
 518 49.1317 4316.741 4267.6093 8686.000
 619 40.2163 195.920 155.7037 387.100
 720 33.9637 60.815 26.8513 79.000
 102 252.939 1090087147877.580 1090087147624.641 430968394602.900
 206 125.993 1159450690.068 1159450564.075 920249985.300
 308 85.6653 97173081.248 97172995.5827 113433321.900
 413 63.8637 4552888.913 4552825.0493 7128971.600
 518 50.3387 438370.451 438320.1123 870741.800
 619 41.5367 67025.553 66984.0163 161264.600
 720 35.892 14304.372 14268.480 39753.900
 102 187.05 52296463632379764.981 52296463632379577.931 27958547785287130.600
 206 90.619 170321185.710 170321095.091 187952962.500
 308 59.3587 5053.548 4994.1893 8413.500
 413 43.6317 122.736 79.1043 181.300
 518 34.3407 49.201 14.8603 43.200
 619 28.447 30.746 2.299 8.000
 720 23.9067 22.327 1.5797 6.600
 102 281.543 5523.292 5241.749 1861.700
 206 138.193 505.856 367.663 266.000
 308 86.78 151.166 64.386 74.100
 413 63.6613 72.151 8.4897 13.300
 518 50.347 48.414 1.933 3.800
 619 40.8047 34.419 6.3857 15.600
 720 31.1123 24.527 6.5853 21.100
