 0.0100503
 0.0100503
.006 0.0150754
.0453 0.0201005
.129 0.0251256
.138 0.0301508
.248 0.0351759
.25933 0.040201
.2633 0.0452261
.2693 0.0502513
.3267 0.0552764
.3323 0.0603015
.40533 0.0653266
.4223 0.0703518
.429 0.0753769
.630 0.080402
.632 0.0854271
.6437 0.0904523
.658 0.0954774
.7467 0.100503
.7487 0.105528
.772 0.110553
.8797 0.115578
.8863 0.120603
.8927 0.125628
.8997 0.130653
.9327 0.135678
1.0163 0.140704
1.021 0.145729
1.022 0.150754
1.0227 0.155779
1.0397 0.160804
1.1277 0.165829
1.1553 0.170854
1.16667 0.175879
1.2013 0.180905
1.3177 0.18593
1.3217 0.190955
1.3543 0.19598
1.3887 0.201005
1.438 0.20603
1.4533 0.211055
1.496 0.21608
1.5447 0.221106
1.5827 0.226131
1.6123 0.231156
1.651 0.236181
1.7583 0.241206
1.7607 0.246231
2.010 0.251256
2.018 0.256281
2.0353 0.261307
2.0443 0.266332
2.1187 0.271357
2.153 0.276382
2.2037 0.281407
2.2093 0.286432
2.250 0.291457
2.312 0.296482
2.347 0.301508
2.3683 0.306533
2.3763 0.311558
2.444 0.316583
2.4493 0.321608
2.4567 0.326633
2.5153 0.331658
2.565 0.336683
2.5997 0.341709
2.6273 0.346734
2.717 0.351759
2.7257 0.356784
2.906 0.361809
2.9407 0.366834
3.371 0.371859
3.6237 0.376884
3.6623 0.38191
3.7563 0.386935
3.8217 0.39196
3.8723 0.396985
3.953 0.40201
3.9703 0.407035
4.0887 0.41206
4.3603 0.417085
4.3857 0.422111
4.4587 0.427136
4.4823 0.432161
4.631 0.437186
4.6593 0.442211
4.7257 0.447236
5.0353 0.452261
5.0563 0.457286
5.3657 0.462312
5.540 0.467337
5.6797 0.472362
5.7513 0.477387
6.3743 0.482412
6.418 0.487437
6.5283 0.492462
6.626 0.497487
7.022 0.502513
7.1753 0.507538
7.647 0.512563
7.6867 0.517588
7.8787 0.522613
7.879 0.527638
7.9407 0.532663
8.0507 0.537688
8.0937 0.542714
8.457 0.547739
9.140 0.552764
9.1703 0.557789
9.232 0.562814
9.577 0.567839
10.6417 0.572864
10.833 0.577889
10.892 0.582915
10.969 0.58794
11.143 0.592965
11.361 0.59799
11.4103 0.603015
11.5007 0.60804
12.1617 0.613065
13.192 0.61809
13.4433 0.623116
13.505 0.628141
13.514 0.633166
14.9133 0.638191
15.528 0.643216
16.414 0.648241
17.0403 0.653266
17.786 0.658291
18.047 0.663317
18.0843 0.668342
18.1597 0.673367
18.174 0.678392
18.182 0.683417
18.6543 0.688442
19.3047 0.693467
19.5733 0.698492
20.0287 0.703518
20.167 0.708543
20.5217 0.713568
21.0993 0.718593
25.944 0.723618
26.0683 0.728643
27.1113 0.733668
27.288 0.738693
27.3133 0.743719
27.3893 0.748744
27.7217 0.753769
28.8543 0.758794
28.8943 0.763819
30.6517 0.768844
32.2543 0.773869
36.543 0.778894
37.6543 0.78392
46.759 0.788945
50.349 0.79397
52.3013 0.798995
56.0633 0.80402
59.0377 0.809045
59.1503 0.81407
59.935 0.819095
60.014 0.824121
62.0073 0.829146
72.5977 0.834171
78.660 0.839196
79.8903 0.844221
83.7683 0.849246
89.023 0.854271
90.149 0.859296
90.771 0.864322
94.0983 0.869347
97.4363 0.874372
98.0717 0.879397
102.0187 0.884422
105.160 0.889447
106.3023 0.894472
109.8433 0.899497
123.7457 0.904523
125.8763 0.909548
138.6817 0.914573
142.7537 0.919598
143.947 0.924623
156.3837 0.929648
162.8593 0.934673
171.2503 0.939698
178.2423 0.944724
180.9407 0.949749
182.9067 0.954774
189.2003 0.959799
199.8207 0.964824
201.994 0.969849
380.410 0.974874
471.0477 0.979899
732.466 0.984925
1177.6313 0.98995
1379.4663 0.994975
1414.673 1
