3.900 0.0192308
4.600 0.0384615
5.300 0.0576923
8.500 0.0769231
9.100 0.0961538
11.700 0.115385
13.200 0.134615
18.100 0.153846
20.200 0.173077
20.300 0.192308
23.400 0.211538
23.600 0.230769
24.600 0.25
25.200 0.269231
25.700 0.288462
35.100 0.307692
36.500 0.326923
40.800 0.346154
46.500 0.365385
47.900 0.384615
49.200 0.403846
49.600 0.423077
49.900 0.442308
52.500 0.461538
53.000 0.480769
53.700 0.5
55.200 0.519231
57.600 0.538462
59.200 0.557692
60.400 0.576923
61.700 0.596154
62.500 0.615385
64.800 0.634615
65.100 0.653846
66.500 0.673077
67.900 0.692308
92.400 0.711538
146.100 0.730769
162.300 0.75
187.200 0.769231
225.400 0.788462
281.100 0.807692
335.300 0.826923
348.600 0.846154
540.800 0.865385
607.800 0.884615
654.600 0.903846
841.500 0.923077
908.700 0.942308
912.900 0.961538
1033.700 0.980769
1171.000 1
