.700 0.0142857
1.000 0.0285714
1.400 0.0428571
2.400 0.0571429
3.100 0.0714286
3.400 0.0857143
3.600 0.1
4.700 0.114286
5.000 0.128571
5.400 0.142857
5.500 0.157143
6.200 0.171429
6.300 0.185714
6.400 0.2
6.900 0.214286
7.300 0.242857
7.300 0.242857
7.900 0.257143
8.300 0.285714
8.300 0.285714
8.800 0.3
9.500 0.314286
10.100 0.328571
12.800 0.342857
13.900 0.357143
15.400 0.371429
18.300 0.385714
18.800 0.4
19.200 0.414286
23.100 0.428571
23.500 0.442857
23.800 0.457143
24.400 0.471429
26.100 0.485714
27.700 0.5
28.400 0.514286
30.000 0.528571
36.500 0.542857
36.600 0.557143
41.100 0.571429
41.300 0.585714
47.100 0.6
48.300 0.614286
52.100 0.628571
64.500 0.642857
92.800 0.657143
95.100 0.671429
101.100 0.685714
125.300 0.7
127.000 0.714286
133.200 0.728571
154.200 0.742857
177.500 0.757143
193.900 0.771429
209.100 0.785714
329.700 0.8
334.000 0.814286
357.400 0.828571
406.300 0.842857
486.200 0.857143
906.300 0.871429
935.500 0.885714
1300.300 0.9
1508.700 0.914286
2540.900 0.928571
6448.600 0.942857
12783.300 0.957143
13781.000 0.971429
15842.900 0.985714
20782.900 1
