 0.0100503
 0.0100503
0 0.0150754
.100 0.0201005
.700 0.0251256
.900 0.0301508
1.000 0.040201
1.000 0.040201
1.700 0.0452261
2.200 0.0502513
2.500 0.0552764
2.600 0.0603015
2.800 0.0653266
3.100 0.0703518
3.400 0.080402
3.400 0.080402
3.800 0.0904523
3.800 0.0904523
4.000 0.0954774
4.200 0.110553
4.200 0.110553
4.200 0.110553
4.300 0.115578
4.600 0.125628
4.600 0.125628
4.800 0.130653
5.100 0.140704
5.100 0.140704
5.200 0.150754
5.200 0.150754
5.300 0.155779
5.500 0.160804
5.800 0.165829
5.900 0.170854
6.100 0.175879
6.400 0.18593
6.400 0.18593
6.900 0.190955
7.000 0.19598
7.100 0.201005
7.300 0.20603
7.700 0.211055
7.800 0.21608
8.000 0.226131
8.000 0.226131
8.100 0.231156
8.300 0.241206
8.300 0.241206
8.400 0.246231
8.500 0.251256
9.000 0.256281
9.100 0.261307
9.400 0.266332
9.600 0.271357
9.800 0.276382
10.000 0.281407
10.400 0.286432
10.900 0.291457
11.000 0.296482
11.100 0.301508
11.500 0.306533
11.800 0.311558
12.200 0.316583
12.300 0.321608
12.400 0.326633
13.000 0.336683
13.000 0.336683
13.400 0.341709
13.600 0.351759
13.600 0.351759
13.700 0.356784
13.800 0.361809
13.900 0.366834
14.300 0.371859
14.600 0.376884
15.300 0.38191
16.300 0.386935
16.900 0.39196
17.400 0.40201
17.400 0.40201
17.500 0.41206
17.500 0.41206
18.800 0.417085
19.100 0.422111
19.500 0.427136
19.600 0.432161
19.700 0.437186
20.100 0.442211
20.600 0.447236
20.900 0.452261
22.100 0.457286
23.000 0.462312
23.100 0.472362
23.100 0.472362
24.200 0.477387
24.500 0.482412
24.800 0.487437
24.900 0.492462
25.000 0.497487
25.400 0.502513
26.200 0.512563
26.200 0.512563
27.200 0.517588
27.500 0.522613
27.900 0.527638
28.000 0.532663
29.300 0.537688
29.400 0.547739
29.400 0.547739
30.000 0.552764
30.500 0.557789
31.200 0.562814
31.500 0.567839
32.000 0.572864
32.100 0.577889
32.900 0.582915
33.700 0.58794
34.700 0.592965
35.000 0.59799
36.100 0.60804
36.100 0.60804
38.900 0.613065
39.300 0.61809
40.400 0.623116
40.700 0.628141
42.400 0.633166
42.500 0.638191
43.400 0.643216
45.700 0.653266
45.700 0.653266
47.900 0.658291
48.300 0.663317
52.100 0.668342
52.200 0.673367
52.600 0.678392
53.300 0.683417
54.300 0.688442
54.400 0.693467
58.500 0.698492
58.900 0.703518
59.100 0.708543
60.000 0.713568
61.800 0.718593
62.500 0.723618
71.300 0.728643
71.500 0.733668
72.400 0.738693
73.400 0.743719
73.500 0.748744
77.200 0.753769
79.800 0.758794
80.400 0.763819
83.900 0.768844
87.200 0.773869
91.800 0.778894
93.500 0.78392
96.100 0.788945
97.200 0.79397
105.200 0.798995
107.200 0.80402
136.200 0.809045
140.500 0.81407
145.200 0.819095
145.600 0.824121
148.600 0.829146
149.300 0.834171
158.100 0.839196
162.500 0.844221
163.700 0.849246
166.300 0.854271
168.200 0.859296
169.600 0.864322
179.000 0.869347
183.100 0.874372
195.600 0.879397
200.700 0.884422
202.300 0.889447
218.800 0.894472
226.700 0.899497
253.200 0.904523
255.300 0.909548
256.200 0.914573
287.300 0.919598
301.700 0.924623
313.200 0.929648
342.400 0.934673
353.400 0.939698
353.500 0.944724
384.100 0.949749
447.600 0.954774
448.300 0.959799
496.800 0.964824
504.300 0.969849
517.700 0.974874
606.000 0.979899
1066.200 0.984925
1130.100 0.98995
2279.500 0.994975
2794.000 1
