.200 0.0025974
.500 0.00519481
.600 0.00779221
.700 0.0103896
.900 0.0155844
.900 0.0155844
1.600 0.0181818
2.300 0.0207792
2.600 0.025974
2.600 0.025974
3.000 0.0311688
3.000 0.0311688
3.300 0.0337662
3.400 0.0363636
3.600 0.0415584
3.600 0.0415584
3.800 0.0467532
3.800 0.0467532
3.900 0.0493506
4.000 0.0519481
4.200 0.0545455
4.300 0.0597403
4.300 0.0597403
4.700 0.0649351
4.700 0.0649351
4.800 0.0675325
5.100 0.0727273
5.100 0.0727273
5.200 0.0753247
5.400 0.0805195
5.400 0.0805195
5.500 0.0831169
5.700 0.0857143
6.100 0.0883117
6.300 0.0909091
6.600 0.0935065
6.700 0.0961039
6.800 0.0987013
7.200 0.101299
7.300 0.103896
7.400 0.106494
7.800 0.111688
7.800 0.111688
8.000 0.114286
8.200 0.119481
8.200 0.119481
8.300 0.124675
8.300 0.124675
8.600 0.127273
8.900 0.132468
8.900 0.132468
9.200 0.135065
9.300 0.137662
9.800 0.14026
9.900 0.142857
10.500 0.145455
10.700 0.148052
11.000 0.150649
11.300 0.153247
11.500 0.155844
11.700 0.158442
11.800 0.161039
12.400 0.163636
12.600 0.166234
12.800 0.168831
12.900 0.171429
13.100 0.174026
13.200 0.176623
13.300 0.179221
13.500 0.181818
13.600 0.184416
13.800 0.187013
14.200 0.18961
14.300 0.192208
15.200 0.194805
15.600 0.197403
16.100 0.2
16.600 0.202597
17.200 0.205195
17.300 0.21039
17.300 0.21039
17.400 0.212987
18.500 0.215584
18.600 0.218182
19.100 0.220779
19.200 0.223377
19.600 0.225974
20.000 0.228571
20.400 0.231169
21.100 0.233766
22.100 0.236364
22.700 0.238961
23.000 0.244156
23.000 0.244156
23.900 0.249351
23.900 0.249351
24.000 0.251948
24.100 0.254545
25.200 0.257143
25.400 0.25974
26.000 0.262338
26.100 0.264935
26.500 0.267532
26.800 0.27013
27.700 0.272727
28.000 0.275325
28.900 0.277922
29.000 0.280519
29.200 0.283117
29.300 0.285714
29.600 0.288312
30.500 0.290909
31.200 0.293506
31.300 0.296104
32.000 0.298701
32.200 0.301299
33.000 0.303896
33.400 0.306494
34.900 0.309091
35.800 0.314286
35.800 0.314286
38.900 0.316883
39.300 0.319481
40.100 0.322078
40.300 0.324675
42.100 0.327273
42.400 0.32987
43.200 0.332468
43.400 0.335065
44.900 0.337662
45.400 0.34026
48.200 0.342857
51.900 0.348052
51.900 0.348052
52.000 0.350649
52.200 0.353247
52.600 0.355844
53.900 0.358442
54.000 0.361039
58.400 0.363636
58.800 0.366234
59.000 0.368831
59.200 0.371429
61.700 0.374026
62.500 0.376623
69.000 0.379221
71.300 0.381818
71.700 0.384416
73.400 0.38961
73.400 0.38961
74.100 0.392208
76.500 0.394805
79.000 0.397403
80.400 0.4
83.900 0.402597
87.100 0.405195
90.600 0.407792
91.600 0.41039
91.700 0.412987
95.500 0.415584
98.800 0.418182
106.800 0.420779
135.700 0.423377
139.400 0.425974
139.700 0.428571
142.100 0.431169
144.400 0.433766
147.000 0.436364
157.100 0.438961
157.600 0.441558
158.500 0.444156
162.300 0.446753
166.000 0.449351
169.300 0.451948
175.500 0.454545
181.300 0.457143
194.100 0.45974
200.700 0.462338
200.800 0.464935
214.900 0.467532
219.600 0.47013
243.100 0.472727
249.900 0.475325
252.600 0.477922
252.800 0.480519
266.000 0.483117
281.800 0.485714
285.600 0.488312
287.900 0.490909
292.700 0.493506
302.400 0.496104
309.400 0.498701
362.100 0.501299
370.600 0.503896
373.400 0.506494
378.500 0.509091
387.100 0.511688
399.000 0.514286
445.800 0.516883
446.800 0.519481
466.200 0.522078
520.400 0.524675
627.300 0.527273
746.300 0.52987
779.300 0.532468
814.100 0.535065
881.700 0.537662
947.700 0.54026
985.600 0.542857
1351.900 0.545455
1378.200 0.548052
1379.300 0.550649
1386.900 0.553247
1562.100 0.555844
1692.600 0.558442
1809.400 0.561039
1861.700 0.563636
1938.700 0.566234
2206.300 0.568831
2245.400 0.571429
2956.200 0.574026
3148.500 0.576623
3193.100 0.579221
3392.600 0.581818
3695.100 0.584416
3728.200 0.587013
3960.200 0.58961
4172.700 0.592208
5153.800 0.594805
5502.100 0.597403
5939.600 0.6
6313.700 0.602597
6380.600 0.605195
6987.400 0.607792
7505.300 0.61039
8413.500 0.612987
8686.000 0.615584
8858.400 0.618182
9196.200 0.620779
10649.400 0.623377
12280.400 0.625974
12455.600 0.628571
13601.500 0.631169
16087.200 0.633766
16729.000 0.636364
17016.000 0.638961
17590.900 0.641558
18091.900 0.644156
18902.700 0.646753
23482.600 0.649351
27061.300 0.651948
27691.600 0.654545
30906.100 0.657143
30971.500 0.65974
33373.100 0.662338
39753.900 0.664935
40172.300 0.667532
42100.600 0.67013
43386.400 0.672727
48411.800 0.675325
49886.300 0.677922
54744.000 0.680519
55241.000 0.683117
61111.000 0.685714
61379.100 0.688312
66104.500 0.690909
75399.200 0.693506
95173.100 0.696104
96838.500 0.698701
124476.200 0.701299
140035.300 0.703896
159127.600 0.706494
159547.900 0.709091
161264.600 0.711688
179811.700 0.714286
208601.400 0.716883
216217.100 0.719481
228965.200 0.722078
267850.600 0.724675
293966.300 0.727273
310223.300 0.72987
367283.100 0.732468
403174.100 0.735065
444799.900 0.737662
460263.500 0.74026
571034.600 0.742857
603607.000 0.745455
659500.000 0.748052
699806.500 0.750649
749790.500 0.753247
817102.300 0.755844
832464.500 0.758442
863615.400 0.761039
870741.800 0.763636
945657.200 0.766234
965088.000 0.768831
1053190.000 0.771429
1314213.500 0.774026
1517651.000 0.776623
2028023.900 0.779221
2881162.400 0.781818
3273523.000 0.784416
3785710.200 0.787013
4181139.700 0.78961
4961913.800 0.792208
5128491.400 0.794805
5411484.500 0.797403
6544307.900 0.8
6582069.700 0.802597
7128971.600 0.805195
7179790.300 0.807792
8279536.600 0.81039
8752733.500 0.812987
9490972.200 0.815584
9767749.100 0.818182
11199669.800 0.820779
14040480.800 0.823377
18072075.000 0.825974
51047621.300 0.828571
52121908.800 0.831169
55445543.500 0.833766
56298560.800 0.836364
60025384.300 0.838961
64141747.800 0.841558
66133596.700 0.844156
86051111.400 0.846753
87560609.700 0.849351
91203723.800 0.851948
106024898.000 0.854545
113433321.900 0.857143
134712363.600 0.85974
140362072.900 0.862338
187276601.200 0.864935
187952962.500 0.867532
194289407.400 0.87013
225106885.200 0.872727
246160539.000 0.875325
291107510.600 0.877922
489382300.700 0.880519
620895386.800 0.883117
750657899.500 0.885714
920249985.300 0.888312
1175728476.200 0.890909
1943421362.400 0.893506
2444923896.100 0.896104
3372262968.900 0.898701
4562243453.800 0.901299
6123229687.300 0.903896
7183452190.800 0.906494
10328704443.400 0.909091
11741228888.400 0.911688
12828552106.200 0.914286
16477411707.900 0.916883
21870507284.700 0.919481
27769269177.000 0.922078
73973140809.300 0.924675
195894203483.100 0.927273
356219680298.000 0.92987
430968394602.900 0.932468
4284645196731.900 0.935065
5278644710667.300 0.937662
6845375153596.900 0.94026
13306379092962.200 0.942857
22881981592899.900 0.945455
23321205306034.100 0.948052
26292132711573.400 0.950649
28266803404070.800 0.953247
31582763722961.100 0.955844
35404243592633.100 0.958442
42981278895515.500 0.961039
45120075216339.200 0.963636
46872080090859.800 0.966234
155455999877177.100 0.968831
258518547716969.700 0.971429
412644759706901.300 0.974026
7697901271608821.300 0.976623
7954933643176079.500 0.979221
27958547785287130.600 0.981818
28769361129105207.500 0.984416
87233099506511984.800 0.987013
108429653375662066.800 0.98961
1329250483007717466.500 0.992208
46419437463058798669.000 0.994805
64847411367222253446.700 0.997403
8240760100429006297570.100 1
