file-server 100 351.258 8611472.506 8611121.248 2451508.900
file-server 300 59.7043 11503125018971490456.271 11503125018971490396.5667 19266828384172480703.300
file-server 500 23.6743 2215821767.655 2215821743.9807 9359608284.000
file-server 700    
file-server 900    
kernel 100 129.247 365470568.366 365470439.119 282768992.000
kernel 300 68.3677 892523682048599.871 892523682048531.5033 1305475658898180.700
kernel 500 20.416 2263517.282 2263496.866 11086877.200
kernel 700 14.7637 2046745.120 2046730.3563 13863261.600
kernel 900 11.7513 2092616.481 2092604.7297 17807431.700
mediawiki-ws/20C 100 303.431 266015098646.691 266015098343.260 87669057658.300
mediawiki-ws/20C 300 79.595 423266838.301 423266758.706 531775562.100
mediawiki-ws/20C 500 59.2203 76045320062.386 76045320003.1657 128410899646.100
mediawiki-ws/20C 700 45.8113 64152893020.641 64152892974.8297 140037268042.600
mediawiki-ws/20C 900 33.6117 203113701.660 203113668.0483 604294540.400
mediawiki-ws/10C 100 156.281 1881253.068 1881096.787 1203663.100
mediawiki-ws/10C 300 54.2415 110090427.271 110090373.0295 202963363.800
mediawiki-ws/10C 500 33.4835 76472037.621 76472004.1375 228387128.300
mediawiki-ws/10C 700 26.2495 65378315.031 65378288.7815 249064891.800
mediawiki-ws/10C 900 19.969 55450708.868 55450688.899 277683854.400
mediawiki-db 100 103.351 20333580.779 20333477.428 19674195.100
mediawiki-db 300 29.467 11251075.768 11251046.301 38181851.900
mediawiki-db 500 16.8437 111876.423 111859.5793 664103.300
mediawiki-db 700 11.965 118681.461 118669.496 991805.200
mediawiki-db 900 9.54133 10074.384 10064.84267 105486.700
rubis-ws/300C 100 163.824 3584902065.029 3584901901.205 2188264174.400
rubis-ws/300C 300 56.11 1700246811.819 1700246755.709 3030202736.900
rubis-ws/300C 500 32.448 1385644224.282 1385644191.834 4270353155.300
rubis-ws/300C 700 26.466 147617256713.418 147617256686.952 557761870652.700
rubis-ws/300C 900 21.2025 142947999124.694 142947999103.4915 674203509508.200
rubis-db/300C 100 180.122 25569060527136.768 25569060526956.646 14195412291089.700
rubis-db/300C 300 29.988  -29.988 -100.000
rubis-db/300C 500 15.394 499610235848.474 499610235833.080 3245486785975.500
rubis-db/300C 700    
rubis-db/300C 900    
rubis-ws/100C 100 118.368 6739101520.199 6739101401.831 5693347358.900
rubis-ws/100C 300 38.495 4129803394.440 4129803355.945 10728155230.400
rubis-ws/100C 500 21.878 71610643.873 71610621.995 327317954.000
rubis-ws/100C 700 15.673 69072262.178 69072246.505 440708521.000
rubis-ws/100C 900 13.524 75480637.633 75480624.109 558123514.500
rubis-db/100C 100 164.096 49148842187940.249 49148842187776.153 29951273759126.400
rubis-db/100C 300 44.293 1601869586079.714 1601869586035.421 3616529894194.100
rubis-db/100C 500 24.5405 51911416417.140 51911416392.5995 211533654133.300
rubis-db/100C 700 17.472 3008300794621.808 3008300794604.336 17217838796957.000
rubis-db/100C 900 13.309 71685565140.132 71685565126.823 538624728580.800
