120.007
91.8679
90.0481
88.3691
91.1641
119.996
91.0205
91.1847
88.9506
90.7456
13.5114
12.6939
12.8003
12.8787
8.94489
0.799963
3.56598
28.2134
23.6018
2.04026
55.9146
0.346873
45.7265
17.4837
13.3956
12.0253
13.9971
11.9756
10.3579
3.87606
7.49001
28.7829
23.832
3.50018
32.1843
50.1728
0.667891
74.4079
11.2673
10.6703
12.3619
1.46132
27.4607
34.5404
366.083
11.9571
11.4701
2.35666
5.279
20.6766
4.89119
57.0582
742.591
113.557
223.593
72.1905
99.4968
702.16
230.5
43.3247
154.383
113.343
71.1136
76.7295
346.416
19.3457
42.7634
36.0539
338.539
9.14509
29.0048
49.4581
34.1429
351.626
7.21197
33.3329
34.8796
40.5004
52.9902
353.053
15.9255
41.2564
36.741
361.613
14.4301
41.2622
52.1614
181.123
32.2468
64.8325
63.7773
192.932
49.54
56.8886
65.3764
63.0843
111.842
60.2457
73.1629
74.9816
108.067
62.4335
72.0858
74.0456
76.4491
75.9323
72.6203
76.2288
79.0072
79.1384
73.172
65.2033
81.5437
78.1373
174.898
92.5453
90.4766
91.2938
86.1969
200.645
97.6003
91.1927
87.868
84.1311
1.79212
32.6985
36.9305
37.2449
2.13458
34.6201
35.662
37.4583
37.977
60.6515
61.6625
62.8447
61.0758
38.1897
60.5262
62.0866
62.0331
61.9342
55.1893
72.39
72.2436
73.1519
72.4838
55.6156
71.8107
72.5722
72.8747
72.7276
65.3012
77.2446
78.3757
79.295
64.893
77.3716
78.6007
78.6408
364.825
110.402
86.6835
93.2095
458.332
83.9274
92.084
91.9151
32.6633
37.9072
35.2336
93.6985
31.7463
37.4897
35.776
16.0299
58.9568
62.2037
61.5288
17.31
58.8554
63.3559
61.9016
18.5457
70.0597
72.5811
73.1897
72.7797
16.7394
70.3797
73.3461
72.7756
33.6948
76.3095
79.0809
78.3529
32.7875
77.0378
78.6825
78.3263
866.871
609.747
157.851
107.982
168.494
132.93
102.496
66.1948
52.3687
872.702
622.088
159.724
98.3717
167.402
125.927
111.489
70.8378
27.8177
555.496
158.528
18.7739
22.0665
50.7468
60.0773
58.8546
556.971
181.736
5.22472
15.8883
41.3384
39.2376
43.2411
432.344
111.784
47.7262
45.3791
75.7072
73.8151
417.04
92.0163
24.5075
59.1306
64.5361
337.237
24.1408
52.9327
69.0641
76.8371
78.7904
331.553
17.9895
52.658
64.1716
73.0413
279.009
2.95988
55.5929
62.3717
302.62
22.3677
44.8668
53.7021
479.406
181.344
95.0906
89.2814
90.523
440.246
183.2
95.1583
89.3071
90.6583
98.9424
4.8848
34.1433
37.8995
36.7097
106.328
5.09093
35.8058
36.5922
37.0867
37.054
22.8777
42.4769
60.7018
62.2564
62.1093
21.8405
42.5395
60.8001
63.3039
60.8459
12.8765
58.0469
72.0119
72.2474
73.3065
73.2216
10.5661
58.1392
72.5388
72.3363
72.6416
73.2999
72.8467
23.5751
65.5856
76.301
76.5733
77.5647
77.1873
25.2141
65.5905
76.7592
76.534
77.7399
77.6563
256.574
456.304
199.183
104.91
94.3405
90.6951
88.9202
88.927
88.5312
92.9708
257.771
461.399
194.689
109.757
90.7995
89.7194
91.7777
27.1314
1.76024
53.3059
59.4985
61.1794
61.6719
64.5497
61.3361
27.6855
4.13563
51.2042
59.6328
61.4208
62.4798
62.4439
63.531
62.8085
15.5724
42.5412
71.6794
75.2763
80.4543
76.4096
15.9764
40.8098
72.7143
76.4621
77.2601
75.8118
80.6928
78.5996
1102.77
261.531
97.8877
87.9317
89.5471
1136.88
249.107
94.9065
90.5067
90.613
86.0311
89.8477
401.182
4.16117
36.3007
38.1695
37.7299
38.5379
38.0246
386.046
5.73916
35.8635
38.756
38.5892
213.833
38.2354
61.5923
62.6905
62.5629
208.957
37.6967
61.5017
62.9614
62.5606
128.19
55.7529
71.4314
73.8549
72.5509
134.263
55.3197
70.5238
74.0697
73.3011
91.3977
62.7654
76.4672
76.7917
77.5817
77.459
93.047
66.2075
74.2569
76.8685
77.259
277.639
577.044
233.732
111.187
101.671
88.8874
90.1905
89.0571
89.8563
83.9898
89.8776
278.483
564.741
242.726
118.195
96.3738
90.6064
89.8704
88.5344
98.3261
110.804
2.00365
33.2181
35.8725
37.4262
39.4996
39.0876
100.572
107.922
0.626863
32.4116
35.318
38.5611
39.3788
37.6672
40.3393
30.3323
43.8354
57.2212
60.5987
64.5479
68.5298
41.1015
29.6173
42.9711
55.8563
63.8393
63.8359
64.3017
65.3797
11.295
6.75971
65.436
68.3099
70.5461
73.2509
73.9935
74.0191
9.48513
7.80849
59.5859
68.6893
73.4237
73.4854
73.1734
74.2331
71.9848
4.50475
23.1942
67.3209
74.9774
77.3086
79.2819
76.6067
4.98534
23.1969
67.5551
76.039
75.7974
79.3601
78.5349
