1 .700
2 1.000
3 1.400
4 2.400
5 3.100
6 3.400
7 3.600
8 4.700
9 5.000
10 5.400
11 5.500
12 6.200
13 6.300
14 6.400
15 6.900
16 7.300
17 7.300
18 7.900
19 8.300
20 8.300
21 8.800
22 9.500
23 10.100
24 12.800
25 13.900
26 15.400
27 18.300
28 18.800
29 19.200
30 23.100
31 23.500
32 23.800
33 24.400
34 26.100
35 27.700
36 28.400
37 30.000
38 36.500
39 36.600
40 41.100
41 41.300
42 47.100
43 48.300
44 52.100
45 64.500
46 92.800
47 95.100
48 101.100
49 125.300
50 127.000
51 133.200
52 154.200
53 177.500
54 193.900
55 209.100
56 329.700
57 334.000
58 357.400
59 406.300
60 486.200
61 906.300
62 935.500
63 1300.300
64 1508.700
65 2540.900
66 6448.600
67 12783.300
68 13781.000
69 15842.900
70 20782.900
