1 
2 
3 .006
4 .0453
5 .129
6 .138
7 .248
8 .25933
9 .2633
10 .2693
11 .3267
12 .3323
13 .40533
14 .4223
15 .429
16 .630
17 .632
18 .6437
19 .658
20 .7467
21 .7487
22 .772
23 .8797
24 .8863
25 .8927
26 .8997
27 .9327
28 1.0163
29 1.021
30 1.022
31 1.0227
32 1.0397
33 1.1277
34 1.1553
35 1.16667
36 1.2013
37 1.3177
38 1.3217
39 1.3543
40 1.3887
41 1.438
42 1.4533
43 1.496
44 1.5447
45 1.5827
46 1.6123
47 1.651
48 1.7583
49 1.7607
50 2.010
51 2.018
52 2.0353
53 2.0443
54 2.1187
55 2.153
56 2.2037
57 2.2093
58 2.250
59 2.312
60 2.347
61 2.3683
62 2.3763
63 2.444
64 2.4493
65 2.4567
66 2.5153
67 2.565
68 2.5997
69 2.6273
70 2.717
71 2.7257
72 2.906
73 2.9407
74 3.371
75 3.6237
76 3.6623
77 3.7563
78 3.8217
79 3.8723
80 3.953
81 3.9703
82 4.0887
83 4.3603
84 4.3857
85 4.4587
86 4.4823
87 4.631
88 4.6593
89 4.7257
90 5.0353
91 5.0563
92 5.3657
93 5.540
94 5.6797
95 5.7513
96 6.3743
97 6.418
98 6.5283
99 6.626
100 7.022
101 7.1753
102 7.647
103 7.6867
104 7.8787
105 7.879
106 7.9407
107 8.0507
108 8.0937
109 8.457
110 9.140
111 9.1703
112 9.232
113 9.577
114 10.6417
115 10.833
116 10.892
117 10.969
118 11.143
119 11.361
120 11.4103
121 11.5007
122 12.1617
123 13.192
124 13.4433
125 13.505
126 13.514
127 14.9133
128 15.528
129 16.414
130 17.0403
131 17.786
132 18.047
133 18.0843
134 18.1597
135 18.174
136 18.182
137 18.6543
138 19.3047
139 19.5733
140 20.0287
141 20.167
142 20.5217
143 21.0993
144 25.944
145 26.0683
146 27.1113
147 27.288
148 27.3133
149 27.3893
150 27.7217
151 28.8543
152 28.8943
153 30.6517
154 32.2543
155 36.543
156 37.6543
157 46.759
158 50.349
159 52.3013
160 56.0633
161 59.0377
162 59.1503
163 59.935
164 60.014
165 62.0073
166 72.5977
167 78.660
168 79.8903
169 83.7683
170 89.023
171 90.149
172 90.771
173 94.0983
174 97.4363
175 98.0717
176 102.0187
177 105.160
178 106.3023
179 109.8433
180 123.7457
181 125.8763
182 138.6817
183 142.7537
184 143.947
185 156.3837
186 162.8593
187 171.2503
188 178.2423
189 180.9407
190 182.9067
191 189.2003
192 199.8207
193 201.994
194 380.410
195 471.0477
196 732.466
197 1177.6313
198 1379.4663
199 1414.673
