0.346873
0.626863
0.667891
0.799963
1.46132
1.76024
1.79212
2.00365
2.04026
2.13458
2.35666
2.95988
3.50018
3.56598
3.87606
4.13563
4.16117
4.50475
4.8848
4.89119
4.98534
5.09093
5.22472
5.279
5.73916
6.75971
7.21197
7.49001
7.80849
8.94489
9.14509
9.48513
10.3579
10.5661
10.6703
11.2673
11.295
11.4701
11.9571
11.9756
12.0253
12.3619
12.6939
12.8003
12.8765
12.8787
13.3956
13.5114
13.9971
14.4301
15.5724
15.8883
15.9255
15.9764
16.0299
16.7394
17.31
17.4837
17.9895
18.5457
18.7739
19.3457
20.6766
21.8405
22.0665
22.3677
22.8777
23.1942
23.1969
23.5751
23.6018
23.832
24.1408
24.5075
25.2141
27.1314
27.4607
27.6855
27.8177
28.2134
28.7829
29.0048
29.6173
30.3323
31.7463
32.1843
32.2468
32.4116
32.6633
32.6985
32.7875
33.2181
33.3329
33.6948
34.1429
34.1433
34.5404
34.6201
34.8796
35.2336
35.318
35.662
35.776
35.8058
35.8635
35.8725
36.0539
36.3007
36.5922
36.7097
36.741
36.9305
37.054
37.0867
37.2449
37.4262
37.4583
37.4897
37.6672
37.6967
37.7299
37.8995
37.9072
37.977
38.0246
38.1695
38.1897
38.2354
38.5379
38.5611
38.5892
38.756
39.0876
39.2376
39.3788
39.4996
40.3393
40.5004
40.8098
41.1015
41.2564
41.2622
41.3384
42.4769
42.5395
42.5412
42.7634
42.9711
43.2411
43.3247
43.8354
44.8668
45.3791
45.7265
47.7262
49.4581
49.54
50.1728
50.7468
51.2042
52.1614
52.3687
52.658
52.9327
52.9902
53.3059
53.7021
55.1893
55.3197
55.5929
55.6156
55.7529
55.8563
55.9146
56.8886
57.0582
57.2212
58.0469
58.1392
58.8546
58.8554
58.9568
59.1306
59.4985
59.5859
59.6328
60.0773
60.2457
60.5262
60.5987
60.6515
60.7018
60.8001
60.8459
61.0758
61.1794
61.3361
61.4208
61.5017
61.5288
61.5923
61.6625
61.6719
61.9016
61.9342
62.0331
62.0866
62.1093
62.2037
62.2564
62.3717
62.4335
62.4439
62.4798
62.5606
62.5629
62.6905
62.7654
62.8085
62.8447
62.9614
63.0843
63.3039
63.3559
63.531
63.7773
63.8359
63.8393
64.1716
64.3017
64.5361
64.5479
64.5497
64.8325
64.893
65.2033
65.3012
65.3764
65.3797
65.436
65.5856
65.5905
66.1948
66.2075
67.3209
67.5551
68.3099
68.5298
68.6893
69.0641
70.0597
70.3797
70.5238
70.5461
70.8378
71.1136
71.4314
71.6794
71.8107
71.9848
72.0119
72.0858
72.1905
72.2436
72.2474
72.3363
72.39
72.4838
72.5388
72.5509
72.5722
72.5811
72.6203
72.6416
72.7143
72.7276
72.7756
72.7797
72.8467
72.8747
73.0413
73.1519
73.1629
73.172
73.1734
73.1897
73.2216
73.2509
73.2999
73.3011
73.3065
73.3461
73.4237
73.4854
73.8151
73.8549
73.9935
74.0191
74.0456
74.0697
74.2331
74.2569
74.4079
74.9774
74.9816
75.2763
75.7072
75.7974
75.8118
75.9323
76.039
76.2288
76.301
76.3095
76.4096
76.4491
76.4621
76.4672
76.534
76.5733
76.6067
76.7295
76.7592
76.7917
76.8371
76.8685
77.0378
77.1873
77.2446
77.259
77.2601
77.3086
77.3716
77.459
77.5647
77.5817
77.6563
77.7399
78.1373
78.3263
78.3529
78.3757
78.5349
78.5996
78.6007
78.6408
78.6825
78.7904
79.0072
79.0809
79.1384
79.2819
79.295
79.3601
80.4543
80.6928
81.5437
83.9274
83.9898
84.1311
86.0311
86.1969
86.6835
87.868
87.9317
88.3691
88.5312
88.5344
88.8874
88.9202
88.927
88.9506
89.0571
89.2814
89.3071
89.5471
89.7194
89.8477
89.8563
89.8704
89.8776
90.0481
90.1905
90.4766
90.5067
90.523
90.6064
90.613
90.6583
90.6951
90.7456
90.7995
91.0205
91.1641
91.1847
91.1927
91.2938
91.3977
91.7777
91.8679
91.9151
92.0163
92.084
92.5453
92.9708
93.047
93.2095
93.6985
94.3405
94.9065
95.0906
95.1583
96.3738
97.6003
97.8877
98.3261
98.3717
98.9424
99.4968
100.572
101.671
102.496
104.91
106.328
107.922
107.982
108.067
109.757
110.402
110.804
111.187
111.489
111.784
111.842
113.343
113.557
118.195
119.996
120.007
125.927
128.19
132.93
134.263
154.383
157.851
158.528
159.724
167.402
168.494
174.898
181.123
181.344
181.736
183.2
192.932
194.689
199.183
200.645
208.957
213.833
223.593
230.5
233.732
242.726
249.107
256.574
257.771
261.531
277.639
278.483
279.009
302.62
331.553
337.237
338.539
346.416
351.626
353.053
361.613
364.825
366.083
386.046
401.182
417.04
432.344
440.246
456.304
458.332
461.399
479.406
555.496
556.971
564.741
577.044
609.747
622.088
702.16
742.591
866.871
872.702
1102.77
1136.88
