1 3.900
2 4.600
3 5.300
4 8.500
5 9.100
6 11.700
7 13.200
8 18.100
9 20.200
10 20.300
11 23.400
12 23.600
13 24.600
14 25.200
15 25.700
16 35.100
17 36.500
18 40.800
19 46.500
20 47.900
21 49.200
22 49.600
23 49.900
24 52.500
25 53.000
26 53.700
27 55.200
28 57.600
29 59.200
30 60.400
31 61.700
32 62.500
33 64.800
34 65.100
35 66.500
36 67.900
37 92.400
38 146.100
39 162.300
40 187.200
41 225.400
42 281.100
43 335.300
44 348.600
45 540.800
46 607.800
47 654.600
48 841.500
49 908.700
50 912.900
51 1033.700
52 1171.000
