1 .200
2 .500
3 .600
4 .700
5 .900
6 .900
7 1.600
8 2.300
9 2.600
10 2.600
11 3.000
12 3.000
13 3.300
14 3.400
15 3.600
16 3.600
17 3.800
18 3.800
19 3.900
20 4.000
21 4.200
22 4.300
23 4.300
24 4.700
25 4.700
26 4.800
27 5.100
28 5.100
29 5.200
30 5.400
31 5.400
32 5.500
33 5.700
34 6.100
35 6.300
36 6.600
37 6.700
38 6.800
39 7.200
40 7.300
41 7.400
42 7.800
43 7.800
44 8.000
45 8.200
46 8.200
47 8.300
48 8.300
49 8.600
50 8.900
51 8.900
52 9.200
53 9.300
54 9.800
55 9.900
56 10.500
57 10.700
58 11.000
59 11.300
60 11.500
61 11.700
62 11.800
63 12.400
64 12.600
65 12.800
66 12.900
67 13.100
68 13.200
69 13.300
70 13.500
71 13.600
72 13.800
73 14.200
74 14.300
75 15.200
76 15.600
77 16.100
78 16.600
79 17.200
80 17.300
81 17.300
82 17.400
83 18.500
84 18.600
85 19.100
86 19.200
87 19.600
88 20.000
89 20.400
90 21.100
91 22.100
92 22.700
93 23.000
94 23.000
95 23.900
96 23.900
97 24.000
98 24.100
99 25.200
100 25.400
101 26.000
102 26.100
103 26.500
104 26.800
105 27.700
106 28.000
107 28.900
108 29.000
109 29.200
110 29.300
111 29.600
112 30.500
113 31.200
114 31.300
115 32.000
116 32.200
117 33.000
118 33.400
119 34.900
120 35.800
121 35.800
122 38.900
123 39.300
124 40.100
125 40.300
126 42.100
127 42.400
128 43.200
129 43.400
130 44.900
131 45.400
132 48.200
133 51.900
134 51.900
135 52.000
136 52.200
137 52.600
138 53.900
139 54.000
140 58.400
141 58.800
142 59.000
143 59.200
144 61.700
145 62.500
146 69.000
147 71.300
148 71.700
149 73.400
150 73.400
151 74.100
152 76.500
153 79.000
154 80.400
155 83.900
156 87.100
157 90.600
158 91.600
159 91.700
160 95.500
161 98.800
162 106.800
163 135.700
164 139.400
165 139.700
166 142.100
167 144.400
168 147.000
169 157.100
170 157.600
171 158.500
172 162.300
173 166.000
174 169.300
175 175.500
176 181.300
177 194.100
178 200.700
179 200.800
180 214.900
181 219.600
182 243.100
183 249.900
184 252.600
185 252.800
186 266.000
187 281.800
188 285.600
189 287.900
190 292.700
191 302.400
192 309.400
193 362.100
194 370.600
195 373.400
196 378.500
197 387.100
198 399.000
199 445.800
200 446.800
201 466.200
202 520.400
203 627.300
204 746.300
205 779.300
206 814.100
207 881.700
208 947.700
209 985.600
210 1351.900
211 1378.200
212 1379.300
213 1386.900
214 1562.100
215 1692.600
216 1809.400
217 1861.700
218 1938.700
219 2206.300
220 2245.400
221 2956.200
222 3148.500
223 3193.100
224 3392.600
225 3695.100
226 3728.200
227 3960.200
228 4172.700
229 5153.800
230 5502.100
231 5939.600
232 6313.700
233 6380.600
234 6987.400
235 7505.300
236 8413.500
237 8686.000
238 8858.400
239 9196.200
240 10649.400
241 12280.400
242 12455.600
243 13601.500
244 16087.200
245 16729.000
246 17016.000
247 17590.900
248 18091.900
249 18902.700
250 23482.600
251 27061.300
252 27691.600
253 30906.100
254 30971.500
255 33373.100
256 39753.900
257 40172.300
258 42100.600
259 43386.400
260 48411.800
261 49886.300
262 54744.000
263 55241.000
264 61111.000
265 61379.100
266 66104.500
267 75399.200
268 95173.100
269 96838.500
270 124476.200
271 140035.300
272 159127.600
273 159547.900
274 161264.600
275 179811.700
276 208601.400
277 216217.100
278 228965.200
279 267850.600
280 293966.300
281 310223.300
282 367283.100
283 403174.100
284 444799.900
285 460263.500
286 571034.600
287 603607.000
288 659500.000
289 699806.500
290 749790.500
291 817102.300
292 832464.500
293 863615.400
294 870741.800
295 945657.200
296 965088.000
297 1053190.000
298 1314213.500
299 1517651.000
300 2028023.900
301 2881162.400
302 3273523.000
303 3785710.200
304 4181139.700
305 4961913.800
306 5128491.400
307 5411484.500
308 6544307.900
309 6582069.700
310 7128971.600
311 7179790.300
312 8279536.600
313 8752733.500
314 9490972.200
315 9767749.100
316 11199669.800
317 14040480.800
318 18072075.000
319 51047621.300
320 52121908.800
321 55445543.500
322 56298560.800
323 60025384.300
324 64141747.800
325 66133596.700
326 86051111.400
327 87560609.700
328 91203723.800
329 106024898.000
330 113433321.900
331 134712363.600
332 140362072.900
333 187276601.200
334 187952962.500
335 194289407.400
336 225106885.200
337 246160539.000
338 291107510.600
339 489382300.700
340 620895386.800
341 750657899.500
342 920249985.300
343 1175728476.200
344 1943421362.400
345 2444923896.100
346 3372262968.900
347 4562243453.800
348 6123229687.300
349 7183452190.800
350 10328704443.400
351 11741228888.400
352 12828552106.200
353 16477411707.900
354 21870507284.700
355 27769269177.000
356 73973140809.300
357 195894203483.100
358 356219680298.000
359 430968394602.900
360 4284645196731.900
361 5278644710667.300
362 6845375153596.900
363 13306379092962.200
364 22881981592899.900
365 23321205306034.100
366 26292132711573.400
367 28266803404070.800
368 31582763722961.100
369 35404243592633.100
370 42981278895515.500
371 45120075216339.200
372 46872080090859.800
373 155455999877177.100
374 258518547716969.700
375 412644759706901.300
376 7697901271608821.300
377 7954933643176079.500
378 27958547785287130.600
379 28769361129105207.500
380 87233099506511984.800
381 108429653375662066.800
382 1329250483007717466.500
383 46419437463058798669.000
384 64847411367222253446.700
385 8240760100429006297570.100
