3.00716
5.28699
1.8199
0.281468
0.0459927
0.150699
0.254881
0.314172
0.330631
0.316595
3.00436
5.34286
1.67855
0.347235
0.00497059
0.230152
0.260657
0.3088
0.338256
0.266417
1.5149
1.59095
0.1232
0.516203
0.665167
0.757872
0.69916
1.54239
1.60173
0.089014
0.540841
0.656881
0.677597
0.729052
0.665912
1.1643
0.784238
0.406194
0.629708
0.7427
0.765108
0.807122
0.815454
0.794205
1.13272
0.756091
0.399043
0.700553
0.723984
0.789377
0.818515
0.787714
0.853937
0.499287
0.560959
0.785394
0.759208
0.803215
0.820908
0.822914
0.853978
0.515218
0.578146
0.746927
0.793922
0.819405
0.819787
0.803124
0.725501
0.402068
0.601677
0.761184
0.835935
0.817676
0.831706
0.841658
0.806327
0.589205
0.283402
0.614772
0.822687
0.795572
