0.138055 0.00277008
0.159304 0.00554017
0.334862 0.00831025
0.567118 0.0110803
1.24569 0.0138504
1.37882 0.0166205
1.88396 0.0193906
2.03095 0.0221607
2.10603 0.0249307
2.28687 0.0277008
2.32131 0.0304709
2.3253 0.033241
2.41835 0.0360111
2.54105 0.0387812
2.6417 0.0415512
2.645 0.0443213
2.73198 0.0470914
2.79408 0.0498615
2.88358 0.0526316
2.8938 0.0554017
3.00222 0.0581717
3.01213 0.0609418
3.02587 0.0637119
3.18763 0.066482
3.19435 0.0692521
3.20543 0.0720222
3.2908 0.0747922
3.29144 0.0775623
3.32759 0.0803324
3.35253 0.0831025
3.40239 0.0858726
3.48403 0.0886427
3.56707 0.0914127
3.77919 0.0941828
3.78981 0.0969529
3.83807 0.099723
4.15634 0.102493
4.23887 0.105263
4.36034 0.108033
4.38738 0.110803
4.4101 0.113573
4.64303 0.116343
4.64572 0.119114
4.74507 0.121884
4.77408 0.124654
4.80674 0.127424
4.88775 0.130194
4.88946 0.132964
4.978 0.135734
4.99236 0.138504
5.01144 0.141274
5.03453 0.144044
5.04405 0.146814
5.23354 0.149584
5.29089 0.152355
5.36744 0.155125
5.40307 0.157895
5.49667 0.160665
5.74344 0.163435
5.81255 0.166205
5.83468 0.168975
5.85674 0.171745
5.87328 0.174515
5.9696 0.177285
5.98097 0.180055
6.15119 0.182825
6.38453 0.185596
6.40282 0.188366
6.41519 0.191136
6.44699 0.193906
6.48769 0.196676
6.49093 0.199446
6.62456 0.202216
6.77231 0.204986
6.94665 0.207756
6.99007 0.210526
7.17131 0.213296
7.26435 0.216066
7.35637 0.218837
7.43186 0.221607
7.61098 0.224377
7.61803 0.227147
7.67189 0.229917
7.77757 0.232687
7.91035 0.235457
7.92314 0.238227
8.09522 0.240997
8.14061 0.243767
8.32147 0.246537
8.3314 0.249307
8.54941 0.252078
8.64566 0.254848
8.66214 0.257618
8.66995 0.260388
8.83826 0.263158
9.00391 0.265928
9.04215 0.268698
9.07403 0.271468
9.14215 0.274238
9.43553 0.277008
9.54171 0.279778
9.6159 0.282548
9.6364 0.285319
9.66967 0.288089
9.67622 0.290859
9.84493 0.293629
9.94695 0.296399
9.9644 0.299169
10.0505 0.301939
10.1774 0.304709
10.291 0.307479
10.3066 0.310249
10.4178 0.313019
10.74 0.315789
10.7776 0.31856
10.8205 0.32133
10.8383 0.3241
11.2822 0.32687
11.4609 0.32964
11.4623 0.33241
11.5996 0.33518
11.7566 0.33795
12.0425 0.34072
12.0954 0.34349
12.1133 0.34626
12.4069 0.34903
12.7064 0.351801
12.9422 0.354571
13.0491 0.357341
13.2524 0.360111
13.2663 0.362881
13.2819 0.365651
13.3442 0.368421
13.6192 0.371191
13.6381 0.373961
13.7804 0.376731
14.0123 0.379501
14.0472 0.382271
14.1147 0.385042
14.1217 0.387812
14.2812 0.390582
14.296 0.393352
14.3255 0.396122
14.3475 0.398892
14.3557 0.401662
14.5989 0.404432
14.5998 0.407202
14.6774 0.409972
14.7229 0.412742
15.0441 0.415512
15.2312 0.418283
15.2378 0.421053
15.3798 0.423823
15.3984 0.426593
15.4744 0.429363
15.6187 0.432133
15.6567 0.434903
15.6909 0.437673
15.7156 0.440443
16.0169 0.443213
16.1783 0.445983
16.1804 0.448753
16.1979 0.451524
16.4241 0.454294
16.4364 0.457064
17.2017 0.459834
17.2115 0.462604
17.49 0.465374
18.2652 0.468144
18.4424 0.470914
18.5008 0.473684
18.5811 0.476454
18.6496 0.479224
18.7278 0.481994
18.8084 0.484765
19.0815 0.487535
19.2168 0.490305
19.318 0.493075
19.3561 0.495845
19.438 0.498615
19.4725 0.501385
19.5162 0.504155
19.7205 0.506925
19.727 0.509695
19.7739 0.512465
19.79 0.515235
19.8141 0.518006
19.9539 0.520776
19.9739 0.523546
20.527 0.526316
20.9186 0.529086
21.3189 0.531856
21.5532 0.534626
21.6677 0.537396
21.6726 0.540166
21.7878 0.542936
21.8239 0.545706
21.9727 0.548476
22.1934 0.551247
22.3065 0.554017
22.4342 0.556787
22.8863 0.559557
23.0334 0.562327
23.1468 0.565097
23.1787 0.567867
23.3219 0.570637
23.5488 0.573407
23.611 0.576177
23.6855 0.578947
23.7873 0.581717
24.174 0.584488
24.1811 0.587258
24.3915 0.590028
24.4062 0.592798
24.425 0.595568
24.4787 0.598338
24.547 0.601108
24.5656 0.603878
24.7885 0.606648
24.8749 0.609418
24.9142 0.612188
25.0428 0.614958
25.3053 0.617729
25.6751 0.620499
25.7896 0.623269
25.8318 0.626039
25.8784 0.628809
25.9441 0.631579
26.0022 0.634349
26.1124 0.637119
26.1402 0.639889
26.2606 0.642659
26.4365 0.645429
26.6299 0.648199
26.6516 0.65097
26.6591 0.65374
26.6833 0.65651
26.7415 0.65928
26.7538 0.66205
26.7978 0.66482
26.8212 0.66759
26.9676 0.67036
27.228 0.67313
27.2765 0.6759
27.3036 0.67867
27.4002 0.68144
27.4298 0.684211
27.5144 0.686981
27.5436 0.689751
27.5739 0.692521
27.6823 0.695291
27.9969 0.698061
28.0583 0.700831
28.12 0.703601
28.4547 0.706371
28.5972 0.709141
28.8175 0.711911
28.9892 0.714681
29.0755 0.717452
29.103 0.720222
29.1631 0.722992
29.2361 0.725762
29.316 0.728532
29.3477 0.731302
29.4678 0.734072
29.4727 0.736842
29.5078 0.739612
29.6038 0.742382
29.706 0.745152
29.7629 0.747922
29.8429 0.750693
30.6086 0.753463
31.2194 0.756233
31.2634 0.759003
31.427 0.761773
31.4867 0.764543
31.4927 0.767313
31.5778 0.770083
31.6761 0.772853
31.7096 0.775623
31.7151 0.778393
31.8368 0.781163
31.9722 0.783934
32.2493 0.786704
32.2729 0.789474
32.6212 0.792244
32.8127 0.795014
32.8333 0.797784
32.8726 0.800554
33.071 0.803324
33.0898 0.806094
33.1571 0.808864
33.2019 0.811634
33.3612 0.814404
33.5111 0.817175
33.563 0.819945
33.5853 0.822715
33.8149 0.825485
33.8524 0.828255
34.1522 0.831025
34.3884 0.833795
34.5512 0.836565
34.7494 0.839335
34.7836 0.842105
34.9906 0.844875
35.1846 0.847645
35.421 0.850416
35.4821 0.853186
35.5211 0.855956
35.95 0.858726
35.9882 0.861496
36.2425 0.864266
36.2902 0.867036
36.3451 0.869806
36.5241 0.872576
36.8165 0.875346
37.0561 0.878116
37.1319 0.880886
37.4521 0.883657
37.4731 0.886427
37.5099 0.889197
37.6169 0.891967
37.6323 0.894737
37.9235 0.897507
37.9743 0.900277
38.2901 0.903047
38.5656 0.905817
39.3407 0.908587
39.612 0.911357
39.6321 0.914127
39.6782 0.916898
39.9158 0.919668
39.953 0.922438
39.9599 0.925208
40.0473 0.927978
40.2364 0.930748
40.5431 0.933518
40.5857 0.936288
40.6344 0.939058
40.7418 0.941828
40.8377 0.944598
40.8666 0.947368
40.9105 0.950139
40.9463 0.952909
41.1021 0.955679
41.1065 0.958449
41.3157 0.961219
41.5887 0.963989
41.7342 0.966759
41.9473 0.969529
42.2107 0.972299
42.4377 0.975069
42.4902 0.977839
42.6586 0.980609
42.8965 0.98338
43.2404 0.98615
43.4692 0.98892
43.6774 0.99169
43.9174 0.99446
44.4062 0.99723
44.6594 1
