0.268337 0.00277008
0.340021 0.00554017
0.380674 0.00831025
0.38835 0.0110803
0.394304 0.0138504
0.411075 0.0166205
0.415969 0.0193906
0.439392 0.0221607
0.440883 0.0249307
0.444201 0.0277008
0.484764 0.0304709
0.548197 0.033241
0.618022 0.0360111
0.668364 0.0387812
0.67448 0.0415512
0.707159 0.0443213
0.708845 0.0470914
0.745576 0.0498615
0.746709 0.0526316
0.769183 0.0554017
0.776939 0.0581717
0.794428 0.0609418
0.814496 0.0637119
0.815819 0.066482
0.827078 0.0692521
0.850467 0.0720222
0.880057 0.0747922
0.977459 0.0775623
0.993039 0.0803324
1.01509 0.0831025
1.02387 0.0858726
1.04345 0.0886427
1.04938 0.0914127
1.05002 0.0941828
1.05133 0.0969529
1.05226 0.099723
1.05529 0.102493
1.05689 0.105263
1.06551 0.108033
1.06721 0.110803
1.13203 0.113573
1.15186 0.116343
1.26028 0.119114
1.31532 0.121884
1.35803 0.124654
1.38138 0.127424
1.38196 0.130194
1.4264 0.132964
1.43669 0.135734
1.45779 0.138504
1.48967 0.141274
1.59048 0.144044
1.59523 0.146814
1.62468 0.149584
1.66148 0.152355
1.68469 0.155125
1.69843 0.157895
1.72319 0.160665
1.88288 0.163435
1.95856 0.166205
2.07463 0.168975
2.11222 0.171745
2.19055 0.174515
2.21967 0.177285
2.22518 0.180055
2.29716 0.182825
2.39858 0.185596
2.45265 0.188366
2.50159 0.191136
2.51873 0.193906
2.55487 0.196676
2.56812 0.199446
2.64743 0.202216
2.65044 0.204986
2.72864 0.207756
2.7657 0.210526
2.80255 0.213296
2.8544 0.216066
2.86427 0.218837
2.95157 0.221607
2.98223 0.224377
3.07514 0.227147
3.17883 0.229917
3.20705 0.232687
3.22671 0.235457
3.47309 0.238227
3.54371 0.240997
3.56265 0.243767
3.58247 0.246537
3.75473 0.249307
4.12816 0.252078
4.17677 0.254848
4.24269 0.257618
4.31659 0.260388
4.34577 0.263158
4.38243 0.265928
4.50618 0.268698
4.58982 0.271468
4.71536 0.274238
4.80621 0.277008
4.81678 0.279778
4.84705 0.282548
5.01448 0.285319
5.13255 0.288089
5.25742 0.290859
5.27744 0.293629
5.34413 0.296399
5.37554 0.299169
5.39497 0.301939
5.43008 0.304709
5.47174 0.307479
5.49507 0.310249
5.60665 0.313019
5.65107 0.315789
5.74176 0.31856
5.80196 0.32133
5.85766 0.3241
5.96507 0.32687
6.06952 0.32964
6.17394 0.33241
6.30017 0.33518
6.32412 0.33795
6.39768 0.34072
6.48578 0.34349
6.54274 0.34626
6.55574 0.34903
6.594 0.351801
6.61829 0.354571
6.73754 0.357341
6.889 0.360111
7.1209 0.362881
7.12991 0.365651
7.22377 0.368421
7.62116 0.371191
7.67437 0.373961
7.75216 0.376731
7.89405 0.379501
7.92374 0.382271
7.95472 0.385042
7.96814 0.387812
8.01385 0.390582
8.1301 0.393352
8.15083 0.396122
8.24737 0.398892
8.27784 0.401662
8.33222 0.404432
8.57602 0.407202
8.67733 0.409972
8.86706 0.412742
9.05034 0.415512
9.08802 0.418283
9.10763 0.421053
9.14349 0.423823
9.1524 0.426593
9.24977 0.429363
9.27136 0.432133
9.32181 0.434903
9.34994 0.437673
9.45789 0.440443
9.48157 0.443213
9.50183 0.445983
9.63271 0.448753
9.65767 0.451524
9.79447 0.454294
9.94393 0.457064
10.1145 0.459834
10.1222 0.462604
10.3646 0.465374
10.4535 0.468144
10.5885 0.470914
10.7152 0.473684
10.8133 0.476454
10.8954 0.479224
10.9902 0.481994
11.0955 0.484765
11.1127 0.487535
11.1172 0.490305
11.2701 0.493075
11.2752 0.495845
11.277 0.498615
11.3896 0.501385
11.4097 0.504155
11.4148 0.506925
11.4684 0.509695
11.6072 0.512465
11.7819 0.515235
11.8677 0.518006
11.8725 0.520776
11.9177 0.523546
11.9568 0.526316
12.0148 0.529086
12.0259 0.531856
12.0959 0.534626
12.1949 0.537396
12.238 0.540166
12.3618 0.542936
12.669 0.545706
12.7733 0.548476
12.7866 0.551247
12.7927 0.554017
12.8087 0.556787
12.865 0.559557
12.8808 0.562327
12.9305 0.565097
12.974 0.567867
13.0216 0.570637
13.0971 0.573407
13.1777 0.576177
13.3215 0.578947
13.3609 0.581717
13.3979 0.584488
13.4016 0.587258
13.5201 0.590028
13.6359 0.592798
13.7661 0.595568
13.7964 0.598338
13.8306 0.601108
13.8435 0.603878
13.8689 0.606648
13.9621 0.609418
14.1667 0.612188
14.2244 0.614958
14.4106 0.617729
14.4427 0.620499
14.4501 0.623269
14.5771 0.626039
14.5929 0.628809
14.6819 0.631579
14.6973 0.634349
14.735 0.637119
14.92 0.639889
14.9248 0.642659
14.961 0.645429
15.0056 0.648199
15.0861 0.65097
15.1327 0.65374
15.287 0.65651
15.4471 0.65928
15.5841 0.66205
15.6482 0.66482
15.7714 0.66759
16.2019 0.67036
16.3918 0.67313
16.4664 0.6759
16.5139 0.67867
16.5157 0.68144
16.5692 0.684211
16.5693 0.686981
16.6487 0.689751
16.8161 0.692521
16.8961 0.695291
16.9443 0.698061
17.1804 0.700831
17.2447 0.703601
17.4064 0.706371
17.4849 0.709141
17.5617 0.711911
17.57 0.714681
17.6126 0.717452
17.8358 0.720222
17.8808 0.722992
18.1136 0.725762
18.3 0.728532
18.3131 0.731302
18.6184 0.734072
19.0369 0.736842
19.0608 0.739612
19.0684 0.742382
19.1326 0.745152
19.1859 0.747922
19.2125 0.750693
19.3022 0.753463
19.3214 0.756233
19.3817 0.759003
19.7854 0.761773
19.8112 0.764543
20.17 0.767313
20.2195 0.770083
20.2601 0.772853
20.2669 0.775623
20.35 0.778393
20.3705 0.781163
20.6614 0.783934
20.7361 0.786704
20.9653 0.789474
21.054 0.792244
21.1144 0.795014
21.1949 0.797784
21.4573 0.800554
21.7552 0.803324
21.8975 0.806094
21.9075 0.808864
21.9893 0.811634
22.0405 0.814404
22.2722 0.817175
22.4326 0.819945
22.4584 0.822715
22.7199 0.825485
22.7393 0.828255
22.8628 0.831025
23.0205 0.833795
23.0338 0.836565
23.1029 0.839335
23.199 0.842105
23.2643 0.844875
23.7363 0.847645
23.8566 0.850416
24.3657 0.853186
24.4973 0.855956
24.8281 0.858726
24.8912 0.861496
25.1832 0.864266
25.2323 0.867036
25.9238 0.869806
26.4307 0.872576
27.3662 0.875346
27.6197 0.878116
27.6908 0.880886
27.8978 0.883657
28.1398 0.886427
28.3749 0.889197
28.5155 0.891967
28.6818 0.894737
28.6998 0.897507
29.2143 0.900277
29.9952 0.903047
30.3179 0.905817
30.4457 0.908587
31.5736 0.911357
31.9483 0.914127
32.8118 0.916898
33.8122 0.919668
34.4305 0.922438
36.7302 0.925208
38.8488 0.927978
39.0699 0.930748
39.6014 0.933518
40.9629 0.936288
43.58 0.939058
44.0963 0.941828
44.1766 0.944598
45.8808 0.947368
46.2458 0.950139
47.4993 0.952909
50.0764 0.955679
53.3772 0.958449
54.1755 0.961219
54.7615 0.963989
58.6095 0.966759
60.2378 0.969529
61.136 0.972299
63.6631 0.975069
66.1244 0.977839
75.814 0.980609
79.4901 0.98338
86.0534 0.98615
88.8746 0.98892
104.811 0.99169
110.079 0.99446
113.49 0.99723
121.912 1
