.100 0.00277008
.200 0.00554017
.400 0.00831025
.500 0.0110803
.800 0.0138504
.900 0.0166205
1.000 0.0221607
1.000 0.0221607
1.200 0.0304709
1.200 0.0304709
1.200 0.0304709
1.300 0.033241
1.500 0.0387812
1.500 0.0387812
1.600 0.0443213
1.600 0.0443213
1.700 0.0470914
1.900 0.0498615
2.000 0.0581717
2.000 0.0581717
2.000 0.0581717
2.300 0.0637119
2.300 0.0637119
2.400 0.0692521
2.400 0.0692521
2.500 0.0747922
2.500 0.0747922
2.600 0.0803324
2.600 0.0803324
2.700 0.0941828
2.700 0.0941828
2.700 0.0941828
2.700 0.0941828
2.700 0.0941828
2.800 0.105263
2.800 0.105263
2.800 0.105263
2.800 0.105263
3.000 0.108033
3.100 0.113573
3.100 0.113573
3.200 0.116343
3.500 0.119114
3.700 0.127424
3.700 0.127424
3.700 0.127424
3.900 0.132964
3.900 0.132964
4.000 0.138504
4.000 0.138504
4.100 0.141274
4.200 0.144044
4.300 0.149584
4.300 0.149584
4.500 0.155125
4.500 0.155125
4.600 0.157895
4.700 0.163435
4.700 0.163435
4.800 0.168975
4.800 0.168975
4.900 0.171745
5.100 0.188366
5.100 0.188366
5.100 0.188366
5.100 0.188366
5.100 0.188366
5.100 0.188366
5.200 0.191136
5.300 0.199446
5.300 0.199446
5.300 0.199446
5.500 0.204986
5.500 0.204986
5.600 0.207756
5.700 0.216066
5.700 0.216066
5.700 0.216066
6.100 0.218837
6.200 0.221607
6.300 0.224377
6.400 0.229917
6.400 0.229917
6.600 0.232687
6.700 0.238227
6.700 0.238227
6.800 0.243767
6.800 0.243767
6.900 0.246537
7.000 0.254848
7.000 0.254848
7.000 0.254848
7.100 0.257618
7.400 0.263158
7.400 0.263158
7.600 0.268698
7.600 0.268698
7.700 0.274238
7.700 0.274238
7.800 0.282548
7.800 0.282548
7.800 0.282548
7.900 0.285319
8.000 0.288089
8.100 0.290859
8.200 0.293629
8.300 0.296399
8.400 0.299169
8.500 0.301939
8.700 0.304709
8.800 0.310249
8.800 0.310249
8.900 0.313019
9.000 0.315789
9.100 0.31856
9.200 0.3241
9.200 0.3241
9.500 0.33241
9.500 0.33241
9.500 0.33241
9.600 0.33795
9.600 0.33795
9.700 0.34072
9.800 0.34349
10.000 0.34903
10.000 0.34903
10.100 0.351801
10.200 0.357341
10.200 0.357341
10.400 0.368421
10.400 0.368421
10.400 0.368421
10.400 0.368421
10.600 0.371191
11.200 0.379501
11.200 0.379501
11.200 0.379501
11.300 0.385042
11.300 0.385042
11.600 0.387812
11.700 0.390582
12.000 0.393352
12.100 0.396122
12.200 0.398892
12.300 0.401662
12.400 0.407202
12.400 0.407202
12.500 0.409972
12.700 0.418283
12.700 0.418283
12.700 0.418283
12.800 0.421053
13.000 0.423823
13.100 0.426593
13.300 0.434903
13.300 0.434903
13.300 0.434903
13.400 0.437673
13.500 0.443213
13.500 0.443213
13.600 0.448753
13.600 0.448753
13.700 0.454294
13.700 0.454294
13.800 0.457064
13.900 0.459834
14.000 0.462604
14.300 0.468144
14.300 0.468144
14.400 0.470914
14.700 0.479224
14.700 0.479224
14.700 0.479224
15.200 0.484765
15.200 0.484765
15.300 0.487535
15.400 0.490305
15.600 0.493075
15.800 0.498615
15.800 0.498615
16.100 0.501385
16.700 0.504155
16.900 0.506925
17.300 0.509695
17.400 0.512465
17.600 0.518006
17.600 0.518006
17.700 0.523546
17.700 0.523546
17.800 0.526316
17.900 0.529086
18.000 0.534626
18.000 0.534626
18.400 0.537396
18.600 0.542936
18.600 0.542936
18.700 0.545706
19.200 0.548476
19.400 0.554017
19.400 0.554017
19.700 0.556787
19.900 0.562327
19.900 0.562327
20.100 0.565097
20.300 0.567867
20.800 0.570637
21.200 0.576177
21.200 0.576177
21.400 0.578947
21.800 0.581717
22.000 0.587258
22.000 0.587258
22.100 0.590028
22.300 0.592798
22.400 0.598338
22.400 0.598338
22.800 0.606648
22.800 0.606648
22.800 0.606648
23.000 0.609418
23.200 0.612188
23.300 0.614958
23.400 0.617729
23.600 0.620499
23.700 0.623269
23.800 0.626039
23.900 0.631579
23.900 0.631579
24.100 0.634349
24.200 0.639889
24.200 0.639889
24.400 0.65097
24.400 0.65097
24.400 0.65097
24.400 0.65097
24.500 0.65374
24.600 0.65651
24.800 0.66482
24.800 0.66482
24.800 0.66482
24.900 0.66759
25.100 0.67313
25.100 0.67313
25.200 0.68144
25.200 0.68144
25.200 0.68144
25.400 0.686981
25.400 0.686981
25.500 0.692521
25.500 0.692521
25.700 0.695291
26.100 0.700831
26.100 0.700831
26.200 0.709141
26.200 0.709141
26.200 0.709141
26.300 0.714681
26.300 0.714681
26.500 0.720222
26.500 0.720222
26.600 0.722992
26.800 0.728532
26.800 0.728532
27.100 0.731302
27.500 0.739612
27.500 0.739612
27.500 0.739612
27.600 0.742382
27.700 0.745152
27.800 0.747922
27.900 0.750693
28.100 0.753463
28.200 0.759003
28.200 0.759003
28.300 0.761773
28.900 0.764543
29.100 0.767313
29.500 0.770083
29.700 0.772853
29.800 0.775623
29.900 0.781163
29.900 0.781163
30.100 0.783934
30.200 0.789474
30.200 0.789474
30.500 0.792244
30.600 0.795014
30.900 0.797784
31.100 0.800554
31.300 0.803324
31.500 0.806094
31.600 0.808864
31.800 0.814404
31.800 0.814404
31.900 0.819945
31.900 0.819945
32.000 0.822715
32.300 0.825485
32.400 0.828255
32.600 0.831025
32.700 0.833795
32.800 0.836565
32.900 0.839335
33.100 0.842105
33.200 0.844875
33.300 0.847645
33.600 0.858726
33.600 0.858726
33.600 0.858726
33.600 0.858726
33.800 0.861496
34.300 0.867036
34.300 0.867036
34.700 0.872576
34.700 0.872576
34.800 0.875346
34.900 0.880886
34.900 0.880886
35.000 0.889197
35.000 0.889197
35.000 0.889197
35.200 0.891967
35.600 0.897507
35.600 0.897507
35.800 0.903047
35.800 0.903047
36.200 0.908587
36.200 0.908587
36.300 0.916898
36.300 0.916898
36.300 0.916898
37.000 0.922438
37.000 0.922438
37.900 0.925208
38.000 0.927978
38.100 0.930748
38.400 0.939058
38.400 0.939058
38.400 0.939058
38.700 0.941828
38.800 0.944598
39.300 0.952909
39.300 0.952909
39.300 0.952909
39.400 0.958449
39.400 0.958449
39.700 0.961219
39.800 0.963989
39.900 0.966759
40.100 0.969529
40.200 0.972299
40.300 0.975069
40.600 0.977839
40.900 0.980609
41.000 0.98338
41.300 0.98615
42.100 0.98892
42.800 0.99169
43.800 0.99446
43.900 0.99723
44.300 1
