0.208425 0.00277008
0.282916 0.00554017
0.399363 0.00831025
0.422302 0.0110803
0.432886 0.0138504
0.434462 0.0166205
0.436602 0.0193906
0.444548 0.0221607
0.464023 0.0249307
0.483555 0.0277008
0.489733 0.0304709
0.516365 0.033241
0.53534 0.0360111
0.57397 0.0387812
0.649671 0.0415512
0.694705 0.0443213
0.714371 0.0470914
0.714844 0.0498615
0.750199 0.0526316
0.751196 0.0554017
0.757111 0.0581717
0.797626 0.0609418
0.80457 0.0637119
0.822033 0.066482
0.830987 0.0692521
0.835004 0.0720222
0.839708 0.0747922
0.870116 0.0775623
0.89583 0.0803324
0.961177 0.0831025
0.997952 0.0858726
1.01673 0.0886427
1.02798 0.0914127
1.04289 0.0941828
1.04776 0.0969529
1.06499 0.099723
1.06789 0.102493
1.07042 0.105263
1.07192 0.108033
1.08478 0.110803
1.08552 0.113573
1.11163 0.116343
1.1379 0.119114
1.16931 0.121884
1.30058 0.124654
1.34262 0.127424
1.36482 0.130194
1.41389 0.132964
1.41469 0.135734
1.43254 0.138504
1.45779 0.141274
1.48947 0.144044
1.4899 0.146814
1.54398 0.149584
1.61497 0.152355
1.63075 0.155125
1.63641 0.157895
1.68545 0.160665
1.6867 0.163435
1.69618 0.166205
1.7137 0.168975
1.72067 0.171745
1.72737 0.174515
1.8616 0.177285
1.89435 0.180055
1.99926 0.182825
2.09351 0.185596
2.13759 0.188366
2.20756 0.191136
2.23821 0.193906
2.25626 0.196676
2.30868 0.199446
2.41308 0.202216
2.47791 0.204986
2.50181 0.207756
2.53875 0.210526
2.54712 0.213296
2.58914 0.216066
2.6108 0.218837
2.66519 0.221607
2.66897 0.224377
2.76599 0.227147
2.81626 0.229917
2.82438 0.232687
2.86359 0.235457
2.87034 0.238227
2.97158 0.240997
3.00481 0.243767
3.08319 0.246537
3.19572 0.249307
3.22817 0.252078
3.2395 0.254848
3.48183 0.257618
3.55441 0.260388
3.58089 0.263158
3.59754 0.265928
3.76579 0.268698
4.13336 0.271468
4.18641 0.274238
4.20826 0.277008
4.24085 0.279778
4.34283 0.282548
4.34591 0.285319
4.39006 0.288089
4.49361 0.290859
4.63139 0.293629
4.70745 0.296399
4.81312 0.299169
4.84061 0.301939
4.87135 0.304709
5.04192 0.307479
5.26917 0.310249
5.30528 0.313019
5.33241 0.315789
5.37784 0.31856
5.3878 0.32133
5.40713 0.3241
5.43062 0.32687
5.46631 0.32964
5.48177 0.33241
5.64072 0.33518
5.66545 0.33795
5.80962 0.34072
5.81329 0.34349
5.89647 0.34626
5.99637 0.34903
6.00314 0.351801
6.10701 0.354571
6.31738 0.357341
6.32029 0.360111
6.40355 0.362881
6.5022 0.365651
6.53928 0.368421
6.53983 0.371191
6.55234 0.373961
6.60677 0.376731
6.61819 0.379501
6.6549 0.382271
6.74221 0.385042
6.76535 0.387812
6.89177 0.390582
6.91457 0.393352
7.13461 0.396122
7.13602 0.398892
7.1373 0.401662
7.21623 0.404432
7.60707 0.407202
7.71129 0.409972
7.78348 0.412742
7.93955 0.415512
7.98011 0.418283
8.02386 0.421053
8.1482 0.423823
8.16857 0.426593
8.25141 0.429363
8.2848 0.432133
8.28744 0.434903
8.3839 0.437673
8.47274 0.440443
8.6091 0.443213
8.67527 0.445983
8.89313 0.448753
8.9874 0.451524
9.07418 0.454294
9.1103 0.457064
9.16909 0.459834
9.17785 0.462604
9.25229 0.465374
9.2763 0.468144
9.28871 0.470914
9.30037 0.473684
9.49105 0.476454
9.50353 0.479224
9.52437 0.481994
9.67477 0.484765
9.70748 0.487535
9.81521 0.490305
9.93996 0.493075
10.1074 0.495845
10.415 0.498615
10.487 0.501385
10.628 0.504155
10.6358 0.506925
10.6421 0.509695
10.7844 0.512465
10.9292 0.515235
10.9357 0.518006
11.0323 0.520776
11.1193 0.523546
11.1395 0.526316
11.1601 0.529086
11.2724 0.531856
11.3188 0.534626
11.4059 0.537396
11.4155 0.540166
11.4178 0.542936
11.5118 0.545706
11.8917 0.548476
11.9389 0.551247
11.9678 0.554017
12.1281 0.556787
12.2443 0.559557
12.2577 0.562327
12.3974 0.565097
12.6886 0.567867
12.7886 0.570637
12.8161 0.573407
12.8497 0.576177
12.853 0.578947
12.9186 0.581717
12.9705 0.584488
13.0006 0.587258
13.0012 0.590028
13.0794 0.592798
13.1124 0.595568
13.1472 0.598338
13.1792 0.601108
13.3307 0.603878
13.375 0.606648
13.441 0.609418
13.4471 0.612188
13.541 0.614958
13.7794 0.617729
13.7813 0.620499
13.7925 0.623269
13.8308 0.626039
13.8636 0.628809
13.9111 0.631579
13.9931 0.634349
14.1926 0.637119
14.2422 0.639889
14.45 0.642659
14.4749 0.645429
14.4819 0.648199
14.6009 0.65097
14.6247 0.65374
14.6952 0.65651
14.738 0.65928
14.9668 0.66205
14.9876 0.66482
15.1586 0.66759
15.3792 0.67036
15.4603 0.67313
15.6194 0.6759
15.727 0.67867
15.8258 0.68144
16.0308 0.684211
16.2311 0.686981
16.4176 0.689751
16.5139 0.692521
16.556 0.695291
16.5645 0.698061
16.5853 0.700831
16.6181 0.703601
16.6723 0.706371
16.8408 0.709141
16.9094 0.711911
16.9759 0.714681
17.221 0.717452
17.3017 0.720222
17.4242 0.722992
17.622 0.725762
17.6332 0.728532
17.6674 0.731302
17.7681 0.734072
17.8745 0.736842
17.9475 0.739612
18.1362 0.742382
18.3478 0.745152
18.3493 0.747922
19.0985 0.750693
19.1054 0.753463
19.1207 0.756233
19.2212 0.759003
19.274 0.761773
19.3207 0.764543
19.3988 0.767313
19.5731 0.770083
19.8303 0.772853
19.95 0.775623
20.3428 0.778393
20.3819 0.781163
20.3895 0.783934
20.4444 0.786704
20.7467 0.789474
20.784 0.792244
20.7999 0.795014
21.0117 0.797784
21.1657 0.800554
21.1694 0.803324
21.2569 0.806094
21.4802 0.808864
21.5121 0.811634
21.7916 0.814404
21.9118 0.817175
22.0073 0.819945
22.152 0.822715
22.34 0.825485
22.4889 0.828255
22.5566 0.831025
22.7562 0.833795
22.7987 0.836565
22.9486 0.839335
23.0635 0.842105
23.0906 0.844875
23.16 0.847645
23.2042 0.850416
23.2913 0.853186
23.5678 0.855956
23.8918 0.858726
24.3987 0.861496
24.6377 0.864266
24.9543 0.867036
25.3476 0.869806
25.673 0.872576
25.9938 0.875346
26.5356 0.878116
27.7616 0.880886
27.8397 0.883657
27.976 0.886427
28.2037 0.889197
28.4137 0.891967
28.5428 0.894737
28.5528 0.897507
28.7265 0.900277
28.9058 0.903047
29.1781 0.905817
29.3577 0.908587
30.0406 0.911357
30.6185 0.914127
31.6759 0.916898
32.0009 0.919668
33.8448 0.922438
34.5997 0.925208
36.7735 0.927978
37.8237 0.930748
38.9691 0.933518
39.6945 0.936288
40.9474 0.939058
42.8501 0.941828
43.7271 0.944598
44.3256 0.947368
46.0281 0.950139
46.4329 0.952909
50.1779 0.955679
54.5207 0.958449
54.5538 0.961219
55.0401 0.963989
56.6877 0.966759
58.6628 0.969529
60.3813 0.972299
61.6599 0.975069
63.6476 0.977839
66.1695 0.980609
75.7268 0.98338
79.6422 0.98615
89.5128 0.98892
104.621 0.99169
110.639 0.99446
113.636 0.99723
122.075 1
