3.025 0.00277008
8.900 0.00554017
11.4262 0.00831025
14.687 0.0110803
16.200 0.0138504
17.400 0.0166205
21.350 0.0193906
22.8312 0.0221607
24.4187 0.0249307
25.050 0.0277008
27.825 0.0304709
29.075 0.033241
30.225 0.0360111
30.3525 0.0387812
31.275 0.0415512
31.5617 0.0443213
31.812 0.0470914
32.100 0.0498615
32.375 0.0526316
33.6867 0.0554017
34.6075 0.0581717
34.7350 0.0609418
35.875 0.0637119
36.0817 0.066482
39.025 0.0692521
39.762 0.0720222
40.375 0.0747922
44.3475 0.0775623
46.350 0.0803324
48.562 0.0831025
48.925 0.0858726
52.1650 0.0886427
52.950 0.0914127
53.462 0.0941828
54.2825 0.0969529
54.375 0.099723
54.7350 0.102493
54.9267 0.105263
56.250 0.108033
57.862 0.110803
59.57475 0.113573
59.850 0.116343
60.5242 0.119114
60.6117 0.121884
61.063 0.124654
61.987 0.127424
62.613 0.130194
62.6242 0.132964
63.6687 0.135734
64.025 0.138504
64.07937 0.141274
65.250 0.144044
65.300 0.146814
65.5425 0.149584
66.225 0.152355
66.2650 0.155125
66.7012 0.157895
67.925 0.160665
69.300 0.163435
70.4987 0.166205
71.6475 0.168975
72.0737 0.171745
72.7850 0.174515
72.9525 0.177285
72.9867 0.180055
73.1762 0.182825
74.050 0.185596
75.1275 0.188366
75.300 0.191136
76.500 0.193906
77.825 0.196676
79.250 0.199446
80.812 0.202216
82.050 0.204986
83.7312 0.207756
84.437 0.210526
84.5437 0.213296
84.7617 0.216066
84.962 0.218837
85.6850 0.221607
88.3987 0.224377
89.737 0.227147
92.063 0.229917
92.10912 0.232687
92.362 0.235457
93.1175 0.238227
93.188 0.240997
93.950 0.243767
97.750 0.246537
98.1442 0.249307
98.550 0.252078
98.9812 0.254848
101.0425 0.257618
107.0575 0.260388
108.3850 0.263158
108.6925 0.265928
112.9387 0.268698
113.512 0.271468
115.6487 0.274238
118.9617 0.277008
120.3862 0.279778
120.9350 0.282548
121.1850 0.285319
122.150 0.288089
124.7062 0.290859
125.4850 0.293629
126.500 0.296399
129.225 0.299169
138.4725 0.301939
140.5192 0.304709
140.5237 0.307479
156.825 0.310249
159.725 0.313019
167.4112 0.315789
169.000 0.31856
178.6142 0.32133
179.6512 0.3241
179.9362 0.32687
180.6525 0.32964
181.7692 0.33241
184.250 0.33518
187.775 0.33795
189.7925 0.34072
192.0892 0.34349
195.875 0.34626
201.100 0.34903
201.300 0.351801
201.9862 0.354571
202.9725 0.357341
204.7767 0.360111
207.0187 0.362881
208.0725 0.365651
209.925 0.368421
213.2325 0.371191
218.4975 0.373961
220.250 0.376731
223.725 0.379501
228.050 0.382271
231.487 0.385042
232.850 0.387812
237.5887 0.390582
239.263 0.393352
242.6887 0.396122
245.900 0.398892
255.800 0.401662
256.200 0.404432
259.825 0.407202
264.450 0.409972
264.7137 0.412742
266.8492 0.415512
267.000 0.418283
267.9350 0.421053
271.9562 0.423823
275.4117 0.426593
285.4667 0.429363
299.825 0.432133
300.5887 0.434903
301.8142 0.437673
303.275 0.440443
306.4725 0.443213
311.2725 0.445983
313.2325 0.448753
314.3925 0.451524
317.3567 0.454294
319.125 0.457064
321.438 0.459834
322.113 0.462604
325.000 0.465374
327.625 0.468144
332.500 0.470914
343.387 0.473684
350.950 0.476454
352.2687 0.479224
357.0112 0.481994
358.575 0.484765
358.5975 0.487535
360.2112 0.490305
364.150 0.493075
364.512 0.495845
381.2062 0.498615
385.1850 0.501385
392.925 0.504155
395.6362 0.506925
397.800 0.509695
399.1275 0.512465
402.725 0.515235
403.125 0.518006
409.5650 0.520776
412.175 0.523546
414.1175 0.526316
429.350 0.529086
432.750 0.531856
438.0112 0.534626
441.500 0.537396
442.750 0.540166
448.0187 0.542936
448.6742 0.545706
450.737 0.548476
452.175 0.551247
457.6150 0.554017
458.275 0.556787
461.7575 0.559557
464.1617 0.562327
470.813 0.565097
472.625 0.567867
474.075 0.570637
474.2475 0.573407
477.5737 0.576177
477.9225 0.578947
479.213 0.581717
479.475 0.584488
483.963 0.587258
487.275 0.590028
500.3512 0.592798
501.7575 0.595568
507.5775 0.598338
515.3350 0.601108
517.325 0.603878
519.9187 0.606648
523.5387 0.609418
530.575 0.612188
537.1150 0.614958
544.6392 0.617729
546.075 0.620499
548.063 0.623269
549.3312 0.626039
550.7942 0.628809
553.825 0.631579
554.175 0.634349
555.0150 0.637119
556.7067 0.639889
564.2850 0.642659
570.7850 0.645429
572.1067 0.648199
577.950 0.65097
580.0612 0.65374
585.4362 0.65651
590.587 0.65928
598.3317 0.66205
601.650 0.66482
603.150 0.66759
603.6350 0.67036
607.4025 0.67313
625.2637 0.6759
633.712 0.67867
637.1142 0.68144
638.150 0.684211
638.475 0.686981
662.575 0.689751
663.0525 0.692521
668.150 0.695291
686.600 0.698061
690.5512 0.700831
691.525 0.703601
694.150 0.706371
712.8887 0.709141
716.838 0.711911
734.813 0.714681
736.425 0.717452
736.7237 0.720222
739.250 0.722992
744.950 0.725762
754.3725 0.728532
754.8887 0.731302
761.887 0.734072
763.5192 0.736842
770.7937 0.739612
773.400 0.742382
774.4725 0.745152
774.7992 0.747922
775.825 0.750693
779.013 0.753463
783.9867 0.756233
790.875 0.759003
801.263 0.761773
810.4567 0.764543
823.400 0.767313
825.7850 0.770083
838.2762 0.772853
842.250 0.775623
845.5762 0.778393
853.9150 0.781163
855.0442 0.783934
858.8142 0.786704
859.2937 0.789474
861.688 0.792244
877.6692 0.795014
891.775 0.797784
892.937 0.800554
903.900 0.803324
906.0362 0.806094
910.5492 0.808864
931.1775 0.811634
944.387 0.814404
959.025 0.817175
975.037 0.819945
975.350 0.822715
981.525 0.825485
982.5850 0.828255
986.3650 0.831025
987.8850 0.833795
1001.025 0.836565
1005.225 0.839335
1008.100 0.842105
1020.000 0.844875
1024.900 0.847645
1036.700 0.850416
1039.013 0.853186
1039.1350 0.855956
1043.837 0.858726
1045.7850 0.861496
1059.6517 0.864266
1062.6617 0.867036
1062.8362 0.869806
1063.125 0.872576
1070.400 0.875346
1084.313 0.878116
1086.9350 0.880886
1090.350 0.883657
1093.8150 0.886427
1105.7642 0.889197
1107.7067 0.891967
1108.2525 0.894737
1108.8525 0.897507
1109.925 0.900277
1116.4812 0.903047
1117.725 0.905817
1119.2942 0.908587
1125.500 0.911357
1127.2650 0.914127
1129.2487 0.916898
1137.0192 0.919668
1138.2942 0.922438
1144.1742 0.925208
1155.9225 0.927978
1161.6437 0.930748
1162.0275 0.933518
1168.7475 0.936288
1169.175 0.939058
1170.4617 0.941828
1174.6725 0.944598
1175.3025 0.947368
1180.9275 0.950139
1192.7350 0.952909
1196.0025 0.955679
1200.525 0.958449
1206.275 0.961219
1208.0517 0.963989
1209.3312 0.966759
1237.0142 0.969529
1238.550 0.972299
1247.8117 0.975069
1253.500 0.977839
1273.5437 0.980609
1304.725 0.98338
1316.2650 0.98615
1317.6692 0.98892
1355.7525 0.99169
1382.000 0.99446
1538.975 0.99723
1638.712 1
