.100 0.00277008
.200 0.00554017
.400 0.00831025
.500 0.0110803
.800 0.0138504
.900 0.0166205
1.000 0.0193906
1.100 0.0221607
1.200 0.0304709
1.200 0.0304709
1.200 0.0304709
1.300 0.033241
1.500 0.0360111
1.600 0.0415512
1.600 0.0415512
1.800 0.0470914
1.800 0.0470914
2.000 0.0526316
2.000 0.0526316
2.200 0.0581717
2.200 0.0581717
2.300 0.0637119
2.300 0.0637119
2.400 0.066482
2.500 0.0720222
2.500 0.0720222
2.600 0.0775623
2.600 0.0775623
2.700 0.0858726
2.700 0.0858726
2.700 0.0858726
2.800 0.0941828
2.800 0.0941828
2.800 0.0941828
2.900 0.0969529
3.000 0.102493
3.000 0.102493
3.100 0.110803
3.100 0.110803
3.100 0.110803
3.300 0.113573
3.500 0.119114
3.500 0.119114
3.700 0.124654
3.700 0.124654
3.900 0.130194
3.900 0.130194
4.000 0.135734
4.000 0.135734
4.100 0.138504
4.200 0.141274
4.300 0.146814
4.300 0.146814
4.400 0.149584
4.600 0.155125
4.600 0.155125
4.700 0.157895
4.800 0.163435
4.800 0.163435
4.900 0.168975
4.900 0.168975
5.000 0.171745
5.100 0.174515
5.200 0.185596
5.200 0.185596
5.200 0.185596
5.200 0.185596
5.300 0.188366
5.400 0.196676
5.400 0.196676
5.400 0.196676
5.500 0.199446
5.600 0.204986
5.600 0.204986
5.700 0.210526
5.700 0.210526
5.800 0.216066
5.800 0.216066
6.200 0.218837
6.300 0.221607
6.400 0.224377
6.500 0.229917
6.500 0.229917
6.600 0.232687
6.800 0.238227
6.800 0.238227
6.900 0.240997
7.000 0.252078
7.000 0.252078
7.000 0.252078
7.000 0.252078
7.100 0.254848
7.300 0.257618
7.400 0.260388
7.600 0.263158
7.700 0.271468
7.700 0.271468
7.700 0.271468
7.800 0.274238
7.900 0.282548
7.900 0.282548
7.900 0.282548
8.000 0.285319
8.100 0.288089
8.300 0.293629
8.300 0.293629
8.400 0.296399
8.500 0.301939
8.500 0.301939
8.800 0.307479
8.800 0.307479
8.900 0.310249
9.000 0.313019
9.200 0.32133
9.200 0.32133
9.200 0.32133
9.300 0.3241
9.500 0.32687
9.600 0.33241
9.600 0.33241
9.700 0.33518
9.800 0.33795
9.900 0.34349
9.900 0.34349
10.000 0.34626
10.100 0.34903
10.200 0.357341
10.200 0.357341
10.200 0.357341
10.400 0.368421
10.400 0.368421
10.400 0.368421
10.400 0.368421
10.600 0.371191
11.200 0.373961
11.300 0.382271
11.300 0.382271
11.300 0.382271
11.400 0.385042
11.600 0.387812
11.800 0.390582
12.200 0.396122
12.200 0.396122
12.300 0.401662
12.300 0.401662
12.500 0.407202
12.500 0.407202
12.600 0.409972
12.700 0.412742
12.800 0.418283
12.800 0.418283
12.900 0.421053
13.100 0.423823
13.200 0.426593
13.300 0.432133
13.300 0.432133
13.400 0.437673
13.400 0.437673
13.500 0.440443
13.600 0.445983
13.600 0.445983
13.700 0.448753
13.800 0.451524
13.900 0.457064
13.900 0.457064
14.000 0.459834
14.100 0.462604
14.400 0.468144
14.400 0.468144
14.500 0.470914
14.700 0.476454
14.700 0.476454
14.800 0.479224
15.200 0.481994
15.300 0.484765
15.400 0.487535
15.500 0.490305
15.700 0.493075
15.800 0.495845
16.000 0.498615
16.200 0.501385
16.800 0.504155
17.000 0.506925
17.300 0.509695
17.600 0.512465
17.700 0.518006
17.700 0.518006
17.800 0.526316
17.800 0.526316
17.800 0.526316
18.000 0.529086
18.100 0.531856
18.200 0.534626
18.500 0.537396
18.700 0.542936
18.700 0.542936
18.800 0.545706
19.200 0.548476
19.500 0.551247
19.600 0.554017
19.800 0.556787
20.000 0.562327
20.000 0.562327
20.300 0.565097
20.400 0.567867
21.000 0.570637
21.300 0.573407
21.400 0.576177
21.500 0.578947
21.900 0.581717
22.000 0.584488
22.100 0.587258
22.200 0.590028
22.400 0.595568
22.400 0.595568
22.600 0.598338
22.900 0.603878
22.900 0.603878
23.000 0.606648
23.100 0.609418
23.300 0.612188
23.400 0.614958
23.500 0.617729
23.700 0.620499
23.800 0.623269
23.900 0.626039
24.000 0.628809
24.100 0.634349
24.100 0.634349
24.300 0.637119
24.400 0.639889
24.500 0.648199
24.500 0.648199
24.500 0.648199
24.600 0.65374
24.600 0.65374
24.800 0.65928
24.800 0.65928
24.900 0.66482
24.900 0.66482
25.000 0.66759
25.100 0.67313
25.100 0.67313
25.300 0.68144
25.300 0.68144
25.300 0.68144
25.400 0.686981
25.400 0.686981
25.600 0.689751
25.700 0.692521
25.800 0.695291
26.100 0.698061
26.200 0.703601
26.200 0.703601
26.300 0.709141
26.300 0.709141
26.400 0.714681
26.400 0.714681
26.600 0.720222
26.600 0.720222
26.700 0.722992
26.900 0.725762
27.000 0.728532
27.200 0.731302
27.500 0.734072
27.600 0.736842
27.700 0.742382
27.700 0.742382
27.800 0.745152
27.900 0.747922
28.000 0.750693
28.200 0.753463
28.300 0.759003
28.300 0.759003
28.400 0.761773
28.900 0.764543
29.100 0.767313
29.600 0.770083
29.800 0.772853
29.900 0.778393
29.900 0.778393
30.000 0.781163
30.100 0.783934
30.300 0.789474
30.300 0.789474
30.500 0.792244
30.600 0.795014
31.000 0.797784
31.200 0.800554
31.400 0.803324
31.600 0.808864
31.600 0.808864
31.900 0.814404
31.900 0.814404
32.000 0.819945
32.000 0.819945
32.100 0.822715
32.400 0.825485
32.500 0.828255
32.700 0.833795
32.700 0.833795
32.900 0.839335
32.900 0.839335
33.200 0.842105
33.300 0.844875
33.400 0.847645
33.600 0.850416
33.700 0.853186
33.800 0.858726
33.800 0.858726
33.900 0.861496
34.400 0.867036
34.400 0.867036
34.800 0.872576
34.800 0.872576
35.000 0.880886
35.000 0.880886
35.000 0.880886
35.100 0.889197
35.100 0.889197
35.100 0.889197
35.300 0.891967
35.700 0.894737
35.800 0.897507
35.900 0.903047
35.900 0.903047
36.200 0.905817
36.300 0.914127
36.300 0.914127
36.300 0.914127
36.400 0.916898
37.100 0.922438
37.100 0.922438
38.100 0.927978
38.100 0.927978
38.200 0.930748
38.400 0.933518
38.500 0.936288
38.600 0.939058
38.800 0.941828
38.900 0.944598
39.400 0.958449
39.400 0.958449
39.400 0.958449
39.400 0.958449
39.400 0.958449
39.800 0.961219
39.900 0.963989
40.000 0.966759
40.100 0.969529
40.300 0.975069
40.300 0.975069
40.600 0.977839
41.000 0.98338
41.000 0.98338
41.400 0.98615
42.200 0.98892
42.900 0.99169
43.800 0.99446
43.900 0.99723
44.300 1
