3.025 0.00277008
7.625 0.00554017
13.7512 0.00831025
14.687 0.0110803
16.200 0.0138504
20.700 0.0166205
22.662 0.0193906
23.037 0.0221607
25.0192 0.0249307
26.5437 0.0277008
29.075 0.0304709
29.475 0.033241
31.9275 0.0360111
32.375 0.0387812
33.150 0.0415512
33.437 0.0443213
34.050 0.0470914
34.250 0.0498615
34.4367 0.0526316
35.2367 0.0554017
35.3350 0.0581717
35.4825 0.0609418
38.0817 0.0637119
39.025 0.066482
39.462 0.0692521
39.762 0.0720222
40.375 0.0747922
46.4475 0.0775623
47.888 0.0803324
48.925 0.0831025
50.662 0.0858726
52.8650 0.0886427
52.950 0.0914127
54.7325 0.0941828
55.0387 0.0969529
55.375 0.099723
55.6350 0.102493
55.987 0.105263
58.112 0.108033
60.375 0.110803
60.763 0.113573
60.77475 0.116343
61.2242 0.119114
61.987 0.121884
62.625 0.124654
64.025 0.127424
64.1067 0.130194
64.3737 0.132964
64.51637 0.135734
65.1612 0.138504
65.250 0.141274
65.9675 0.144044
66.700 0.146814
66.950 0.149584
67.0512 0.152355
67.5150 0.155125
67.800 0.157895
68.063 0.160665
69.225 0.163435
71.7237 0.166205
72.6225 0.168975
73.1762 0.171745
73.4350 0.174515
73.8237 0.177285
74.050 0.180055
74.5275 0.182825
74.6737 0.185596
76.1775 0.188366
77.825 0.191136
78.000 0.193906
79.250 0.196676
80.100 0.199446
80.812 0.202216
83.300 0.204986
84.437 0.207756
85.6850 0.210526
85.8562 0.213296
86.187 0.216066
86.5117 0.218837
86.6687 0.221607
89.737 0.224377
90.3487 0.227147
92.72112 0.229917
93.4925 0.232687
93.813 0.235457
94.575 0.238227
94.725 0.240997
95.450 0.243767
99.150 0.246537
99.2942 0.249307
99.5812 0.252078
100.125 0.254848
101.0925 0.257618
108.2075 0.260388
110.3350 0.263158
110.3925 0.265928
113.5017 0.268698
113.512 0.271468
117.5737 0.274238
119.7487 0.277008
120.3862 0.279778
121.1850 0.282548
122.0350 0.285319
122.763 0.288089
126.4562 0.290859
126.500 0.293629
126.5350 0.296399
129.225 0.299169
139.4475 0.301939
140.5237 0.304709
141.5192 0.307479
158.688 0.310249
158.800 0.313019
167.4112 0.315789
169.000 0.31856
179.9362 0.32133
180.4512 0.3241
180.7762 0.32687
182.3775 0.32964
183.0812 0.33241
185.900 0.33518
188.912 0.33795
191.1675 0.34072
193.4012 0.34349
197.188 0.34626
202.700 0.34903
203.0475 0.351801
203.4862 0.354571
205.012 0.357341
206.3137 0.360111
207.8317 0.362881
209.8725 0.365651
211.425 0.368421
215.0825 0.371191
220.3725 0.373961
221.262 0.376731
225.600 0.379501
228.700 0.382271
231.487 0.385042
232.850 0.387812
239.0767 0.390582
239.263 0.393352
245.6137 0.396122
246.550 0.398892
256.462 0.401662
256.750 0.404432
259.825 0.407202
266.200 0.409972
266.6387 0.412742
267.000 0.415512
267.6362 0.418283
268.5350 0.421053
272.5192 0.423823
276.6487 0.426593
286.6037 0.429363
300.5887 0.432133
303.2142 0.434903
304.150 0.437673
307.325 0.440443
308.5725 0.443213
311.2725 0.445983
314.025 0.448753
314.1325 0.451524
315.0675 0.454294
317.9187 0.457064
323.750 0.459834
323.975 0.462604
325.000 0.465374
327.625 0.468144
332.500 0.470914
343.387 0.473684
350.950 0.476454
352.2687 0.479224
357.0112 0.481994
358.575 0.484765
358.5975 0.487535
360.2112 0.490305
364.512 0.493075
370.575 0.495845
387.2350 0.498615
389.0192 0.501385
392.925 0.504155
397.4362 0.506925
398.500 0.509695
401.8275 0.512465
403.125 0.515235
403.850 0.518006
413.675 0.520776
414.9650 0.523546
415.4175 0.526316
432.600 0.529086
432.750 0.531856
443.250 0.534626
443.888 0.537396
443.9362 0.540166
450.3937 0.542936
450.737 0.545706
451.2112 0.548476
452.700 0.551247
461.4150 0.554017
461.850 0.556787
464.7825 0.559557
465.5617 0.562327
471.563 0.565097
473.750 0.567867
476.4975 0.570637
476.925 0.573407
479.3475 0.576177
479.5237 0.578947
480.788 0.581717
481.238 0.584488
485.013 0.587258
489.300 0.590028
503.7642 0.592798
504.6575 0.595568
508.2525 0.598338
517.325 0.601108
517.5350 0.603878
521.4187 0.606648
525.3767 0.609418
530.575 0.612188
542.2650 0.614958
547.6762 0.617729
549.250 0.620499
551.3312 0.623269
552.5442 0.626039
554.400 0.628809
554.875 0.631579
557.3150 0.634349
558.125 0.637119
558.5187 0.639889
565.9850 0.642659
571.8850 0.645429
573.4817 0.648199
580.550 0.65097
581.9362 0.65374
586.7492 0.65651
592.612 0.65928
601.6437 0.66205
605.2350 0.66482
605.525 0.66759
605.775 0.67036
612.7275 0.67313
627.1387 0.6759
636.337 0.67867
638.6512 0.68144
638.900 0.684211
644.225 0.686981
664.300 0.689751
664.8525 0.692521
668.587 0.695291
687.100 0.698061
694.8642 0.700831
697.875 0.703601
698.625 0.706371
717.2637 0.709141
717.675 0.711911
736.988 0.714681
739.0867 0.717452
740.775 0.720222
744.050 0.722992
746.425 0.725762
757.0767 0.728532
757.4475 0.731302
764.737 0.734072
767.7062 0.736842
774.4817 0.739612
776.800 0.742382
777.3225 0.745152
778.6242 0.747922
778.800 0.750693
781.463 0.753463
785.1487 0.756233
792.825 0.759003
803.625 0.761773
812.3317 0.764543
826.100 0.767313
826.8350 0.770083
839.8512 0.772853
847.0762 0.775623
847.688 0.778393
857.5650 0.781163
858.1692 0.783934
861.3642 0.786704
863.0437 0.789474
863.938 0.792244
877.9812 0.795014
894.950 0.797784
894.975 0.800554
907.200 0.803324
909.1862 0.806094
914.5992 0.808864
932.4525 0.811634
944.825 0.814404
960.150 0.817175
978.075 0.819945
978.600 0.822715
982.200 0.825485
983.8350 0.828255
987.0150 0.831025
990.3350 0.833795
1002.150 0.836565
1006.762 0.839335
1011.950 0.842105
1022.625 0.844875
1033.000 0.847645
1040.450 0.850416
1042.6350 0.853186
1045.613 0.855956
1046.037 0.858726
1048.7850 0.861496
1062.9237 0.864266
1063.0637 0.867036
1063.125 0.869806
1066.6862 0.872576
1072.200 0.875346
1088.250 0.878116
1089.8850 0.880886
1094.000 0.883657
1095.4150 0.886427
1107.6012 0.889197
1111.0275 0.891967
1111.1437 0.894737
1111.687 0.897507
1113.1275 0.900277
1118.9812 0.903047
1121.325 0.905817
1121.6692 0.908587
1126.813 0.911357
1129.0150 0.914127
1133.4487 0.916898
1139.4812 0.919668
1140.9562 0.922438
1149.8742 0.925208
1158.0225 0.927978
1164.6437 0.930748
1165.7775 0.933518
1172.0475 0.936288
1172.063 0.939058
1172.8237 0.941828
1176.6225 0.944598
1177.7775 0.947368
1182.2775 0.950139
1196.3350 0.952909
1197.1275 0.955679
1203.250 0.958449
1209.163 0.961219
1209.3637 0.963989
1211.9562 0.966759
1239.4642 0.969529
1240.500 0.972299
1250.1737 0.975069
1255.000 0.977839
1274.7937 0.980609
1311.850 0.98338
1318.3650 0.98615
1320.1062 0.98892
1357.5525 0.99169
1384.437 0.99446
1540.225 0.99723
1644.337 1
