.242 0.00277008
.244 0.00554017
.3047 0.00831025
.348 0.0110803
.356 0.0138504
.3607 0.0166205
.3653 0.0193906
.371 0.0221607
.3907 0.0249307
.403 0.0277008
.4047 0.0304709
.410 0.033241
.417 0.0360111
.509 0.0387812
.5773 0.0415512
.5913 0.0443213
.642 0.0470914
.6917 0.0498615
.6927 0.0526316
.6947 0.0554017
.706 0.0581717
.7157 0.0609418
.73233 0.0637119
.750 0.066482
.7623 0.0692521
.79433 0.0720222
.8057 0.0747922
.8237 0.0775623
.8363 0.0803324
.870 0.0831025
.883 0.0858726
.8983 0.0886427
.9553 0.0914127
.9687 0.0941828
.971 0.0969529
.9727 0.099723
.977 0.102493
1.0017 0.105263
1.004 0.108033
1.0187 0.110803
1.020 0.113573
1.0433 0.116343
1.05267 0.119114
1.0947 0.121884
1.163 0.124654
1.175 0.127424
1.236 0.130194
1.293 0.132964
1.296 0.135734
1.305 0.138504
1.306 0.141274
1.314 0.144044
1.3217 0.146814
1.3253 0.149584
1.3397 0.152355
1.3527 0.155125
1.3843 0.157895
1.396 0.160665
1.4557 0.163435
1.4647 0.166205
1.561 0.168975
1.564 0.171745
1.5703 0.174515
1.5837 0.177285
1.615 0.180055
1.641 0.182825
1.7137 0.185596
1.8463 0.188366
1.9463 0.191136
1.9953 0.193906
2.004 0.196676
2.0413 0.199446
2.146 0.202216
2.1677 0.204986
2.1713 0.207756
2.1953 0.210526
2.2483 0.213296
2.3573 0.216066
2.4087 0.218837
2.4187 0.221607
2.4237 0.224377
2.463 0.227147
2.485 0.229917
2.5097 0.232687
2.590 0.235457
2.6217 0.238227
2.7063 0.240997
2.7153 0.243767
2.717 0.246537
2.7743 0.249307
2.9083 0.252078
2.9133 0.254848
2.962 0.257618
3.0117 0.260388
3.0253 0.263158
3.027 0.265928
3.0497 0.268698
3.113 0.271468
3.134 0.274238
3.170 0.277008
3.1723 0.279778
3.181 0.282548
3.2103 0.285319
3.3123 0.288089
3.4353 0.290859
3.4493 0.293629
3.466 0.296399
3.685 0.299169
3.7247 0.301939
3.7473 0.304709
3.758 0.307479
3.885 0.310249
3.914 0.313019
4.0417 0.315789
4.0863 0.31856
4.1167 0.32133
4.1503 0.3241
4.277 0.32687
4.2823 0.32964
4.3477 0.33241
4.3513 0.33518
4.4643 0.33795
4.629 0.34072
4.657 0.34349
4.7813 0.34626
4.788 0.34903
4.7907 0.351801
4.7983 0.354571
4.918 0.357341
4.959 0.360111
5.009 0.362881
5.060 0.365651
5.0777 0.368421
5.122 0.371191
5.1277 0.373961
5.143 0.376731
5.169 0.379501
5.242 0.382271
5.289 0.385042
5.3047 0.387812
5.3217 0.390582
5.340 0.393352
5.3587 0.396122
5.3863 0.398892
5.4607 0.401662
5.531 0.404432
5.544 0.407202
5.598 0.409972
5.6363 0.412742
5.7183 0.415512
5.9833 0.418283
6.029 0.421053
6.0993 0.423823
6.321 0.426593
6.3233 0.429363
6.3723 0.432133
6.4717 0.434903
6.497 0.437673
6.650 0.440443
6.6907 0.443213
6.755 0.445983
6.7677 0.448753
7.019 0.451524
7.1683 0.454294
7.179 0.457064
7.3443 0.459834
7.365 0.462604
7.533 0.465374
7.562 0.468144
7.5917 0.470914
7.636 0.473684
7.7037 0.476454
7.956 0.479224
8.042 0.481994
8.044 0.484765
8.0987 0.487535
8.1473 0.490305
8.1913 0.493075
8.3187 0.495845
8.4197 0.498615
8.5293 0.501385
8.6273 0.504155
8.769 0.506925
8.7893 0.509695
8.8127 0.512465
8.830 0.515235
8.8407 0.518006
8.903 0.520776
8.9073 0.523546
9.122 0.526316
9.1523 0.529086
9.1537 0.531856
9.157 0.534626
9.5203 0.537396
9.5733 0.540166
9.5803 0.542936
10.0583 0.545706
10.120 0.548476
10.205 0.551247
10.232 0.554017
10.3067 0.556787
10.312 0.559557
10.3263 0.562327
10.3547 0.565097
10.545 0.567867
10.5503 0.570637
10.7423 0.573407
10.750 0.576177
10.793 0.578947
11.1003 0.581717
11.2857 0.584488
11.4157 0.587258
11.559 0.590028
11.6803 0.592798
11.993 0.595568
12.052 0.598338
12.0727 0.601108
12.1103 0.603878
12.1447 0.606648
12.1467 0.609418
12.2163 0.612188
12.3327 0.614958
12.4157 0.617729
12.5293 0.620499
12.546 0.623269
12.5757 0.626039
12.6373 0.628809
12.7353 0.631579
12.763 0.634349
12.778 0.637119
12.779 0.639889
12.786 0.642659
12.787 0.645429
12.9057 0.648199
12.9673 0.65097
13.000 0.65374
13.087 0.65651
13.347 0.65928
13.362 0.66205
13.3767 0.66482
13.520 0.66759
13.6807 0.67036
13.732 0.67313
13.7487 0.6759
13.786 0.67867
13.787 0.68144
13.8063 0.684211
14.0427 0.686981
14.1373 0.689751
14.2607 0.692521
14.343 0.695291
14.5237 0.698061
14.566 0.700831
14.7767 0.703601
14.7847 0.706371
15.4123 0.709141
15.4683 0.711911
15.4937 0.714681
15.5833 0.717452
15.6623 0.720222
15.6707 0.722992
15.7457 0.725762
15.9467 0.728532
16.104 0.731302
16.109 0.734072
16.320 0.736842
16.468 0.739612
16.487 0.742382
16.514 0.745152
16.5157 0.747922
16.5647 0.750693
16.6737 0.753463
16.899 0.756233
16.9897 0.759003
17.0783 0.761773
17.174 0.764543
17.620 0.767313
17.7233 0.770083
17.8637 0.772853
17.898 0.775623
17.9087 0.778393
18.008 0.781163
18.0767 0.783934
18.1923 0.786704
18.2127 0.789474
18.331 0.792244
18.4147 0.795014
18.4703 0.797784
18.519 0.800554
18.5863 0.803324
19.141 0.806094
19.3493 0.808864
19.507 0.811634
19.595 0.814404
19.6517 0.817175
19.7273 0.819945
19.7577 0.822715
20.0703 0.825485
20.317 0.828255
20.3767 0.831025
20.496 0.833795
20.6613 0.836565
20.693 0.839335
20.7827 0.842105
20.786 0.844875
20.9063 0.847645
20.9157 0.850416
21.0827 0.853186
21.367 0.855956
21.7387 0.858726
21.807 0.861496
21.843 0.864266
21.8763 0.867036
22.112 0.869806
22.153 0.872576
22.167 0.875346
22.460 0.878116
22.5453 0.880886
22.5487 0.883657
22.8373 0.886427
22.9017 0.889197
23.8547 0.891967
24.066 0.894737
24.2813 0.897507
25.070 0.900277
25.530 0.903047
25.539 0.905817
25.769 0.908587
26.001 0.911357
26.3253 0.914127
26.503 0.916898
26.806 0.919668
27.661 0.922438
27.707 0.925208
27.766 0.927978
28.544 0.930748
28.915 0.933518
29.161 0.936288
29.457 0.939058
29.570 0.941828
29.598 0.944598
29.798 0.947368
29.806 0.950139
30.5113 0.952909
31.033 0.955679
31.434 0.958449
34.620 0.961219
35.671 0.963989
36.059 0.966759
40.324 0.969529
41.468 0.972299
42.446 0.975069
43.699 0.977839
47.247 0.980609
48.021 0.98338
57.347 0.98615
61.559 0.98892
81.992 0.99169
83.507 0.99446
85.050 0.99723
104.378 1
