0.420832 0.00277008
0.480573 0.00554017
1.17394 0.00831025
1.73914 0.0110803
1.85028 0.0138504
2.16902 0.0166205
2.22393 0.0193906
2.56478 0.0221607
2.74731 0.0249307
2.748 0.0277008
2.84393 0.0304709
2.96255 0.033241
3.00778 0.0360111
3.02478 0.0387812
3.03434 0.0415512
3.04449 0.0443213
3.08791 0.0470914
3.15636 0.0498615
3.23592 0.0526316
3.24607 0.0554017
3.27688 0.0581717
3.29577 0.0609418
3.3933 0.0637119
3.47162 0.066482
3.58704 0.0692521
3.79485 0.0720222
4.09382 0.0747922
4.10751 0.0775623
4.19501 0.0803324
4.38672 0.0831025
4.38826 0.0858726
4.40158 0.0886427
4.50998 0.0914127
4.58349 0.0941828
4.69357 0.0969529
4.73728 0.099723
4.78073 0.102493
4.80169 0.105263
4.89467 0.108033
4.93397 0.110803
4.95045 0.113573
4.9594 0.116343
4.98513 0.119114
4.99082 0.121884
5.0557 0.124654
5.07356 0.127424
5.29066 0.130194
5.30973 0.132964
5.42683 0.135734
5.61294 0.138504
5.72524 0.141274
5.73214 0.144044
5.77804 0.146814
5.81129 0.149584
5.85815 0.152355
5.86243 0.155125
6.07998 0.157895
6.14348 0.160665
6.30141 0.163435
6.30448 0.166205
6.3395 0.168975
6.35692 0.171745
6.36936 0.174515
6.3925 0.177285
6.53033 0.180055
7.00935 0.182825
7.26338 0.185596
7.26987 0.188366
7.29557 0.191136
7.46834 0.193906
7.48553 0.196676
7.56515 0.199446
7.61601 0.202216
7.67256 0.204986
7.7409 0.207756
7.9229 0.210526
7.96333 0.213296
8.10369 0.216066
8.21393 0.218837
8.31124 0.221607
8.39336 0.224377
8.44418 0.227147
8.54632 0.229917
8.59214 0.232687
8.74926 0.235457
8.79155 0.238227
8.87355 0.240997
8.88949 0.243767
8.98814 0.246537
9.10607 0.249307
9.31107 0.252078
9.39508 0.254848
9.59345 0.257618
9.6414 0.260388
9.64448 0.263158
9.78072 0.265928
9.78743 0.268698
9.89035 0.271468
9.90281 0.274238
10.0196 0.277008
10.1252 0.279778
10.1586 0.282548
10.2445 0.285319
10.3239 0.288089
10.3547 0.290859
10.6266 0.293629
10.7823 0.296399
10.8249 0.299169
11.0641 0.301939
11.1592 0.304709
11.3316 0.307479
11.4272 0.310249
11.4896 0.313019
11.542 0.315789
11.8825 0.31856
11.9804 0.32133
12.0987 0.3241
12.1005 0.32687
12.3305 0.32964
12.6208 0.33241
12.8575 0.33518
13.1532 0.33795
13.1592 0.34072
13.2156 0.34349
13.2421 0.34626
13.54 0.34903
13.6039 0.351801
13.6898 0.354571
13.7169 0.357341
13.9495 0.360111
14.0156 0.362881
14.022 0.365651
14.035 0.368421
14.2447 0.371191
14.2525 0.373961
14.269 0.376731
14.2866 0.379501
14.3043 0.382271
14.4812 0.385042
14.4861 0.387812
14.5801 0.390582
14.7265 0.393352
15.0505 0.396122
15.2132 0.398892
15.2217 0.401662
15.2975 0.404432
15.4614 0.407202
15.6084 0.409972
15.6422 0.412742
15.662 0.415512
15.6654 0.418283
15.9198 0.421053
16.0832 0.423823
16.108 0.426593
16.1422 0.429363
16.1943 0.432133
16.3333 0.434903
16.3468 0.437673
17.1705 0.440443
17.4596 0.443213
17.8437 0.445983
18.2175 0.448753
18.2761 0.451524
18.3583 0.454294
18.5814 0.457064
18.6728 0.459834
18.6831 0.462604
18.9218 0.465374
19.1609 0.468144
19.1785 0.470914
19.3141 0.473684
19.3666 0.476454
19.4089 0.479224
19.4999 0.481994
19.599 0.484765
19.6291 0.487535
19.6573 0.490305
19.7239 0.493075
19.7574 0.495845
19.79 0.498615
19.8038 0.501385
19.8188 0.504155
19.9208 0.506925
19.9494 0.509695
20.3968 0.512465
21.0748 0.515235
21.2156 0.518006
21.4315 0.520776
21.6233 0.523546
21.6241 0.526316
21.7418 0.529086
21.9219 0.531856
22.1601 0.534626
22.3247 0.537396
22.3803 0.540166
22.466 0.542936
22.5959 0.545706
22.7481 0.548476
22.855 0.551247
23.0187 0.554017
23.0787 0.556787
23.256 0.559557
23.259 0.562327
23.2667 0.565097
23.5167 0.567867
23.5685 0.570637
23.5759 0.573407
23.7756 0.576177
24.0505 0.578947
24.0966 0.581717
24.2683 0.584488
24.3073 0.587258
24.3507 0.590028
24.4563 0.592798
24.4737 0.595568
24.5021 0.598338
24.6698 0.601108
24.8139 0.603878
24.8439 0.606648
24.9107 0.609418
25.2346 0.612188
25.5802 0.614958
25.6911 0.617729
25.7324 0.620499
25.7662 0.623269
25.872 0.626039
25.8936 0.628809
25.9343 0.631579
26.0051 0.634349
26.1132 0.637119
26.1228 0.639889
26.3811 0.642659
26.5566 0.645429
26.5696 0.648199
26.6078 0.65097
26.6108 0.65374
26.6421 0.65651
26.6773 0.65928
26.744 0.66205
26.7719 0.66482
26.8502 0.66759
27.1431 0.67036
27.2167 0.67313
27.2268 0.6759
27.2896 0.67867
27.3148 0.68144
27.4825 0.684211
27.491 0.686981
27.5295 0.689751
27.6088 0.692521
27.8726 0.695291
27.8786 0.698061
27.999 0.700831
28.0154 0.703601
28.373 0.706371
28.4742 0.709141
28.6622 0.711911
28.8716 0.714681
28.9998 0.717452
29.0748 0.720222
29.0875 0.722992
29.166 0.725762
29.2597 0.728532
29.3046 0.731302
29.308 0.734072
29.3189 0.736842
29.435 0.739612
29.529 0.742382
29.5919 0.745152
29.613 0.747922
29.8973 0.750693
30.5523 0.753463
31.1719 0.756233
31.2146 0.759003
31.3189 0.761773
31.3895 0.764543
31.3922 0.767313
31.4737 0.770083
31.5509 0.772853
31.627 0.775623
31.6435 0.778393
31.7085 0.781163
31.7697 0.783934
32.2018 0.786704
32.2154 0.789474
32.579 0.792244
32.6884 0.795014
32.694 0.797784
32.7756 0.800554
32.9671 0.803324
32.974 0.806094
33.1146 0.808864
33.1233 0.811634
33.3414 0.814404
33.3445 0.817175
33.4913 0.819945
33.5494 0.822715
33.7403 0.825485
33.7537 0.828255
34.1076 0.831025
34.2764 0.833795
34.5277 0.836565
34.7426 0.839335
34.754 0.842105
34.9287 0.844875
35.0969 0.847645
35.3344 0.850416
35.3628 0.853186
35.4133 0.855956
35.8956 0.858726
35.8981 0.861496
36.2237 0.864266
36.2239 0.867036
36.2478 0.869806
36.4109 0.872576
36.7049 0.875346
36.9436 0.878116
37.0119 0.880886
37.3782 0.883657
37.4216 0.886427
37.4248 0.889197
37.5292 0.891967
37.6071 0.894737
37.8484 0.897507
37.938 0.900277
38.1676 0.903047
38.5317 0.905817
39.2177 0.908587
39.5153 0.911357
39.5222 0.914127
39.616 0.916898
39.8593 0.919668
39.8721 0.922438
39.938 0.925208
40.0001 0.927978
40.134 0.930748
40.4763 0.933518
40.5062 0.936288
40.5557 0.939058
40.6788 0.941828
40.7632 0.944598
40.82 0.947368
40.8345 0.950139
40.9093 0.952909
41.0057 0.955679
41.0164 0.958449
41.2388 0.961219
41.5487 0.963989
41.6602 0.966759
41.8475 0.969529
42.1544 0.972299
42.3474 0.975069
42.3652 0.977839
42.5961 0.980609
42.8614 0.98338
43.1814 0.98615
43.4288 0.98892
43.6044 0.99169
43.8711 0.99446
44.3508 0.99723
44.5883 1
