.0013839199 0.00277008
.0024227873 0.00554017
.0028878995 0.00831025
.0038847931 0.0110803
.0043159608 0.0138504
.0058296672 0.0166205
.0076875830 0.0193906
.0078343600 0.0221607
.0079642069 0.0249307
.0080460604 0.0277008
.0086225028 0.0304709
.0098302065 0.033241
.0101057647 0.0360111
.0109017631 0.0387812
.0122785945 0.0415512
.0130025766 0.0443213
.0137656097 0.0470914
.0138659072 0.0498615
.0144990561 0.0526316
.0147331316 0.0554017
.0151442426 0.0581717
.0170332916 0.0609418
.0182621904 0.0637119
.0194523965 0.066482
.0200077384 0.0692521
.0200291665 0.0720222
.0203453344 0.0747922
.0206569834 0.0775623
.0220015040 0.0803324
.0220230934 0.0831025
.0220635210 0.0858726
.0221971889 0.0886427
.0235824940 0.0914127
.0239162345 0.0941828
.0244905819 0.0969529
.0260761004 0.099723
.0260869408 0.102493
.0264162723 0.105263
.0264913670 0.108033
.0271928394 0.110803
.0279071179 0.113573
.0287452742 0.116343
.0293707927 0.119114
.0295390599 0.121884
.0297629621 0.124654
.0303463040 0.127424
.0305481050 0.130194
.0312112067 0.132964
.0313255920 0.135734
.0317615642 0.138504
.0325550561 0.141274
.0326626116 0.144044
.0350548673 0.146814
.0354950698 0.149584
.0357328916 0.152355
.0378748400 0.155125
.0389704305 0.157895
.0398857587 0.160665
.0403712888 0.163435
.0409897119 0.166205
.0422804670 0.168975
.0428178141 0.171745
.0436285309 0.174515
.0472613332 0.177285
.0495599971 0.180055
.0504113778 0.182825
.0514367977 0.185596
.0538427790 0.188366
.0566130246 0.191136
.0598700176 0.193906
.0665107592 0.196676
.0684914284 0.199446
.0754045625 0.202216
.0764729671 0.204986
.0782312174 0.207756
.0832158881 0.210526
.0854163841 0.213296
.0888004795 0.216066
.0910753349 0.218837
.0916647386 0.221607
.0925115240 0.224377
.0939518613 0.227147
.0995905362 0.229917
.1108956722 0.232687
.1110707020 0.235457
.1124076824 0.238227
.1140942473 0.240997
.1142853300 0.243767
.1273670013 0.246537
.1322416284 0.249307
.1380369823 0.252078
.1386655972 0.254848
.1484438352 0.257618
.1485823805 0.260388
.1487830788 0.263158
.1496827841 0.265928
.1504740873 0.268698
.1562889350 0.271468
.1672236450 0.274238
.1677129337 0.277008
.1808703077 0.279778
.2127950911 0.282548
.2169510806 0.285319
.2212225754 0.288089
.2285328436 0.290859
.2291128052 0.293629
.2372678610 0.296399
.2399877422 0.299169
.2458424383 0.301939
.2646743921 0.304709
.2702853471 0.307479
.2830156570 0.310249
.2863135064 0.313019
.2944015934 0.315789
.2958977648 0.31856
.3008108336 0.32133
.3022050596 0.3241
.3030863275 0.32687
.3147964145 0.32964
.3159887674 0.33241
.3381680012 0.33518
.3447524693 0.33795
.3555337328 0.34072
.3595458635 0.34349
.3605957793 0.34626
.3675492347 0.34903
.3684097054 0.351801
.3810941412 0.354571
.3905722396 0.357341
.3947694471 0.360111
.4061828432 0.362881
.4120514957 0.365651
.4218797020 0.368421
.4238654280 0.371191
.4258933216 0.373961
.4289098294 0.376731
.4355984489 0.379501
.4464342037 0.382271
.4556456070 0.385042
.4690112831 0.387812
.4788599353 0.390582
.4790654002 0.393352
.4791813905 0.396122
.4818651311 0.398892
.4902554335 0.401662
.5049906458 0.404432
.5286794253 0.407202
.5321037843 0.409972
.5385394212 0.412742
.5482575829 0.415512
.5745547608 0.418283
.5980993098 0.421053
.6051779011 0.423823
.6104087004 0.426593
.6198072467 0.429363
.6200126444 0.432133
.6260470640 0.434903
.6332984315 0.437673
.6395079139 0.440443
.6409156008 0.443213
.6596738259 0.445983
.6597685664 0.448753
.6628522464 0.451524
.6699199636 0.454294
.6796917929 0.457064
.6816280611 0.459834
.6876755154 0.462604
.6902513841 0.465374
.7201289009 0.468144
.7371988463 0.470914
.7676005258 0.473684
.7693116495 0.476454
.7824351140 0.479224
.7887497675 0.481994
.7889048866 0.484765
.8057296026 0.487535
.8084440346 0.490305
.8199785700 0.493075
.8216138415 0.495845
.8223092690 0.498615
.8589278408 0.501385
.8589607455 0.504155
.8709151723 0.506925
.8738651141 0.509695
.8874859545 0.512465
.8940233142 0.515235
.9134870688 0.518006
.9287112193 0.520776
.9383060624 0.523546
.9477078860 0.526316
.9486183158 0.529086
.9772946278 0.531856
.9785259560 0.534626
.9840131298 0.537396
.9841403560 0.540166
.9955889925 0.542936
.9982367158 0.545706
1.0014128461 0.548476
1.0063677711 0.551247
1.0187302764 0.554017
1.0208113712 0.556787
1.0282215537 0.559557
1.0773446616 0.562327
1.1000335515 0.565097
1.1203909461 0.567867
1.1222891282 0.570637
1.1225255183 0.573407
1.1551991064 0.576177
1.1670803202 0.578947
1.1948425186 0.581717
1.1960037253 0.584488
1.2050028352 0.587258
1.2106041671 0.590028
1.2488435840 0.592798
1.2722271649 0.595568
1.2745353175 0.598338
1.2916519843 0.601108
1.2983203113 0.603878
1.3030502596 0.606648
1.3186295904 0.609418
1.3424356976 0.612188
1.3525751403 0.614958
1.3539931819 0.617729
1.3623135748 0.620499
1.3670671535 0.623269
1.3686568837 0.626039
1.3948296925 0.628809
1.4043926616 0.631579
1.4426550365 0.634349
1.4485912588 0.637119
1.4872941988 0.639889
1.4924011081 0.642659
1.5131603375 0.645429
1.5163552661 0.648199
1.6106297766 0.65097
1.6241157948 0.65374
1.6316911901 0.65651
1.6848987488 0.65928
1.7057748631 0.66205
1.7109265623 0.66482
1.7203919913 0.66759
1.7205197894 0.67036
1.7906398992 0.67313
1.7932950129 0.6759
1.8035470919 0.67867
1.8184128952 0.68144
1.8435508672 0.684211
1.8940209675 0.686981
1.9019870628 0.689751
1.9577677912 0.692521
1.9657485712 0.695291
1.9683954673 0.698061
1.9846380126 0.700831
2.0130621011 0.703601
2.0327493118 0.706371
2.0330874017 0.709141
2.0463843288 0.711911
2.0479143112 0.714681
2.0671434297 0.717452
2.1438816661 0.720222
2.1463118166 0.722992
2.1791067070 0.725762
2.1915512183 0.728532
2.2084503325 0.731302
2.3259346184 0.734072
2.3540395110 0.736842
2.4792373398 0.739612
2.6147325835 0.742382
2.6165971632 0.745152
2.6360074109 0.747922
2.6559464132 0.750693
2.6583117433 0.753463
2.7354596250 0.756233
2.7728436995 0.759003
2.8041770804 0.761773
2.8521210200 0.764543
3.0226413494 0.767313
3.0387994445 0.770083
3.0862011218 0.772853
3.0994230933 0.775623
3.1215082619 0.778393
3.1367706092 0.781163
3.1700978727 0.783934
3.1980983413 0.786704
3.2179961432 0.789474
3.2491095768 0.792244
3.4045476898 0.795014
3.4427133666 0.797784
3.4564734974 0.800554
3.4929868565 0.803324
3.6098625496 0.806094
3.6187127256 0.808864
3.6265250220 0.811634
3.6776069950 0.814404
3.9937367834 0.817175
4.0014518160 0.819945
4.1263992986 0.822715
4.1286402463 0.825485
4.1522081721 0.828255
4.1892257434 0.831025
4.2516102896 0.833795
4.4236603289 0.836565
4.5585699312 0.839335
4.5604519604 0.842105
4.6712063007 0.844875
4.7023795119 0.847645
4.7033724140 0.850416
4.7113685591 0.853186
4.7417399286 0.855956
4.7501332685 0.858726
4.8883903801 0.861496
4.8987914143 0.864266
4.9686723487 0.867036
5.3261418579 0.869806
5.4077699328 0.872576
5.4756579321 0.875346
5.5414087049 0.878116
5.6905597225 0.880886
5.8464800000 0.883657
6.0658627211 0.886427
6.2009833285 0.889197
6.2554447164 0.891967
6.3110711609 0.894737
6.4740503869 0.897507
6.8727654810 0.900277
6.9287040000 0.903047
7.1284895297 0.905817
7.4548035574 0.908587
8.0101586514 0.911357
8.5116000000 0.914127
9.7925005404 0.916898
9.9771946481 0.919668
10.4538255923 0.922438
11.6349066667 0.925208
12.6175364598 0.927978
12.8178157657 0.930748
13.6622979325 0.933518
14.1537200000 0.936288
16.6563200000 0.939058
16.6708821622 0.941828
18.7632919696 0.944598
19.2411466667 0.947368
21.1482000000 0.950139
24.9851200000 0.952909
27.0950589932 0.955679
28.6350000000 0.958449
30.4866400000 0.961219
32.2135745373 0.963989
32.2910800000 0.966759
32.3257122325 0.969529
38.3921839391 0.972299
42.9456800000 0.975069
49.3288000000 0.977839
49.9449600000 0.980609
56.3700800000 0.98338
57.2077866804 0.98615
62.1746312735 0.98892
63.8667200000 0.99169
64.6738400000 0.99446
66.2273287834 0.99723
68.4148800000 1
