21.100 0.00277008
24.600 0.00554017
30.700 0.00831025
31.200 0.0110803
37.000 0.0138504
49.700 0.0166205
51.600 0.0193906
52.800 0.0221607
58.300 0.0249307
59.200 0.0277008
63.300 0.0304709
64.900 0.033241
71.100 0.0360111
73.200 0.0387812
74.200 0.0415512
74.600 0.0443213
74.800 0.0470914
77.400 0.0498615
79.800 0.0526316
81.600 0.0554017
82.100 0.0581717
83.200 0.0609418
83.500 0.066482
83.500 0.066482
84.300 0.0692521
85.900 0.0720222
86.800 0.0747922
88.300 0.0775623
88.700 0.0803324
88.800 0.0831025
89.000 0.0858726
89.100 0.0886427
89.800 0.0914127
90.400 0.0941828
90.900 0.0969529
91.600 0.099723
91.700 0.102493
91.800 0.105263
92.000 0.108033
92.100 0.110803
92.200 0.113573
92.400 0.116343
92.900 0.119114
93.300 0.121884
93.400 0.127424
93.400 0.127424
93.500 0.132964
93.500 0.132964
93.600 0.135734
94.300 0.138504
94.500 0.141274
94.700 0.144044
94.800 0.146814
94.900 0.149584
95.100 0.152355
95.300 0.155125
95.400 0.157895
95.600 0.163435
95.600 0.163435
95.700 0.166205
95.800 0.168975
96.100 0.174515
96.100 0.174515
96.200 0.180055
96.200 0.180055
96.300 0.182825
96.400 0.191136
96.400 0.191136
96.400 0.191136
96.600 0.193906
96.700 0.196676
97.000 0.202216
97.000 0.202216
97.100 0.207756
97.100 0.207756
97.200 0.213296
97.200 0.213296
97.400 0.216066
97.500 0.218837
97.600 0.221607
97.700 0.235457
97.700 0.235457
97.700 0.235457
97.700 0.235457
97.700 0.235457
97.800 0.238227
97.900 0.246537
97.900 0.246537
97.900 0.246537
98.000 0.249307
98.100 0.252078
98.200 0.260388
98.200 0.260388
98.200 0.260388
98.300 0.265928
98.300 0.265928
98.500 0.274238
98.500 0.274238
98.500 0.274238
98.600 0.277008
98.700 0.279778
98.800 0.290859
98.800 0.290859
98.800 0.290859
98.800 0.290859
98.900 0.307479
98.900 0.307479
98.900 0.307479
98.900 0.307479
98.900 0.307479
98.900 0.307479
99.000 0.32133
99.000 0.32133
99.000 0.32133
99.000 0.32133
99.000 0.32133
99.100 0.32964
99.100 0.32964
99.100 0.32964
99.200 0.34349
99.200 0.34349
99.200 0.34349
99.200 0.34349
99.200 0.34349
99.300 0.376731
99.300 0.376731
99.300 0.376731
99.300 0.376731
99.300 0.376731
99.300 0.376731
99.300 0.376731
99.300 0.376731
99.300 0.376731
99.300 0.376731
99.300 0.376731
99.300 0.376731
99.400 0.412742
99.400 0.412742
99.400 0.412742
99.400 0.412742
99.400 0.412742
99.400 0.412742
99.400 0.412742
99.400 0.412742
99.400 0.412742
99.400 0.412742
99.400 0.412742
99.400 0.412742
99.400 0.412742
99.500 0.468144
99.500 0.468144
99.500 0.468144
99.500 0.468144
99.500 0.468144
99.500 0.468144
99.500 0.468144
99.500 0.468144
99.500 0.468144
99.500 0.468144
99.500 0.468144
99.500 0.468144
99.500 0.468144
99.500 0.468144
99.500 0.468144
99.500 0.468144
99.500 0.468144
99.500 0.468144
99.500 0.468144
99.500 0.468144
99.600 0.559557
99.600 0.559557
99.600 0.559557
99.600 0.559557
99.600 0.559557
99.600 0.559557
99.600 0.559557
99.600 0.559557
99.600 0.559557
99.600 0.559557
99.600 0.559557
99.600 0.559557
99.600 0.559557
99.600 0.559557
99.600 0.559557
99.600 0.559557
99.600 0.559557
99.600 0.559557
99.600 0.559557
99.600 0.559557
99.600 0.559557
99.600 0.559557
99.600 0.559557
99.600 0.559557
99.600 0.559557
99.600 0.559557
99.600 0.559557
99.600 0.559557
99.600 0.559557
99.600 0.559557
99.600 0.559557
99.600 0.559557
99.600 0.559557
99.700 0.700831
99.700 0.700831
99.700 0.700831
99.700 0.700831
99.700 0.700831
99.700 0.700831
99.700 0.700831
99.700 0.700831
99.700 0.700831
99.700 0.700831
99.700 0.700831
99.700 0.700831
99.700 0.700831
99.700 0.700831
99.700 0.700831
99.700 0.700831
99.700 0.700831
99.700 0.700831
99.700 0.700831
99.700 0.700831
99.700 0.700831
99.700 0.700831
99.700 0.700831
99.700 0.700831
99.700 0.700831
99.700 0.700831
99.700 0.700831
99.700 0.700831
99.700 0.700831
99.700 0.700831
99.700 0.700831
99.700 0.700831
99.700 0.700831
99.700 0.700831
99.700 0.700831
99.700 0.700831
99.700 0.700831
99.700 0.700831
99.700 0.700831
99.700 0.700831
99.700 0.700831
99.700 0.700831
99.700 0.700831
99.700 0.700831
99.700 0.700831
99.700 0.700831
99.700 0.700831
99.700 0.700831
99.700 0.700831
99.700 0.700831
99.700 0.700831
99.800 0.875346
99.800 0.875346
99.800 0.875346
99.800 0.875346
99.800 0.875346
99.800 0.875346
99.800 0.875346
99.800 0.875346
99.800 0.875346
99.800 0.875346
99.800 0.875346
99.800 0.875346
99.800 0.875346
99.800 0.875346
99.800 0.875346
99.800 0.875346
99.800 0.875346
99.800 0.875346
99.800 0.875346
99.800 0.875346
99.800 0.875346
99.800 0.875346
99.800 0.875346
99.800 0.875346
99.800 0.875346
99.800 0.875346
99.800 0.875346
99.800 0.875346
99.800 0.875346
99.800 0.875346
99.800 0.875346
99.800 0.875346
99.800 0.875346
99.800 0.875346
99.800 0.875346
99.800 0.875346
99.800 0.875346
99.800 0.875346
99.800 0.875346
99.800 0.875346
99.800 0.875346
99.800 0.875346
99.800 0.875346
99.800 0.875346
99.800 0.875346
99.800 0.875346
99.800 0.875346
99.800 0.875346
99.800 0.875346
99.800 0.875346
99.800 0.875346
99.800 0.875346
99.800 0.875346
99.800 0.875346
99.800 0.875346
99.800 0.875346
99.800 0.875346
99.800 0.875346
99.800 0.875346
99.800 0.875346
99.800 0.875346
99.800 0.875346
99.800 0.875346
99.900 0.961219
99.900 0.961219
99.900 0.961219
99.900 0.961219
99.900 0.961219
99.900 0.961219
99.900 0.961219
99.900 0.961219
99.900 0.961219
99.900 0.961219
99.900 0.961219
99.900 0.961219
99.900 0.961219
99.900 0.961219
99.900 0.961219
99.900 0.961219
99.900 0.961219
99.900 0.961219
99.900 0.961219
99.900 0.961219
99.900 0.961219
99.900 0.961219
99.900 0.961219
99.900 0.961219
99.900 0.961219
99.900 0.961219
99.900 0.961219
99.900 0.961219
99.900 0.961219
99.900 0.961219
99.900 0.961219
106.700 0.963989
110.100 0.966759
135.800 0.969529
151.300 0.972299
156.100 0.975069
156.400 0.980609
156.400 0.980609
220.600 0.98338
232.300 0.98615
238.500 0.98892
353.700 0.99169
372.400 0.99446
375.000 0.99723
506.500 1
