4.100 0.00554017
9.000 0.00831025
21.100 0.0110803
23.600 0.0138504
30.700 0.0166205
31.300 0.0193906
42.900 0.0221607
52.500 0.0249307
52.800 0.0277008
57.500 0.0304709
59.200 0.033241
70.500 0.0360111
71.100 0.0387812
73.300 0.0415512
74.200 0.0443213
76.300 0.0470914
76.900 0.0498615
80.600 0.0526316
84.100 0.0554017
85.300 0.0581717
86.300 0.0609418
86.800 0.0637119
87.400 0.066482
88.100 0.0692521
89.000 0.0747922
89.000 0.0747922
89.700 0.0775623
90.700 0.0803324
90.800 0.0831025
90.900 0.0858726
91.900 0.0886427
92.100 0.0914127
92.300 0.0941828
92.700 0.099723
92.700 0.099723
93.100 0.102493
93.300 0.108033
93.300 0.108033
93.400 0.110803
94.000 0.116343
94.000 0.116343
94.400 0.121884
94.400 0.121884
94.600 0.127424
94.600 0.127424
94.700 0.132964
94.700 0.132964
94.800 0.135734
95.300 0.138504
95.900 0.141274
96.200 0.146814
96.200 0.146814
96.300 0.149584
96.400 0.155125
96.400 0.155125
96.500 0.160665
96.500 0.160665
96.600 0.163435
96.700 0.166205
96.900 0.168975
97.000 0.174515
97.000 0.174515
97.200 0.185596
97.200 0.185596
97.200 0.185596
97.200 0.185596
97.500 0.188366
97.700 0.191136
97.800 0.199446
97.800 0.199446
97.800 0.199446
97.900 0.204986
97.900 0.204986
98.000 0.207756
98.100 0.213296
98.100 0.213296
98.200 0.221607
98.200 0.221607
98.200 0.221607
98.300 0.227147
98.300 0.227147
98.400 0.229917
98.500 0.249307
98.500 0.249307
98.500 0.249307
98.500 0.249307
98.500 0.249307
98.500 0.249307
98.500 0.249307
98.700 0.263158
98.700 0.263158
98.700 0.263158
98.700 0.263158
98.700 0.263158
98.800 0.268698
98.800 0.268698
98.900 0.277008
98.900 0.277008
98.900 0.277008
99.000 0.288089
99.000 0.288089
99.000 0.288089
99.000 0.288089
99.100 0.301939
99.100 0.301939
99.100 0.301939
99.100 0.301939
99.100 0.301939
99.200 0.313019
99.200 0.313019
99.200 0.313019
99.200 0.313019
99.300 0.34072
99.300 0.34072
99.300 0.34072
99.300 0.34072
99.300 0.34072
99.300 0.34072
99.300 0.34072
99.300 0.34072
99.300 0.34072
99.300 0.34072
99.400 0.379501
99.400 0.379501
99.400 0.379501
99.400 0.379501
99.400 0.379501
99.400 0.379501
99.400 0.379501
99.400 0.379501
99.400 0.379501
99.400 0.379501
99.400 0.379501
99.400 0.379501
99.400 0.379501
99.400 0.379501
99.500 0.415512
99.500 0.415512
99.500 0.415512
99.500 0.415512
99.500 0.415512
99.500 0.415512
99.500 0.415512
99.500 0.415512
99.500 0.415512
99.500 0.415512
99.500 0.415512
99.500 0.415512
99.500 0.415512
99.600 0.470914
99.600 0.470914
99.600 0.470914
99.600 0.470914
99.600 0.470914
99.600 0.470914
99.600 0.470914
99.600 0.470914
99.600 0.470914
99.600 0.470914
99.600 0.470914
99.600 0.470914
99.600 0.470914
99.600 0.470914
99.600 0.470914
99.600 0.470914
99.600 0.470914
99.600 0.470914
99.600 0.470914
99.600 0.470914
99.700 0.587258
99.700 0.587258
99.700 0.587258
99.700 0.587258
99.700 0.587258
99.700 0.587258
99.700 0.587258
99.700 0.587258
99.700 0.587258
99.700 0.587258
99.700 0.587258
99.700 0.587258
99.700 0.587258
99.700 0.587258
99.700 0.587258
99.700 0.587258
99.700 0.587258
99.700 0.587258
99.700 0.587258
99.700 0.587258
99.700 0.587258
99.700 0.587258
99.700 0.587258
99.700 0.587258
99.700 0.587258
99.700 0.587258
99.700 0.587258
99.700 0.587258
99.700 0.587258
99.700 0.587258
99.700 0.587258
99.700 0.587258
99.700 0.587258
99.700 0.587258
99.700 0.587258
99.700 0.587258
99.700 0.587258
99.700 0.587258
99.700 0.587258
99.700 0.587258
99.700 0.587258
99.700 0.587258
99.800 0.786704
99.800 0.786704
99.800 0.786704
99.800 0.786704
99.800 0.786704
99.800 0.786704
99.800 0.786704
99.800 0.786704
99.800 0.786704
99.800 0.786704
99.800 0.786704
99.800 0.786704
99.800 0.786704
99.800 0.786704
99.800 0.786704
99.800 0.786704
99.800 0.786704
99.800 0.786704
99.800 0.786704
99.800 0.786704
99.800 0.786704
99.800 0.786704
99.800 0.786704
99.800 0.786704
99.800 0.786704
99.800 0.786704
99.800 0.786704
99.800 0.786704
99.800 0.786704
99.800 0.786704
99.800 0.786704
99.800 0.786704
99.800 0.786704
99.800 0.786704
99.800 0.786704
99.800 0.786704
99.800 0.786704
99.800 0.786704
99.800 0.786704
99.800 0.786704
99.800 0.786704
99.800 0.786704
99.800 0.786704
99.800 0.786704
99.800 0.786704
99.800 0.786704
99.800 0.786704
99.800 0.786704
99.800 0.786704
99.800 0.786704
99.800 0.786704
99.800 0.786704
99.800 0.786704
99.800 0.786704
99.800 0.786704
99.800 0.786704
99.800 0.786704
99.800 0.786704
99.800 0.786704
99.800 0.786704
99.800 0.786704
99.800 0.786704
99.800 0.786704
99.800 0.786704
99.800 0.786704
99.800 0.786704
99.800 0.786704
99.800 0.786704
99.800 0.786704
99.800 0.786704
99.800 0.786704
99.800 0.786704
99.900 0.933518
99.900 0.933518
99.900 0.933518
99.900 0.933518
99.900 0.933518
99.900 0.933518
99.900 0.933518
99.900 0.933518
99.900 0.933518
99.900 0.933518
99.900 0.933518
99.900 0.933518
99.900 0.933518
99.900 0.933518
99.900 0.933518
99.900 0.933518
99.900 0.933518
99.900 0.933518
99.900 0.933518
99.900 0.933518
99.900 0.933518
99.900 0.933518
99.900 0.933518
99.900 0.933518
99.900 0.933518
99.900 0.933518
99.900 0.933518
99.900 0.933518
99.900 0.933518
99.900 0.933518
99.900 0.933518
99.900 0.933518
99.900 0.933518
99.900 0.933518
99.900 0.933518
99.900 0.933518
99.900 0.933518
99.900 0.933518
99.900 0.933518
99.900 0.933518
99.900 0.933518
99.900 0.933518
99.900 0.933518
99.900 0.933518
99.900 0.933518
99.900 0.933518
99.900 0.933518
99.900 0.933518
99.900 0.933518
99.900 0.933518
99.900 0.933518
99.900 0.933518
99.900 0.933518
106.700 0.933518
110.100 0.936288
151.300 0.941828
156.100 0.944598
156.400 0.947368
220.600 0.950139
232.300 0.952909
238.500 0.955679
281.200 0.958449
286.400 0.961219
353.700 0.963989
372.400 0.966759
375.000 0.969529
495.700 0.972299
506.500 0.975069
766.900 0.977839
964.800 0.980609
1025.600 0.980609
1150.000 0.98338
1195.100 0.98615
1291.000 0.99169
1566.100 0.99446
1570.500 0.99723
2110.100 1
