.100 0.00277008
.200 0.00554017
.300 0.00831025
.400 0.0138504
.400 0.0138504
.500 0.0166205
.600 0.0193906
.800 0.0221607
.900 0.0249307
1.000 0.0277008
1.200 0.033241
1.200 0.033241
1.300 0.0387812
1.300 0.0387812
1.500 0.0415512
1.600 0.0443213
1.800 0.0470914
2.000 0.0498615
2.300 0.0581717
2.300 0.0581717
2.300 0.0581717
2.400 0.0637119
2.400 0.0637119
2.500 0.0720222
2.500 0.0720222
2.500 0.0720222
2.600 0.0747922
2.700 0.0803324
2.700 0.0803324
2.800 0.0858726
2.800 0.0858726
3.000 0.0941828
3.000 0.0941828
3.000 0.0941828
3.100 0.0969529
3.200 0.102493
3.200 0.102493
3.300 0.105263
3.400 0.108033
3.500 0.110803
3.600 0.116343
3.600 0.116343
3.700 0.119114
3.900 0.121884
4.000 0.124654
4.100 0.127424
4.300 0.130194
4.600 0.132964
4.800 0.135734
5.000 0.138504
5.100 0.141274
5.200 0.144044
5.700 0.146814
6.000 0.149584
6.100 0.152355
6.400 0.157895
6.400 0.157895
6.500 0.163435
6.500 0.163435
6.600 0.168975
6.600 0.168975
6.700 0.171745
6.800 0.174515
6.900 0.180055
6.900 0.180055
7.000 0.188366
7.000 0.188366
7.000 0.188366
7.400 0.196676
7.400 0.196676
7.400 0.196676
7.700 0.204986
7.700 0.204986
7.700 0.204986
7.800 0.210526
7.800 0.210526
7.900 0.216066
7.900 0.216066
8.000 0.218837
8.100 0.221607
8.400 0.227147
8.400 0.227147
8.500 0.229917
8.600 0.235457
8.600 0.235457
8.900 0.238227
9.000 0.240997
9.100 0.243767
9.200 0.246537
9.500 0.249307
9.600 0.254848
9.600 0.254848
9.700 0.257618
10.000 0.260388
10.100 0.263158
10.200 0.268698
10.200 0.268698
10.300 0.271468
10.400 0.277008
10.400 0.277008
10.500 0.282548
10.500 0.282548
10.600 0.285319
10.700 0.290859
10.700 0.290859
11.000 0.293629
11.100 0.296399
11.200 0.299169
11.300 0.307479
11.300 0.307479
11.300 0.307479
11.600 0.310249
11.700 0.313019
11.900 0.315789
12.000 0.31856
12.300 0.3241
12.300 0.3241
12.500 0.32687
12.700 0.32964
12.800 0.33241
12.900 0.33795
12.900 0.33795
13.200 0.34072
13.300 0.34349
13.500 0.34626
13.800 0.34903
13.900 0.354571
13.900 0.354571
14.000 0.357341
14.200 0.362881
14.200 0.362881
14.400 0.365651
14.500 0.368421
14.700 0.373961
14.700 0.373961
14.800 0.376731
14.900 0.379501
15.300 0.382271
15.800 0.387812
15.800 0.387812
16.700 0.390582
16.900 0.393352
17.600 0.396122
17.700 0.398892
17.800 0.401662
17.900 0.404432
18.500 0.407202
18.600 0.409972
18.700 0.412742
19.200 0.415512
19.400 0.418283
19.600 0.421053
19.900 0.423823
20.000 0.426593
20.100 0.432133
20.100 0.432133
20.200 0.437673
20.200 0.437673
20.500 0.440443
20.800 0.445983
20.800 0.445983
21.000 0.448753
21.100 0.451524
21.200 0.454294
21.400 0.459834
21.400 0.459834
21.800 0.462604
21.900 0.465374
22.300 0.470914
22.300 0.470914
22.700 0.473684
22.800 0.476454
23.000 0.479224
23.400 0.484765
23.400 0.484765
23.600 0.487535
23.700 0.490305
23.800 0.493075
24.000 0.495845
24.200 0.498615
24.600 0.501385
24.700 0.504155
24.800 0.509695
24.800 0.509695
25.000 0.515235
25.000 0.515235
25.100 0.520776
25.100 0.520776
25.200 0.529086
25.200 0.529086
25.200 0.529086
25.400 0.534626
25.400 0.534626
26.800 0.537396
27.400 0.540166
27.600 0.542936
28.200 0.545706
28.300 0.551247
28.300 0.551247
29.000 0.554017
29.400 0.556787
29.500 0.559557
29.900 0.562327
30.100 0.565097
30.300 0.567867
30.600 0.570637
31.300 0.576177
31.300 0.576177
31.600 0.578947
31.800 0.584488
31.800 0.584488
32.000 0.587258
32.400 0.590028
32.600 0.592798
32.900 0.595568
33.100 0.601108
33.100 0.601108
33.400 0.603878
33.600 0.606648
33.700 0.609418
33.800 0.612188
34.200 0.617729
34.200 0.617729
34.300 0.623269
34.300 0.623269
34.800 0.626039
35.200 0.628809
35.600 0.631579
36.500 0.634349
36.600 0.637119
36.800 0.639889
37.000 0.642659
37.100 0.645429
37.200 0.65374
37.200 0.65374
37.200 0.65374
37.700 0.65651
37.800 0.65928
37.900 0.66205
38.100 0.66482
38.400 0.66759
38.500 0.67036
38.800 0.6759
38.800 0.6759
39.000 0.68144
39.000 0.68144
39.100 0.684211
39.300 0.686981
39.400 0.692521
39.400 0.692521
39.600 0.698061
39.600 0.698061
39.800 0.700831
39.900 0.703601
40.200 0.706371
40.300 0.709141
40.700 0.711911
40.800 0.717452
40.800 0.717452
41.200 0.722992
41.200 0.722992
41.300 0.725762
41.600 0.728532
41.800 0.734072
41.800 0.734072
42.500 0.736842
43.100 0.742382
43.100 0.742382
43.500 0.745152
43.800 0.747922
44.000 0.750693
44.100 0.753463
44.200 0.756233
44.400 0.759003
44.500 0.761773
44.600 0.764543
44.700 0.767313
45.400 0.770083
45.800 0.775623
45.800 0.775623
45.900 0.778393
46.200 0.783934
46.200 0.783934
46.400 0.786704
46.700 0.792244
46.700 0.792244
46.900 0.795014
47.000 0.800554
47.000 0.800554
47.100 0.803324
47.200 0.806094
47.300 0.808864
47.400 0.822715
47.400 0.822715
47.400 0.822715
47.400 0.822715
47.400 0.822715
47.700 0.828255
47.700 0.828255
48.200 0.831025
48.300 0.836565
48.300 0.836565
48.500 0.839335
49.100 0.842105
49.400 0.844875
49.500 0.847645
49.600 0.850416
49.700 0.853186
49.900 0.855956
50.000 0.858726
50.200 0.861496
50.300 0.864266
50.500 0.867036
50.800 0.869806
51.100 0.872576
51.400 0.875346
51.700 0.878116
51.900 0.883657
51.900 0.883657
52.200 0.889197
52.200 0.889197
52.300 0.897507
52.300 0.897507
52.300 0.897507
52.400 0.900277
52.700 0.903047
53.300 0.905817
53.700 0.908587
53.800 0.916898
53.800 0.916898
53.800 0.916898
54.100 0.922438
54.100 0.922438
54.500 0.925208
54.600 0.927978
54.800 0.930748
55.000 0.933518
55.100 0.936288
55.300 0.939058
55.400 0.941828
55.500 0.944598
55.900 0.947368
56.000 0.952909
56.000 0.952909
56.700 0.955679
56.800 0.963989
56.800 0.963989
56.800 0.963989
56.900 0.966759
57.000 0.972299
57.000 0.972299
57.300 0.977839
57.300 0.977839
57.400 0.98338
57.400 0.98338
57.900 0.98892
57.900 0.98892
58.400 0.99169
58.600 0.99446
58.900 0.99723
59.200 1
