 0.00277008
0.208425 0.00554017
0.262398 0.00831025
0.39186 0.0110803
0.412212 0.0138504
0.460358 0.0166205
0.501503 0.0193906
0.50385 0.0221607
0.507922 0.0249307
0.510737 0.0277008
0.528165 0.0304709
0.532178 0.033241
0.545725 0.0360111
0.570862 0.0387812
0.629551 0.0415512
0.635264 0.0443213
0.769524 0.0470914
0.847647 0.0498615
0.882135 0.0526316
0.971212 0.0554017
0.996238 0.0581717
0.997017 0.0609418
1.04367 0.0637119
1.10785 0.066482
1.11019 0.0692521
1.12575 0.0720222
1.13812 0.0747922
1.24702 0.0775623
1.25426 0.0803324
1.33741 0.0831025
1.38073 0.0858726
1.42893 0.0886427
1.43981 0.0914127
1.4857 0.0941828
1.49884 0.0969529
1.57764 0.099723
1.65563 0.102493
1.7137 0.105263
1.73696 0.108033
1.74045 0.110803
1.74652 0.113573
1.76601 0.116343
1.79539 0.119114
1.81615 0.121884
1.8616 0.124654
1.98172 0.127424
2.00813 0.130194
2.02052 0.132964
2.03783 0.135734
2.06318 0.138504
2.08677 0.141274
2.09209 0.144044
2.11762 0.146814
2.2026 0.149584
2.20756 0.152355
2.22466 0.155125
2.22714 0.157895
2.30907 0.160665
2.37862 0.163435
2.47791 0.166205
2.51541 0.168975
2.54712 0.171745
2.58366 0.174515
2.66519 0.177285
2.743 0.180055
2.76616 0.182825
2.80255 0.185596
2.81626 0.188366
2.81687 0.191136
2.85172 0.193906
2.86225 0.196676
2.90662 0.199446
3.02167 0.202216
3.14685 0.204986
3.20039 0.207756
3.20454 0.210526
3.24704 0.213296
3.34895 0.216066
3.36499 0.218837
3.71737 0.221607
3.72903 0.224377
3.76579 0.227147
3.80758 0.229917
3.89401 0.232687
3.99742 0.235457
4.13336 0.238227
4.18641 0.240997
4.25088 0.243767
4.34591 0.246537
4.52125 0.249307
4.63139 0.252078
4.73367 0.254848
4.84061 0.257618
4.8585 0.260388
4.87135 0.263158
4.88267 0.265928
4.93496 0.268698
5.00897 0.271468
5.15973 0.274238
5.22567 0.277008
5.49675 0.279778
5.51286 0.282548
6.09625 0.285319
6.10596 0.288089
6.11231 0.290859
6.19525 0.293629
6.24113 0.296399
6.28615 0.299169
6.31738 0.301939
6.53928 0.304709
6.6988 0.307479
6.80346 0.310249
7.50488 0.313019
7.74966 0.315789
8.06966 0.31856
8.1482 0.32133
8.22529 0.3241
8.27239 0.32687
8.36064 0.32964
8.36074 0.33241
8.3839 0.33518
8.38518 0.33795
8.4717 0.34072
8.63456 0.34349
8.80136 0.34626
8.92049 0.34903
8.99655 0.351801
9.17322 0.354571
9.17785 0.357341
9.27357 0.360111
9.34508 0.362881
9.50353 0.365651
9.62064 0.368421
9.75932 0.371191
10.1167 0.373961
10.1202 0.376731
10.2621 0.379501
10.3104 0.382271
10.4499 0.385042
10.487 0.387812
10.6421 0.390582
10.9158 0.393352
10.9265 0.396122
11.1106 0.398892
11.4873 0.401662
11.7419 0.404432
11.8615 0.407202
11.9537 0.409972
11.9695 0.412742
11.989 0.415512
12.3318 0.418283
12.7084 0.421053
12.8497 0.423823
12.8593 0.426593
12.8824 0.429363
12.925 0.432133
13.0941 0.434903
13.1472 0.437673
13.1792 0.440443
13.2985 0.443213
13.4161 0.445983
13.4266 0.448753
13.4306 0.451524
13.479 0.454294
13.4841 0.457064
13.541 0.459834
13.821 0.462604
13.8636 0.465374
13.8748 0.468144
13.9556 0.470914
13.9739 0.473684
14.0115 0.476454
15.0019 0.479224
15.0234 0.481994
15.2068 0.484765
15.3576 0.487535
15.3792 0.490305
15.5281 0.493075
15.8942 0.495845
15.927 0.498615
16.0204 0.501385
16.0308 0.504155
16.226 0.506925
16.391 0.509695
16.3976 0.512465
16.5088 0.515235
16.6181 0.518006
16.7976 0.520776
16.7979 0.523546
17.357 0.526316
17.5912 0.529086
17.6674 0.531856
17.8745 0.534626
17.8936 0.537396
17.8964 0.540166
18.0323 0.542936
18.0645 0.545706
18.3071 0.548476
18.3102 0.551247
18.5683 0.554017
18.5918 0.556787
18.9941 0.559557
19.2434 0.562327
19.5731 0.565097
19.583 0.567867
19.5985 0.570637
19.7595 0.573407
19.7932 0.576177
19.8711 0.578947
20.0784 0.581717
20.1097 0.584488
20.2151 0.587258
20.3428 0.590028
20.3819 0.592798
20.4653 0.595568
20.6716 0.598338
20.7536 0.601108
20.784 0.603878
20.7999 0.606648
20.8836 0.609418
20.9336 0.612188
20.9725 0.614958
21.3571 0.617729
21.4133 0.620499
21.4894 0.623269
21.5065 0.626039
21.5238 0.628809
21.5295 0.631579
21.6044 0.634349
22.152 0.637119
22.2092 0.639889
22.247 0.642659
22.6306 0.645429
22.7359 0.648199
22.7708 0.65097
22.7938 0.65374
22.8694 0.65651
22.8912 0.65928
23.0447 0.66205
23.2042 0.66482
23.3273 0.66759
23.3733 0.67036
23.4602 0.67313
23.6485 0.6759
23.6889 0.67867
23.7325 0.68144
23.7658 0.684211
23.8477 0.686981
23.9655 0.689751
23.9685 0.692521
23.9831 0.695291
24.0084 0.698061
24.0613 0.700831
24.1145 0.703601
24.209 0.706371
24.2151 0.709141
24.2922 0.711911
24.3465 0.714681
24.6145 0.717452
24.642 0.720222
25.3476 0.722992
25.4857 0.725762
25.5915 0.728532
25.673 0.731302
25.6845 0.734072
25.7831 0.736842
25.9647 0.739612
26.341 0.742382
26.5353 0.745152
27.2045 0.747922
27.4042 0.750693
27.8397 0.753463
27.8753 0.756233
28.0522 0.759003
28.2037 0.761773
28.2575 0.764543
28.3355 0.767313
28.3786 0.770083
28.4117 0.772853
28.5428 0.775623
28.6003 0.778393
28.6607 0.781163
28.8516 0.783934
28.8774 0.786704
28.9058 0.789474
28.9084 0.792244
29.1722 0.795014
29.1781 0.797784
29.3577 0.800554
29.6552 0.803324
29.7435 0.806094
29.7651 0.808864
30.1171 0.811634
30.2284 0.814404
30.3113 0.817175
30.8288 0.819945
30.9123 0.822715
30.9676 0.825485
31.7041 0.828255
31.8458 0.831025
32.0009 0.833795
32.2751 0.836565
32.7904 0.839335
32.8949 0.842105
32.9692 0.844875
33.0251 0.847645
33.112 0.850416
33.8029 0.853186
33.8448 0.855956
34.5997 0.858726
34.6799 0.861496
35.063 0.864266
35.4537 0.867036
35.4605 0.869806
35.5827 0.872576
35.9891 0.875346
36.326 0.878116
37.0503 0.880886
37.3356 0.883657
37.8237 0.886427
37.9754 0.889197
38.1137 0.891967
38.9691 0.894737
39.2825 0.897507
40.1695 0.900277
40.9571 0.903047
41.3402 0.905817
42.4336 0.908587
42.7686 0.911357
42.8501 0.914127
43.4938 0.916898
43.7271 0.919668
46.4329 0.922438
46.9318 0.925208
46.9613 0.927978
48.5968 0.930748
50.1779 0.933518
53.9145 0.936288
54.5207 0.939058
54.5538 0.941828
55.0401 0.944598
56.6877 0.947368
57.4863 0.950139
58.1523 0.952909
58.5602 0.955679
59.2169 0.958449
60.3813 0.961219
61.6599 0.963989
64.0148 0.966759
66.1695 0.969529
66.9952 0.972299
70.3128 0.975069
72.7765 0.977839
74.2988 0.980609
76.3103 0.98338
96.1444 0.98615
103.747 0.98892
110.865 0.99169
119.297 0.99446
119.943 0.99723
202.37 1
