0.573196 0.00277008
1.0576 0.00554017
1.77355 0.00831025
1.81518 0.0110803
1.85028 0.0138504
2.10339 0.0166205
2.29675 0.0193906
2.45595 0.0221607
2.59424 0.0249307
2.62149 0.0277008
2.65285 0.0304709
2.6905 0.033241
2.69694 0.0360111
2.7446 0.0387812
3.00778 0.0415512
3.03434 0.0443213
3.0499 0.0470914
3.15636 0.0498615
3.16882 0.0526316
3.26025 0.0554017
3.29577 0.0581717
3.32313 0.0609418
3.35486 0.0637119
3.47302 0.066482
3.51355 0.0692521
3.55307 0.0720222
3.58704 0.0747922
3.6539 0.0775623
3.76219 0.0803324
3.79485 0.0831025
3.93369 0.0858726
4.31126 0.0886427
4.50998 0.0914127
4.73728 0.0941828
4.89467 0.0969529
4.93397 0.099723
4.95045 0.102493
5.33822 0.105263
5.72524 0.108033
5.86243 0.110803
6.07998 0.113573
6.12183 0.116343
6.14348 0.119114
6.38291 0.121884
6.52274 0.124654
6.63665 0.127424
6.74545 0.130194
6.75068 0.132964
6.82904 0.135734
6.84412 0.138504
6.94027 0.141274
6.9466 0.144044
7.0661 0.146814
7.17921 0.149584
7.46962 0.152355
7.56515 0.155125
7.56706 0.157895
7.61601 0.160665
7.7406 0.163435
7.9229 0.166205
8.02626 0.168975
8.11206 0.171745
8.22402 0.174515
8.26782 0.177285
8.54632 0.180055
8.5734 0.182825
8.59214 0.185596
8.74926 0.188366
8.787 0.191136
9.11581 0.193906
9.31107 0.196676
9.54708 0.199446
9.78072 0.202216
9.90281 0.204986
9.97362 0.207756
10.0196 0.210526
10.1252 0.213296
10.1586 0.216066
10.2445 0.218837
10.4276 0.221607
10.782 0.224377
10.7861 0.227147
10.9203 0.229917
11.0641 0.232687
11.1035 0.235457
11.1063 0.238227
11.1191 0.240997
11.1593 0.243767
11.3249 0.246537
11.405 0.249307
11.4272 0.252078
11.8825 0.254848
11.8999 0.257618
12.0987 0.260388
12.2112 0.263158
12.217 0.265928
12.3305 0.268698
12.503 0.271468
12.591 0.274238
13.1168 0.277008
13.2421 0.279778
13.7169 0.282548
13.7417 0.285319
13.8544 0.288089
14.2499 0.290859
14.2637 0.293629
14.2866 0.296399
14.3919 0.299169
14.5573 0.301939
14.7265 0.304709
14.9513 0.307479
15.0064 0.310249
15.0086 0.313019
15.2132 0.315789
15.2975 0.31856
15.6422 0.32133
15.6654 0.3241
15.9198 0.32687
16.1943 0.32964
17.0239 0.33241
17.0411 0.33518
17.1705 0.33795
17.8437 0.34072
17.9735 0.34349
18.6792 0.34626
18.6831 0.34903
18.8277 0.351801
18.8365 0.354571
19.3141 0.357341
19.3174 0.360111
19.5146 0.362881
19.599 0.365651
19.6291 0.368421
19.7574 0.371191
19.79 0.373961
19.9208 0.376731
19.9494 0.379501
20.5027 0.382271
20.6553 0.385042
20.7322 0.387812
20.863 0.390582
20.8913 0.393352
20.8926 0.396122
21.0748 0.398892
21.2703 0.401662
21.4315 0.404432
21.5052 0.407202
21.6096 0.409972
21.8221 0.412742
21.9219 0.415512
22.0206 0.418283
22.3247 0.421053
22.3803 0.423823
22.466 0.426593
22.4891 0.429363
22.5959 0.432133
22.6462 0.434903
22.855 0.437673
23.0061 0.440443
23.0187 0.443213
23.0787 0.445983
23.256 0.448753
23.259 0.451524
23.4411 0.454294
23.5145 0.457064
23.517 0.459834
23.5759 0.462604
24.0417 0.465374
24.2704 0.468144
24.3579 0.470914
24.5531 0.473684
24.9638 0.476454
24.9677 0.479224
25.058 0.481994
25.3911 0.484765
25.3973 0.487535
25.4327 0.490305
25.648 0.493075
25.7003 0.495845
25.9343 0.498615
26.039 0.501385
26.3039 0.504155
26.5696 0.506925
26.6078 0.509695
26.6108 0.512465
26.6421 0.515235
26.7719 0.518006
27.4621 0.520776
27.491 0.523546
27.8786 0.526316
28.5301 0.529086
28.8912 0.531856
28.8994 0.534626
29.4506 0.537396
29.613 0.540166
29.8858 0.542936
29.8973 0.545706
30.2899 0.548476
30.6677 0.551247
30.7334 0.554017
30.8351 0.556787
31.3895 0.559557
31.7085 0.562327
31.7697 0.565097
31.9282 0.567867
32.2106 0.570637
32.8898 0.573407
33.0036 0.576177
33.0433 0.578947
33.24 0.581717
33.3414 0.584488
33.5511 0.587258
33.6439 0.590028
33.9018 0.592798
34.2045 0.595568
34.5277 0.598338
34.658 0.601108
35.3399 0.603878
35.3628 0.606648
35.4879 0.609418
35.9331 0.612188
36.0009 0.614958
36.7195 0.617729
37.2211 0.620499
37.4929 0.623269
37.7145 0.626039
37.7864 0.628809
37.8005 0.631579
37.8601 0.634349
38.0969 0.637119
38.2588 0.639889
38.2769 0.642659
38.2997 0.645429
38.6308 0.648199
38.7323 0.65097
38.9184 0.65374
39.5069 0.65651
39.5219 0.65928
39.5876 0.66205
39.8721 0.66482
39.9623 0.66759
40.0285 0.67036
40.0945 0.67313
40.2249 0.6759
40.4086 0.67867
40.5453 0.68144
40.6312 0.684211
40.6861 0.686981
40.8327 0.689751
40.9446 0.692521
41.3419 0.695291
41.3876 0.698061
41.3978 0.700831
41.5418 0.703601
41.6416 0.706371
41.8168 0.709141
41.8475 0.711911
42.0083 0.714681
42.4604 0.717452
42.5191 0.720222
42.6952 0.722992
42.8489 0.725762
42.8755 0.728532
43.8977 0.731302
44.1149 0.734072
44.2224 0.736842
44.5459 0.739612
44.5706 0.742382
44.8163 0.745152
45.0044 0.747922
45.4601 0.750693
45.4812 0.753463
45.6426 0.756233
45.8625 0.759003
46.4302 0.761773
46.5104 0.764543
46.7902 0.767313
46.9251 0.770083
47.1843 0.772853
47.3859 0.775623
47.505 0.778393
47.67 0.781163
47.8359 0.783934
47.9032 0.786704
48.0056 0.789474
48.0135 0.792244
48.0356 0.795014
48.2635 0.797784
48.2936 0.800554
48.2956 0.803324
48.3732 0.806094
48.4471 0.808864
48.4587 0.811634
48.626 0.814404
48.8734 0.817175
48.9878 0.819945
49.0749 0.822715
49.1606 0.825485
49.3895 0.828255
49.9569 0.831025
50.2233 0.833795
50.2924 0.836565
50.4106 0.839335
50.7478 0.842105
51.0494 0.844875
51.2419 0.847645
51.3032 0.850416
51.3544 0.853186
51.7334 0.855956
52.3279 0.858726
52.3484 0.861496
52.6257 0.864266
52.6945 0.867036
52.8755 0.869806
52.9308 0.872576
53.1737 0.875346
53.2105 0.878116
53.2161 0.880886
53.2356 0.883657
53.3909 0.886427
53.6075 0.889197
53.8884 0.891967
53.8981 0.894737
54.2287 0.897507
54.3403 0.900277
54.8943 0.903047
54.9549 0.905817
55.0823 0.908587
55.288 0.911357
55.3202 0.914127
55.5384 0.916898
55.8723 0.919668
56.0829 0.922438
56.1956 0.925208
56.27 0.927978
56.2999 0.930748
56.3644 0.933518
56.4508 0.936288
56.5613 0.939058
56.5969 0.941828
56.6466 0.944598
56.9593 0.947368
57.3621 0.950139
57.5721 0.952909
57.7263 0.955679
57.7576 0.958449
57.8832 0.961219
57.9112 0.963989
57.9287 0.966759
58.1098 0.969529
58.4042 0.972299
58.4698 0.975069
58.6571 0.977839
58.6635 0.980609
58.7349 0.98338
58.8792 0.98615
59.2337 0.98892
59.6282 0.99169
59.7071 0.99446
59.8547 0.99723
60.2349 1
