.100 0.00277008
.200 0.00554017
.300 0.00831025
.400 0.0110803
.500 0.0138504
.600 0.0166205
.700 0.0193906
.800 0.0221607
.900 0.0249307
1.000 0.0277008
1.200 0.033241
1.200 0.033241
1.300 0.0360111
1.400 0.0387812
1.500 0.0415512
1.700 0.0443213
2.000 0.0498615
2.000 0.0498615
2.300 0.0554017
2.300 0.0554017
2.400 0.0581717
2.500 0.066482
2.500 0.066482
2.500 0.066482
2.600 0.0720222
2.600 0.0720222
2.700 0.0803324
2.700 0.0803324
2.700 0.0803324
2.800 0.0831025
3.000 0.0858726
3.100 0.0941828
3.100 0.0941828
3.100 0.0941828
3.200 0.0969529
3.300 0.102493
3.300 0.102493
3.500 0.110803
3.500 0.110803
3.500 0.110803
3.700 0.116343
3.700 0.116343
3.800 0.119114
3.900 0.121884
4.000 0.124654
4.200 0.127424
4.300 0.130194
4.700 0.132964
4.900 0.135734
5.000 0.138504
5.200 0.144044
5.200 0.144044
5.800 0.146814
6.200 0.149584
6.300 0.152355
6.500 0.155125
6.600 0.157895
6.700 0.163435
6.700 0.163435
6.800 0.171745
6.800 0.171745
6.800 0.171745
7.000 0.188366
7.000 0.188366
7.000 0.188366
7.000 0.188366
7.000 0.188366
7.100 0.191136
7.400 0.193906
7.500 0.199446
7.500 0.199446
7.700 0.204986
7.700 0.204986
7.800 0.207756
7.900 0.213296
7.900 0.213296
8.000 0.218837
8.000 0.218837
8.100 0.221607
8.300 0.224377
8.400 0.227147
8.500 0.229917
8.600 0.232687
8.800 0.235457
8.900 0.243767
8.900 0.243767
8.900 0.243767
9.100 0.246537
9.200 0.249307
9.500 0.252078
9.600 0.254848
9.700 0.257618
9.900 0.260388
10.000 0.260388
10.200 0.263158
10.300 0.268698
10.300 0.268698
10.400 0.274238
10.400 0.274238
10.600 0.279778
10.600 0.279778
10.700 0.282548
10.900 0.285319
11.000 0.288089
11.100 0.290859
11.200 0.293629
11.300 0.299169
11.300 0.299169
11.400 0.304709
11.400 0.304709
11.600 0.307479
11.800 0.310249
12.000 0.313019
12.100 0.315789
12.300 0.31856
12.600 0.32133
12.700 0.32687
12.700 0.32687
12.800 0.32964
13.100 0.33518
13.100 0.33518
13.200 0.33795
13.400 0.34072
13.600 0.34349
13.900 0.34903
13.900 0.34903
14.000 0.351801
14.100 0.354571
14.300 0.360111
14.300 0.360111
14.400 0.362881
14.700 0.365651
14.800 0.371191
14.800 0.371191
14.900 0.376731
14.900 0.376731
15.400 0.379501
15.800 0.382271
16.000 0.385042
16.800 0.387812
17.000 0.390582
17.700 0.393352
17.800 0.396122
17.900 0.398892
18.000 0.401662
18.500 0.404432
18.800 0.409972
18.800 0.409972
19.200 0.412742
19.600 0.415512
19.700 0.418283
20.000 0.421053
20.100 0.423823
20.200 0.429363
20.200 0.429363
20.300 0.434903
20.300 0.434903
20.700 0.437673
20.900 0.440443
21.000 0.445983
21.000 0.445983
21.200 0.448753
21.300 0.451524
21.500 0.457064
21.500 0.457064
21.900 0.459834
22.100 0.462604
22.400 0.468144
22.400 0.468144
22.900 0.470914
23.000 0.473684
23.100 0.476454
23.500 0.479224
23.600 0.481994
23.800 0.490305
23.800 0.490305
23.800 0.490305
24.000 0.493075
24.200 0.495845
24.600 0.498615
24.700 0.501385
24.800 0.504155
24.900 0.506925
25.000 0.512465
25.000 0.512465
25.100 0.518006
25.100 0.518006
25.200 0.520776
25.300 0.526316
25.300 0.526316
25.400 0.531856
25.400 0.531856
26.900 0.534626
27.400 0.537396
27.800 0.540166
28.300 0.548476
28.300 0.548476
28.300 0.548476
29.100 0.551247
29.400 0.554017
29.600 0.556787
29.900 0.559557
30.100 0.562327
30.300 0.565097
30.600 0.567867
31.300 0.570637
31.400 0.573407
31.600 0.576177
31.800 0.578947
32.000 0.581717
32.100 0.584488
32.500 0.587258
32.800 0.590028
32.900 0.592798
33.200 0.598338
33.200 0.598338
33.500 0.601108
33.700 0.603878
33.900 0.606648
34.000 0.609418
34.300 0.620499
34.300 0.620499
34.300 0.620499
34.300 0.620499
34.900 0.623269
35.300 0.626039
35.700 0.628809
36.600 0.631579
36.700 0.634349
36.900 0.637119
37.100 0.639889
37.200 0.642659
37.300 0.65097
37.300 0.65097
37.300 0.65097
37.800 0.65374
37.900 0.65928
37.900 0.65928
38.200 0.66205
38.400 0.66482
38.600 0.66759
38.800 0.67036
38.900 0.67313
39.100 0.67867
39.100 0.67867
39.200 0.68144
39.400 0.686981
39.400 0.686981
39.600 0.692521
39.600 0.692521
39.700 0.695291
39.800 0.698061
40.000 0.700831
40.300 0.703601
40.400 0.706371
40.700 0.709141
40.800 0.711911
40.900 0.714681
41.200 0.717452
41.300 0.720222
41.400 0.722992
41.700 0.725762
41.800 0.731302
41.800 0.731302
42.600 0.734072
43.200 0.739612
43.200 0.739612
43.500 0.742382
43.900 0.745152
44.000 0.747922
44.200 0.750693
44.300 0.753463
44.400 0.756233
44.600 0.761773
44.600 0.761773
44.700 0.764543
45.500 0.767313
45.800 0.770083
45.900 0.775623
45.900 0.775623
46.300 0.781163
46.300 0.781163
46.400 0.783934
46.700 0.786704
46.800 0.789474
46.900 0.792244
47.100 0.797784
47.100 0.797784
47.200 0.800554
47.300 0.803324
47.400 0.814404
47.400 0.814404
47.400 0.814404
47.400 0.814404
47.500 0.819945
47.500 0.819945
47.800 0.825485
47.800 0.825485
48.200 0.828255
48.300 0.831025
48.400 0.833795
48.600 0.836565
49.100 0.839335
49.500 0.844875
49.500 0.844875
49.700 0.850416
49.700 0.850416
49.900 0.853186
50.000 0.855956
50.200 0.858726
50.300 0.861496
50.500 0.864266
50.900 0.867036
51.200 0.869806
51.400 0.872576
51.700 0.875346
52.000 0.880886
52.000 0.880886
52.200 0.883657
52.300 0.894737
52.300 0.894737
52.300 0.894737
52.300 0.894737
52.400 0.897507
52.700 0.900277
53.400 0.903047
53.800 0.911357
53.800 0.911357
53.800 0.911357
53.900 0.914127
54.100 0.919668
54.100 0.919668
54.500 0.922438
54.700 0.925208
54.800 0.927978
55.000 0.930748
55.100 0.933518
55.300 0.936288
55.500 0.939058
55.600 0.941828
56.000 0.944598
56.100 0.950139
56.100 0.950139
56.800 0.958449
56.800 0.958449
56.800 0.958449
56.900 0.963989
56.900 0.963989
57.100 0.969529
57.100 0.969529
57.300 0.972299
57.400 0.975069
57.500 0.980609
57.500 0.980609
57.900 0.98615
57.900 0.98615
58.400 0.98892
58.600 0.99169
58.900 0.99446
59.200 0.99723
