.1307 0.00277008
.242 0.00554017
.348 0.00831025
.356 0.0110803
.379 0.0138504
.391 0.0166205
.416 0.0193906
.4277 0.0221607
.4493 0.0249307
.455 0.0277008
.4687 0.0304709
.488 0.033241
.5267 0.0360111
.5303 0.0387812
.548 0.0415512
.5517 0.0443213
.7387 0.0470914
.785 0.0498615
.8347 0.0526316
.9097 0.0554017
.9457 0.0581717
.9493 0.0609418
.990 0.0637119
1.0727 0.066482
1.07533 0.0692521
1.1037 0.0720222
1.114 0.0747922
1.132 0.0775623
1.163 0.0803324
1.175 0.0831025
1.20233 0.0858726
1.215 0.0886427
1.2177 0.0914127
1.296 0.0941828
1.3017 0.0969529
1.3517 0.099723
1.3753 0.102493
1.3843 0.105263
1.420 0.108033
1.461 0.110803
1.4757 0.113573
1.561 0.116343
1.597 0.119114
1.615 0.121884
1.633 0.124654
1.670 0.127424
1.689 0.130194
1.7053 0.132964
1.717 0.135734
1.729 0.138504
1.89467 0.141274
1.9147 0.144044
1.917 0.146814
1.9407 0.149584
1.944 0.152355
1.959 0.155125
1.9813 0.157895
1.9823 0.160665
2.012 0.163435
2.0373 0.166205
2.098 0.168975
2.1523 0.171745
2.1713 0.174515
2.1773 0.177285
2.2163 0.180055
2.3353 0.182825
2.399 0.185596
2.5447 0.188366
2.5877 0.191136
2.590 0.193906
2.6217 0.196676
2.676 0.199446
2.7133 0.202216
2.717 0.204986
2.7287 0.207756
2.7923 0.210526
2.8643 0.213296
2.8787 0.216066
2.962 0.218837
3.0613 0.221607
3.1127 0.224377
3.113 0.227147
3.1527 0.229917
3.170 0.232687
3.181 0.235457
3.2053 0.238227
3.2103 0.240997
3.2417 0.243767
3.2893 0.246537
3.4353 0.249307
3.5557 0.252078
3.5733 0.254848
3.642 0.257618
3.7247 0.260388
3.725 0.263158
3.7473 0.265928
3.758 0.268698
3.914 0.271468
4.0017 0.274238
4.037 0.277008
4.0417 0.279778
4.1503 0.282548
4.2823 0.285319
4.3477 0.288089
4.4803 0.290859
4.6483 0.293629
4.657 0.296399
4.6617 0.299169
4.7027 0.301939
4.7273 0.304709
4.959 0.307479
4.9703 0.310249
4.975 0.313019
5.0323 0.315789
5.122 0.31856
5.169 0.32133
5.242 0.3241
5.3513 0.32687
5.4793 0.32964
5.835 0.33241
5.8457 0.33518
5.8513 0.33795
6.0797 0.34072
6.108 0.34349
6.4313 0.34626
6.581 0.34903
6.650 0.351801
6.755 0.354571
6.976 0.357341
7.017 0.360111
7.019 0.362881
7.179 0.365651
7.187 0.368421
7.5917 0.371191
7.6267 0.373961
7.761 0.376731
7.8687 0.379501
8.014 0.382271
8.026 0.385042
8.044 0.387812
8.0707 0.390582
8.0953 0.393352
8.395 0.396122
8.4327 0.398892
8.443 0.401662
8.5293 0.404432
8.713 0.407202
9.122 0.409972
9.157 0.412742
9.2993 0.415512
9.4743 0.418283
9.5203 0.421053
9.737 0.423823
9.8253 0.426593
9.8673 0.429363
10.039 0.432133
10.120 0.434903
10.232 0.437673
10.426 0.440443
10.4767 0.443213
10.590 0.445983
10.7317 0.448753
10.750 0.451524
10.994 0.454294
11.0157 0.457064
11.105 0.459834
11.2263 0.462604
11.342 0.465374
11.808 0.468144
11.993 0.470914
12.336 0.473684
12.383 0.476454
12.5293 0.479224
12.5757 0.481994
12.6287 0.484765
12.6947 0.487535
12.8213 0.490305
12.897 0.493075
12.9893 0.495845
13.000 0.498615
13.243 0.501385
13.283 0.504155
13.3213 0.506925
13.342 0.509695
13.379 0.512465
13.454 0.515235
13.4653 0.518006
13.520 0.520776
13.5737 0.523546
13.8013 0.526316
14.343 0.529086
14.3577 0.531856
14.566 0.534626
14.6833 0.537396
14.8633 0.540166
14.9713 0.542936
15.0593 0.545706
15.2327 0.548476
15.3707 0.551247
15.518 0.554017
15.6907 0.556787
15.812 0.559557
15.872 0.562327
15.9517 0.565097
16.109 0.567867
16.487 0.570637
16.5647 0.573407
16.7513 0.576177
16.7633 0.578947
17.174 0.581717
17.2017 0.584488
17.222 0.587258
17.860 0.590028
17.8683 0.592798
17.869 0.595568
18.2983 0.598338
18.3007 0.601108
18.331 0.603878
18.4213 0.606648
18.4703 0.609418
18.519 0.612188
18.5467 0.614958
18.713 0.617729
18.7367 0.620499
19.0663 0.623269
19.1093 0.626039
19.141 0.628809
19.1417 0.631579
19.219 0.634349
19.243 0.637119
19.299 0.639889
19.463 0.642659
19.4643 0.645429
19.5993 0.648199
19.6727 0.65097
19.7253 0.65374
20.0703 0.65651
20.204 0.65928
20.3397 0.66205
20.4707 0.66482
20.5243 0.66759
20.6377 0.67036
20.6437 0.67313
20.6713 0.6759
20.6857 0.67867
20.693 0.68144
20.7007 0.684211
20.7297 0.686981
20.786 0.689751
20.851 0.692521
21.0917 0.695291
21.2743 0.698061
21.3733 0.700831
21.468 0.703601
21.5707 0.706371
21.5913 0.709141
21.6103 0.711911
21.843 0.714681
21.924 0.717452
22.153 0.720222
22.167 0.722992
22.2097 0.725762
22.4467 0.728532
22.4513 0.731302
22.6217 0.734072
22.700 0.736842
22.7237 0.739612
22.8497 0.742382
22.9053 0.745152
22.929 0.747922
22.948 0.750693
22.9823 0.753463
23.1707 0.756233
23.2437 0.759003
23.2853 0.761773
23.3327 0.764543
23.3907 0.767313
23.570 0.770083
23.6977 0.772853
23.751 0.775623
23.8313 0.778393
24.066 0.781163
24.2887 0.783934
24.3303 0.786704
24.364 0.789474
25.4263 0.792244
25.539 0.795014
26.088 0.797784
26.1193 0.800554
26.503 0.803324
26.7967 0.806094
27.0433 0.808864
27.0467 0.811634
27.1163 0.814404
27.1827 0.817175
27.335 0.819945
27.3647 0.822715
27.5803 0.825485
27.661 0.828255
27.766 0.831025
27.8483 0.833795
27.8573 0.836565
28.202 0.839335
28.231 0.842105
28.4797 0.844875
28.4837 0.847645
28.831 0.850416
29.161 0.853186
29.457 0.855956
29.514 0.858726
29.570 0.861496
29.6657 0.864266
29.798 0.867036
30.3227 0.869806
30.559 0.872576
30.6327 0.875346
31.010 0.878116
31.033 0.880886
31.2817 0.883657
31.3687 0.886427
31.4207 0.889197
31.434 0.891967
31.6073 0.894737
31.769 0.897507
32.3407 0.900277
32.647 0.903047
33.2607 0.905817
33.3617 0.908587
33.3673 0.911357
33.5853 0.914127
33.7673 0.916898
34.620 0.919668
35.0137 0.922438
35.201 0.925208
35.671 0.927978
35.9333 0.930748
36.059 0.933518
36.1253 0.936288
36.349 0.939058
37.522 0.941828
38.670 0.947368
38.670 0.947368
38.708 0.950139
39.744 0.952909
40.324 0.955679
40.445 0.958449
41.468 0.961219
42.446 0.963989
43.7963 0.966759
44.100 0.969529
44.288 0.972299
48.021 0.975069
54.229 0.977839
55.967 0.980609
58.710 0.98338
61.559 0.98615
66.157 0.98892
79.094 0.99169
81.319 0.99446
85.050 0.99723
122.510 1
