.2307 0.00277008
.242 0.00554017
.305 0.00831025
.352 0.0110803
.388 0.0138504
.428 0.0166205
.4607 0.0193906
.4613 0.0221607
.468 0.0249307
.469 0.0277008
.4957 0.0304709
.510 0.033241
.5347 0.0360111
.5483 0.0387812
.5797 0.0415512
.598 0.0443213
.7497 0.0470914
.802 0.0498615
.8557 0.0526316
.9557 0.0554017
.9577 0.0581717
.9653 0.0609418
1.013 0.0637119
1.09433 0.066482
1.0977 0.0692521
1.1097 0.0720222
1.114 0.0747922
1.135 0.0775623
1.163 0.0803324
1.175 0.0831025
1.228 0.0858726
1.23433 0.0886427
1.2437 0.0914127
1.296 0.0941828
1.3537 0.0969529
1.3777 0.099723
1.4193 0.102493
1.424 0.105263
1.4243 0.108033
1.476 0.110803
1.5177 0.113573
1.561 0.116343
1.615 0.119114
1.646 0.121884
1.675 0.124654
1.697 0.127424
1.707 0.130194
1.727 0.132964
1.7333 0.135734
1.766 0.138504
1.90267 0.141274
1.9247 0.144044
1.9457 0.146814
1.969 0.149584
1.978 0.152355
1.991 0.155125
1.9923 0.157895
2.0383 0.160665
2.0513 0.163435
2.096 0.166205
2.143 0.168975
2.1893 0.171745
2.2153 0.174515
2.2173 0.177285
2.2513 0.180055
2.3503 0.182825
2.399 0.185596
2.5597 0.188366
2.590 0.191136
2.6357 0.193906
2.6387 0.196676
2.712 0.199446
2.7243 0.202216
2.7347 0.204986
2.769 0.207756
2.8113 0.210526
2.8803 0.213296
2.8827 0.216066
2.962 0.218837
3.0893 0.221607
3.113 0.224377
3.1227 0.227147
3.170 0.229917
3.1757 0.232687
3.181 0.235457
3.2103 0.238227
3.2143 0.240997
3.2507 0.243767
3.3063 0.246537
3.4353 0.249307
3.5687 0.252078
3.5793 0.254848
3.657 0.257618
3.7397 0.260388
3.7473 0.263158
3.755 0.265928
3.818 0.268698
3.844 0.271468
3.914 0.274238
4.0367 0.277008
4.0437 0.279778
4.1503 0.282548
4.3283 0.285319
4.4157 0.288089
4.4913 0.290859
4.657 0.293629
4.6663 0.296399
4.6977 0.299169
4.7443 0.301939
4.7887 0.304709
4.959 0.307479
4.9783 0.310249
5.More 0.889197
5.003 0.313019
5.0693 0.315789
5.122 0.31856
5.169 0.32133
5.242 0.3241
5.3643 0.32687
5.5083 0.32964
5.858 0.33241
5.8653 0.33518
5.8927 0.33795
6.0927 0.34349
6.143 0.34626
6.4693 0.34903
6.581 0.351801
6.650 0.354571
6.755 0.357341
7.015 0.360111
7.019 0.362881
7.110 0.365651
7.179 0.368421
7.246 0.371191
7.6387 0.373961
7.6467 0.376731
7.785 0.379501
7.8777 0.382271
8.023 0.385042
8.046 0.387812
8.1017 0.390582
8.108 0.393352
8.1123 0.396122
8.451 0.398892
8.4567 0.401662
8.461 0.404432
8.6033 0.407202
8.726 0.409972
9.148 0.412742
9.157 0.415512
9.3043 0.418283
9.5143 0.421053
9.749 0.423823
9.8483 0.426593
9.9053 0.429363
10.060 0.429363
10.120 0.432133
10.212 0.434903
10.270 0.437673
10.4967 0.440443
10.619 0.443213
10.7497 0.445983
10.750 0.448753
11.0627 0.451524
11.165 0.454294
11.191 0.457064
11.2373 0.459834
11.475 0.462604
11.854 0.465374
12.293 0.468144
12.348 0.470914
12.392 0.473684
12.5653 0.476454
12.6027 0.479224
12.6477 0.481994
12.7107 0.484765
12.8463 0.487535
12.916 0.490305
12.9943 0.493075
13.000 0.495845
13.248 0.498615
13.349 0.501385
13.3553 0.504155
13.364 0.506925
13.406 0.509695
13.471 0.512465
13.4743 0.515235
13.520 0.518006
13.5757 0.520776
13.8283 0.523546
14.343 0.526316
14.3857 0.529086
14.7273 0.531856
14.823 0.534626
14.9023 0.537396
15.0003 0.540166
15.1043 0.542936
15.2337 0.545706
15.3877 0.548476
15.607 0.551247
15.7167 0.554017
15.841 0.556787
15.888 0.559557
15.9887 0.562327
16.154 0.565097
16.547 0.567867
16.6167 0.570637
16.7663 0.573407
16.8023 0.576177
17.2127 0.578947
17.264 0.581717
17.304 0.584488
17.871 0.587258
17.887 0.590028
17.9073 0.592798
18.3053 0.595568
18.3067 0.598338
18.4343 0.601108
18.474 0.603878
18.519 0.606648
18.5627 0.609418
18.5913 0.612188
18.758 0.614958
18.7677 0.617729
19.1013 0.620499
19.1173 0.623269
19.141 0.626039
19.1517 0.628809
19.250 0.631579
19.261 0.634349
19.322 0.637119
19.480 0.639889
19.5683 0.642659
19.6313 0.645429
19.6757 0.648199
19.7473 0.65097
20.1863 0.65374
20.220 0.65651
20.3667 0.65928
20.4877 0.66205
20.5383 0.66482
20.6537 0.66759
20.6667 0.67036
20.6833 0.67313
20.693 0.6759
20.7097 0.67867
20.7237 0.68144
20.7577 0.684211
20.786 0.686981
20.885 0.689751
21.1477 0.692521
21.3003 0.695291
21.4013 0.698061
21.497 0.700831
21.6143 0.703601
21.6343 0.706371
21.6547 0.709141
21.946 0.711911
22.176 0.714681
22.195 0.717452
22.2217 0.720222
22.325 0.722992
22.4867 0.725762
22.4933 0.728532
22.6467 0.731302
22.708 0.734072
22.7357 0.736842
22.8827 0.739612
22.9183 0.742382
22.933 0.745152
22.9903 0.747922
23.004 0.750693
23.1887 0.753463
23.2667 0.756233
23.3073 0.759003
23.3617 0.761773
23.4247 0.764543
23.588 0.767313
23.7257 0.770083
23.784 0.772853
23.8613 0.775623
24.221 0.778393
24.3037 0.781163
24.3423 0.783934
24.386 0.786704
25.4363 0.789474
25.769 0.792244
26.007 0.795014
26.1573 0.797784
26.572 0.800554
26.8177 0.803324
27.0617 0.806094
27.0683 0.808864
27.1373 0.811634
27.2107 0.814404
27.368 0.817175
27.3807 0.819945
27.6003 0.822715
27.8713 0.825485
27.8893 0.828255
27.915 0.831025
27.945 0.833795
28.227 0.836565
28.245 0.839335
28.4897 0.842105
28.5067 0.844875
28.858 0.847645
29.161 0.850416
29.631 0.853186
29.6767 0.855956
29.718 0.858726
29.762 0.861496
29.857 0.864266
30.3987 0.867036
30.590 0.869806
30.6407 0.872576
31.010 0.875346
31.072 0.878116
31.3097 0.880886
31.3797 0.883657
31.434 0.886427
31.4817 0.889197
31.6363 0.891967
31.813 0.894737
32.4277 0.897507
32.698 0.900277
33.3177 0.903047
33.3877 0.905817
33.4133 0.908587
33.6343 0.911357
33.7883 0.914127
34.620 0.916898
35.0657 0.919668
35.302 0.922438
35.799 0.925208
35.9673 0.927978
36.059 0.930748
36.1583 0.933518
36.349 0.936288
37.578 0.939058
38.686 0.941828
38.722 0.944598
38.804 0.947368
39.802 0.950139
40.478 0.952909
40.541 0.955679
41.618 0.958449
42.446 0.961219
43.8253 0.963989
44.138 0.966759
44.226 0.969529
48.130 0.972299
54.229 0.977839
55.973 0.980609
58.710 0.98338
61.609 0.98615
65.966 0.98892
79.094 0.99169
81.553 0.99446
85.050 0.99723
122.510 0.99723
