 0.00277008
0.159304 0.00554017
0.905946 0.00831025
1.24569 0.0110803
1.81206 0.0138504
1.87209 0.0166205
1.88396 0.0193906
1.89877 0.0221607
2.15571 0.0249307
2.24474 0.0277008
2.32131 0.0304709
2.3253 0.033241
2.42728 0.0360111
2.61955 0.0387812
2.73516 0.0415512
2.74185 0.0443213
2.75354 0.0470914
2.82082 0.0498615
2.87615 0.0526316
3.2691 0.0554017
3.33199 0.0581717
3.35253 0.0609418
3.38495 0.0637119
3.38566 0.066482
3.54249 0.0692521
3.59789 0.0720222
3.60429 0.0747922
3.66353 0.0775623
3.71965 0.0803324
3.78981 0.0831025
3.80895 0.0858726
3.83807 0.0886427
4.13621 0.0914127
4.4006 0.0941828
4.77408 0.0969529
4.88946 0.099723
4.978 0.102493
5.23354 0.105263
5.35075 0.108033
5.93413 0.110803
5.9696 0.113573
6.15468 0.116343
6.52969 0.119114
6.53604 0.121884
6.67856 0.124654
6.77231 0.127424
6.8646 0.130194
6.89515 0.132964
6.90176 0.135734
6.94665 0.138504
7.00312 0.141274
7.03114 0.144044
7.07597 0.146814
7.08012 0.149584
7.29239 0.152355
7.29324 0.155125
7.42822 0.157895
7.58786 0.160665
7.60824 0.163435
7.67189 0.166205
7.79049 0.168975
7.92314 0.171745
8.05153 0.174515
8.10614 0.177285
8.19641 0.180055
8.41463 0.182825
8.61862 0.185596
8.66214 0.188366
8.66995 0.191136
8.9625 0.193906
9.40749 0.196676
9.54171 0.199446
9.6159 0.202216
9.63952 0.204986
9.67622 0.207756
9.94695 0.210526
10.11 0.213296
10.2392 0.216066
10.291 0.218837
10.4477 0.221607
10.9548 0.224377
10.9656 0.227147
10.9925 0.229917
11.1895 0.232687
11.2402 0.235457
11.2546 0.238227
11.3976 0.240997
11.4406 0.243767
11.4609 0.246537
11.4759 0.249307
11.9964 0.252078
12.1133 0.254848
12.2432 0.257618
12.3652 0.260388
12.4069 0.263158
12.5679 0.265928
12.9041 0.268698
13.0491 0.271468
13.3352 0.274238
13.3442 0.277008
13.698 0.279778
13.7915 0.282548
13.9228 0.285319
14.2846 0.288089
14.32 0.290859
14.3284 0.293629
14.4736 0.296399
14.5741 0.299169
15.0239 0.301939
15.0441 0.304709
15.0513 0.307479
15.3059 0.310249
15.3798 0.313019
15.6909 0.315789
15.7156 0.31856
16.0169 0.32133
16.1793 0.3241
17.1725 0.32687
17.2017 0.32964
17.2115 0.33241
17.2283 0.33518
18.0126 0.33795
18.5811 0.34072
18.7189 0.34349
18.8084 0.34626
18.9346 0.34903
18.9595 0.351801
19.3331 0.354571
19.3561 0.357341
19.6199 0.360111
19.6243 0.362881
19.727 0.365651
19.9539 0.368421
19.9739 0.371191
20.6275 0.373961
20.686 0.376731
20.7835 0.379501
20.9186 0.382271
20.9617 0.385042
20.9628 0.387812
20.9727 0.390582
21.4024 0.393352
21.5532 0.396122
21.6463 0.398892
21.6675 0.401662
21.6677 0.404432
21.6697 0.407202
21.9051 0.409972
21.9727 0.412742
22.1436 0.415512
22.3758 0.418283
22.4342 0.421053
22.4624 0.423823
22.5901 0.426593
22.6081 0.429363
22.8338 0.432133
23.0334 0.434903
23.097 0.437673
23.1468 0.440443
23.1787 0.443213
23.5606 0.445983
23.6065 0.448753
23.6339 0.451524
23.9731 0.454294
24.192 0.457064
24.5295 0.459834
24.6077 0.462604
25.0042 0.465374
25.014 0.468144
25.148 0.470914
25.4023 0.473684
25.4801 0.476454
25.5706 0.479224
25.6702 0.481994
25.6997 0.484765
25.7521 0.487535
26.3293 0.490305
26.6299 0.493075
26.6516 0.495845
26.6833 0.498615
26.7415 0.501385
26.7547 0.504155
26.7978 0.506925
27.32 0.509695
27.5539 0.512465
27.6503 0.515235
28.5506 0.518006
28.6041 0.520776
28.9815 0.523546
29.1249 0.526316
29.2875 0.529086
29.323 0.531856
29.7629 0.534626
29.9107 0.537396
30.3714 0.540166
30.7125 0.542936
30.7181 0.545706
30.7592 0.548476
30.893 0.551247
31.4867 0.554017
31.8368 0.556787
31.9722 0.559557
32.0119 0.562327
32.2203 0.565097
33.0026 0.567867
33.0432 0.570637
33.0895 0.573407
33.3708 0.576177
33.5111 0.578947
33.5978 0.581717
33.6508 0.584488
34.0216 0.587258
34.3238 0.590028
34.5512 0.592798
34.7024 0.595568
35.35 0.598338
35.4821 0.601108
35.5296 0.603878
36.0081 0.606648
36.0845 0.609418
36.7557 0.612188
37.2317 0.614958
37.5765 0.617729
37.7453 0.620499
37.8733 0.623269
37.9187 0.626039
38.0016 0.628809
38.2301 0.631579
38.3316 0.634349
38.341 0.637119
38.3828 0.639889
38.6728 0.642659
38.8027 0.645429
38.9192 0.648199
39.5608 0.65097
39.6088 0.65374
39.6912 0.65651
39.953 0.65928
40.0483 0.66205
40.1301 0.66482
40.1507 0.66759
40.2841 0.67036
40.4106 0.67313
40.564 0.6759
40.6924 0.67867
40.7073 0.68144
40.8568 0.684211
40.9749 0.686981
41.3606 0.689751
41.4735 0.692521
41.4859 0.695291
41.5246 0.698061
41.5611 0.700831
41.7333 0.703601
41.9105 0.706371
41.9473 0.709141
42.0433 0.711911
42.5146 0.714681
42.541 0.717452
42.7306 0.720222
42.7944 0.722992
42.9467 0.725762
43.9536 0.728532
44.1851 0.731302
44.2757 0.734072
44.5981 0.736842
44.6623 0.739612
44.8968 0.742382
45.025 0.745152
45.4971 0.747922
45.52 0.750693
45.6782 0.753463
45.9158 0.756233
46.5254 0.759003
46.5326 0.761773
46.8397 0.764543
46.9861 0.767313
47.2348 0.770083
47.399 0.772853
47.5418 0.775623
47.6811 0.778393
47.8416 0.781163
47.9736 0.783934
48.0714 0.786704
48.0888 0.789474
48.1001 0.792244
48.3189 0.795014
48.3462 0.797784
48.3474 0.800554
48.3761 0.803324
48.4607 0.806094
48.5741 0.808864
48.6932 0.811634
48.915 0.814404
49.0584 0.817175
49.0889 0.819945
49.1722 0.822715
49.4754 0.825485
50.0089 0.828255
50.3201 0.831025
50.3562 0.833795
50.4462 0.836565
50.8003 0.839335
51.11 0.842105
51.2507 0.844875
51.324 0.847645
51.3993 0.850416
51.772 0.853186
52.4068 0.855956
52.4217 0.858726
52.6407 0.861496
52.7244 0.864266
52.9368 0.867036
52.9992 0.869806
53.2259 0.872576
53.2585 0.875346
53.2772 0.878116
53.2789 0.880886
53.4528 0.883657
53.6741 0.886427
53.9351 0.889197
53.9644 0.891967
54.2785 0.894737
54.3896 0.897507
54.9687 0.900277
55.0363 0.903047
55.1059 0.905817
55.322 0.908587
55.356 0.911357
55.5513 0.914127
55.9182 0.916898
56.1101 0.919668
56.2256 0.922438
56.3321 0.925208
56.3528 0.927978
56.4179 0.930748
56.5054 0.933518
56.6015 0.936288
56.6219 0.939058
56.692 0.941828
56.9976 0.944598
57.442 0.947368
57.5773 0.950139
57.7799 0.952909
57.7861 0.955679
57.9222 0.958449
57.9272 0.961219
57.9574 0.963989
58.1589 0.966759
58.4313 0.969529
58.5229 0.972299
58.7016 0.975069
58.704 0.977839
58.778 0.980609
58.8867 0.98338
59.2778 0.98615
59.6655 0.98892
59.7623 0.99169
59.8867 0.99446
60.2573 0.99723
69.988 1
