.0013839199 0.00277008
.0031191651 0.00554017
.0045605739 0.00831025
.0048839501 0.0110803
.0055732885 0.0138504
.0059696977 0.0166205
.0066181216 0.0193906
.0071531000 0.0221607
.0083028530 0.0249307
.0093621509 0.0277008
.0096289236 0.0304709
.0096973945 0.033241
.0107035432 0.0360111
.0110249599 0.0387812
.0124948715 0.0415512
.0129738877 0.0443213
.0131288726 0.0470914
.0135116800 0.0498615
.0135217143 0.0526316
.0146834800 0.0554017
.0158087040 0.0581717
.0160509486 0.0609418
.0182621904 0.0637119
.0190170799 0.066482
.0195245517 0.0692521
.0198242189 0.0720222
.0199285706 0.0747922
.0206312839 0.0775623
.0216184783 0.0803324
.0221784000 0.0831025
.0225619843 0.0858726
.0239582559 0.0886427
.0241461863 0.0914127
.0242121880 0.0941828
.0246899927 0.0969529
.0260869408 0.099723
.0263151553 0.102493
.0264348600 0.105263
.0264913670 0.108033
.0270322565 0.110803
.0283172609 0.113573
.0293884477 0.116343
.0299476147 0.119114
.0299639954 0.121884
.0306667220 0.124654
.0312563252 0.127424
.0315506215 0.130194
.0316982767 0.132964
.0317167237 0.135734
.0323577928 0.138504
.0324652335 0.141274
.0327355406 0.144044
.0354704789 0.146814
.0355427772 0.149584
.0358501327 0.152355
.0389224024 0.155125
.0398597205 0.157895
.0402032005 0.160665
.0405381820 0.163435
.0422596244 0.166205
.0425216789 0.168975
.0426523249 0.171745
.0456470704 0.174515
.0472613332 0.177285
.0486043946 0.180055
.0500367392 0.182825
.0512300960 0.185596
.0522512065 0.188366
.0555644281 0.191136
.0599448434 0.193906
.0673745784 0.196676
.0698017593 0.199446
.0745356316 0.202216
.0752807034 0.204986
.0790466599 0.207756
.0834265372 0.210526
.0841430852 0.213296
.0910066643 0.216066
.0917737197 0.218837
.0921294565 0.221607
.0937132088 0.224377
.0941836704 0.227147
.0997890543 0.229917
.1109580808 0.232687
.1129884640 0.235457
.1142867570 0.238227
.1152443143 0.240997
.1191469458 0.243767
.1274240029 0.246537
.1324533001 0.249307
.1383651655 0.252078
.1389672005 0.254848
.1484325149 0.257618
.1486725924 0.260388
.1497257412 0.263158
.1497803203 0.265928
.1502547896 0.268698
.1505754266 0.271468
.1563707539 0.274238
.1643024133 0.277008
.1668498431 0.279778
.1814262888 0.282548
.2141773355 0.285319
.2169510806 0.288089
.2196079594 0.290859
.2294992272 0.293629
.2309531413 0.296399
.2372554529 0.299169
.2424176942 0.301939
.2450171429 0.304709
.2641149318 0.307479
.2705544648 0.310249
.2834750425 0.313019
.2846569045 0.315789
.2944015934 0.31856
.2968456549 0.32133
.3010330143 0.3241
.3022050596 0.32687
.3030863275 0.32964
.3145026888 0.33241
.3147406996 0.33518
.3163403832 0.33795
.3376440839 0.34072
.3446580132 0.34349
.3555337328 0.34626
.3603727599 0.34903
.3609109569 0.351801
.3676813033 0.354571
.3684097054 0.357341
.3825249657 0.360111
.3899446737 0.362881
.3946868034 0.365651
.4050916576 0.368421
.4137722089 0.371191
.4218495953 0.373961
.4246043638 0.376731
.4281528013 0.379501
.4297944648 0.382271
.4357766331 0.385042
.4464070391 0.387812
.4556456070 0.390582
.4694906244 0.393352
.4778387795 0.396122
.4794969464 0.398892
.4812062147 0.401662
.4813140239 0.404432
.4898798631 0.407202
.5046464671 0.409972
.5278096206 0.412742
.5329872001 0.415512
.5392756117 0.418283
.5499659794 0.421053
.5745547608 0.423823
.5983845774 0.426593
.6066294924 0.429363
.6098950865 0.432133
.6189950792 0.434903
.6207872779 0.437673
.6268275424 0.440443
.6323576418 0.443213
.6376705318 0.445983
.6414948202 0.448753
.6604556622 0.451524
.6609814739 0.454294
.6636496966 0.457064
.6715248010 0.459834
.6807106838 0.462604
.6808748722 0.465374
.6873687709 0.468144
.6903843288 0.470914
.7208185909 0.473684
.7371988463 0.476454
.7683450250 0.479224
.7698351569 0.481994
.7784981453 0.484765
.7889483564 0.487535
.7896090779 0.490305
.8061681142 0.493075
.8092365103 0.495845
.8196187958 0.498615
.8230110199 0.501385
.8232284430 0.504155
.8580193815 0.506925
.8596507580 0.509695
.8700545465 0.512465
.8749863004 0.515235
.8887608898 0.518006
.8946780827 0.520776
.9161165779 0.523546
.9293564827 0.526316
.9383060624 0.529086
.9384280085 0.531856
.9484119789 0.534626
.9781587022 0.537396
.9791210065 0.540166
.9847821398 0.542936
.9849270621 0.545706
.9963063004 0.548476
.9999735607 0.551247
1.0015216400 0.554017
1.0061298918 0.556787
1.0191404990 0.559557
1.0202805815 0.562327
1.0282215537 0.565097
1.0778424566 0.567867
1.0997301403 0.570637
1.1203909461 0.573407
1.1223155471 0.576177
1.1227204097 0.578947
1.1540942861 0.581717
1.1678969151 0.584488
1.1957782924 0.587258
1.1981579657 0.590028
1.2051489191 0.592798
1.2121380556 0.595568
1.2496167968 0.598338
1.2727316433 0.601108
1.2754243149 0.603878
1.2927388317 0.606648
1.2983203113 0.609418
1.3053827186 0.612188
1.3187769376 0.614958
1.3434069182 0.617729
1.3525751403 0.620499
1.3533207102 0.623269
1.3622035880 0.626039
1.3694234512 0.628809
1.3703758902 0.631579
1.3885572747 0.634349
1.4074364729 0.637119
1.4426550365 0.639889
1.4475185846 0.642659
1.4874517720 0.645429
1.4934702051 0.648199
1.5152374232 0.65097
1.5164596731 0.65374
1.6103983133 0.65651
1.6231035585 0.65928
1.6316911901 0.66205
1.6850827657 0.66482
1.7045146495 0.66759
1.7114501259 0.67036
1.7205197894 0.67313
1.7215454764 0.6759
1.7906398992 0.67867
1.7944015173 0.68144
1.8022710671 0.684211
1.8170683023 0.686981
1.8378026752 0.689751
1.8926272093 0.692521
1.9030147574 0.695291
1.9512430270 0.698061
1.9657485712 0.700831
1.9846423844 0.703601
2.0122295095 0.709141
2.0336120551 0.711911
2.0341698366 0.714681
2.0471736689 0.717452
2.0479143112 0.720222
2.0660281851 0.722992
2.1438816661 0.725762
2.1464302593 0.728532
2.1792970358 0.731302
2.1930295139 0.734072
2.2075266787 0.736842
2.3259346184 0.739612
2.3548396947 0.742382
2.4796746550 0.745152
2.6156228081 0.747922
2.6174705710 0.750693
2.6353199328 0.753463
2.6541728998 0.756233
2.6584809463 0.759003
2.7352854877 0.761773
2.7728436995 0.764543
2.7836695716 0.767313
2.8521210200 0.770083
3.0226413494 0.772853
3.0387994445 0.775623
3.0862011218 0.778393
3.1005115951 0.781163
3.1220664613 0.783934
3.1367706092 0.786704
3.1700978727 0.789474
3.1978351700 0.792244
3.2132226484 0.795014
3.2491095768 0.797784
3.4048415216 0.800554
3.4935912836 0.803324
3.6187127256 0.806094
3.6279810640 0.808864
3.6776069950 0.811634
4.0079927279 0.814404
4.1261707623 0.817175
4.1283686672 0.819945
4.1925685955 0.822715
4.5595953988 0.825485
4.5604519604 0.828255
4.6714634312 0.831025
4.7023795119 0.833795
4.7112495817 0.836565
4.7417399286 0.839335
4.7501332685 0.842105
4.8789650406 0.844875
4.9686723487 0.847645
5.3315200002 0.850416
5.4759508425 0.853186
5.5977840582 0.855956
5.6894592707 0.858726
6.0671782662 0.861496
6.3868267377 0.864266
6.4740147572 0.867036
6.6848856939 0.869806
6.7742232781 0.872576
7.1298471352 0.875346
7.2044770799 0.878116
7.8034233476 0.880886
7.9829426407 0.883657
8.0101586514 0.886427
8.5116000000 0.889197
8.5790247740 0.891967
9.7927834020 0.894737
9.9771946481 0.897507
11.More 0.714681
11.4835422807 0.897507
11.6349066667 0.900277
12.9824982692 0.905817
13.6609919393 0.908587
14.1537200000 0.911357
15.6773600000 0.914127
16.6708821622 0.916898
18.7632919696 0.919668
19.2411466667 0.922438
19.5548000000 0.925208
21.1482000000 0.927978
24.6249600000 0.930748
24.9851200000 0.933518
27.0950589932 0.936288
28.6350000000 0.939058
30.4866400000 0.941828
32.2910800000 0.944598
32.3257122325 0.947368
38.3900596224 0.950139
42.9456800000 0.952909
43.7358160000 0.955679
49.3288000000 0.958449
49.9449600000 0.961219
56.3700800000 0.963989
63.8667200000 0.966759
64.6738400000 0.969529
68.1701600000 0.972299
68.4148800000 0.975069
74.2268000000 0.977839
75.3665120000 0.980609
75.5948400000 0.98338
77.0033520000 0.98615
77.0160880000 0.98892
90.6508800000 0.99169
108.7064000000 0.99169
114.0461600000 0.99723
117.3201120000 1
