0.166021 0.00277008
0.388075 0.00554017
0.403337 0.00831025
0.425201 0.0110803
0.453883 0.0138504
0.478576 0.0166205
0.490022 0.0193906
0.494197 0.0221607
0.502304 0.0249307
0.510392 0.0277008
0.537969 0.0304709
0.55335 0.033241
0.580674 0.0360111
0.608863 0.0387812
0.760078 0.0415512
0.831024 0.0443213
0.861467 0.0470914
0.925159 0.0498615
0.981428 0.0526316
0.987382 0.0554017
1.02248 0.0581717
1.08609 0.0609418
1.08971 0.0637119
1.11984 0.066482
1.13587 0.0692521
1.22382 0.0720222
1.23418 0.0747922
1.31176 0.0775623
1.33096 0.0803324
1.40367 0.0831025
1.43604 0.0858726
1.45236 0.0886427
1.47106 0.0914127
1.53694 0.0941828
1.64332 0.0969529
1.68469 0.099723
1.71333 0.102493
1.7194 0.105263
1.72055 0.108033
1.73748 0.110803
1.76023 0.113573
1.76187 0.116343
1.97403 0.119114
1.99826 0.121884
2.00303 0.124654
2.03351 0.127424
2.03628 0.130194
2.03846 0.132964
2.07388 0.135734
2.08129 0.138504
2.15121 0.141274
2.18389 0.144044
2.18956 0.146814
2.19055 0.149584
2.24765 0.152355
2.36518 0.155125
2.48148 0.157895
2.50159 0.160665
2.56967 0.163435
2.57195 0.166205
2.65044 0.168975
2.73773 0.171745
2.75668 0.174515
2.7657 0.177285
2.79883 0.180055
2.82779 0.182825
2.84143 0.185596
2.89255 0.188366
2.94714 0.191136
3.01819 0.193906
3.13745 0.196676
3.17814 0.199446
3.17822 0.202216
3.23863 0.204986
3.33257 0.207756
3.35669 0.210526
3.70512 0.213296
3.72358 0.216066
3.75473 0.218837
3.79316 0.221607
3.83023 0.224377
3.96864 0.227147
4.12816 0.229917
4.21671 0.232687
4.34577 0.235457
4.50618 0.238227
4.51143 0.240997
4.58982 0.243767
4.71723 0.246537
4.77374 0.249307
4.80621 0.252078
4.84705 0.254848
4.8664 0.257618
4.90043 0.260388
4.98209 0.263158
5.15205 0.265928
5.19027 0.268698
5.48447 0.271468
5.48797 0.274238
6.06948 0.277008
6.08271 0.279778
6.16313 0.282548
6.22944 0.285319
6.26365 0.288089
6.32412 0.290859
6.66159 0.293629
6.8152 0.296399
7.46777 0.299169
7.62116 0.301939
7.73974 0.304709
7.95472 0.307479
8.04808 0.310249
8.20878 0.313019
8.26566 0.315789
8.33222 0.31856
8.34154 0.32133
8.35342 0.3241
8.35565 0.32687
8.45514 0.32964
8.58846 0.33241
8.77907 0.33518
8.86652 0.33795
8.98396 0.34072
9.10763 0.34349
9.14349 0.34626
9.28156 0.34903
9.34994 0.351801
9.47224 0.354571
9.48157 0.357341
9.61617 0.360111
9.72107 0.362881
10.1057 0.365651
10.1222 0.368421
10.2395 0.371191
10.2752 0.373961
10.431 0.376731
10.4535 0.379501
10.8873 0.382271
10.9069 0.385042
11.0939 0.387812
11.2752 0.390582
11.4421 0.393352
11.6072 0.396122
11.7324 0.398892
11.7819 0.401662
11.8725 0.404432
11.8908 0.407202
11.8979 0.409972
11.9568 0.412742
12.0148 0.415512
12.2888 0.418283
12.6977 0.421053
12.7589 0.423823
12.7927 0.426593
12.8382 0.429363
12.917 0.432133
13.0761 0.434903
13.2804 0.437673
13.3215 0.440443
13.3987 0.443213
13.4017 0.445983
13.4123 0.448753
13.464 0.451524
13.4679 0.454294
13.5201 0.457064
13.8306 0.459834
13.8435 0.462604
13.8709 0.465374
13.9474 0.468144
13.9534 0.470914
14.0108 0.473684
14.2244 0.476454
14.6973 0.479224
14.9248 0.481994
14.9985 0.484765
15.0056 0.487535
15.0861 0.490305
15.1637 0.493075
15.1908 0.495845
15.287 0.498615
15.5015 0.501385
15.8938 0.504155
15.9114 0.506925
15.9774 0.509695
16.1406 0.512465
16.3625 0.515235
16.3742 0.518006
16.4938 0.520776
16.5692 0.523546
16.7619 0.526316
16.783 0.529086
17.2924 0.531856
17.5546 0.534626
17.6126 0.537396
17.8358 0.540166
17.8579 0.542936
17.8784 0.545706
18.024 0.548476
18.2697 0.551247
18.305 0.554017
18.5309 0.556787
18.5813 0.559557
18.6184 0.562327
18.9896 0.565097
19.1326 0.567867
19.2281 0.570637
19.3214 0.573407
19.4898 0.576177
19.5927 0.578947
19.7161 0.581717
19.7836 0.584488
19.8368 0.587258
20.0631 0.590028
20.0799 0.592798
20.17 0.595568
20.1909 0.598338
20.2195 0.601108
20.2601 0.603878
20.2669 0.606648
20.4627 0.609418
20.6614 0.612188
20.7247 0.614958
20.8681 0.617729
20.9045 0.620499
20.9557 0.623269
21.33 0.626039
21.3999 0.628809
21.4642 0.631579
21.495 0.634349
21.5087 0.637119
21.5157 0.639889
21.5821 0.642659
22.0405 0.645429
22.1929 0.648199
22.2261 0.65097
22.6084 0.65374
22.715 0.65651
22.718 0.65928
22.7717 0.66205
22.8481 0.66482
23.0333 0.66759
23.199 0.67036
23.2973 0.67313
23.3462 0.6759
23.4276 0.67867
23.6268 0.68144
23.6571 0.684211
23.7363 0.686981
23.7545 0.689751
23.8359 0.692521
23.9298 0.695291
23.9451 0.698061
23.9618 0.700831
23.9973 0.703601
24.0557 0.706371
24.0865 0.709141
24.1927 0.711911
24.1931 0.714681
24.2717 0.717452
24.3194 0.720222
24.5884 0.722992
24.6114 0.725762
24.8281 0.728532
25.1832 0.731302
25.2323 0.734072
25.466 0.736842
25.5891 0.739612
25.6468 0.742382
25.7027 0.745152
26.0391 0.747922
26.3136 0.750693
26.5246 0.753463
27.1653 0.756233
27.3662 0.759003
27.3918 0.761773
27.6908 0.764543
27.852 0.767313
28.0372 0.770083
28.1398 0.772853
28.2438 0.775623
28.3154 0.778393
28.3517 0.781163
28.3884 0.783934
28.581 0.786704
28.6292 0.789474
28.6818 0.792244
28.8389 0.795014
28.8571 0.797784
28.8775 0.800554
29.1593 0.803324
29.2143 0.806094
29.6397 0.808864
29.7214 0.811634
29.7569 0.814404
30.0963 0.817175
30.2033 0.819945
30.2927 0.822715
30.3179 0.825485
30.7765 0.828255
30.793 0.831025
30.9059 0.833795
31.6306 0.836565
31.8403 0.839335
31.9483 0.842105
32.2469 0.844875
32.7648 0.847645
32.8118 0.850416
32.8856 0.853186
32.9102 0.855956
32.9825 0.858726
33.0873 0.861496
33.7949 0.864266
33.8122 0.867036
34.4305 0.869806
34.6249 0.872576
34.98 0.875346
35.4169 0.878116
35.4308 0.880886
35.5644 0.883657
35.9433 0.886427
36.2768 0.889197
37.0032 0.891967
37.2383 0.894737
37.9457 0.897507
38.0827 0.900277
38.8488 0.903047
39.0699 0.905817
39.2315 0.908587
40.1212 0.911357
40.9629 0.914127
41.3286 0.916898
42.3418 0.919668
42.9071 0.922438
43.58 0.925208
44.0963 0.927978
46.2458 0.930748
46.8387 0.933518
46.8762 0.936288
47.4993 0.939058
48.5034 0.941828
50.0764 0.944598
50.7728 0.947368
53.3772 0.950139
54.1755 0.952909
54.7615 0.955679
55.0875 0.958449
57.4616 0.961219
58.1488 0.963989
60.2378 0.966759
61.136 0.969529
63.6631 0.972299
64.192 0.975069
66.1244 0.977839
75.814 0.980609
76.2755 0.98338
79.4901 0.98615
86.0534 0.98892
102.592 0.99169
104.811 0.99446
119.282 0.99723
119.724 1
