3.025 0.00277008
4.9012 0.00554017
8.900 0.00831025
13.925 0.0110803
14.687 0.0138504
16.200 0.0166205
19.963 0.0193906
21.3850 0.0221607
23.963 0.0249307
26.100 0.0277008
27.400 0.0304709
27.5850 0.033241
28.0817 0.0360111
28.437 0.0387812
29.075 0.0415512
29.987 0.0443213
31.200 0.0470914
32.375 0.0498615
33.1442 0.0526316
33.162 0.0554017
34.212 0.0581717
34.6075 0.0609418
36.600 0.0637119
39.025 0.066482
39.5025 0.0692521
39.762 0.0720222
40.375 0.0747922
41.0117 0.0775623
48.925 0.0803324
49.500 0.0831025
50.462 0.0858726
54.2825 0.0886427
58.875 0.0914127
59.1062 0.0941828
61.987 0.0969529
62.625 0.099723
64.025 0.102493
64.6367 0.105263
65.5425 0.108033
67.5850 0.110803
67.925 0.113573
73.0367 0.116343
74.050 0.119114
74.3367 0.121884
75.450 0.124654
76.1067 0.127424
77.825 0.130194
79.250 0.132964
79.5992 0.135734
80.4525 0.138504
80.7117 0.141274
81.3567 0.144044
81.6487 0.146814
81.650 0.149584
82.263 0.152355
83.0642 0.155125
84.437 0.157895
84.900 0.160665
85.2650 0.163435
85.850 0.166205
88.750 0.168975
89.737 0.171745
89.837 0.174515
90.17475 0.177285
91.125 0.180055
91.313 0.182825
93.1175 0.185596
93.950 0.188366
94.09137 0.191136
95.4267 0.193906
96.5737 0.196676
101.0425 0.199446
103.1475 0.202216
104.7117 0.204986
107.0575 0.207756
108.062 0.210526
108.6925 0.213296
110.8150 0.216066
120.3862 0.218837
126.500 0.221607
129.1242 0.224377
129.225 0.227147
129.3850 0.229917
130.325 0.232687
133.800 0.235457
136.4350 0.238227
138.813 0.240997
139.688 0.243767
140.5237 0.246537
141.775 0.249307
145.5525 0.252078
145.800 0.254848
146.925 0.257618
147.788 0.260388
148.5975 0.263158
150.0637 0.265928
152.7975 0.268698
165.78412 0.271468
167.5367 0.274238
169.000 0.277008
169.5812 0.279778
176.3517 0.282548
177.7850 0.285319
179.9192 0.288089
183.575 0.290859
189.7925 0.293629
191.3312 0.296399
194.5437 0.299169
201.100 0.301939
204.3392 0.304709
205.4742 0.307479
205.5812 0.310249
213.2325 0.313019
214.8225 0.315789
219.2142 0.31856
223.3312 0.32133
228.050 0.3241
231.487 0.32687
232.850 0.32964
239.263 0.33241
243.3037 0.33518
255.800 0.33795
259.825 0.34072
275.8612 0.34349
280.0192 0.34626
280.4642 0.34903
283.6487 0.351801
295.0767 0.354571
299.825 0.357341
300.5887 0.360111
305.400 0.362881
311.2725 0.365651
313.2325 0.368421
314.3925 0.371191
314.813 0.373961
318.675 0.376731
325.000 0.379501
326.100 0.382271
327.625 0.385042
332.500 0.387812
343.387 0.390582
348.6225 0.393352
348.800 0.396122
349.6275 0.398892
350.950 0.401662
357.0112 0.404432
358.575 0.407202
364.150 0.409972
364.512 0.412742
364.688 0.415512
365.7067 0.418283
368.925 0.421053
370.0237 0.423823
377.4225 0.426593
381.3350 0.429363
387.625 0.432133
392.925 0.434903
400.700 0.437673
402.725 0.440443
403.125 0.443213
412.175 0.445983
412.275 0.448753
413.6387 0.451524
414.1175 0.454294
422.150 0.457064
429.350 0.459834
432.750 0.462604
434.9017 0.465374
435.312 0.468144
438.562 0.470914
450.737 0.473684
454.362 0.476454
458.275 0.479224
461.7575 0.481994
468.2392 0.484765
482.3475 0.487535
485.063 0.490305
501.713 0.493075
501.7575 0.495845
517.325 0.498615
530.575 0.501385
531.9742 0.504155
546.075 0.506925
550.7850 0.509695
553.600 0.512465
553.825 0.515235
554.175 0.518006
564.7242 0.520776
581.925 0.523546
601.650 0.526316
605.3025 0.529086
607.1475 0.531856
638.475 0.534626
641.0650 0.537396
662.150 0.540166
662.575 0.542936
670.0617 0.545706
677.863 0.548476
691.525 0.551247
694.150 0.554017
701.6437 0.556787
702.275 0.559557
730.275 0.562327
733.875 0.565097
734.1650 0.567867
736.425 0.570637
736.8975 0.573407
737.8617 0.576177
738.000 0.578947
739.250 0.581717
744.950 0.584488
752.925 0.587258
762.388 0.590028
762.7392 0.592798
771.000 0.595568
775.825 0.598338
781.912 0.601108
784.5350 0.603878
790.9387 0.606648
793.4187 0.609418
794.250 0.612188
797.5850 0.614958
797.7862 0.617729
801.4992 0.620499
804.8775 0.623269
806.063 0.626039
810.3862 0.628809
813.6887 0.631579
826.963 0.634349
829.0012 0.637119
841.5812 0.639889
848.3142 0.642659
848.3562 0.645429
860.0850 0.648199
860.550 0.65097
861.100 0.65374
862.5817 0.65651
891.775 0.65928
897.3567 0.66205
916.7112 0.66482
928.725 0.66759
935.650 0.67036
953.4862 0.67313
955.4650 0.6759
960.950 0.67867
979.9650 0.68144
988.675 0.684211
996.225 0.686981
1008.100 0.689751
1009.050 0.692521
1016.487 0.695291
1036.700 0.698061
1047.7067 0.700831
1057.575 0.703601
1063.125 0.706371
1078.5350 0.709141
1081.163 0.711911
1105.0117 0.714681
1116.813 0.717452
1122.8475 0.720222
1136.5637 0.722992
1137.1012 0.725762
1142.4525 0.728532
1143.6437 0.731302
1143.7937 0.734072
1165.6142 0.736842
1167.425 0.739612
1178.500 0.742382
1184.8850 0.745152
1185.900 0.747922
1200.525 0.750693
1212.7762 0.753463
1214.4350 0.756233
1218.200 0.759003
1259.4487 0.761773
1266.2742 0.764543
1289.8562 0.767313
1292.8562 0.770083
1300.5392 0.772853
1305.9650 0.775623
1313.0142 0.778393
1320.038 0.781163
1339.500 0.783934
1344.9362 0.786704
1347.4992 0.789474
1381.5975 0.792244
1388.800 0.795014
1391.0025 0.797784
1392.4150 0.800554
1402.9187 0.803324
1403.2062 0.806094
1407.075 0.808864
1450.125 0.814404
1450.125 0.814404
1451.550 0.817175
1465.7392 0.819945
1483.2850 0.822715
1484.438 0.825485
1489.4567 0.828255
1490.400 0.831025
1516.687 0.833795
1520.6442 0.836565
1527.950 0.839335
1531.375 0.842105
1531.6350 0.844875
1538.975 0.847645
1554.7275 0.850416
1564.0850 0.853186
1568.4350 0.855956
1571.0350 0.858726
1580.3650 0.861496
1588.450 0.864266
1610.100 0.867036
1619.3475 0.869806
1632.350 0.872576
1639.4612 0.875346
1642.3612 0.878116
1644.300 0.880886
1653.750 0.883657
1663.0350 0.886427
1665.7275 0.889197
1668.0850 0.891967
1668.3017 0.894737
1668.3650 0.897507
1674.7937 0.900277
1674.8987 0.903047
1683.762 0.905817
1688.663 0.908587
1690.2067 0.911357
1690.4192 0.914127
1694.7687 0.916898
1698.9192 0.919668
1702.500 0.922438
1703.013 0.925208
1704.2775 0.927978
1708.438 0.930748
1710.2942 0.933518
1713.7275 0.936288
1717.8975 0.939058
1719.675 0.941828
1721.3617 0.944598
1723.6725 0.947368
1723.7692 0.950139
1725.9637 0.952909
1737.8025 0.955679
1741.0812 0.958449
1743.2775 0.961219
1746.3975 0.963989
1749.9525 0.966759
1754.3025 0.969529
1764.437 0.972299
1767.850 0.975069
1779.9812 0.977839
1780.2317 0.980609
1791.1862 0.98338
1795.8767 0.98615
1806.2650 0.98892
1806.3237 0.99169
1808.7392 0.99446
1811.3117 0.99723
2098.762 1
