.100 0.00277008
.200 0.00554017
.300 0.00831025
.400 0.0110803
.500 0.0138504
.600 0.0166205
.700 0.0193906
.800 0.0221607
.900 0.0249307
1.000 0.0277008
1.200 0.033241
1.200 0.033241
1.300 0.0360111
1.400 0.0387812
1.500 0.0415512
1.700 0.0443213
2.000 0.0498615
2.000 0.0498615
2.300 0.0554017
2.300 0.0554017
2.400 0.0581717
2.500 0.066482
2.500 0.066482
2.500 0.066482
2.600 0.0720222
2.600 0.0720222
2.700 0.0803324
2.700 0.0803324
2.700 0.0803324
2.800 0.0831025
3.000 0.0858726
3.100 0.0941828
3.100 0.0941828
3.100 0.0941828
3.200 0.0969529
3.300 0.102493
3.300 0.102493
3.500 0.110803
3.500 0.110803
3.500 0.110803
3.700 0.116343
3.700 0.116343
3.800 0.119114
3.900 0.121884
4.000 0.124654
4.200 0.127424
4.300 0.130194
4.700 0.132964
4.900 0.135734
5.000 0.138504
5.200 0.144044
5.200 0.144044
5.800 0.146814
6.200 0.149584
6.300 0.152355
6.500 0.155125
6.600 0.157895
6.700 0.163435
6.700 0.163435
6.800 0.171745
6.800 0.171745
6.800 0.171745
7.000 0.185596
7.000 0.185596
7.000 0.185596
7.000 0.185596
7.000 0.185596
7.100 0.188366
7.400 0.191136
7.500 0.196676
7.500 0.196676
7.700 0.202216
7.700 0.202216
7.800 0.204986
7.900 0.210526
7.900 0.210526
8.000 0.216066
8.000 0.216066
8.100 0.218837
8.300 0.221607
8.400 0.224377
8.500 0.227147
8.600 0.229917
8.800 0.232687
8.900 0.240997
8.900 0.240997
8.900 0.240997
9.100 0.243767
9.200 0.246537
9.500 0.249307
9.600 0.252078
9.700 0.254848
9.900 0.257618
10.000 0.260388
10.200 0.263158
10.300 0.268698
10.300 0.268698
10.400 0.274238
10.400 0.274238
10.600 0.279778
10.600 0.279778
10.700 0.282548
10.900 0.285319
11.000 0.288089
11.100 0.290859
11.200 0.293629
11.300 0.299169
11.300 0.299169
11.400 0.304709
11.400 0.304709
11.600 0.307479
11.800 0.310249
12.000 0.313019
12.100 0.315789
12.300 0.31856
12.600 0.32133
12.700 0.32687
12.700 0.32687
12.800 0.32964
13 0.33241
13.100 0.33795
13.100 0.33795
13.200 0.34072
13.400 0.34349
13.600 0.34626
13.900 0.351801
13.900 0.351801
14.000 0.354571
14.100 0.357341
14.300 0.362881
14.300 0.362881
14.400 0.365651
14.700 0.368421
14.800 0.373961
14.800 0.373961
14.900 0.379501
14.900 0.379501
15.400 0.382271
15.800 0.385042
16.000 0.387812
16.800 0.390582
17.000 0.393352
17.700 0.396122
17.800 0.398892
17.900 0.401662
18.000 0.404432
18.500 0.407202
18.800 0.412742
18.800 0.412742
19.200 0.415512
19.600 0.418283
19.700 0.421053
20.000 0.423823
20.100 0.426593
20.200 0.432133
20.200 0.432133
20.300 0.437673
20.300 0.437673
20.700 0.440443
20.900 0.443213
21.000 0.448753
21.000 0.448753
21.200 0.451524
21.300 0.454294
21.500 0.459834
21.500 0.459834
21.900 0.462604
22.100 0.465374
22.400 0.470914
22.400 0.470914
22.900 0.473684
23.000 0.476454
23.100 0.479224
23.500 0.481994
23.600 0.484765
23.800 0.493075
23.800 0.493075
23.800 0.493075
24.000 0.495845
24.200 0.498615
24.600 0.501385
24.700 0.504155
24.800 0.506925
24.900 0.509695
25.000 0.515235
25.000 0.515235
25.100 0.520776
25.100 0.520776
25.200 0.523546
25.300 0.529086
25.300 0.529086
25.400 0.534626
25.400 0.534626
26.900 0.537396
27.400 0.540166
27.800 0.542936
28.300 0.551247
28.300 0.551247
28.300 0.551247
29.100 0.554017
29.400 0.556787
29.600 0.559557
29.900 0.562327
30.100 0.565097
30.300 0.567867
30.600 0.570637
31.300 0.573407
31.400 0.576177
31.600 0.578947
31.800 0.581717
32.000 0.584488
32.100 0.587258
32.500 0.590028
32.800 0.592798
32.900 0.595568
33.200 0.601108
33.200 0.601108
33.500 0.603878
33.700 0.606648
33.900 0.609418
34.000 0.612188
34.300 0.623269
34.300 0.623269
34.300 0.623269
34.300 0.623269
34.900 0.626039
35.300 0.628809
35.700 0.631579
36.600 0.634349
36.700 0.637119
36.900 0.639889
37.100 0.642659
37.200 0.645429
37.300 0.65374
37.300 0.65374
37.300 0.65374
37.800 0.65651
37.900 0.66205
37.900 0.66205
38.200 0.66482
38.400 0.66759
38.600 0.67036
38.800 0.67313
38.900 0.6759
39.100 0.68144
39.100 0.68144
39.200 0.684211
39.400 0.689751
39.400 0.689751
39.600 0.695291
39.600 0.695291
39.700 0.698061
39.800 0.700831
40.000 0.703601
40.300 0.706371
40.400 0.709141
40.700 0.711911
40.800 0.714681
40.900 0.717452
41.200 0.720222
41.300 0.722992
41.400 0.725762
41.700 0.728532
41.800 0.734072
41.800 0.734072
42.600 0.736842
43.200 0.742382
43.200 0.742382
43.500 0.745152
43.900 0.747922
44.000 0.750693
44.200 0.753463
44.300 0.756233
44.400 0.759003
44.600 0.764543
44.600 0.764543
44.700 0.767313
45.500 0.770083
45.800 0.772853
45.900 0.778393
45.900 0.778393
46.300 0.783934
46.300 0.783934
46.400 0.786704
46.700 0.789474
46.800 0.792244
46.900 0.795014
47.100 0.800554
47.100 0.800554
47.200 0.803324
47.300 0.806094
47.400 0.817175
47.400 0.817175
47.400 0.817175
47.400 0.817175
47.500 0.822715
47.500 0.822715
47.800 0.828255
47.800 0.828255
48.200 0.831025
48.300 0.833795
48.400 0.836565
48.600 0.839335
49.100 0.842105
49.500 0.847645
49.500 0.847645
49.700 0.853186
49.700 0.853186
49.900 0.855956
50.000 0.858726
50.200 0.861496
50.300 0.864266
50.500 0.867036
50.900 0.869806
51.200 0.872576
51.400 0.875346
51.700 0.878116
52.000 0.883657
52.000 0.883657
52.200 0.886427
52.300 0.897507
52.300 0.897507
52.300 0.897507
52.300 0.897507
52.400 0.900277
52.700 0.903047
53.400 0.905817
53.800 0.914127
53.800 0.914127
53.800 0.914127
53.900 0.916898
54.100 0.922438
54.100 0.922438
54.500 0.925208
54.700 0.927978
54.800 0.930748
55.000 0.933518
55.100 0.936288
55.300 0.939058
55.500 0.941828
55.600 0.944598
56.000 0.947368
56.100 0.952909
56.100 0.952909
56.800 0.961219
56.800 0.961219
56.800 0.961219
56.900 0.966759
56.900 0.966759
57.100 0.972299
57.100 0.972299
57.300 0.975069
57.400 0.977839
57.500 0.98338
57.500 0.98338
57.900 0.98892
57.900 0.98892
58.400 0.99169
58.600 0.99446
58.900 0.99723
59.200 1
