3.025 0.00277008
7.625 0.00554017
8.6512 0.00831025
11 0.0110803
13.925 0.0138504
14.687 0.0166205
16.200 0.0193906
21.213 0.0221607
23.0350 0.0249307
24.888 0.0277008
26.400 0.0304709
28.8317 0.033241
28.9850 0.0360111
29.075 0.0387812
29.312 0.0415512
29.900 0.0443213
29.987 0.0470914
32.375 0.0498615
33.950 0.0526316
34.2692 0.0554017
35.100 0.0581717
35.4825 0.0609418
37.450 0.0637119
38.250 0.066482
39.025 0.0692521
39.762 0.0720222
40.1025 0.0747922
40.375 0.0775623
43.3737 0.0803324
48.050 0.0831025
48.925 0.0858726
50.650 0.0886427
54.7325 0.0914127
59.7312 0.0941828
60.150 0.0969529
61.987 0.099723
62.812 0.102493
64.025 0.105263
65.5987 0.108033
65.9675 0.110803
68.8850 0.113573
69.225 0.116343
74.050 0.119114
74.8737 0.121884
76.4367 0.124654
77.7317 0.127424
77.825 0.130194
78.600 0.132964
79.250 0.135734
82.263 0.138504
82.300 0.141274
82.3275 0.144044
83.0737 0.146814
83.1487 0.149584
83.7992 0.152355
84.437 0.155125
84.4642 0.157895
84.6067 0.160665
85.125 0.163435
86.350 0.166205
86.6650 0.168975
89.000 0.171745
89.737 0.174515
90.575 0.177285
92.100 0.180055
92.250 0.182825
92.57475 0.185596
93.4925 0.188366
95.450 0.191136
95.75437 0.193906
95.9887 0.196676
97.0987 0.199446
101.0925 0.202216
105.4237 0.204986
106.8225 0.207756
108.2075 0.210526
110.375 0.213296
110.3925 0.216066
112.5650 0.218837
120.3862 0.221607
126.500 0.224377
127.650 0.227147
129.225 0.229917
131.7850 0.232687
132.7992 0.235457
135.600 0.238227
136.7350 0.240997
139.888 0.243767
140.5237 0.246537
140.813 0.249307
143.437 0.252078
145.9275 0.254848
147.675 0.257618
148.350 0.260388
149.363 0.263158
149.4225 0.265928
151.3767 0.268698
153.8475 0.271468
166.48412 0.274238
168.4117 0.277008
169.000 0.279778
170.2692 0.282548
178.4350 0.285319
179.5767 0.288089
180.1692 0.290859
187.512 0.293629
191.1675 0.296399
193.0812 0.299169
195.1687 0.301939
202.700 0.304709
205.6512 0.307479
206.5612 0.310249
206.6442 0.313019
215.0825 0.315789
216.0225 0.31856
220.9762 0.32133
223.7062 0.3241
228.700 0.32687
231.487 0.32964
232.850 0.33241
239.263 0.33518
244.6037 0.33795
256.750 0.34072
259.825 0.34349
277.8742 0.34626
280.7062 0.34903
281.2512 0.351801
284.4367 0.354571
295.4137 0.357341
300.5887 0.360111
307.150 0.362881
307.325 0.365651
311.2725 0.368421
314.1325 0.371191
315.0675 0.373961
316.913 0.376731
319.987 0.379501
325.000 0.382271
325.088 0.385042
327.625 0.387812
332.500 0.390582
343.387 0.393352
349.9725 0.396122
350.750 0.398892
350.950 0.401662
352.3275 0.404432
358.575 0.407202
364.512 0.409972
366.125 0.412742
366.5817 0.415512
370.575 0.418283
371.4487 0.421053
371.475 0.423823
380.1975 0.426593
381.9350 0.429363
387.625 0.432133
392.925 0.434903
401.150 0.437673
403.125 0.440443
403.850 0.443213
413.675 0.445983
415.1267 0.448753
415.4175 0.451524
418.687 0.454294
423.050 0.457064
432.600 0.459834
432.750 0.462604
435.6017 0.465374
437.762 0.468144
444.375 0.470914
450.737 0.473684
454.362 0.476454
461.850 0.479224
464.7825 0.481994
469.3762 0.484765
485.1975 0.487535
486.563 0.490305
502.725 0.493075
504.6575 0.495845
517.325 0.498615
530.575 0.501385
533.1112 0.504155
551.725 0.506925
553.1350 0.509695
554.400 0.512465
554.875 0.515235
558.125 0.518006
566.4112 0.520776
585.263 0.523546
605.525 0.526316
607.6275 0.529086
608.4225 0.531856
642.3150 0.534626
644.225 0.537396
662.400 0.540166
664.300 0.542936
671.5237 0.545706
677.863 0.548476
697.875 0.551247
698.625 0.554017
702.3317 0.556787
704.025 0.559557
731.175 0.562327
733.875 0.565097
736.3650 0.567867
738.6225 0.570637
739.9617 0.573407
740.775 0.576177
740.875 0.578947
744.050 0.581717
746.425 0.584488
754.500 0.587258
763.525 0.590028
763.7512 0.592798
771.750 0.595568
776.800 0.598338
783.187 0.601108
785.8350 0.603878
793.0387 0.606648
794.4187 0.609418
796.425 0.612188
798.7612 0.614958
799.4350 0.617729
802.5492 0.620499
806.2275 0.623269
807.250 0.626039
811.2862 0.628809
814.1267 0.631579
824.575 0.634349
832.5012 0.637119
842.1442 0.639889
848.4812 0.642659
849.2512 0.645429
860.6350 0.648199
862.650 0.65097
863.200 0.65374
864.2687 0.65651
894.975 0.65928
899.1067 0.66205
918.4612 0.66482
929.400 0.66759
937.900 0.67036
953.8612 0.67313
955.8650 0.6759
962.500 0.67867
981.5650 0.68144
988.675 0.684211
1001.175 0.686981
1010.325 0.689751
1011.950 0.692521
1019.412 0.695291
1040.450 0.698061
1050.1437 0.700831
1058.513 0.703601
1063.125 0.706371
1082.175 0.709141
1082.7350 0.711911
1106.6737 0.714681
1117.938 0.717452
1125.0225 0.720222
1137.0017 0.722992
1139.9512 0.725762
1142.5275 0.728532
1144.0817 0.731302
1144.1687 0.734072
1168.5892 0.736842
1169.350 0.739612
1179.400 0.742382
1186.2850 0.745152
1188.075 0.747922
1203.250 0.750693
1215.1850 0.753463
1216.0392 0.756233
1219.300 0.759003
1261.2867 0.761773
1267.0612 0.764543
1291.6692 0.767313
1294.3562 0.770083
1303.9512 0.772853
1307.8650 0.775623
1314.9642 0.778393
1323.825 0.781163
1340.325 0.783934
1346.4242 0.786704
1348.7742 0.789474
1382.5725 0.792244
1390.200 0.795014
1392.2025 0.797784
1393.5650 0.800554
1405.4187 0.803324
1405.8312 0.806094
1409.175 0.808864
1450.725 0.811634
1452.075 0.814404
1455.150 0.817175
1467.0512 0.819945
1483.8350 0.822715
1486.500 0.825485
1491.3317 0.828255
1492.575 0.831025
1520.287 0.833795
1521.3942 0.836565
1529.500 0.839335
1531.375 0.842105
1532.0350 0.844875
1540.225 0.847645
1556.8275 0.850416
1565.4850 0.853186
1568.9850 0.855956
1574.0850 0.858726
1581.8150 0.861496
1590.650 0.864266
1612.275 0.867036
1621.0725 0.869806
1634.900 0.872576
1642.1742 0.875346
1643.4492 0.878116
1645.950 0.880886
1658.475 0.883657
1665.8850 0.886427
1666.6275 0.889197
1669.3850 0.891967
1670.6650 0.894737
1671.3637 0.897507
1675.7737 0.900277
1676.1067 0.903047
1685.337 0.905817
1690.675 0.908587
1691.3562 0.911357
1691.7687 0.914127
1696.0817 0.916898
1700.6692 0.919668
1703.100 0.922438
1704.500 0.925208
1705.1775 0.927978
1710.500 0.930748
1711.2942 0.933518
1716.2025 0.936288
1718.8725 0.939058
1719.975 0.941828
1721.6237 0.944598
1724.2725 0.947368
1725.0192 0.950139
1727.8887 0.952909
1739.1525 0.955679
1743.0812 0.958449
1745.0025 0.961219
1748.0475 0.963989
1752.1275 0.966759
1756.8525 0.969529
1765.312 0.972299
1769.250 0.975069
1780.6062 0.977839
1781.6687 0.980609
1792.6742 0.98338
1797.1017 0.98615
1807.1987 0.98892
1807.9150 0.99169
1809.7892 0.99446
1813.3237 0.99723
2098.987 1
