1 0.005929
2 0.117374
3 0.120284
4 0.134098
5 0.174781
6 0.213963
7 0.243233
8 0.301468
9 0.320802
10 0.335277
11 0.360450
12 0.365853
13 0.393901
14 0.426000
15 0.460981
16 0.507743
17 0.525259
18 0.525564
19 0.527472
20 0.551305
21 0.621709
22 0.629104
23 0.676700
24 0.743249
25 0.755288
26 0.773647
27 0.784219
28 0.871873
29 0.932422
30 1.038731
31 1.068758
32 1.071538
33 1.096596
34 1.151271
35 1.155887
36 1.187324
37 1.193322
38 1.208276
39 1.237984
40 1.276449
41 1.346972
42 1.358769
43 1.407402
44 1.412609
45 1.437409
46 1.450171
47 1.542711
48 1.633487
49 1.653440
50 1.674928
51 1.708377
52 1.742819
53 1.795874
54 1.865550
55 1.962406
56 1.972367
57 1.984289
58 2.124156
59 2.142219
60 2.182970
61 2.311321
62 2.341284
63 2.345443
64 2.389851
65 2.391945
66 2.409905
67 2.491006
68 2.522517
69 2.560792
70 2.596308
71 2.604540
72 2.606072
73 2.640518
74 2.704432
75 2.744029
76 2.752082
77 2.904422
78 2.977977
79 3.024508
80 3.049387
81 3.055408
82 3.091596
83 3.143057
84 3.194453
85 3.221842
86 3.246481
87 3.308228
88 3.325345
89 3.329680
90 3.345815
91 3.356849
92 3.377884
93 3.400746
94 3.483801
95 3.522671
96 3.529584
97 3.607000
98 3.704844
99 3.712171
100 3.783676
101 3.835392
102 3.886215
103 3.912817
104 3.922973
105 3.942595
106 3.972662
107 4.186118
108 4.202616
109 4.245001
110 4.275616
111 4.284403
112 4.346435
113 4.363134
114 4.369926
115 4.454567
116 4.457152
117 4.471337
118 4.519261
119 4.534498
120 4.541933
121 4.545927
122 4.554389
123 4.614236
124 4.717958
125 4.770318
126 4.818531
127 4.867272
128 5.008842
129 5.055287
130 5.198112
131 5.321660
132 5.348178
133 5.429414
134 5.500716
135 5.545276
136 5.585225
137 5.700971
138 5.734493
139 5.848288
140 5.874741
141 5.888349
142 6.001011
143 6.119844
144 6.158292
145 6.201622
146 6.216255
147 6.243206
148 6.397095
149 6.438071
150 6.576014
151 6.583322
152 6.765718
153 6.819222
154 6.850902
155 6.979628
156 7.004955
157 7.040652
158 7.104073
159 7.116325
160 7.153982
161 7.357301
162 7.379278
163 7.476201
164 7.521770
165 7.705855
166 7.784742
167 7.789336
168 7.876689
169 7.925466
170 7.939299
171 8.037813
172 8.107330
173 8.146114
174 8.180621
175 8.233209
176 8.271410
177 8.342192
178 8.410656
179 8.511733
180 8.571846
181 8.585036
182 8.589378
183 8.758791
184 8.936533
185 9.063498
186 9.154420
187 9.156450
188 9.156680
189 9.213098
190 9.333951
191 9.504918
192 9.550056
193 9.607293
194 9.739035
195 9.746194
196 9.843667
197 9.857564
198 9.965532
199 9.983710
200 10.104581
201 10.195107
202 10.405963
203 10.450415
204 10.529742
205 10.603981
206 10.631254
207 10.858684
208 10.915305
209 10.966355
210 11.193922
211 11.363938
212 11.538026
213 11.543097
214 11.600622
215 11.688682
216 11.696359
217 11.764079
218 11.899041
219 11.985434
220 12.012959
221 12.043038
222 12.159206
223 12.223753
224 12.230485
225 12.320799
226 12.401254
227 12.524901
228 12.683360
229 12.842421
230 13.014998
231 13.145439
232 13.209587
233 13.632798
234 13.821796
235 13.854755
236 13.948667
237 14.008646
238 14.321078
239 14.353101
240 14.633933
241 14.749546
242 14.803395
243 14.809687
244 15.100293
245 15.452799
246 15.847938
247 15.876609
248 16.056009
249 16.224393
250 16.296579
251 16.380435
252 16.702455
253 16.849917
254 17.071918
255 17.295791
256 17.714263
257 17.722616
258 17.756535
259 17.852928
260 17.878799
261 17.927667
262 17.939967
263 18.018448
264 18.236978
265 18.658534
266 18.949258
267 19.587357
268 19.646078
269 19.657877
270 19.793102
271 19.861101
272 20.055835
273 20.209639
274 20.225751
275 20.335056
276 20.626737
277 20.640865
278 20.682588
279 21.039452
280 21.101947
281 21.252969
282 21.406963
283 21.464531
284 21.528812
285 21.658501
286 21.673675
287 21.683840
288 21.964978
289 22.142763
290 22.154291
291 22.462396
292 23.295909
293 23.508970
294 23.950689
295 24.154712
296 24.243477
297 24.582933
298 24.686128
299 24.702002
300 24.783473
301 25.047883
302 25.142652
303 25.427982
304 25.733659
305 25.828472
306 25.930616
307 25.955844
308 26.509479
309 27.397525
310 27.710170
311 27.919295
312 27.999428
313 28.310424
314 28.891796
315 31.084067
316 31.802160
317 32.110548
318 32.487059
319 32.642677
320 32.892326
321 32.907754
322 33.440593
323 33.453855
324 33.527583
325 33.949691
326 34.595805
327 34.923437
328 35.068798
329 37.447959
330 38.418990
331 38.579440
332 38.593638
333 40.060395
334 41.178814
335 41.310009
336 41.360441
337 41.717750
338 42.261124
339 43.166408
340 43.265477
341 43.493244
342 43.777242
343 45.177764
344 45.282018
345 46.725169
346 46.896061
347 47.855684
348 48.965240
349 50.602174
350 69.063181
351 72.564137
352 78.873789
353 88.061315
354 104.973233
355 113.719893
356 116.054356
357 128.616333
358 140.016484
359 140.698481
360 145.831203
361 178.513896
