2.72375 0.00277008
3.63728 0.00554017
8.22738 0.00831025
9.78349 0.0110803
9.83496 0.0138504
10.4154 0.0166205
10.9955 0.0193906
11.0712 0.0221607
12.2588 0.0249307
13.5146 0.0277008
14.1362 0.0304709
14.412 0.033241
14.7961 0.0360111
14.8918 0.0387812
16.7349 0.0415512
18.4311 0.0443213
19.3719 0.0470914
19.6135 0.0498615
19.8779 0.0526316
20.0743 0.0554017
22.0858 0.0581717
22.5341 0.0609418
22.8918 0.0637119
23.4594 0.066482
24.7001 0.0692521
25.1069 0.0720222
26.179 0.0747922
26.9221 0.0775623
27.1867 0.0803324
29.1106 0.0831025
30.1031 0.0858726
31.0712 0.0886427
31.8708 0.0914127
32.1981 0.0941828
32.6885 0.0969529
33.8396 0.099723
35.941 0.102493
37.1227 0.105263
37.2384 0.108033
38.2816 0.110803
38.3787 0.113573
39.2736 0.116343
40.9329 0.119114
42.5025 0.121884
43.4597 0.124654
44.5787 0.127424
45.302 0.130194
47.7596 0.132964
49.2049 0.135734
51.8563 0.138504
52.1025 0.141274
52.7003 0.144044
53.8338 0.146814
55.3332 0.149584
56.5189 0.152355
57.7644 0.155125
60.0147 0.157895
60.8238 0.160665
62.5738 0.163435
66.0781 0.166205
66.8663 0.168975
70.2806 0.171745
72.3855 0.174515
72.6075 0.177285
73.4828 0.180055
75.2879 0.182825
77.851 0.185596
85.0935 0.188366
87.1683 0.191136
90.1859 0.193906
92.2148 0.196676
92.6333 0.199446
93.7845 0.202216
94.1069 0.204986
95.1004 0.207756
95.3994 0.210526
96.1051 0.213296
96.318 0.216066
97.0329 0.218837
97.3413 0.221607
99.7415 0.224377
100.412 0.227147
106.956 0.229917
107.716 0.232687
107.8 0.235457
108.678 0.238227
109.214 0.240997
116.578 0.243767
131.242 0.246537
132.015 0.249307
136.599 0.252078
137.434 0.254848
138.773 0.257618
140.18 0.260388
142.184 0.263158
145.762 0.265928
148.803 0.268698
151.575 0.271468
151.699 0.274238
153.414 0.277008
164.769 0.279778
168.386 0.282548
168.512 0.285319
170.61 0.288089
172.151 0.290859
176.822 0.293629
179.22 0.296399
180.308 0.299169
181.111 0.301939
186.335 0.304709
187.332 0.307479
188.818 0.310249
198.901 0.313019
199.622 0.315789
204.158 0.31856
204.557 0.32133
205.041 0.3241
209.816 0.32687
210.027 0.32964
211.36 0.33241
213.754 0.33518
216.159 0.33795
216.185 0.34072
218.188 0.34349
222.498 0.34626
222.954 0.34903
223.88 0.351801
227.501 0.354571
231.33 0.357341
241.692 0.360111
245.534 0.362881
246.676 0.365651
248.298 0.368421
248.809 0.371191
256.642 0.373961
263.563 0.376731
264.995 0.379501
266.959 0.382271
271.969 0.385042
272.22 0.387812
273.017 0.390582
273.792 0.393352
274.035 0.396122
274.737 0.398892
282.187 0.401662
282.616 0.404432
283.131 0.407202
285.576 0.409972
291.863 0.412742
296.421 0.415512
299.065 0.418283
302.712 0.421053
302.752 0.423823
305.33 0.426593
305.844 0.429363
310.275 0.432133
321.371 0.434903
325.239 0.437673
327.001 0.440443
336.747 0.443213
340.404 0.445983
345.262 0.448753
347.642 0.451524
353.107 0.454294
357.876 0.457064
363.199 0.459834
363.921 0.462604
367.278 0.465374
369.372 0.468144
373.634 0.470914
380.477 0.473684
392.846 0.476454
396.754 0.479224
397.074 0.481994
412.111 0.484765
426.315 0.487535
426.849 0.490305
429.3 0.493075
429.683 0.495845
431.09 0.498615
436.612 0.501385
444.364 0.504155
451.817 0.506925
463.325 0.509695
467.266 0.512465
468.253 0.515235
475.919 0.518006
480.996 0.520776
482.252 0.523546
486.972 0.526316
494.946 0.529086
497.022 0.531856
497.552 0.534626
514.139 0.537396
521.105 0.540166
522.203 0.542936
543.08 0.545706
546.339 0.548476
554.546 0.551247
555.467 0.554017
558.078 0.556787
572.599 0.559557
577.727 0.562327
593.19 0.565097
595.138 0.567867
603.171 0.570637
603.392 0.573407
617.115 0.576177
617.188 0.578947
644.394 0.581717
650.508 0.584488
652.852 0.587258
658.55 0.590028
661.08 0.592798
661.101 0.595568
668.44 0.598338
669.854 0.601108
671.338 0.603878
678.755 0.606648
680.216 0.609418
680.576 0.612188
691.308 0.614958
691.55 0.617729
695.561 0.620499
695.761 0.623269
698.25 0.626039
711.692 0.628809
718.84 0.631579
722.768 0.634349
724.926 0.637119
729.67 0.639889
734.071 0.642659
734.943 0.645429
740.418 0.648199
751.336 0.65097
755.015 0.65374
762.915 0.65651
773.166 0.65928
776.816 0.66205
782.211 0.66482
783.563 0.66759
785.163 0.67036
786.013 0.67313
786.163 0.6759
786.506 0.67867
798.711 0.68144
808.614 0.684211
809.248 0.686981
817.478 0.689751
832.908 0.692521
845.041 0.695291
849.886 0.698061
851.042 0.700831
854.188 0.703601
854.468 0.706371
857.906 0.709141
865.053 0.711911
868.025 0.714681
874.203 0.717452
877.319 0.720222
878.239 0.722992
883.289 0.725762
887.204 0.728532
891.874 0.731302
892.425 0.734072
895.778 0.736842
896.488 0.739612
897.1 0.742382
910.206 0.745152
910.244 0.747922
920.821 0.750693
923.159 0.753463
927.324 0.756233
927.901 0.759003
929.909 0.761773
943.433 0.764543
946.048 0.767313
947.31 0.770083
948.412 0.772853
948.634 0.775623
949.632 0.778393
951.181 0.781163
953.549 0.783934
959.796 0.786704
963.59 0.789474
966.728 0.792244
975.441 0.795014
979.912 0.797784
982.311 0.800554
983.781 0.803324
984.854 0.806094
986.352 0.808864
986.706 0.811634
987.389 0.814404
987.437 0.817175
987.981 0.819945
1003.09 0.822715
1012.17 0.825485
1012.24 0.828255
1021.28 0.831025
1031.96 0.833795
1045.53 0.836565
1051.77 0.839335
1075.31 0.842105
1077.27 0.844875
1127.04 0.847645
1130.5 0.850416
1144.42 0.853186
1167.45 0.855956
1225.84 0.858726
1242.59 0.861496
1322.78 0.864266
1345.06 0.867036
1352.87 0.869806
1371.23 0.872576
1380.27 0.875346
1396.9 0.878116
1410.43 0.880886
1413.53 0.883657
1427 0.886427
1429.66 0.889197
1430.76 0.891967
1437.04 0.894737
1448.38 0.897507
1479.83 0.900277
1491.7 0.903047
1506.66 0.905817
1611.61 0.908587
1617.76 0.911357
1657.28 0.914127
1667.19 0.916898
1691.83 0.919668
1746.85 0.922438
1751.95 0.925208
1752.65 0.927978
1783.81 0.930748
1785.93 0.933518
1840.98 0.936288
1876.52 0.939058
1923.87 0.941828
1955.63 0.944598
1967.87 0.947368
2016.99 0.950139
2051.52 0.952909
2051.75 0.955679
2144.75 0.958449
2228.29 0.961219
2267.84 0.963989
2291.74 0.966759
2308.93 0.969529
2367.15 0.972299
2447.86 0.975069
2541.87 0.977839
2580.22 0.980609
2709.4 0.98338
2796.99 0.98615
2846.9 0.98892
2958.64 0.99169
2974.83 0.99446
3087.57 0.99723
3428.96 1
