.200 0.00277008
8.200 0.00554017
9.900 0.00831025
22.600 0.0110803
23.600 0.0138504
26.600 0.0166205
30.900 0.0193906
31.300 0.0221607
36.200 0.0249307
42.900 0.0277008
43.900 0.0304709
51.100 0.033241
51.900 0.0360111
52.600 0.0387812
52.800 0.0415512
53.500 0.0443213
55.400 0.0470914
59.200 0.0498615
65.800 0.0526316
68.200 0.0554017
68.600 0.0581717
70.000 0.0637119
70.000 0.0637119
71.100 0.066482
73.200 0.0692521
74.200 0.0720222
74.400 0.0747922
74.800 0.0775623
74.900 0.0803324
78.800 0.0831025
80.100 0.0886427
80.100 0.0886427
80.900 0.0914127
81.000 0.0941828
81.300 0.0969529
82.800 0.099723
84.000 0.102493
84.500 0.105263
84.700 0.108033
85.200 0.110803
86.200 0.113573
86.500 0.119114
86.500 0.119114
86.700 0.121884
87.300 0.124654
88.200 0.127424
88.300 0.130194
88.800 0.132964
89.700 0.135734
90.300 0.141274
90.300 0.141274
90.900 0.144044
91.200 0.146814
91.300 0.149584
91.400 0.152355
92.100 0.155125
92.800 0.157895
92.900 0.160665
93.200 0.163435
93.300 0.166205
93.400 0.168975
93.700 0.171745
94.000 0.177285
94.000 0.177285
94.300 0.180055
94.500 0.182825
94.600 0.185596
94.700 0.188366
95.100 0.193906
95.100 0.193906
95.200 0.199446
95.200 0.199446
95.400 0.202216
95.500 0.204986
95.700 0.207756
95.800 0.210526
95.900 0.218837
95.900 0.218837
95.900 0.218837
96.300 0.221607
96.400 0.224377
96.500 0.229917
96.500 0.229917
96.600 0.232687
96.700 0.238227
96.700 0.238227
97.000 0.249307
97.000 0.249307
97.000 0.249307
97.000 0.249307
97.100 0.254848
97.100 0.254848
97.200 0.257618
97.300 0.260388
97.400 0.265928
97.400 0.265928
97.600 0.274238
97.600 0.274238
97.600 0.274238
97.700 0.285319
97.700 0.285319
97.700 0.285319
97.700 0.285319
97.800 0.290859
97.800 0.290859
97.900 0.301939
97.900 0.301939
97.900 0.301939
97.900 0.301939
98.000 0.313019
98.000 0.313019
98.000 0.313019
98.000 0.313019
98.100 0.315789
98.200 0.31856
98.300 0.32687
98.300 0.32687
98.300 0.32687
98.400 0.33241
98.400 0.33241
98.500 0.33795
98.500 0.33795
98.600 0.34349
98.600 0.34349
98.700 0.351801
98.700 0.351801
98.700 0.351801
98.800 0.365651
98.800 0.365651
98.800 0.365651
98.800 0.365651
98.800 0.365651
98.900 0.371191
98.900 0.371191
99.000 0.385042
99.000 0.385042
99.000 0.385042
99.000 0.385042
99.000 0.385042
99.100 0.393352
99.100 0.393352
99.100 0.393352
99.200 0.404432
99.200 0.404432
99.200 0.404432
99.200 0.404432
99.300 0.454294
99.300 0.454294
99.300 0.454294
99.300 0.454294
99.300 0.454294
99.300 0.454294
99.300 0.454294
99.300 0.454294
99.300 0.454294
99.300 0.454294
99.300 0.454294
99.300 0.454294
99.300 0.454294
99.300 0.454294
99.300 0.454294
99.300 0.454294
99.300 0.454294
99.300 0.454294
99.400 0.487535
99.400 0.487535
99.400 0.487535
99.400 0.487535
99.400 0.487535
99.400 0.487535
99.400 0.487535
99.400 0.487535
99.400 0.487535
99.400 0.487535
99.400 0.487535
99.400 0.487535
99.500 0.523546
99.500 0.523546
99.500 0.523546
99.500 0.523546
99.500 0.523546
99.500 0.523546
99.500 0.523546
99.500 0.523546
99.500 0.523546
99.500 0.523546
99.500 0.523546
99.500 0.523546
99.500 0.523546
99.600 0.551247
99.600 0.551247
99.600 0.551247
99.600 0.551247
99.600 0.551247
99.600 0.551247
99.600 0.551247
99.600 0.551247
99.600 0.551247
99.600 0.551247
99.700 0.595568
99.700 0.595568
99.700 0.595568
99.700 0.595568
99.700 0.595568
99.700 0.595568
99.700 0.595568
99.700 0.595568
99.700 0.595568
99.700 0.595568
99.700 0.595568
99.700 0.595568
99.700 0.595568
99.700 0.595568
99.700 0.595568
99.700 0.595568
99.800 0.603878
99.800 0.603878
99.800 0.603878
100.800 0.606648
106.700 0.609418
110.100 0.612188
110.200 0.614958
137.700 0.617729
140.700 0.620499
145.600 0.623269
151.300 0.626039
156.000 0.628809
156.100 0.631579
156.400 0.642659
156.400 0.642659
156.400 0.642659
156.400 0.642659
156.500 0.645429
178.700 0.648199
183.800 0.65097
217.500 0.65374
220.600 0.65651
232.300 0.65928
235.600 0.66205
237.400 0.66482
238.500 0.66759
240.500 0.67036
243.500 0.67313
247.500 0.6759
274.700 0.67867
281.200 0.68144
282.800 0.684211
283.700 0.686981
289.800 0.689751
309.300 0.692521
321.400 0.695291
338.100 0.698061
353.700 0.700831
368.600 0.703601
372.400 0.706371
375.000 0.709141
387.300 0.711911
395.600 0.714681
395.900 0.717452
398.300 0.720222
402.400 0.722992
411.900 0.725762
413.200 0.728532
421.300 0.731302
421.700 0.734072
423.600 0.736842
429.500 0.739612
463.400 0.742382
495.700 0.745152
506.500 0.747922
540.600 0.750693
544.700 0.753463
550.600 0.756233
559.900 0.759003
560.000 0.761773
570.700 0.764543
583.200 0.767313
646.600 0.770083
699.100 0.772853
723.500 0.775623
762.500 0.778393
766.900 0.781163
769.800 0.783934
839.500 0.786704
907.000 0.789474
927.000 0.792244
934.500 0.795014
964.800 0.797784
1011.800 0.800554
1025.600 0.803324
1034.200 0.806094
1058.000 0.808864
1109.000 0.811634
1113.300 0.814404
1118.000 0.817175
1118.100 0.819945
1150.000 0.822715
1157.900 0.825485
1170.300 0.828255
1188.900 0.831025
1192.000 0.833795
1195.100 0.836565
1203.300 0.839335
1224.200 0.842105
1240.300 0.844875
1244.900 0.847645
1245.700 0.850416
1250.100 0.853186
1251.700 0.855956
1258.200 0.858726
1272.400 0.861496
1274.900 0.864266
1291.000 0.867036
1373.800 0.869806
1395.500 0.872576
1419.400 0.875346
1497.300 0.878116
1566.100 0.880886
1570.500 0.883657
1587.400 0.886427
1587.600 0.889197
1595.000 0.891967
1595.800 0.894737
1657.600 0.897507
1669.300 0.900277
1685.300 0.903047
1697.000 0.905817
1781.600 0.908587
1804.800 0.911357
1889.800 0.914127
1943.300 0.916898
1987.700 0.919668
2050.000 0.922438
2055.300 0.925208
2059.400 0.927978
2110.100 0.930748
2151.900 0.933518
2161.400 0.936288
2179.800 0.939058
2270.200 0.941828
2272.000 0.944598
2328.200 0.947368
2402.400 0.950139
2441.600 0.952909
2493.500 0.955679
2635.300 0.958449
2806.500 0.961219
3047.500 0.963989
3701.900 0.966759
3707.100 0.969529
4068.900 0.972299
4117.300 0.975069
4142.100 0.977839
4181.700 0.980609
5358.300 0.98338
5832.100 0.98615
6982.400 0.98892
7416.500 0.99169
8489.100 0.99446
10308.800 0.99723
167328.800 1
