0 0.0277008
0 0.0277008
0 0.0277008
0 0.0277008
0 0.0277008
0 0.0277008
0 0.0277008
0 0.0277008
0 0.0277008
0 0.0277008
.100 0.0360111
.100 0.0360111
.100 0.0360111
.200 0.0443213
.200 0.0443213
.200 0.0443213
.300 0.0526316
.300 0.0526316
.300 0.0526316
.400 0.0775623
.400 0.0775623
.400 0.0775623
.400 0.0775623
.400 0.0775623
.400 0.0775623
.400 0.0775623
.400 0.0775623
.400 0.0775623
.500 0.0969529
.500 0.0969529
.500 0.0969529
.500 0.0969529
.500 0.0969529
.500 0.0969529
.500 0.0969529
.600 0.108033
.600 0.108033
.600 0.108033
.600 0.108033
.700 0.116343
.700 0.116343
.700 0.116343
.800 0.135734
.800 0.135734
.800 0.135734
.800 0.135734
.800 0.135734
.800 0.135734
.800 0.135734
.900 0.141274
.900 0.141274
1.000 0.149584
1.000 0.149584
1.000 0.149584
1.100 0.155125
1.100 0.155125
1.200 0.168975
1.200 0.168975
1.200 0.168975
1.200 0.168975
1.200 0.168975
1.300 0.188366
1.300 0.188366
1.300 0.188366
1.300 0.188366
1.300 0.188366
1.300 0.188366
1.300 0.188366
1.400 0.196676
1.400 0.196676
1.400 0.196676
1.500 0.207756
1.500 0.207756
1.500 0.207756
1.500 0.207756
1.600 0.216066
1.600 0.216066
1.600 0.216066
1.700 0.218837
1.800 0.224377
1.800 0.224377
1.900 0.232687
1.900 0.232687
1.900 0.232687
2.000 0.243767
2.000 0.243767
2.000 0.243767
2.000 0.243767
2.100 0.249307
2.100 0.249307
2.300 0.268698
2.300 0.268698
2.300 0.268698
2.300 0.268698
2.300 0.268698
2.300 0.268698
2.300 0.268698
2.400 0.274238
2.400 0.274238
2.500 0.288089
2.500 0.288089
2.500 0.288089
2.500 0.288089
2.500 0.288089
2.600 0.299169
2.600 0.299169
2.600 0.299169
2.600 0.299169
2.700 0.315789
2.700 0.315789
2.700 0.315789
2.700 0.315789
2.700 0.315789
2.700 0.315789
2.800 0.32133
2.800 0.32133
2.900 0.33241
2.900 0.33241
2.900 0.33241
2.900 0.33241
3.100 0.33518
3.200 0.34349
3.200 0.34349
3.200 0.34349
3.300 0.351801
3.300 0.351801
3.300 0.351801
3.400 0.354571
3.500 0.360111
3.500 0.360111
3.600 0.362881
3.700 0.371191
3.700 0.371191
3.700 0.371191
3.800 0.373961
3.900 0.382271
3.900 0.382271
3.900 0.382271
4.000 0.385042
4.100 0.396122
4.100 0.396122
4.100 0.396122
4.100 0.396122
4.200 0.398892
4.300 0.401662
4.400 0.404432
4.700 0.409972
4.700 0.409972
4.800 0.412742
4.900 0.423823
4.900 0.423823
4.900 0.423823
4.900 0.423823
5.100 0.432133
5.100 0.432133
5.100 0.432133
5.200 0.434903
5.300 0.437673
5.400 0.440443
5.500 0.443213
5.600 0.445983
6.000 0.451524
6.000 0.451524
6.300 0.462604
6.300 0.462604
6.300 0.462604
6.300 0.462604
6.400 0.465374
6.500 0.468144
6.800 0.470914
6.900 0.473684
7.000 0.484765
7.000 0.484765
7.000 0.484765
7.000 0.484765
7.400 0.487535
7.700 0.490305
7.800 0.495845
7.800 0.495845
7.900 0.501385
7.900 0.501385
8.100 0.504155
8.400 0.509695
8.400 0.509695
8.800 0.512465
8.900 0.515235
9.100 0.520776
9.100 0.520776
9.200 0.526316
9.200 0.526316
9.300 0.531856
9.300 0.531856
9.400 0.534626
9.500 0.540166
9.500 0.540166
9.600 0.545706
9.600 0.545706
9.700 0.551247
9.700 0.551247
9.800 0.554017
10.000 0.556787
10.100 0.562327
10.100 0.562327
10.200 0.567867
10.200 0.567867
10.400 0.587258
10.400 0.587258
10.400 0.587258
10.400 0.587258
10.400 0.587258
10.400 0.587258
10.400 0.587258
10.600 0.592798
10.600 0.592798
11.000 0.598338
11.000 0.598338
11.200 0.601108
11.400 0.603878
11.600 0.606648
11.800 0.609418
11.900 0.612188
12.100 0.614958
12.300 0.620499
12.300 0.620499
12.500 0.628809
12.500 0.628809
12.500 0.628809
12.700 0.634349
12.700 0.634349
12.800 0.639889
12.800 0.639889
13.000 0.645429
13.000 0.645429
13.300 0.648199
13.400 0.65097
13.500 0.65374
13.600 0.65651
13.900 0.65928
14.000 0.66205
14.200 0.66482
14.400 0.67036
14.400 0.67036
14.500 0.67313
14.700 0.68144
14.700 0.68144
14.700 0.68144
14.900 0.684211
15.000 0.686981
15.200 0.692521
15.200 0.692521
15.400 0.698061
15.400 0.698061
15.500 0.700831
15.900 0.703601
16.000 0.706371
16.100 0.709141
16.700 0.711911
16.800 0.714681
17.000 0.717452
17.300 0.720222
17.500 0.722992
17.800 0.728532
17.800 0.728532
18.000 0.731302
18.500 0.734072
18.700 0.736842
18.800 0.739612
18.900 0.742382
19.300 0.747922
19.300 0.747922
19.400 0.750693
19.800 0.753463
20.400 0.756233
20.700 0.759003
21.200 0.761773
21.400 0.764543
21.700 0.767313
21.800 0.772853
21.800 0.772853
22.500 0.775623
22.600 0.778393
23.300 0.781163
23.500 0.783934
24.300 0.786704
24.400 0.789474
25.500 0.792244
25.900 0.795014
26.300 0.797784
26.600 0.800554
26.800 0.803324
27.200 0.806094
27.400 0.808864
27.800 0.811634
28.300 0.814404
28.400 0.817175
29.900 0.819945
30.000 0.822715
30.300 0.825485
31.100 0.828255
31.300 0.831025
31.700 0.833795
31.900 0.836565
32.400 0.839335
32.500 0.842105
33.200 0.844875
33.500 0.847645
33.900 0.850416
35.200 0.853186
35.600 0.855956
36.800 0.858726
37.100 0.861496
38.000 0.864266
39.200 0.867036
39.400 0.872576
39.400 0.872576
40.100 0.875346
40.600 0.878116
40.800 0.880886
41.100 0.883657
42.400 0.886427
42.800 0.889197
43.300 0.891967
44.400 0.894737
44.500 0.897507
45.900 0.903047
45.900 0.903047
46.400 0.905817
46.800 0.908587
46.900 0.911357
47.400 0.914127
49.600 0.916898
49.700 0.919668
52.700 0.922438
53.400 0.925208
54.100 0.927978
55.000 0.930748
58.000 0.933518
59.900 0.936288
65.100 0.939058
65.300 0.941828
65.400 0.944598
66.100 0.947368
66.200 0.950139
67.800 0.952909
72.000 0.955679
72.700 0.958449
75.400 0.961219
75.500 0.963989
76.900 0.966759
79.400 0.969529
80.100 0.972299
83.800 0.975069
84.600 0.977839
85.800 0.980609
87.500 0.98338
88.200 0.98615
93.100 0.98892
93.200 0.99169
115.100 0.99446
127.000 0.99723
129.600 1
