0 0.0221607
0 0.0221607
0 0.0221607
0 0.0221607
0 0.0221607
0 0.0221607
0 0.0221607
0 0.0221607
.100 0.0304709
.100 0.0304709
.100 0.0304709
.200 0.0387812
.200 0.0387812
.200 0.0387812
.300 0.0526316
.300 0.0526316
.300 0.0526316
.300 0.0526316
.300 0.0526316
.400 0.0747922
.400 0.0747922
.400 0.0747922
.400 0.0747922
.400 0.0747922
.400 0.0747922
.400 0.0747922
.400 0.0747922
.500 0.0914127
.500 0.0914127
.500 0.0914127
.500 0.0914127
.500 0.0914127
.500 0.0914127
.600 0.108033
.600 0.108033
.600 0.108033
.600 0.108033
.600 0.108033
.600 0.108033
.700 0.116343
.700 0.116343
.700 0.116343
.800 0.132964
.800 0.132964
.800 0.132964
.800 0.132964
.800 0.132964
.800 0.132964
.900 0.141274
.900 0.141274
.900 0.141274
1.000 0.149584
1.000 0.149584
1.000 0.149584
1.100 0.155125
1.100 0.155125
1.200 0.168975
1.200 0.168975
1.200 0.168975
1.200 0.168975
1.200 0.168975
1.300 0.188366
1.300 0.188366
1.300 0.188366
1.300 0.188366
1.300 0.188366
1.300 0.188366
1.300 0.188366
1.400 0.199446
1.400 0.199446
1.400 0.199446
1.400 0.199446
1.500 0.207756
1.500 0.207756
1.500 0.207756
1.600 0.216066
1.600 0.216066
1.600 0.216066
1.700 0.218837
1.800 0.227147
1.800 0.227147
1.800 0.227147
1.900 0.235457
1.900 0.235457
1.900 0.235457
2.000 0.246537
2.000 0.246537
2.000 0.246537
2.000 0.246537
2.100 0.252078
2.100 0.252078
2.200 0.254848
2.300 0.271468
2.300 0.271468
2.300 0.271468
2.300 0.271468
2.300 0.271468
2.300 0.271468
2.400 0.279778
2.400 0.279778
2.400 0.279778
2.500 0.293629
2.500 0.293629
2.500 0.293629
2.500 0.293629
2.500 0.293629
2.600 0.301939
2.600 0.301939
2.600 0.301939
2.700 0.315789
2.700 0.315789
2.700 0.315789
2.700 0.315789
2.700 0.315789
2.800 0.32687
2.800 0.32687
2.800 0.32687
2.800 0.32687
2.900 0.32964
3.000 0.33241
3.100 0.33795
3.100 0.33795
3.200 0.34349
3.200 0.34349
3.300 0.34903
3.300 0.34903
3.400 0.354571
3.400 0.354571
3.500 0.360111
3.500 0.360111
3.600 0.365651
3.600 0.365651
3.700 0.373961
3.700 0.373961
3.700 0.373961
3.800 0.376731
3.900 0.382271
3.900 0.382271
4.000 0.390582
4.000 0.390582
4.000 0.390582
4.100 0.396122
4.100 0.396122
4.200 0.398892
4.300 0.404432
4.300 0.404432
4.700 0.412742
4.700 0.412742
4.700 0.412742
4.800 0.415512
4.900 0.421053
4.900 0.421053
5.000 0.423823
5.100 0.429363
5.100 0.429363
5.200 0.434903
5.200 0.434903
5.300 0.440443
5.300 0.440443
5.500 0.443213
5.600 0.445983
5.900 0.448753
6.200 0.457064
6.200 0.457064
6.200 0.457064
6.300 0.465374
6.300 0.465374
6.300 0.465374
6.700 0.468144
6.800 0.470914
7.000 0.479224
7.000 0.479224
7.000 0.479224
7.100 0.481994
7.200 0.487535
7.200 0.487535
7.700 0.493075
7.700 0.493075
7.800 0.495845
7.900 0.498615
8.000 0.504155
8.000 0.504155
8.300 0.506925
8.400 0.509695
8.800 0.512465
8.900 0.515235
9.000 0.518006
9.100 0.520776
9.200 0.529086
9.200 0.529086
9.200 0.529086
9.300 0.534626
9.300 0.534626
9.400 0.537396
9.500 0.540166
9.600 0.545706
9.600 0.545706
9.700 0.548476
9.900 0.551247
10.000 0.562327
10.000 0.562327
10.000 0.562327
10.000 0.562327
10.200 0.570637
10.200 0.570637
10.200 0.570637
10.400 0.587258
10.400 0.587258
10.400 0.587258
10.400 0.587258
10.400 0.587258
10.400 0.587258
10.500 0.590028
10.600 0.592798
11.000 0.595568
11.100 0.601108
11.100 0.601108
11.300 0.603878
11.600 0.606648
11.800 0.612188
11.800 0.612188
12.100 0.614958
12.300 0.620499
12.300 0.620499
12.500 0.623269
12.600 0.628809
12.600 0.628809
12.700 0.637119
12.700 0.637119
12.700 0.637119
12.800 0.642659
12.800 0.642659
13.000 0.645429
13.300 0.65097
13.300 0.65097
13.500 0.65651
13.500 0.65651
13.800 0.66205
13.800 0.66205
14.000 0.66482
14.400 0.66759
14.500 0.67036
14.600 0.6759
14.600 0.6759
14.700 0.67867
14.800 0.684211
14.800 0.684211
14.900 0.686981
15.200 0.692521
15.200 0.692521
15.400 0.695291
15.500 0.698061
15.600 0.700831
15.800 0.703601
16.100 0.709141
16.100 0.709141
16.500 0.711911
16.700 0.714681
17.000 0.717452
17.100 0.720222
17.500 0.722992
17.800 0.728532
17.800 0.728532
18.000 0.731302
18.400 0.734072
18.700 0.739612
18.700 0.739612
18.900 0.742382
19.100 0.747922
19.100 0.747922
19.400 0.750693
19.800 0.753463
20.300 0.756233
20.600 0.759003
20.900 0.761773
21.200 0.764543
21.600 0.770083
21.600 0.770083
21.700 0.772853
22.400 0.775623
22.500 0.778393
23.300 0.781163
23.400 0.783934
24.200 0.786704
24.400 0.789474
25.500 0.792244
25.800 0.795014
26.200 0.797784
26.400 0.800554
26.800 0.803324
26.900 0.806094
27.400 0.808864
27.600 0.811634
28.300 0.814404
28.500 0.817175
29.800 0.819945
29.900 0.822715
30.300 0.825485
30.800 0.828255
31.300 0.831025
31.700 0.833795
31.800 0.836565
32.400 0.839335
32.500 0.842105
33.200 0.844875
33.300 0.847645
33.800 0.850416
35.200 0.853186
35.600 0.855956
36.700 0.858726
37.000 0.861496
38.000 0.864266
39.200 0.869806
39.200 0.869806
39.400 0.872576
40.100 0.875346
40.600 0.878116
40.800 0.880886
40.900 0.883657
42.400 0.886427
42.800 0.889197
43.100 0.891967
44.400 0.894737
44.500 0.897507
45.600 0.900277
45.900 0.903047
46.000 0.905817
46.800 0.911357
46.800 0.911357
47.400 0.914127
49.600 0.916898
49.700 0.919668
52.700 0.922438
53.400 0.925208
54.100 0.927978
55.000 0.930748
58.000 0.933518
59.900 0.936288
65.100 0.939058
65.200 0.941828
65.300 0.944598
65.800 0.947368
66.200 0.950139
67.800 0.952909
72.000 0.955679
72.700 0.958449
75.300 0.961219
75.400 0.963989
76.900 0.966759
79.000 0.969529
80.100 0.972299
83.800 0.975069
84.300 0.977839
85.800 0.980609
87.300 0.98338
87.700 0.98615
93.100 0.98892
93.200 0.99169
115.100 0.99446
127.000 0.99723
129.600 1
