0.229515 0.00277008
0.246267 0.00554017
0.309352 0.00831025
0.346785 0.0110803
0.389436 0.0138504
0.444012 0.0166205
0.477671 0.0193906
0.565898 0.0221607
0.641995 0.0249307
0.681351 0.0277008
0.735723 0.0304709
0.759775 0.033241
0.848616 0.0360111
0.887172 0.0387812
0.970508 0.0415512
1.0057 0.0443213
1.00922 0.0470914
1.01894 0.0498615
1.08484 0.0526316
1.13419 0.0554017
1.24569 0.0581717
1.25997 0.0609418
1.34103 0.0637119
1.47839 0.066482
1.53224 0.0692521
1.6456 0.0720222
1.70307 0.0747922
1.72966 0.0775623
1.84048 0.0803324
1.85578 0.0831025
1.88201 0.0858726
1.89877 0.0886427
1.9028 0.0914127
1.94928 0.0941828
2.04037 0.0969529
2.07558 0.099723
2.12779 0.102493
2.17587 0.105263
2.23959 0.108033
2.32131 0.110803
2.3253 0.113573
2.42096 0.116343
2.44173 0.119114
2.52791 0.121884
2.53196 0.124654
2.61513 0.127424
2.6417 0.130194
2.65889 0.132964
2.85774 0.135734
3.03936 0.138504
3.11931 0.141274
3.15786 0.144044
3.18581 0.146814
3.19766 0.149584
3.20543 0.152355
3.27696 0.155125
3.37452 0.157895
3.37867 0.160665
3.40405 0.163435
3.493 0.166205
3.53338 0.168975
3.57373 0.171745
3.61109 0.174515
3.77422 0.177285
3.8259 0.180055
3.83807 0.182825
3.88206 0.185596
3.92052 0.188366
4.17752 0.191136
4.2234 0.193906
4.26115 0.196676
4.34593 0.199446
4.50146 0.202216
4.63665 0.204986
4.67365 0.207756
4.69584 0.210526
4.70129 0.213296
4.87503 0.216066
4.99863 0.218837
5.08816 0.221607
5.23354 0.224377
5.37451 0.227147
5.47455 0.229917
5.52224 0.232687
5.54847 0.235457
5.73516 0.238227
5.93413 0.240997
5.96302 0.243767
6.15687 0.246537
6.25357 0.249307
6.33594 0.252078
6.34 0.254848
6.52969 0.257618
6.60018 0.260388
6.77231 0.263158
6.86566 0.265928
6.90827 0.268698
6.92828 0.271468
6.94665 0.274238
6.99007 0.277008
7.11003 0.279778
7.12365 0.282548
7.16117 0.285319
7.2365 0.288089
7.62499 0.290859
7.83436 0.293629
7.9666 0.296399
8.16059 0.299169
8.43353 0.301939
8.44752 0.304709
8.51062 0.307479
8.51941 0.310249
8.53863 0.313019
8.85311 0.315789
8.88016 0.31856
8.99054 0.32133
9.10572 0.3241
9.1553 0.32687
9.45696 0.32964
9.5137 0.33241
9.54171 0.33518
9.91645 0.33795
9.92607 0.34072
10.1426 0.34349
10.6348 0.34626
10.6776 0.34903
10.9038 0.351801
10.9186 0.354571
11.0318 0.357341
11.0558 0.360111
11.1792 0.362881
11.5187 0.365651
11.6255 0.368421
11.6529 0.371191
11.7409 0.373961
11.7856 0.376731
11.803 0.379501
11.9866 0.382271
12.3371 0.385042
12.4507 0.387812
12.5433 0.390582
12.5446 0.393352
12.6137 0.396122
12.6159 0.398892
12.6457 0.401662
12.8398 0.404432
12.843 0.407202
13.0491 0.409972
13.0971 0.412742
13.1067 0.415512
13.2387 0.418283
13.3235 0.421053
13.3645 0.423823
13.698 0.426593
13.8823 0.429363
13.9237 0.432133
13.9643 0.434903
14.1657 0.437673
14.1924 0.440443
14.2846 0.443213
14.4087 0.445983
14.4722 0.448753
14.5238 0.451524
14.8433 0.454294
15.0441 0.457064
15.075 0.459834
15.1116 0.462604
15.59 0.465374
15.8989 0.468144
16.2711 0.470914
16.2811 0.473684
16.5704 0.476454
16.7492 0.479224
17.0973 0.481994
17.1994 0.484765
17.2017 0.487535
17.66 0.490305
17.7299 0.493075
18.0882 0.495845
18.1681 0.498615
18.1822 0.501385
18.2424 0.504155
18.2613 0.506925
18.4544 0.509695
18.5811 0.512465
18.6895 0.515235
18.9002 0.518006
18.9478 0.520776
18.957 0.523546
19.0427 0.526316
19.1669 0.529086
19.2997 0.531856
19.5682 0.534626
19.6116 0.537396
19.6432 0.540166
19.674 0.542936
19.8331 0.545706
19.9739 0.548476
20.2074 0.551247
20.2924 0.554017
20.2985 0.556787
20.4781 0.559557
20.6288 0.562327
20.6398 0.565097
20.9186 0.567867
20.9869 0.570637
21.033 0.573407
21.0545 0.576177
21.1943 0.578947
21.5022 0.581717
21.6677 0.584488
21.7482 0.587258
21.9665 0.590028
22.0101 0.592798
22.0179 0.595568
22.4083 0.598338
22.5284 0.601108
22.85 0.603878
22.8695 0.606648
23.1787 0.609418
23.3931 0.612188
23.4948 0.614958
23.6402 0.617729
23.6875 0.620499
24.4215 0.623269
24.51 0.626039
24.7578 0.628809
25.2267 0.631579
25.3466 0.634349
25.6147 0.637119
25.6997 0.639889
26.0847 0.642659
26.1946 0.645429
26.2758 0.648199
26.5297 0.65097
26.6206 0.65374
26.6294 0.65651
26.7547 0.65928
26.7582 0.66205
26.8071 0.66482
26.8281 0.66759
26.9219 0.67036
27.32 0.67313
27.5097 0.6759
28.037 0.67867
28.0855 0.68144
28.2735 0.684211
28.3266 0.686981
28.5506 0.689751
28.9829 0.692521
28.9841 0.695291
28.9993 0.698061
29.0004 0.700831
29.0281 0.703601
29.0474 0.706371
29.1249 0.709141
29.2138 0.711911
29.2316 0.714681
29.2498 0.717452
29.2875 0.720222
29.323 0.722992
29.5747 0.725762
29.7258 0.728532
29.852 0.731302
29.8688 0.734072
30.0587 0.736842
30.2547 0.739612
30.3829 0.742382
30.4606 0.745152
30.5552 0.747922
30.5799 0.750693
30.583 0.753463
30.628 0.756233
30.6437 0.759003
30.6581 0.761773
30.7099 0.764543
30.9131 0.767313
31.0938 0.770083
31.4664 0.772853
31.5917 0.775623
31.6331 0.778393
31.837 0.781163
32.3812 0.783934
32.6952 0.786704
32.947 0.789474
33.1021 0.792244
33.7526 0.795014
34.7435 0.797784
34.9286 0.800554
35.0108 0.803324
35.7679 0.806094
36.4522 0.808864
37.4975 0.811634
37.9978 0.814404
38.2285 0.817175
38.4758 0.819945
39.0485 0.822715
39.697 0.825485
40.2444 0.828255
40.4247 0.831025
41.5246 0.833795
42.7212 0.836565
43.3425 0.839335
43.6325 0.842105
43.6806 0.844875
45.3948 0.847645
46.7596 0.850416
46.8351 0.853186
47.4315 0.855956
47.8047 0.858726
48.153 0.861496
48.1993 0.864266
48.2784 0.867036
50.4682 0.869806
50.9476 0.872576
51.5183 0.875346
51.9146 0.878116
54.6976 0.880886
55.6675 0.883657
56.5592 0.886427
56.9867 0.889197
58.5069 0.891967
64.2004 0.894737
64.6177 0.897507
65.0938 0.900277
66.481 0.903047
67.1881 0.905817
67.4445 0.908587
68.0521 0.911357
69.988 0.914127
70.4479 0.916898
71.218 0.919668
71.3095 0.922438
71.8549 0.925208
73.2548 0.927978
74.756 0.930748
75.1966 0.933518
77.4201 0.936288
78.8619 0.939058
80.5856 0.941828
81.7744 0.944598
83.0852 0.947368
83.9032 0.950139
85.352 0.952909
85.7081 0.955679
85.8081 0.958449
87.8018 0.961219
89.2535 0.963989
91.4586 0.966759
93.3392 0.969529
97.1145 0.972299
103.405 0.975069
118.266 0.977839
118.73 0.980609
128.06 0.98338
129.543 0.98615
130.726 0.98892
138.217 0.99169
155.366 0.99446
184.499 0.99723
202.545 1
