0.456944 0.00277008
1.88029 0.00554017
4.48104 0.00831025
5.51149 0.0110803
8.6081 0.0138504
8.82943 0.0166205
9.19399 0.0193906
10.0071 0.0221607
11.1707 0.0249307
12.0545 0.0277008
12.268 0.0304709
13.728 0.033241
14.5358 0.0360111
16.1499 0.0387812
16.1955 0.0415512
18.7389 0.0443213
18.8266 0.0470914
19.759 0.0498615
21.0898 0.0526316
21.1579 0.0554017
21.4826 0.0581717
22.6569 0.0609418
22.7584 0.0637119
23.2433 0.066482
23.455 0.0692521
27.3682 0.0720222
27.821 0.0747922
27.9515 0.0775623
28.4102 0.0803324
28.4997 0.0831025
29.055 0.0858726
31.2119 0.0886427
31.7051 0.0914127
32.3308 0.0941828
32.3524 0.0969529
32.7924 0.099723
34.0869 0.102493
34.1587 0.105263
36 0.108033
36.256 0.110803
37.2457 0.113573
37.6183 0.116343
37.7287 0.119114
38.2725 0.121884
38.5838 0.124654
39.8274 0.127424
41.058 0.130194
42.5597 0.132964
44.9639 0.135734
45.0437 0.138504
45.2325 0.141274
46.5432 0.144044
47.9296 0.146814
50.0703 0.149584
51.0129 0.152355
53.4972 0.155125
53.6925 0.157895
54.1854 0.160665
57.4538 0.163435
58.6432 0.166205
58.8805 0.168975
59.6121 0.171745
62.5329 0.174515
62.6531 0.177285
63.1682 0.180055
63.3 0.182825
64.5752 0.185596
64.7401 0.188366
64.9292 0.191136
66.4268 0.193906
66.4366 0.196676
67.3307 0.199446
68.2985 0.202216
68.8212 0.204986
69.8431 0.207756
69.8432 0.210526
69.9489 0.213296
70.4585 0.216066
71.369 0.218837
72.3233 0.221607
72.5441 0.224377
73.6841 0.227147
74.3424 0.229917
74.3773 0.232687
74.9692 0.235457
78.2672 0.238227
79.7661 0.240997
85.1097 0.243767
86.8938 0.246537
87.9102 0.249307
87.9918 0.252078
89.8582 0.254848
91.1341 0.257618
91.485 0.260388
93.2759 0.263158
93.6646 0.265928
94.3261 0.268698
94.6026 0.271468
94.9689 0.274238
97.1698 0.277008
97.6742 0.279778
97.9045 0.282548
100.1 0.285319
101.657 0.288089
102.786 0.290859
102.842 0.293629
105.088 0.296399
105.233 0.299169
106.308 0.301939
107.867 0.304709
108.314 0.307479
108.987 0.310249
110.22 0.313019
111.769 0.315789
116.579 0.31856
116.738 0.32133
118.34 0.3241
124.811 0.32687
129.956 0.32964
130.46 0.33241
134.575 0.33518
136.575 0.33795
139.299 0.34072
141.569 0.34349
144.514 0.34626
147.992 0.34903
148.06 0.351801
151.316 0.354571
151.906 0.357341
153.189 0.360111
153.864 0.362881
154.914 0.365651
162.295 0.368421
162.846 0.371191
165.086 0.373961
165.692 0.376731
167.516 0.379501
168.976 0.382271
169.029 0.385042
169.891 0.387812
175.504 0.390582
175.686 0.393352
179.652 0.396122
181.36 0.398892
182.153 0.401662
182.197 0.404432
183.01 0.407202
185.179 0.409972
187.461 0.412742
190.292 0.415512
199.429 0.418283
200.063 0.421053
201.933 0.423823
204.244 0.426593
204.834 0.429363
207.075 0.432133
208.92 0.434903
209.891 0.437673
211.443 0.440443
216.616 0.443213
216.627 0.445983
219.596 0.448753
220.178 0.451524
220.485 0.454294
222.027 0.457064
222.333 0.459834
222.763 0.462604
227.956 0.465374
233.895 0.468144
239.789 0.470914
241.105 0.473684
243.117 0.476454
243.195 0.479224
243.941 0.481994
247.153 0.484765
248.217 0.487535
248.666 0.490305
249.924 0.493075
250.089 0.495845
257.186 0.498615
258.317 0.501385
264.416 0.504155
266.317 0.506925
269.617 0.509695
269.895 0.512465
274.803 0.515235
277.104 0.518006
278.115 0.520776
284.048 0.523546
284.92 0.526316
286.09 0.529086
294.365 0.531856
298.114 0.534626
299.68 0.537396
300.396 0.540166
301.586 0.542936
302.675 0.545706
303.384 0.548476
304.426 0.551247
308.421 0.554017
316.51 0.556787
318.246 0.559557
321.458 0.562327
321.712 0.565097
326.356 0.567867
338.44 0.570637
340.58 0.573407
343.028 0.576177
344.112 0.578947
348.919 0.581717
349.366 0.584488
352.183 0.587258
356.47 0.590028
359.149 0.592798
359.973 0.595568
364.851 0.598338
365.103 0.601108
365.653 0.603878
366 0.606648
369.958 0.609418
371.781 0.612188
373.482 0.614958
377.064 0.617729
381.427 0.620499
381.842 0.623269
382.761 0.626039
382.841 0.628809
385.76 0.631579
392.925 0.634349
393.64 0.637119
396.891 0.639889
399.451 0.642659
399.763 0.645429
402.672 0.648199
404.379 0.65097
408.012 0.65374
415.043 0.65651
427.844 0.65928
428.898 0.66205
431.665 0.66482
434.029 0.66759
434.093 0.67036
434.166 0.67313
436.412 0.6759
436.982 0.67867
458.697 0.68144
458.923 0.684211
465.825 0.686981
469.243 0.689751
474.558 0.692521
492.193 0.695291
495.42 0.698061
498.141 0.700831
500.941 0.703601
518.584 0.706371
522.277 0.709141
525.869 0.711911
542.443 0.714681
547.263 0.717452
548.061 0.720222
553.913 0.722992
556.14 0.725762
562.228 0.728532
564.309 0.731302
574.908 0.734072
589.027 0.736842
591.395 0.739612
596.933 0.742382
603.234 0.745152
612.916 0.747922
644.923 0.750693
647.353 0.753463
656.102 0.756233
680.559 0.759003
682.135 0.761773
696.589 0.764543
702.366 0.767313
705.824 0.770083
707.789 0.772853
724.338 0.775623
727.547 0.778393
729.088 0.781163
737.288 0.783934
740.272 0.786704
774.664 0.789474
776.544 0.792244
778.677 0.795014
779.485 0.797784
780.685 0.800554
780.96 0.803324
782.608 0.806094
783.384 0.808864
786.256 0.811634
787.018 0.814404
789.382 0.817175
791.3 0.819945
811.089 0.822715
811.705 0.825485
825.239 0.828255
844.904 0.831025
845.046 0.833795
854.212 0.836565
857.517 0.839335
862.463 0.842105
864.879 0.844875
872.69 0.847645
876.903 0.850416
879.394 0.853186
884.239 0.855956
901.797 0.858726
910.049 0.861496
910.996 0.864266
913.847 0.867036
925.159 0.869806
943.268 0.872576
951.65 0.875346
951.809 0.878116
955.882 0.880886
961.175 0.883657
963.417 0.886427
966.629 0.889197
972.513 0.891967
979.728 0.894737
1010.71 0.897507
1013.5 0.900277
1065.14 0.903047
1079.44 0.905817
1090.03 0.908587
1097.18 0.911357
1123.03 0.914127
1171.62 0.916898
1223.11 0.919668
1223.36 0.922438
1226.87 0.925208
1245.24 0.927978
1264.82 0.930748
1308.04 0.933518
1322.67 0.936288
1336.34 0.939058
1344.71 0.941828
1376.56 0.944598
1392.38 0.947368
1393.14 0.950139
1397.87 0.952909
1424.12 0.955679
1429.51 0.958449
1435.38 0.961219
1497.39 0.963989
1506.48 0.966759
1519.86 0.969529
1520.85 0.972299
1610.62 0.975069
1617.58 0.977839
1664.92 0.980609
1751.8 0.98338
1752.51 0.98615
1785.52 0.98892
1846.88 0.99169
1954.88 0.99446
1967.71 0.99723
420209 1
