0.0420656 0.00277008
0.0561743 0.00554017
0.106331 0.00831025
0.122173 0.0110803
0.123013 0.0138504
0.127108 0.0166205
0.136208 0.0193906
0.150163 0.0221607
0.160133 0.0249307
0.182697 0.0277008
0.189511 0.0304709
0.192463 0.033241
0.220866 0.0360111
0.228511 0.0387812
0.250364 0.0415512
0.250379 0.0443213
0.253487 0.0470914
0.259442 0.0498615
0.274445 0.0526316
0.284651 0.0554017
0.290878 0.0581717
0.295855 0.0609418
0.302075 0.0637119
0.303191 0.066482
0.323451 0.0692521
0.324163 0.0720222
0.324483 0.0747922
0.341093 0.0775623
0.35412 0.0803324
0.389055 0.0831025
0.401566 0.0858726
0.40448 0.0886427
0.412474 0.0914127
0.415785 0.0941828
0.41613 0.0969529
0.422469 0.099723
0.45481 0.102493
0.464504 0.105263
0.494754 0.108033
0.495319 0.110803
0.507574 0.113573
0.561676 0.116343
0.592721 0.119114
0.65549 0.121884
0.656409 0.124654
0.673376 0.127424
0.695751 0.130194
0.699645 0.132964
0.721325 0.135734
0.7376 0.138504
0.746552 0.141274
0.775635 0.144044
0.780895 0.146814
0.786091 0.149584
0.804284 0.152355
0.836532 0.155125
0.853998 0.157895
0.854567 0.160665
0.872879 0.163435
0.949697 0.166205
0.953122 0.168975
0.96639 0.171745
1.00207 0.174515
1.00448 0.177285
1.03268 0.180055
1.05667 0.182825
1.0702 0.185596
1.09975 0.188366
1.12135 0.191136
1.21208 0.193906
1.25406 0.196676
1.28907 0.199446
1.46683 0.202216
1.50334 0.204986
1.57982 0.207756
1.65337 0.210526
1.67842 0.213296
1.68417 0.216066
1.6867 0.218837
1.68849 0.221607
1.69618 0.224377
1.78624 0.227147
1.80043 0.229917
1.8616 0.232687
1.98274 0.235457
2.00343 0.238227
2.07179 0.240997
2.08813 0.243767
2.14321 0.246537
2.20498 0.249307
2.25116 0.252078
2.27285 0.254848
2.27823 0.257618
2.28526 0.260388
2.33364 0.263158
2.34284 0.265928
2.40606 0.268698
2.44433 0.271468
2.47727 0.274238
2.47791 0.277008
2.52778 0.279778
2.60811 0.282548
2.64599 0.285319
2.72816 0.288089
2.76257 0.290859
2.76787 0.293629
2.79399 0.296399
2.79783 0.299169
2.87558 0.301939
2.96621 0.304709
3.02187 0.307479
3.02467 0.310249
3.08297 0.313019
3.15302 0.315789
3.18806 0.31856
3.19165 0.32133
3.20902 0.3241
3.26425 0.32687
3.3697 0.32964
3.39255 0.33241
3.39827 0.33518
3.4475 0.33795
3.4576 0.34072
3.53851 0.34349
3.56971 0.34626
3.57079 0.34903
3.60939 0.351801
3.62871 0.354571
3.64104 0.357341
3.83625 0.360111
3.85281 0.362881
3.9764 0.365651
4.10413 0.368421
4.13336 0.371191
4.18709 0.373961
4.21647 0.376731
4.3581 0.379501
4.36495 0.382271
4.37694 0.385042
4.40838 0.387812
4.61877 0.390582
4.70417 0.393352
4.82888 0.396122
4.90437 0.398892
5.02018 0.401662
5.0502 0.404432
5.19184 0.407202
5.20073 0.409972
5.36899 0.412742
5.4744 0.415512
5.86368 0.418283
6.03422 0.421053
6.10596 0.423823
6.42355 0.426593
6.53928 0.429363
6.58401 0.432133
6.59226 0.434903
6.59378 0.437673
6.63011 0.440443
6.64477 0.443213
6.65776 0.445983
6.68548 0.448753
6.74304 0.451524
7.03534 0.454294
7.13602 0.457064
7.21264 0.459834
7.22787 0.462604
7.31722 0.465374
7.35404 0.468144
7.45931 0.470914
7.68421 0.473684
7.86368 0.476454
7.98278 0.479224
8.1482 0.481994
8.44778 0.484765
8.60754 0.487535
8.69123 0.490305
8.70625 0.493075
8.79581 0.495845
8.93764 0.498615
8.9837 0.501385
9.07028 0.504155
9.19131 0.506925
9.31712 0.509695
9.3188 0.512465
9.38612 0.515235
9.49845 0.518006
9.53969 0.520776
9.58733 0.523546
9.6625 0.526316
9.81433 0.529086
9.88253 0.531856
9.96667 0.534626
10.0827 0.537396
10.094 0.540166
10.1649 0.542936
10.2101 0.545706
10.3136 0.548476
10.4588 0.551247
10.6421 0.554017
10.7453 0.556787
11.0432 0.559557
11.0876 0.562327
11.0903 0.565097
11.0915 0.567867
11.2983 0.570637
11.5115 0.573407
11.9972 0.576177
12.1392 0.578947
12.193 0.581717
12.3353 0.584488
12.6251 0.587258
12.6486 0.590028
12.8634 0.592798
13.1761 0.595568
13.7129 0.598338
13.8344 0.601108
13.9243 0.603878
14.0422 0.606648
14.134 0.609418
14.7266 0.612188
14.778 0.614958
15.0059 0.617729
15.209 0.620499
15.6632 0.623269
16.029 0.626039
16.0308 0.628809
16.7375 0.631579
16.7565 0.634349
16.9941 0.637119
17.0119 0.639889
17.3621 0.642659
17.3988 0.645429
17.6318 0.648199
17.8387 0.65097
17.9561 0.65374
17.9627 0.65651
17.9932 0.65928
18.4823 0.66205
18.6652 0.66482
19.0278 0.66759
19.1271 0.67036
19.4304 0.67313
19.6062 0.6759
19.6075 0.67867
19.7827 0.68144
20.0822 0.684211
20.3732 0.686981
20.6716 0.689751
20.784 0.692521
20.8293 0.695291
21.5715 0.698061
22.105 0.700831
22.5461 0.703601
22.8912 0.706371
23.0365 0.709141
23.9174 0.711911
23.9782 0.714681
24.5727 0.717452
24.6398 0.720222
24.706 0.722992
24.8898 0.725762
24.9298 0.728532
25.4523 0.731302
25.5806 0.734072
25.6195 0.736842
25.6287 0.739612
25.6618 0.742382
25.673 0.745152
27.1165 0.747922
27.6385 0.750693
28.5076 0.753463
28.5428 0.756233
28.7541 0.759003
29.1781 0.761773
29.3637 0.764543
29.7252 0.767313
31.3368 0.770083
32.8171 0.772853
33.0053 0.775623
33.7006 0.778393
34.4545 0.781163
34.6359 0.783934
34.6573 0.786704
35.1394 0.789474
35.3478 0.792244
36.113 0.795014
36.6346 0.797784
36.8315 0.800554
36.8789 0.803324
37.0649 0.806094
37.3257 0.808864
37.5428 0.811634
37.8237 0.814404
38.3452 0.817175
39.1339 0.819945
39.7433 0.822715
40.0762 0.825485
40.603 0.828255
40.9571 0.831025
42.8501 0.833795
43.0463 0.836565
43.4938 0.839335
43.7687 0.842105
44.3921 0.844875
44.7251 0.847645
45.338 0.850416
45.5233 0.853186
47.3075 0.855956
48.2561 0.858726
48.7408 0.861496
50.7957 0.864266
51.1136 0.867036
53.2357 0.869806
53.2516 0.872576
53.2862 0.875346
54.2486 0.878116
54.5538 0.880886
55.5636 0.883657
56.6877 0.886427
57.9302 0.889197
59.2169 0.891967
61.6599 0.894737
64.7452 0.897507
66.9952 0.900277
68.037 0.903047
69.2741 0.905817
69.3567 0.908587
70.3128 0.911357
70.3608 0.914127
71.4942 0.916898
72.7765 0.919668
74.2988 0.922438
76.5052 0.925208
77.1593 0.927978
77.2683 0.930748
83.2914 0.933518
84.492 0.936288
86.5356 0.939058
95.0624 0.941828
96.1444 0.944598
103.747 0.947368
105.495 0.950139
110.559 0.952909
110.865 0.955679
112.13 0.958449
113.598 0.961219
114.899 0.963989
116.065 0.966759
132.693 0.969529
133.163 0.972299
137.008 0.975069
150.892 0.977839
158.196 0.980609
177.87 0.98338
185.659 0.98615
199.362 0.98892
202.37 0.99169
212.502 0.99446
219.372 0.99723
242.162 1
