.0003709048 0.00277008
.0020219391 0.00554017
.0021450202 0.00831025
.0021628768 0.0110803
.0043851408 0.0138504
.0046405933 0.0166205
.0060481531 0.0193906
.0069862717 0.0221607
.0072104522 0.0249307
.0078190437 0.0277008
.0080655710 0.0304709
.0085090948 0.033241
.0085933749 0.0360111
.0086745396 0.0387812
.0102848550 0.0415512
.0115036813 0.0443213
.0117541554 0.0470914
.0124799580 0.0498615
.0126338740 0.0526316
.0127483347 0.0554017
.0141318741 0.0581717
.0141742637 0.0609418
.0155847458 0.0637119
.0157742860 0.066482
.0173495654 0.0692521
.0181643150 0.0720222
.0183644165 0.0747922
.0196650086 0.0775623
.0198727231 0.0803324
.0203184766 0.0831025
.0208210565 0.0858726
.0208614450 0.0886427
.0214959382 0.0914127
.0234257785 0.0941828
.0239254095 0.0969529
.0245001630 0.099723
.0259726240 0.102493
.0260915321 0.105263
.0269596852 0.108033
.0272578073 0.110803
.0286737334 0.113573
.0288600324 0.116343
.0289341463 0.119114
.0292905360 0.121884
.0299240322 0.124654
.0302149714 0.127424
.0308223434 0.130194
.0317560707 0.132964
.0318275027 0.135734
.0324340571 0.138504
.0325486184 0.141274
.0343603818 0.144044
.0349432471 0.146814
.0349607126 0.149584
.0353243197 0.152355
.0383161092 0.155125
.0393479475 0.157895
.0396237171 0.160665
.0403098046 0.163435
.0420007954 0.166205
.0421892077 0.168975
.0443043202 0.171745
.0449392447 0.174515
.0475142013 0.177285
.0482612446 0.180055
.0499608779 0.182825
.0516589884 0.185596
.0561690715 0.188366
.0604627393 0.191136
.0669613864 0.193906
.0671900882 0.196676
.0751255553 0.199446
.0758277850 0.202216
.0788624620 0.204986
.0817454522 0.207756
.0843192038 0.210526
.0899593908 0.213296
.0908701175 0.216066
.0913549765 0.218837
.0928826547 0.221607
.0935312308 0.224377
.0992167393 0.227147
.1108107628 0.229917
.1119306229 0.232687
.1128310777 0.235457
.1132872089 0.238227
.1154207949 0.240997
.1270006817 0.243767
.1273095640 0.246537
.1309489116 0.249307
.1366549134 0.252078
.1383716127 0.254848
.1461778344 0.257618
.1471888519 0.260388
.1480751096 0.263158
.1497716954 0.265928
.1506121574 0.268698
.1569459989 0.271468
.1639220669 0.274238
.1674871110 0.277008
.1805669047 0.279778
.2126107629 0.282548
.2163770221 0.285319
.2191287130 0.288089
.2286332059 0.290859
.2298606840 0.293629
.2368131176 0.296399
.2404000893 0.299169
.2459123202 0.301939
.2637082624 0.304709
.2643505529 0.307479
.2692669387 0.310249
.2832397301 0.313019
.2852670701 0.315789
.2935847568 0.31856
.2957514065 0.32133
.2968084527 0.3241
.3005461419 0.32687
.3042049451 0.32964
.3143785125 0.33241
.3158582150 0.33518
.3372241988 0.33795
.3450907170 0.34072
.3539119280 0.34349
.3592308238 0.34626
.3606312848 0.34903
.3649511249 0.351801
.3665371431 0.354571
.3815288005 0.357341
.3894223231 0.360111
.3924034500 0.362881
.4041677488 0.365651
.4116774572 0.368421
.4213364847 0.371191
.4243366144 0.373961
.4259848197 0.376731
.4287961104 0.379501
.4340960754 0.382271
.4458519059 0.385042
.4532321168 0.387812
.4631828525 0.390582
.4670843991 0.393352
.4774010467 0.396122
.4782357737 0.398892
.4794405676 0.401662
.4798662390 0.404432
.4894878902 0.407202
.5035435651 0.409972
.5287023056 0.412742
.5316971717 0.415512
.5390836053 0.418283
.5480113232 0.421053
.5983981293 0.423823
.6054287090 0.426593
.6098161484 0.429363
.6184188130 0.432133
.6203825861 0.434903
.6241101475 0.437673
.6307932725 0.440443
.6325201915 0.443213
.6380941778 0.445983
.6404459341 0.448753
.6430407687 0.451524
.6586374334 0.454294
.6621727130 0.457064
.6698996884 0.459834
.6794240005 0.462604
.6801179622 0.465374
.6864972650 0.468144
.6892550566 0.470914
.7194262649 0.473684
.7239856015 0.476454
.7296650180 0.479224
.7663347927 0.481994
.7684708782 0.484765
.7759373894 0.487535
.7772095847 0.490305
.7881802843 0.493075
.8053037087 0.495845
.8064520536 0.498615
.8142212570 0.501385
.8213774108 0.504155
.8219836159 0.506925
.8292666560 0.509695
.8377520950 0.512465
.8392147336 0.515235
.8705696723 0.518006
.8735954638 0.520776
.8901913915 0.523546
.9215593258 0.526316
.9253968262 0.529086
.9474304080 0.531856
.9609346260 0.534626
.9619606431 0.537396
.9627907831 0.540166
.9632657964 0.542936
.9816665420 0.545706
1.0259669023 0.548476
1.2714076877 0.551247
1.3739056615 0.554017
1.3890829984 0.556787
1.4051057506 0.559557
1.4074136454 0.562327
1.6045066105 0.565097
2.4235346914 0.567867
2.6279928608 0.570637
3.1720922909 0.573407
3.4692998723 0.576177
3.5378580936 0.578947
5.0151200000 0.581717
5.1071558603 0.584488
5.4822009146 0.587258
5.8464800000 0.590028
6.4013771432 0.592798
6.9287040000 0.595568
7.1413714286 0.598338
8.2956114286 0.601108
8.3198133334 0.603878
8.3794712786 0.606648
8.5116000000 0.609418
8.5791657143 0.612188
8.6275200000 0.614958
9.4922514286 0.617729
9.6436400000 0.620499
9.9893257143 0.623269
9.9944000000 0.626039
10.9928533334 0.628809
11.0344533334 0.631579
11.0364800000 0.634349
11.5030560000 0.637119
11.6175066667 0.639889
11.6349066667 0.642659
11.6699520000 0.645429
11.8844989178 0.648199
12.2972666667 0.65097
12.4934000000 0.65374
12.8880480000 0.65651
13.1838560000 0.65928
13.2645400000 0.66205
13.6406666667 0.66482
13.8595200000 0.66759
13.9017440000 0.67036
14.1537200000 0.67313
14.1593763682 0.6759
14.1897120000 0.67867
14.3197066667 0.68144
14.3698975257 0.684211
14.4102800000 0.686981
14.6766080000 0.689751
15.0389232000 0.692521
15.6773600000 0.695291
15.8063200000 0.698061
16.1862800364 0.700831
16.3479600000 0.703601
16.3508000000 0.706371
16.6563200000 0.709141
17.3769200000 0.711911
17.5106133334 0.714681
18.6744020000 0.717452
18.7921060000 0.720222
18.9631040000 0.722992
18.9905120000 0.725762
19.2411466667 0.728532
19.2664820000 0.731302
19.2723640000 0.734072
19.3225400000 0.736842
19.5548000000 0.739612
20.1738133334 0.742382
20.8272533334 0.745152
21.1482000000 0.747922
21.7033600000 0.750693
21.8263733334 0.753463
22.0298360000 0.756233
23.1092266667 0.759003
23.9712705912 0.761773
24.2842000000 0.764543
24.6249600000 0.767313
24.6474213334 0.770083
24.6666960000 0.772853
24.9479733334 0.775623
24.9851200000 0.778393
25.1565600000 0.781163
25.2687226667 0.783934
25.3164666667 0.786704
25.5089280000 0.789474
25.5965280000 0.792244
25.7865520000 0.795014
25.8548453334 0.797784
25.9337333334 0.800554
25.9981093334 0.803324
26.1814880000 0.806094
28.6350000000 0.808864
28.8995540000 0.811634
29.3558340000 0.814404
30.2865200000 0.817175
30.4866400000 0.819945
30.4893112931 0.822715
32.2910800000 0.825485
32.8075200000 0.828255
34.5662800000 0.831025
35.9865200000 0.833795
36.2112800000 0.836565
36.2508800000 0.839335
37.2759520000 0.842105
37.7039520000 0.844875
37.7821800000 0.847645
37.8172160000 0.850416
37.8668960000 0.853186
37.9145200000 0.855956
37.9298120000 0.858726
38.1808440000 0.861496
38.2212800000 0.864266
38.6296360000 0.867036
38.7395955834 0.869806
38.8096720000 0.872576
39.0631840000 0.875346
39.1633840000 0.878116
39.2332040000 0.880886
39.3231720000 0.883657
39.4625733334 0.886427
39.6586720000 0.889197
40.3816720000 0.891967
42.9456800000 0.894737
43.7358160000 0.897507
46.1492720000 0.900277
46.7374960000 0.903047
49.3288000000 0.905817
49.9449600000 0.908587
56.3700800000 0.911357
56.6846400000 0.914127
56.8746000000 0.916898
57.8152320000 0.919668
58.5824080000 0.922438
59.9916640000 0.925208
60.3143800000 0.927978
63.8667200000 0.930748
64.6738400000 0.933518
68.1701600000 0.936288
68.4148800000 0.939058
74.2268000000 0.941828
75.3665120000 0.944598
75.5948400000 0.947368
77.0033520000 0.950139
77.0160880000 0.952909
77.9109520000 0.955679
78.2975360000 0.958449
78.4638080000 0.961219
79.1015040000 0.963989
79.9550000000 0.966759
80.0067680000 0.969529
80.5390560000 0.972299
80.8301440000 0.975069
80.9662400000 0.977839
81.8710717600 0.980609
90.6508800000 0.98338
108.7064000000 0.98615
114.0461600000 0.98892
115.9974400000 0.99169
117.1788000000 0.99446
117.3201120000 0.99723
119.6523760000 1
