.0117 0.00277008
.0177 0.00554017
.0203 0.00831025
.023 0.0110803
.0253 0.0138504
.034 0.0166205
.0373 0.0193906
.0393 0.0221607
.042 0.0249307
.064 0.0277008
.0677 0.0304709
.0717 0.033241
.0787 0.0360111
.0897 0.0387812
.0927 0.0415512
.1623 0.0443213
.175 0.0470914
.1767 0.0498615
.1853 0.0526316
.1927 0.0554017
.193 0.0581717
.232 0.0609418
.2363 0.0637119
.242 0.066482
.2533 0.0692521
.2543 0.0720222
.28233 0.0747922
.2867 0.0775623
.2897 0.0803324
.2957 0.0831025
.2977 0.0858726
.298 0.0886427
.3123 0.0914127
.3217 0.0941828
.322 0.0969529
.326 0.099723
.3293 0.102493
.335 0.105263
.3407 0.108033
.341 0.110803
.3553 0.113573
.356 0.116343
.360 0.119114
.3753 0.121884
.3757 0.124654
.3867 0.127424
.3907 0.130194
.3967 0.132964
.400 0.135734
.411 0.138504
.418 0.141274
.4237 0.144044
.432 0.146814
.44233 0.149584
.446 0.152355
.4583 0.155125
.4673 0.157895
.4773 0.160665
.486 0.163435
.4903 0.166205
.5103 0.168975
.516 0.171745
.528 0.174515
.5313 0.177285
.5377 0.180055
.5387 0.182825
.540 0.185596
.559 0.188366
.5617 0.191136
.570 0.193906
.5743 0.196676
.5777 0.199446
.5827 0.202216
.597 0.204986
.638 0.207756
.6517 0.210526
.657 0.213296
.6627 0.216066
.6857 0.218837
.706 0.221607
.7117 0.224377
.713 0.227147
.730 0.232687
.730 0.232687
.7427 0.235457
.75767 0.238227
.7593 0.240997
.786 0.243767
.828 0.246537
.8363 0.252078
.8363 0.252078
.8937 0.254848
.9183 0.257618
.9237 0.260388
.9567 0.263158
.988 0.265928
.999 0.268698
1.0123 0.271468
1.015 0.274238
1.0283 0.277008
1.031 0.279778
1.0383 0.282548
1.0457 0.285319
1.0507 0.288089
1.071 0.290859
1.083 0.293629
1.088 0.296399
1.0937 0.299169
1.0993 0.301939
1.114 0.304709
1.121 0.307479
1.1423 0.310249
1.1443 0.313019
1.1607 0.315789
1.163 0.31856
1.175 0.32133
1.1867 0.3241
1.195 0.32687
1.293 0.32964
1.296 0.33241
1.3513 0.33518
1.3827 0.33795
1.5177 0.34072
1.5303 0.34349
1.532 0.34626
1.536 0.34903
1.5373 0.351801
1.554 0.354571
1.561 0.357341
1.5873 0.360111
1.615 0.362881
1.697 0.365651
1.6983 0.368421
1.7137 0.371191
1.7713 0.373961
1.7933 0.376731
1.818 0.379501
1.9123 0.382271
1.9887 0.385042
2.0177 0.387812
2.0233 0.390582
2.1193 0.393352
2.1427 0.396122
2.1443 0.398892
2.208 0.401662
2.2183 0.404432
2.2213 0.407202
2.294 0.409972
2.296 0.412742
2.399 0.415512
2.4107 0.418283
2.4123 0.421053
2.4237 0.423823
2.428 0.426593
2.464 0.429363
2.5277 0.432133
2.5727 0.434903
2.582 0.437673
2.590 0.440443
2.6167 0.443213
2.626 0.445983
2.7203 0.448753
2.7547 0.451524
2.775 0.454294
2.7913 0.457064
2.8887 0.459834
2.899 0.462604
2.9097 0.465374
2.9133 0.468144
2.9467 0.470914
2.962 0.473684
3.0187 0.476454
3.027 0.479224
3.0537 0.481994
3.113 0.484765
3.170 0.487535
3.1747 0.490305
3.181 0.493075
3.209 0.495845
3.2103 0.498615
3.2193 0.501385
3.2257 0.504155
3.233 0.506925
3.265 0.509695
3.342 0.512465
3.378 0.515235
3.4117 0.518006
3.4353 0.520776
3.482 0.523546
3.579 0.526316
3.7053 0.529086
3.731 0.531856
3.7473 0.534626
3.760 0.537396
3.788 0.540166
3.8493 0.542936
3.914 0.545706
4.0203 0.548476
4.0283 0.551247
4.102 0.554017
4.1167 0.556787
4.1503 0.559557
4.371 0.562327
4.4113 0.565097
4.4643 0.567867
4.598 0.570637
4.657 0.573407
4.7813 0.576177
4.7983 0.578947
4.853 0.581717
4.862 0.584488
4.9233 0.587258
4.959 0.592798
4.959 0.592798
4.978 0.595568
5.039 0.598338
5.122 0.601108
5.169 0.603878
5.2047 0.606648
5.2207 0.609418
5.242 0.612188
5.340 0.614958
5.4093 0.617729
5.486 0.620499
5.5083 0.623269
5.630 0.626039
5.6363 0.628809
6.123 0.631579
6.1823 0.634349
6.291 0.637119
6.581 0.639889
6.591 0.642659
6.650 0.645429
6.755 0.648199
6.7567 0.65097
6.930 0.65374
7.019 0.65651
7.0717 0.65928
7.087 0.66205
7.136 0.66482
7.1777 0.66759
7.179 0.67036
7.2873 0.67313
7.302 0.6759
7.404 0.67867
7.4323 0.68144
7.5203 0.684211
7.8657 0.686981
8.320 0.689751
8.3223 0.692521
8.6117 0.695291
8.7363 0.698061
8.838 0.700831
8.935 0.703601
9.028 0.706371
9.1413 0.709141
9.157 0.711911
9.1957 0.714681
9.4017 0.717452
9.4597 0.720222
9.5203 0.722992
9.616 0.725762
9.7523 0.728532
9.7803 0.731302
9.9663 0.734072
9.9667 0.736842
10.0053 0.739612
10.120 0.742382
10.1423 0.745152
10.2867 0.747922
10.554 0.750693
10.750 0.753463
10.8437 0.756233
10.848 0.759003
11.1163 0.761773
11.392 0.764543
11.581 0.767313
11.8083 0.770083
12.0693 0.772853
12.2083 0.775623
12.5733 0.778393
12.9983 0.781163
13.000 0.783934
13.520 0.786704
13.5467 0.789474
14.223 0.792244
14.264 0.795014
14.343 0.797784
14.622 0.800554
15.0363 0.803324
15.096 0.806094
15.313 0.808864
15.6333 0.811634
17.389 0.814404
17.636 0.817175
17.8083 0.819945
18.4383 0.822715
18.4973 0.825485
18.519 0.828255
18.607 0.831025
19.075 0.833795
19.141 0.836565
19.3453 0.839335
19.5947 0.842105
20.4403 0.844875
20.693 0.847645
20.786 0.850416
21.3067 0.853186
21.3457 0.855956
22.1253 0.858726
22.1973 0.861496
22.5593 0.864266
22.6133 0.867036
24.658 0.869806
25.6657 0.872576
28.724 0.875346
29.108 0.878116
29.161 0.880886
30.0877 0.883657
30.1107 0.886427
30.5657 0.889197
31.010 0.891967
31.434 0.894737
31.8167 0.897507
32.261 0.900277
33.1107 0.903047
34.620 0.905817
36.059 0.908587
36.349 0.911357
37.532 0.914127
37.8057 0.916898
39.5263 0.919668
42.446 0.922438
43.6327 0.925208
45.703 0.927978
48.7093 0.930748
50.6077 0.933518
51.4387 0.936288
51.732 0.939058
51.977 0.941828
54.229 0.944598
54.6807 0.947368
54.907 0.950139
56.0463 0.952909
58.710 0.955679
69.063 0.958449
69.3693 0.961219
70.353 0.963989
71.138 0.966759
72.849 0.969529
76.618 0.972299
79.094 0.975069
85.050 0.977839
97.915 0.980609
105.652 0.98338
106.869 0.98615
113.535 0.98892
118.532 0.99169
122.510 0.99446
131.536 0.99723
137.501 1
