.003 0.00277008
.0117 0.00554017
.013 0.00831025
.0177 0.0110803
.0203 0.0138504
.023 0.0166205
.0253 0.0193906
.0373 0.0221607
.0393 0.0249307
.0537 0.0277008
.0677 0.0304709
.0717 0.033241
.0727 0.0360111
.0927 0.0387812
.096 0.0415512
.1747 0.0443213
.175 0.0470914
.1767 0.0498615
.1793 0.0526316
.1853 0.0554017
.193 0.0581717
.223 0.0609418
.242 0.0637119
.2513 0.066482
.27133 0.0692521
.2723 0.0720222
.2827 0.0747922
.2897 0.0775623
.2957 0.0803324
.3017 0.0831025
.3043 0.0858726
.307 0.0886427
.322 0.0914127
.3293 0.0941828
.335 0.0969529
.3377 0.099723
.341 0.105263
.341 0.105263
.3427 0.108033
.3553 0.110803
.360 0.113573
.3617 0.116343
.362 0.119114
.370 0.121884
.3753 0.124654
.381 0.127424
.3867 0.132964
.3867 0.132964
.387 0.135734
.3997 0.138504
.41433 0.141274
.432 0.144044
.4537 0.146814
.4583 0.152355
.4583 0.152355
.4673 0.155125
.470 0.157895
.510 0.160665
.5103 0.163435
.5113 0.166205
.528 0.168975
.5313 0.171745
.535 0.174515
.5377 0.177285
.5387 0.180055
.540 0.182825
.5617 0.185596
.570 0.188366
.5743 0.191136
.5777 0.193906
.6077 0.196676
.612 0.199446
.619 0.202216
.638 0.204986
.657 0.207756
.6697 0.210526
.6727 0.213296
.706 0.216066
.7117 0.218837
.7297 0.221607
.730 0.224377
.734 0.227147
.739 0.229917
.7427 0.232687
.74667 0.235457
.7713 0.238227
.786 0.240997
.828 0.243767
.8363 0.246537
.8583 0.249307
.8973 0.252078
.9237 0.254848
.9437 0.257618
.9567 0.260388
.988 0.263158
.999 0.265928
1.015 0.268698
1.017 0.271468
1.0257 0.274238
1.0283 0.277008
1.0383 0.279778
1.043 0.282548
1.0453 0.285319
1.0507 0.288089
1.083 0.290859
1.094 0.293629
1.1037 0.296399
1.114 0.299169
1.1193 0.301939
1.121 0.304709
1.1423 0.307479
1.1443 0.310249
1.163 0.313019
1.175 0.315789
1.1787 0.31856
1.1867 0.32133
1.195 0.3241
1.293 0.32687
1.296 0.32964
1.3513 0.33241
1.4197 0.33518
1.532 0.33795
1.536 0.34072
1.5413 0.34349
1.5473 0.34626
1.554 0.34903
1.5587 0.351801
1.561 0.354571
1.5873 0.357341
1.615 0.360111
1.7033 0.362881
1.7137 0.365651
1.715 0.368421
1.7703 0.371191
1.7963 0.373961
1.847 0.376731
1.8983 0.379501
1.9297 0.382271
2.0387 0.385042
2.0453 0.387812
2.1403 0.390582
2.1427 0.393352
2.1683 0.396122
2.169 0.398892
2.1993 0.401662
2.2213 0.404432
2.294 0.407202
2.296 0.409972
2.3853 0.412742
2.399 0.415512
2.4237 0.418283
2.452 0.421053
2.4587 0.423823
2.4657 0.426593
2.491 0.429363
2.582 0.432133
2.590 0.434903
2.6077 0.437673
2.626 0.440443
2.6527 0.443213
2.7123 0.445983
2.775 0.448753
2.7927 0.451524
2.7993 0.454294
2.899 0.457064
2.9087 0.459834
2.9107 0.462604
2.9157 0.465374
2.962 0.468144
2.9913 0.470914
2.9967 0.473684
3.027 0.476454
3.0867 0.479224
3.113 0.481994
3.170 0.484765
3.1747 0.487535
3.181 0.490305
3.1897 0.493075
3.2103 0.495845
3.230 0.498615
3.2413 0.501385
3.254 0.504155
3.271 0.506925
3.313 0.509695
3.420 0.512465
3.4353 0.515235
3.4437 0.518006
3.521 0.520776
3.583 0.523546
3.6903 0.526316
3.744 0.529086
3.7473 0.531856
3.769 0.534626
3.783 0.537396
3.8493 0.540166
3.914 0.542936
3.9893 0.545706
4.PETpre 0.800554
4.0443 0.548476
4.102 0.551247
4.1167 0.554017
4.1503 0.556787
4.417 0.559557
4.4243 0.562327
4.4643 0.565097
4.657 0.567867
4.663 0.570637
4.7813 0.573407
4.7983 0.576177
4.853 0.578947
4.862 0.581717
4.959 0.587258
4.959 0.587258
4.9773 0.590028
4.990 0.592798
5.039 0.598338
5.122 0.601108
5.169 0.603878
5.2047 0.606648
5.242 0.609418
5.2437 0.612188
5.340 0.614958
5.4373 0.617729
5.5083 0.620499
5.547 0.623269
5.6363 0.626039
5.708 0.628809
6.059 0.631579
6.2393 0.634349
6.291 0.637119
6.581 0.639889
6.617 0.642659
6.650 0.645429
6.755 0.648199
6.8157 0.65097
6.930 0.65374
7.019 0.65651
7.138 0.65928
7.1487 0.66205
7.1507 0.66482
7.179 0.66759
7.184 0.67036
7.2583 0.67313
7.302 0.6759
7.4323 0.67867
7.454 0.68144
7.5203 0.684211
7.9137 0.686981
8.3773 0.689751
8.379 0.692521
8.6457 0.695291
8.7363 0.698061
8.860 0.700831
8.935 0.703601
9.132 0.706371
9.1413 0.709141
9.157 0.711911
9.2257 0.714681
9.4607 0.717452
9.5203 0.720222
9.5627 0.722992
9.629 0.725762
9.7803 0.728532
9.8243 0.731302
9.9923 0.734072
10.0053 0.734072
10.0197 0.736842
10.120 0.739612
10.2383 0.742382
10.3497 0.745152
10.619 0.747922
10.750 0.750693
10.8437 0.753463
10.848 0.756233
11.1403 0.759003
11.392 0.761773
11.628 0.764543
11.8813 0.767313
12.0693 0.770083
12.2083 0.772853
12.6283 0.775623
12.9983 0.778393
13.000 0.781163
13.520 0.783934
13.5467 0.786704
14.223 0.789474
14.264 0.792244
14.343 0.795014
14.622 0.797784
15.0363 0.800554
15.096 0.803324
15.313 0.806094
15.6713 0.808864
17.389 0.811634
17.756 0.814404
17.8083 0.817175
18.4383 0.819945
18.519 0.822715
18.607 0.825485
18.6563 0.828255
19.075 0.831025
19.141 0.833795
19.3453 0.836565
19.5947 0.839335
20.4403 0.842105
20.693 0.844875
20.786 0.847645
21.3457 0.850416
21.3897 0.853186
22.1973 0.855956
22.2123 0.858726
22.5593 0.861496
22.7383 0.864266
24.745 0.867036
25.6657 0.869806
28.854 0.872576
29.108 0.875346
29.161 0.878116
30.0877 0.880886
30.1107 0.883657
30.5657 0.886427
31.010 0.889197
31.434 0.891967
31.8167 0.894737
32.261 0.897507
33.1177 0.900277
34.620 0.903047
36.059 0.905817
36.349 0.908587
37.754 0.911357
37.8057 0.914127
39.5263 0.916898
42.446 0.922438
43.6327 0.925208
45.870 0.927978
48.8173 0.930748
50.6077 0.933518
51.4387 0.936288
51.732 0.939058
51.977 0.941828
54.229 0.944598
54.6807 0.947368
54.907 0.950139
56.0463 0.952909
58.710 0.955679
69.063 0.958449
69.3693 0.961219
70.353 0.963989
71.515 0.966759
72.849 0.969529
76.965 0.972299
79.094 0.975069
85.050 0.977839
97.915 0.980609
105.652 0.980609
106.869 0.98338
113.535 0.98615
118.532 0.98892
122.510 0.99169
131.536 0.99446
137.501 0.99723
