0.0385041 0.00277008
0.173462 0.00554017
0.212106 0.00831025
0.246931 0.0110803
0.289725 0.0138504
0.314766 0.0166205
0.352309 0.0193906
0.456563 0.0221607
0.478604 0.0249307
0.714118 0.0277008
0.721445 0.0304709
0.746663 0.033241
0.841912 0.0360111
0.930118 0.0387812
0.967632 0.0415512
0.994512 0.0443213
1.00985 0.0470914
1.01052 0.0498615
1.01365 0.0526316
1.0576 0.0554017
1.12225 0.0581717
1.13017 0.0609418
1.35481 0.0637119
1.40023 0.066482
1.41341 0.0692521
1.47488 0.0720222
1.48365 0.0747922
1.59183 0.0775623
1.67244 0.0803324
1.67963 0.0831025
1.79057 0.0858726
1.81518 0.0886427
1.81647 0.0914127
1.82595 0.0941828
1.86929 0.0969529
1.88576 0.099723
1.93346 0.102493
1.93861 0.105263
1.96758 0.108033
2.00189 0.110803
2.00643 0.113573
2.0172 0.116343
2.029 0.119114
2.04481 0.121884
2.06277 0.124654
2.08358 0.127424
2.12485 0.130194
2.15453 0.132964
2.15965 0.135734
2.18138 0.138504
2.19031 0.141274
2.21285 0.144044
2.22215 0.146814
2.2445 0.149584
2.27185 0.152355
2.28363 0.155125
2.30901 0.157895
2.33917 0.160665
2.4002 0.163435
2.45595 0.166205
2.51872 0.168975
2.55965 0.171745
2.64027 0.174515
2.70565 0.177285
2.71039 0.180055
2.76927 0.182825
2.78311 0.185596
2.81897 0.188366
2.88468 0.191136
2.91212 0.193906
3.00778 0.196676
3.0126 0.199446
3.03434 0.202216
3.07627 0.204986
3.08413 0.207756
3.08963 0.210526
3.11937 0.213296
3.15636 0.216066
3.21445 0.218837
3.22892 0.221607
3.24987 0.224377
3.25055 0.227147
3.26282 0.229917
3.33055 0.232687
3.35671 0.235457
3.38501 0.238227
3.39274 0.240997
3.44931 0.243767
3.46698 0.246537
3.53825 0.249307
3.58704 0.252078
3.75508 0.254848
3.79485 0.257618
3.85683 0.260388
3.90486 0.263158
3.9359 0.265928
3.94697 0.268698
3.97224 0.271468
4.07012 0.274238
4.09872 0.277008
4.19337 0.279778
4.36773 0.282548
4.39121 0.285319
4.50998 0.288089
4.63882 0.290859
4.70719 0.293629
4.71805 0.296399
4.73581 0.299169
4.87892 0.301939
4.89467 0.304709
4.92476 0.307479
4.93135 0.310249
4.93397 0.313019
5.02798 0.315789
5.10269 0.31856
5.12178 0.32133
5.16037 0.3241
5.2722 0.32687
5.43646 0.32964
5.46903 0.33241
5.72524 0.33518
5.73525 0.33795
5.84862 0.34072
5.858 0.34349
5.99005 0.34626
6.07998 0.34903
6.14348 0.351801
6.22708 0.354571
6.24816 0.357341
6.36785 0.360111
6.49953 0.362881
6.66958 0.365651
6.68385 0.368421
7.02857 0.371191
7.06061 0.373961
7.08997 0.376731
7.2344 0.379501
7.26987 0.382271
7.32992 0.385042
7.35054 0.387812
7.61601 0.390582
7.66911 0.393352
7.72252 0.396122
7.84785 0.398892
7.8625 0.401662
7.93965 0.404432
8.03957 0.407202
8.10369 0.409972
8.19376 0.412742
8.25564 0.415512
8.28888 0.418283
8.43174 0.421053
8.49242 0.423823
8.49363 0.426593
8.56666 0.429363
8.66142 0.432133
8.74192 0.434903
8.74926 0.437673
9.00618 0.440443
9.08959 0.443213
9.18324 0.445983
9.20909 0.448753
9.31107 0.451524
9.34422 0.454294
9.59196 0.457064
9.6414 0.459834
9.78072 0.462604
10.0179 0.465374
10.0196 0.468144
10.1182 0.470914
10.1252 0.473684
10.2445 0.476454
10.2913 0.479224
10.3239 0.481994
10.5736 0.484765
10.6248 0.487535
10.6329 0.490305
10.6903 0.493075
10.7823 0.495845
10.7892 0.498615
10.8249 0.501385
10.8535 0.504155
10.8893 0.506925
11.0104 0.509695
11.0641 0.512465
11.1148 0.515235
11.1412 0.518006
11.1495 0.520776
11.1592 0.523546
11.2022 0.526316
11.304 0.529086
11.3633 0.531856
11.4406 0.534626
11.6733 0.537396
11.8776 0.540166
11.975 0.542936
12.0987 0.545706
12.1005 0.548476
12.5062 0.551247
12.6148 0.554017
12.6191 0.556787
12.6732 0.559557
12.7311 0.562327
12.8511 0.565097
13.0023 0.567867
13.2368 0.570637
13.2706 0.573407
13.3591 0.576177
13.4068 0.578947
13.7169 0.581717
13.9117 0.584488
13.936 0.587258
14.0811 0.590028
14.1232 0.592798
14.2782 0.595568
14.2866 0.598338
14.3836 0.601108
14.5401 0.603878
14.6119 0.606648
14.6345 0.609418
14.6926 0.612188
14.7078 0.614958
14.7265 0.617729
15.022 0.620499
15.1532 0.623269
15.163 0.626039
15.1771 0.628809
15.2132 0.631579
15.5754 0.634349
15.662 0.637119
15.7472 0.639889
15.8916 0.642659
16.0232 0.645429
16.1131 0.648199
16.1228 0.65097
16.1943 0.65374
16.4469 0.65651
16.8093 0.65928
16.9162 0.66205
17.2734 0.66482
17.4071 0.66759
17.4194 0.67036
17.5987 0.67313
17.8437 0.6759
18.1812 0.67867
18.3329 0.68144
18.3587 0.684211
18.7459 0.686981
19.2538 0.689751
19.5174 0.692521
19.6291 0.695291
19.6573 0.698061
19.7574 0.700831
19.79 0.703601
19.8038 0.706371
19.8188 0.709141
19.9208 0.711911
20.3821 0.714681
20.4181 0.717452
20.4676 0.720222
20.7805 0.722992
21.0748 0.725762
21.1068 0.728532
21.2775 0.731302
21.3331 0.734072
21.474 0.736842
21.6475 0.739612
21.8685 0.742382
22.0079 0.745152
22.1161 0.747922
22.3803 0.750693
22.466 0.753463
22.5959 0.756233
23.0187 0.759003
23.256 0.761773
23.259 0.764543
23.387 0.767313
23.4075 0.770083
23.5759 0.772853
24.6845 0.775623
24.7534 0.778393
25.1847 0.781163
25.3911 0.783934
25.7026 0.786704
25.9343 0.789474
26.039 0.792244
26.5161 0.795014
26.8981 0.797784
27.1183 0.800554
27.491 0.803324
27.8786 0.806094
27.9404 0.808864
28.3483 0.811634
28.8912 0.814404
29.1524 0.817175
29.1741 0.819945
29.4506 0.822715
29.7651 0.825485
29.8142 0.828255
29.8973 0.831025
29.9411 0.833795
30.1427 0.836565
30.6522 0.839335
31.7254 0.842105
31.8229 0.844875
33.0478 0.847645
33.0651 0.850416
33.8133 0.853186
35.0695 0.855956
35.1608 0.858726
35.4392 0.861496
36.3308 0.864266
37.49 0.867036
38.2104 0.869806
39.014 0.872576
39.2583 0.875346
39.8495 0.878116
40.2358 0.880886
40.4635 0.883657
40.8514 0.886427
41.8801 0.889197
41.9401 0.891967
42.9084 0.894737
43.6247 0.897507
43.6386 0.900277
44.0639 0.903047
45.0044 0.905817
46.7674 0.908587
46.9162 0.911357
46.9396 0.914127
47.8359 0.916898
50.9162 0.919668
51.5125 0.922438
52.5538 0.925208
54.1462 0.927978
55.2994 0.930748
58.5017 0.933518
63.6994 0.936288
64.0478 0.939058
64.2008 0.941828
64.956 0.944598
65.3363 0.947368
66.4679 0.950139
70.4207 0.952909
71.2123 0.955679
73.0445 0.958449
74.9273 0.961219
75.1769 0.963989
78.6627 0.966759
79.2086 0.969529
81.8445 0.972299
83.3817 0.975069
83.8944 0.977839
85.9907 0.980609
86.2112 0.98338
91.4479 0.98615
91.5244 0.98892
113.375 0.99169
126.909 0.99446
129.513 0.99723
12772.7 1
