 0.537396
 0.537396
 0.537396
 0.537396
 0.537396
 0.537396
 0.537396
 0.537396
 0.537396
 0.537396
 0.537396
 0.537396
 0.537396
 0.537396
 0.537396
 0.537396
 0.537396
 0.537396
 0.537396
 0.537396
 0.537396
 0.537396
 0.537396
 0.537396
 0.537396
 0.537396
 0.537396
 0.537396
 0.537396
 0.537396
 0.537396
 0.537396
 0.537396
 0.537396
 0.537396
 0.537396
 0.537396
 0.537396
 0.537396
 0.537396
 0.537396
 0.537396
 0.537396
 0.537396
 0.537396
 0.537396
 0.537396
 0.537396
 0.537396
 0.537396
 0.537396
 0.537396
 0.537396
 0.537396
 0.537396
 0.537396
 0.537396
 0.537396
 0.537396
 0.537396
 0.537396
 0.537396
 0.537396
 0.537396
 0.537396
 0.537396
 0.537396
 0.537396
 0.537396
 0.537396
 0.537396
 0.537396
 0.537396
 0.537396
 0.537396
 0.537396
 0.537396
 0.537396
 0.537396
 0.537396
 0.537396
 0.537396
 0.537396
 0.537396
 0.537396
 0.537396
 0.537396
 0.537396
 0.537396
 0.537396
 0.537396
 0.537396
 0.537396
 0.537396
 0.537396
 0.537396
 0.537396
 0.537396
 0.537396
 0.537396
 0.537396
 0.537396
 0.537396
 0.537396
 0.537396
 0.537396
 0.537396
 0.537396
 0.537396
 0.537396
 0.537396
 0.537396
 0.537396
 0.537396
 0.537396
 0.537396
 0.537396
 0.537396
 0.537396
 0.537396
 0.537396
 0.537396
 0.537396
 0.537396
 0.537396
 0.537396
 0.537396
 0.537396
 0.537396
 0.537396
 0.537396
 0.537396
 0.537396
 0.537396
 0.537396
 0.537396
 0.537396
 0.537396
 0.537396
 0.537396
 0.537396
 0.537396
 0.537396
 0.537396
 0.537396
 0.537396
 0.537396
 0.537396
 0.537396
 0.537396
 0.537396
 0.537396
 0.537396
 0.537396
 0.537396
 0.537396
 0.537396
 0.537396
 0.537396
 0.537396
 0.537396
 0.537396
 0.537396
 0.537396
 0.537396
 0.537396
 0.537396
 0.537396
 0.537396
 0.537396
 0.537396
 0.537396
 0.537396
 0.537396
 0.537396
 0.537396
 0.537396
 0.537396
 0.537396
 0.537396
 0.537396
 0.537396
 0.537396
 0.537396
 0.537396
 0.537396
 0.537396
 0.537396
 0.537396
 0.537396
 0.537396
 0.537396
 0.537396
 0.537396
1.83826 0.540166
2.61201 0.542936
3.03323 0.545706
4.49281 0.548476
4.70595 0.551247
5.6502 0.554017
6.39997 0.556787
7.12929 0.559557
7.25288 0.562327
9.39339 0.565097
10.2641 0.567867
10.3733 0.570637
10.5063 0.573407
10.6311 0.576177
10.7402 0.578947
10.8029 0.581717
10.9738 0.584488
11.3386 0.587258
11.6609 0.590028
12.1809 0.592798
12.8626 0.595568
12.9705 0.598338
13.6908 0.601108
13.9283 0.603878
14.9989 0.606648
15.0801 0.609418
15.8018 0.612188
17.0516 0.614958
17.2622 0.617729
17.5472 0.620499
17.7662 0.623269
18.4009 0.626039
18.425 0.628809
19.7343 0.631579
20.2388 0.634349
20.5176 0.637119
21.6774 0.639889
21.8051 0.642659
23.3151 0.645429
24.6088 0.648199
28.1782 0.65097
31.6436 0.65374
32.1853 0.65651
32.4851 0.65928
34.1494 0.66205
35.1592 0.66482
36.255 0.66759
36.483 0.67036
37.6997 0.67313
38.1049 0.6759
39.7552 0.67867
39.8696 0.68144
39.8956 0.684211
40.1277 0.686981
41.009 0.689751
41.3216 0.692521
41.6432 0.695291
42.1769 0.698061
42.752 0.700831
42.8616 0.703601
42.9308 0.706371
43.7388 0.709141
44.4133 0.711911
44.5098 0.714681
45.8881 0.717452
46.1286 0.720222
46.3158 0.722992
46.6521 0.725762
46.9406 0.728532
47.0418 0.731302
48.1503 0.734072
48.1605 0.736842
48.3519 0.739612
49.3548 0.742382
49.4112 0.745152
50.8527 0.747922
50.8567 0.750693
50.8829 0.753463
51.1565 0.756233
51.1871 0.759003
53.0496 0.761773
53.304 0.764543
54.1341 0.767313
54.1427 0.770083
54.2633 0.772853
54.9419 0.775623
55.0544 0.778393
55.3124 0.781163
55.949 0.783934
55.9699 0.786704
56.0044 0.789474
56.1096 0.792244
56.1124 0.795014
56.5046 0.797784
56.5242 0.800554
56.777 0.803324
56.8263 0.806094
57.1539 0.808864
57.2678 0.811634
58.0539 0.814404
58.0831 0.817175
58.1173 0.819945
58.3777 0.822715
58.4534 0.825485
58.9071 0.828255
58.9128 0.831025
58.929 0.833795
59.1437 0.836565
59.3595 0.839335
59.3752 0.842105
59.547 0.844875
59.6568 0.847645
59.8747 0.850416
60.0541 0.853186
60.1427 0.855956
60.2392 0.858726
60.4441 0.861496
60.5978 0.864266
60.8044 0.867036
60.9133 0.869806
61.3268 0.872576
61.3317 0.875346
61.4248 0.878116
61.4765 0.880886
61.7736 0.883657
62.3044 0.886427
62.4701 0.889197
62.7044 0.891967
62.9043 0.894737
63.0594 0.897507
63.1384 0.900277
63.1514 0.903047
63.1999 0.905817
63.2322 0.908587
63.3017 0.911357
63.7315 0.914127
63.7681 0.916898
64.5715 0.919668
64.6276 0.922438
64.7535 0.925208
64.7552 0.927978
64.8481 0.930748
65.0593 0.933518
65.2381 0.936288
65.3609 0.939058
65.4224 0.941828
65.6714 0.944598
66.4988 0.947368
66.5169 0.950139
66.7375 0.952909
66.9313 0.955679
68.3292 0.958449
68.4664 0.961219
69.0804 0.963989
69.2676 0.966759
69.7449 0.969529
69.9924 0.972299
71.6595 0.975069
72.2059 0.977839
73.7325 0.980609
74.8201 0.98338
75.0135 0.98615
76.259 0.98892
76.3393 0.99169
76.3879 0.99446
76.4976 0.99723
78.0186 1
