0.00705706 0.00277008
0.0290392 0.00554017
0.0579133 0.00831025
0.10676 0.0110803
0.124119 0.0138504
0.129332 0.0166205
0.133939 0.0193906
0.136311 0.0221607
0.152533 0.0249307
0.166743 0.0277008
0.17995 0.0304709
0.187861 0.033241
0.219544 0.0360111
0.238696 0.0387812
0.242183 0.0415512
0.243316 0.0443213
0.24942 0.0470914
0.258259 0.0498615
0.272567 0.0526316
0.273446 0.0554017
0.292819 0.0581717
0.303134 0.0609418
0.310572 0.0637119
0.316663 0.066482
0.346799 0.0692521
0.352279 0.0720222
0.353709 0.0747922
0.357048 0.0775623
0.375509 0.0803324
0.402845 0.0831025
0.417845 0.0858726
0.418125 0.0886427
0.428709 0.0914127
0.438768 0.0941828
0.440541 0.0969529
0.472885 0.099723
0.487608 0.102493
0.514732 0.105263
0.530636 0.108033
0.538906 0.110803
0.575223 0.113573
0.581117 0.116343
0.659295 0.119114
0.661669 0.121884
0.692504 0.124654
0.693925 0.127424
0.697336 0.130194
0.698572 0.132964
0.718814 0.135734
0.728684 0.138504
0.740225 0.141274
0.757909 0.144044
0.782873 0.146814
0.806045 0.149584
0.809733 0.152355
0.826027 0.155125
0.836705 0.157895
0.872518 0.160665
0.88382 0.163435
0.889451 0.166205
0.904024 0.168975
0.909351 0.171745
0.92065 0.174515
0.969884 0.177285
0.975571 0.180055
0.994092 0.182825
1.0126 0.185596
1.02605 0.188366
1.0309 0.191136
1.03627 0.193906
1.0364 0.196676
1.0496 0.199446
1.05114 0.202216
1.0548 0.204986
1.13798 0.207756
1.14868 0.210526
1.16133 0.213296
1.20876 0.216066
1.26235 0.218837
1.32841 0.221607
1.35289 0.224377
1.45219 0.227147
1.51204 0.229917
1.64415 0.232687
1.67728 0.235457
1.68647 0.238227
1.68784 0.240997
1.70224 0.243767
1.70286 0.246537
1.72537 0.249307
1.72616 0.252078
1.80291 0.254848
1.81433 0.257618
1.85374 0.260388
1.88767 0.263158
2.00212 0.265928
2.02392 0.268698
2.08942 0.271468
2.11114 0.274238
2.15134 0.277008
2.18454 0.279778
2.26823 0.282548
2.28663 0.285319
2.30084 0.288089
2.32134 0.290859
2.34937 0.293629
2.35473 0.296399
2.37623 0.299169
2.37629 0.301939
2.42846 0.304709
2.43996 0.307479
2.45003 0.310249
2.46672 0.313019
2.47036 0.315789
2.5173 0.31856
2.54959 0.32133
2.57195 0.3241
2.6 0.32687
2.60678 0.32964
2.60979 0.33241
2.61478 0.33518
2.64044 0.33795
2.64552 0.34072
2.67122 0.34349
2.67894 0.34626
2.70217 0.34903
2.71235 0.351801
2.73333 0.354571
2.77455 0.357341
2.7997 0.360111
2.80867 0.362881
2.81335 0.365651
2.86949 0.368421
2.879 0.371191
2.93795 0.373961
2.95907 0.376731
2.99575 0.379501
3.05337 0.382271
3.07998 0.385042
3.15435 0.387812
3.19422 0.390582
3.20798 0.393352
3.20952 0.396122
3.23003 0.398892
3.24156 0.401662
3.30523 0.404432
3.33773 0.407202
3.36306 0.409972
3.38858 0.412742
3.40043 0.415512
3.41716 0.418283
3.4269 0.421053
3.48815 0.423823
3.52056 0.426593
3.53607 0.429363
3.63121 0.432133
3.67713 0.434903
3.82347 0.437673
3.87532 0.440443
3.91315 0.443213
4.06667 0.445983
4.0811 0.448753
4.12848 0.451524
4.15455 0.454294
4.19594 0.457064
4.24269 0.459834
4.2709 0.462604
4.2796 0.465374
4.36583 0.468144
4.38684 0.470914
4.38898 0.473684
4.40991 0.476454
4.47413 0.479224
4.50618 0.481994
4.56328 0.484765
4.62826 0.487535
4.64482 0.490305
4.71536 0.493075
4.75352 0.495845
4.81678 0.498615
4.82691 0.501385
4.84705 0.504155
5.09663 0.506925
5.21382 0.509695
5.25992 0.512465
5.39562 0.515235
5.61219 0.518006
5.63865 0.520776
5.70198 0.523546
5.87636 0.526316
6.08956 0.529086
6.17394 0.531856
6.30135 0.534626
6.30272 0.537396
6.32412 0.540166
6.36114 0.542936
6.50548 0.545706
6.55574 0.548476
6.60762 0.551247
6.62391 0.554017
6.66664 0.556787
6.70222 0.559557
6.70315 0.562327
6.73995 0.565097
6.8152 0.567867
7.08287 0.570637
7.18759 0.573407
7.1914 0.576177
7.22377 0.578947
7.29003 0.581717
7.3039 0.584488
7.40052 0.587258
7.62116 0.590028
7.73653 0.592798
7.83301 0.595568
7.83341 0.598338
7.90717 0.601108
7.95472 0.603878
8.03958 0.606648
8.47679 0.609418
8.67733 0.612188
8.79223 0.614958
8.81597 0.617729
8.88956 0.620499
9.02325 0.623269
9.0833 0.626039
9.14349 0.628809
9.21904 0.631579
9.28156 0.634349
9.31636 0.637119
9.32855 0.639889
9.34994 0.642659
9.44145 0.645429
9.59652 0.648199
9.60929 0.65097
9.71218 0.65374
9.90719 0.65651
9.94184 0.65928
9.94393 0.66205
9.9878 0.66482
10.0197 0.66759
10.1145 0.67036
10.1222 0.67313
10.1863 0.6759
10.3754 0.67867
10.9311 0.68144
11.0826 0.684211
11.1103 0.686981
11.1362 0.689751
11.2752 0.692521
11.277 0.695291
11.4097 0.698061
11.5772 0.700831
11.6072 0.703601
11.7819 0.706371
11.8725 0.709141
11.9568 0.711911
12.0148 0.714681
12.0259 0.717452
12.1909 0.720222
12.1912 0.722992
12.2916 0.725762
12.3262 0.728532
12.5265 0.731302
13.3215 0.734072
13.6721 0.736842
13.8435 0.739612
14.0929 0.742382
14.2244 0.745152
14.6574 0.747922
14.6973 0.750693
14.9248 0.753463
15.0056 0.756233
15.2449 0.759003
15.287 0.761773
16.7531 0.764543
16.9702 0.767313
16.986 0.770083
17.1281 0.772853
17.6281 0.775623
17.9952 0.778393
18.0932 0.781163
18.6184 0.783934
18.6618 0.786704
18.814 0.789474
19.1326 0.792244
19.5778 0.795014
20.17 0.797784
20.2601 0.800554
20.3476 0.803324
20.9093 0.806094
21.0658 0.808864
21.2529 0.811634
21.4348 0.814404
22.1873 0.817175
22.4016 0.819945
22.6673 0.822715
22.9668 0.825485
23.7363 0.828255
24.7223 0.831025
24.8281 0.833795
24.8744 0.836565
25.2323 0.839335
27.3662 0.842105
28.3141 0.844875
28.6325 0.847645
28.7484 0.850416
29.1593 0.853186
29.1696 0.855956
29.4403 0.858726
30.3179 0.861496
30.5342 0.864266
31.3333 0.867036
32.8118 0.869806
32.8173 0.872576
36.3083 0.875346
37.2825 0.878116
39.0699 0.880886
39.1293 0.883657
40.9629 0.886427
41.3645 0.889197
42.3314 0.891967
43.4441 0.894737
44.0963 0.897507
45.4998 0.900277
47.4993 0.903047
47.6455 0.905817
48.3588 0.908587
49.1194 0.911357
50.5822 0.914127
50.7728 0.916898
50.7761 0.919668
51.1094 0.922438
53.3772 0.925208
53.4587 0.927978
54.1024 0.930748
55.0875 0.933518
55.3058 0.936288
61.136 0.939058
63.6631 0.941828
68.031 0.944598
68.9721 0.947368
69.3406 0.950139
70.7292 0.952909
71.7234 0.955679
75.814 0.958449
76.2755 0.961219
76.8414 0.963989
79.4901 0.966759
86.0534 0.969529
95.95 0.972299
102.592 0.975069
103.739 0.977839
104.811 0.980609
105.468 0.98338
112.118 0.98615
117.442 0.98892
119.282 0.99169
130.582 0.99446
137.452 0.99723
6489.72 1
