24.536 0.00277008
40.1903 0.00554017
55.467 0.00831025
72.0361 0.0110803
75.499 0.0138504
82.7371 0.0166205
94.9688 0.0193906
97.8449 0.0221607
100.974 0.0249307
119.91 0.0277008
122.661 0.0304709
133.081 0.033241
141.385 0.0360111
143.221 0.0387812
143.863 0.0415512
148.05 0.0443213
159.022 0.0470914
161.228 0.0498615
166.32 0.0526316
167.249 0.0554017
167.552 0.0581717
169.529 0.0609418
174.301 0.0637119
175.332 0.066482
178.07 0.0692521
180.542 0.0720222
183.033 0.0747922
183.657 0.0775623
184.576 0.0803324
185.31 0.0831025
189.976 0.0858726
190.429 0.0886427
191.635 0.0914127
196.687 0.0941828
203.592 0.0969529
205.227 0.099723
210.933 0.102493
216.78 0.105263
217.031 0.108033
221.62 0.110803
228.618 0.113573
231.412 0.116343
234.063 0.119114
235.69 0.121884
242.328 0.124654
247.778 0.127424
247.913 0.130194
249.093 0.132964
250.454 0.135734
253.45 0.138504
254.37 0.141274
264.267 0.144044
264.468 0.146814
265.11 0.149584
265.76 0.152355
277.083 0.155125
278.6 0.157895
279.55 0.160665
293.666 0.163435
298.951 0.166205
299.425 0.168975
301.244 0.171745
304.703 0.174515
305.037 0.177285
306.756 0.180055
327.393 0.182825
334.453 0.185596
337.328 0.188366
338.646 0.191136
338.67 0.193906
343.177 0.196676
346.571 0.199446
347.039 0.202216
348.572 0.204986
348.931 0.207756
349.279 0.210526
356.041 0.213296
366.629 0.216066
375.608 0.218837
379.044 0.221607
400.5 0.224377
407.332 0.227147
408.892 0.229917
424.626 0.232687
425.121 0.235457
468.172 0.238227
483.633 0.240997
513.207 0.243767
515.365 0.246537
515.728 0.249307
553.743 0.252078
559.166 0.254848
587.61 0.257618
590.008 0.260388
590.427 0.263158
593 0.265928
594.664 0.268698
608.297 0.271468
619.137 0.274238
619.299 0.277008
619.444 0.279778
627.123 0.282548
634.018 0.285319
654.139 0.288089
658.219 0.290859
680.624 0.293629
683.611 0.296399
691.998 0.299169
727.162 0.301939
739.13 0.304709
754.647 0.307479
797.003 0.310249
807.355 0.313019
819.615 0.315789
822.541 0.31856
836.222 0.32133
836.831 0.3241
841.563 0.32687
850.006 0.32964
853.173 0.33241
853.294 0.33518
868.844 0.33795
905.961 0.34072
906.869 0.34349
974.871 0.34626
979.533 0.34903
982.686 0.351801
985.385 0.354571
988.206 0.357341
993.596 0.360111
995.22 0.362881
1011.65 0.365651
1015.09 0.368421
1016.55 0.371191
1029.06 0.373961
1061.38 0.376731
1074.43 0.379501
1091.64 0.382271
1093.26 0.385042
1105.59 0.387812
1154.61 0.390582
1155.66 0.393352
1167.48 0.396122
1184.36 0.398892
1188.42 0.401662
1204.71 0.404432
1207.43 0.407202
1214.31 0.409972
1220.65 0.412742
1222.06 0.415512
1227.45 0.418283
1246.83 0.421053
1265.34 0.423823
1268.48 0.426593
1272.53 0.429363
1304.47 0.432133
1319.25 0.434903
1333.89 0.437673
1343.87 0.440443
1353.16 0.443213
1354.11 0.445983
1359.84 0.448753
1376.35 0.451524
1383.96 0.454294
1386.85 0.457064
1396.79 0.459834
1406.67 0.462604
1410.29 0.465374
1416.75 0.468144
1458.48 0.470914
1465.12 0.473684
1518.33 0.476454
1538.63 0.479224
1539.91 0.481994
1541.77 0.484765
1548.56 0.487535
1556.5 0.490305
1636.4 0.493075
1646.67 0.495845
1655.66 0.498615
1656.06 0.501385
1661.28 0.504155
1678.34 0.506925
1681.26 0.509695
1693.58 0.512465
1699.54 0.515235
1702.47 0.518006
1704.92 0.520776
1705.24 0.523546
1712.61 0.526316
1723.41 0.529086
1726.42 0.531856
1737.71 0.534626
1758.67 0.537396
1763.97 0.540166
1789.12 0.542936
1836.93 0.545706
1841.41 0.548476
1857.66 0.551247
1897.49 0.554017
1920.87 0.556787
1938.9 0.559557
2007.5 0.562327
2017.8 0.565097
2042.91 0.567867
2052.22 0.570637
2060.54 0.573407
2061.18 0.576177
2076.12 0.578947
2093.55 0.581717
2101.64 0.584488
2103.75 0.587258
2106.43 0.590028
2109.57 0.592798
2111.94 0.595568
2115.92 0.598338
2116.69 0.601108
2118.23 0.603878
2121.59 0.606648
2127.2 0.609418
2129.68 0.612188
2129.72 0.614958
2132.71 0.617729
2134.73 0.620499
2138.3 0.623269
2139.55 0.626039
2139.84 0.628809
2140.18 0.631579
2142.06 0.634349
2146.72 0.637119
2147.76 0.639889
2148.49 0.642659
2148.58 0.645429
2148.89 0.648199
2149.07 0.65097
2151.61 0.65374
2151.62 0.65651
2152.11 0.65928
2155.51 0.66205
2155.95 0.66482
2160.63 0.66759
2163.08 0.67036
2164.26 0.67313
2165.14 0.6759
2165.96 0.67867
2167.02 0.68144
2167.72 0.684211
2169.17 0.686981
2173.11 0.689751
2174.15 0.692521
2174.64 0.695291
2175.21 0.698061
2175.39 0.700831
2175.84 0.703601
2176.5 0.706371
2176.78 0.709141
2178.24 0.711911
2185.16 0.714681
2187.24 0.717452
2187.79 0.720222
2187.84 0.722992
2188.02 0.725762
2188.12 0.728532
2190.86 0.731302
2193.24 0.734072
2193.94 0.736842
2194.31 0.739612
2194.77 0.742382
2201.68 0.745152
2202.93 0.747922
2206.7 0.750693
2209.48 0.753463
2211.46 0.756233
2212.11 0.759003
2214.45 0.761773
2215.35 0.764543
2216.82 0.767313
2218.58 0.770083
2219.27 0.772853
2221.36 0.775623
2230.74 0.778393
2234.61 0.781163
2234.88 0.783934
2244.8 0.786704
2247.9 0.789474
2253.71 0.792244
2254.24 0.795014
2254.65 0.797784
2257.6 0.800554
2262.58 0.803324
2263.32 0.806094
2263.85 0.808864
2264.66 0.811634
2267.1 0.814404
2267.47 0.817175
2268.29 0.819945
2270.2 0.822715
2271.63 0.825485
2274.09 0.828255
2279.49 0.831025
2280.86 0.833795
2282.46 0.836565
2285.33 0.839335
2289.26 0.842105
2291.31 0.844875
2297.18 0.847645
2303.41 0.850416
2309.02 0.853186
2312.94 0.855956
2317.98 0.858726
2325.22 0.861496
2325.8 0.864266
2328.25 0.867036
2330.08 0.869806
2337.83 0.872576
2366.73 0.875346
2378.86 0.878116
2406.6 0.880886
2441.86 0.883657
2469.94 0.886427
2473.51 0.889197
2477.41 0.891967
2493.61 0.894737
2502.49 0.897507
2504.52 0.900277
2505.54 0.903047
2507.59 0.905817
2509.49 0.908587
2511.31 0.911357
2525.9 0.914127
2528.54 0.916898
2529.5 0.919668
2543.11 0.922438
2551.43 0.925208
2554.94 0.927978
2560.13 0.930748
2561.46 0.933518
2565.16 0.936288
2566.86 0.939058
2584.04 0.941828
2642.9 0.944598
2665.77 0.947368
2668.03 0.950139
2686.44 0.952909
2769.15 0.955679
2841.03 0.958449
2900.63 0.961219
2975.86 0.963989
2987.29 0.966759
3170.51 0.969529
3192.3 0.972299
3436.97 0.975069
3531.26 0.977839
3538.82 0.980609
3682.63 0.98338
3699.02 0.98615
3708.99 0.98892
3731.66 0.99169
3746.14 0.99446
3784.89 0.99723
4069.21 1
