0.6163 0.00277008
0.6207 0.00554017
0.6373 0.00831025
0.931 0.0110803
1.0693 0.0138504
1.33233 0.0166205
1.4667 0.0193906
1.8593 0.0221607
1.8953 0.0249307
2.2803 0.0277008
2.3437 0.0304709
2.40867 0.033241
2.4767 0.0360111
2.542 0.0387812
2.6007 0.0415512
2.932 0.0443213
2.934 0.0470914
2.9363 0.0498615
2.95467 0.0526316
3.4347 0.0554017
3.4493 0.0581717
3.64 0.0609418
4.204 0.0637119
4.3027 0.066482
4.352 0.0692521
4.45 0.0720222
4.694 0.0747922
5.4943 0.614958
5.4987 0.617729
5.942 0.620499
6.0107 0.623269
6.2613 0.626039
7.1323 0.628809
7.6277 0.631579
7.9593 0.634349
9.3507 0.637119
9.4797 0.639889
9.5667 0.642659
9.8453 0.645429
11.229 0.110803
12.1293 0.113573
12.4723 0.116343
13.184 0.119114
13.2047 0.121884
13.5507 0.124654
14.0057 0.127424
14.0593 0.130194
14.2887 0.132964
14.821 0.135734
15.7417 0.138504
15.794 0.141274
15.968 0.144044
16.198 0.146814
16.8703 0.149584
17.3683 0.152355
18.2913 0.155125
18.2963 0.157895
18.8837 0.160665
18.9353 0.163435
18.9567 0.166205
20.1163 0.168975
20.4103 0.171745
21.149 0.174515
21.3647 0.177285
21.572 0.180055
23.2617 0.182825
23.375 0.185596
23.7627 0.188366
24.1517 0.191136
24.3863 0.193906
24.571 0.196676
25.19 0.199446
25.57 0.202216
26.366 0.204986
26.4027 0.207756
26.523 0.210526
26.548 0.213296
27.339 0.216066
27.5247 0.218837
27.5633 0.221607
28.1293 0.224377
28.1517 0.227147
28.5207 0.229917
28.8837 0.232687
29.6197 0.235457
29.8287 0.238227
29.8493 0.240997
31.3617 0.243767
32.1797 0.246537
32.4983 0.249307
32.5103 0.252078
32.6783 0.254848
33.0527 0.257618
33.0873 0.260388
33.7477 0.263158
33.7883 0.265928
33.8357 0.268698
34.2 0.271468
34.3067 0.274238
34.9547 0.277008
34.963 0.279778
35.7887 0.282548
36.537 0.285319
36.7177 0.288089
39.4043 0.290859
40.8633 0.293629
41.PEmt 0.853186
41.PEmt 0.853186
41.PEmt 0.853186
41.PEmt 0.853186
41.PEmt 0.853186
41.PEmt 0.853186
41.PEmt 0.853186
41.PEmt 0.853186
41.PEmt 0.853186
41.PEmt 0.853186
41.PEmt 0.853186
41.PEmt 0.853186
41.PEmt 0.853186
41.PEmt 0.853186
41.PEmt 0.853186
41.PEmt 0.853186
41.PEmt 0.853186
41.PEmt 0.853186
41.PEmt 0.853186
41.PEmt 0.853186
41.PEmt 0.853186
41.PEmt 0.853186
41.PEmt 0.853186
41.PEmt 0.853186
41.PEmt 0.853186
41.PEmt 0.853186
41.PEmt 0.853186
41.PEmt 0.853186
41.PEmt 0.853186
41.PEmt 0.853186
41.PEmt 0.853186
41.PEmt 0.853186
41.PEmt 0.853186
41.PEmt 0.853186
41.PEmt 0.853186
41.PEmt 0.853186
41.PEmt 0.853186
41.PEmt 0.853186
41.PEmt 0.853186
41.PEmt 0.853186
41.PEmt 0.853186
41.PEmt 0.853186
41.PEmt 0.853186
41.PEmt 0.853186
41.PEmt 0.853186
41.PEmt 0.853186
41.PEmt 0.853186
41.PEmt 0.853186
41.PEmt 0.853186
41.PEmt 0.853186
41.PEmt 0.853186
41.PEmt 0.853186
41.PEmt 0.853186
41.PEmt 0.853186
41.PEmt 0.853186
41.PEmt 0.853186
41.PEmt 0.853186
41.PEmt 0.853186
41.PEmt 0.853186
41.PEmt 0.853186
41.PEmt 0.853186
41.PEmt 0.853186
41.PEmt 0.853186
41.PEmt 0.853186
41.PEmt 0.853186
41.PEmt 0.853186
41.PEmt 0.853186
41.PEmt 0.853186
41.PEmt 0.853186
41.PEmt 0.853186
41.PEmt 0.853186
41.PEmt 0.853186
41.PEmt 0.853186
41.PEmt 0.853186
41.PEmt 0.853186
41.PEmt 0.853186
41.PEmt 0.853186
41.PEmt 0.853186
41.PEmt 0.853186
41.PEmt 0.853186
41.PEmt 0.853186
41.PEmt 0.853186
41.PEmt 0.853186
41.PEmt 0.853186
41.PEmt 0.853186
41.PEmt 0.853186
41.PEmt 0.853186
41.PEmt 0.853186
41.PEmt 0.853186
41.PEmt 0.853186
41.PEmt 0.853186
41.PEmt 0.853186
41.PEmt 0.853186
41.PEmt 0.853186
41.PEmt 0.853186
41.PEmt 0.853186
41.PEmt 0.853186
41.PEmt 0.853186
41.PEmt 0.853186
41.PEmt 0.853186
41.PEmt 0.853186
41.PEmt 0.853186
41.PEmt 0.853186
41.PEmt 0.853186
41.PEmt 0.853186
41.PEmt 0.853186
41.PEmt 0.853186
41.PEmt 0.853186
41.PEmt 0.853186
41.PEmt 0.853186
41.PEmt 0.853186
41.PEmt 0.853186
41.PEmt 0.853186
41.PEmt 0.853186
41.PEmt 0.853186
41.PEmt 0.853186
41.PEmt 0.853186
41.PEmt 0.853186
41.PEmt 0.853186
41.PEmt 0.853186
41.PEmt 0.853186
41.PEmt 0.853186
41.PEmt 0.853186
41.PEmt 0.853186
41.PEmt 0.853186
41.PEmt 0.853186
41.PEmt 0.853186
41.PEmt 0.853186
41.PEmt 0.853186
41.PEmt 0.853186
41.PEmt 0.853186
41.PEmt 0.853186
41.PEmt 0.853186
41.PEmt 0.853186
41.PEmt 0.853186
41.PEmt 0.853186
41.PEmt 0.853186
41.PEmt 0.853186
41.PEmt 0.853186
41.PEmt 0.853186
41.PEmt 0.853186
41.PEmt 0.853186
41.PEmt 0.853186
41.PEmt 0.853186
41.PEmt 0.853186
41.PEmt 0.853186
41.PEmt 0.853186
41.PEmt 0.853186
41.PEmt 0.853186
41.PEmt 0.853186
41.PEmt 0.853186
41.PEmt 0.853186
41.PEmt 0.853186
41.PEmt 0.853186
41.PEmt 0.853186
41.PEmt 0.853186
41.PEmt 0.853186
41.PEmt 0.853186
41.PEmt 0.853186
41.PEmt 0.853186
41.PEmt 0.853186
41.PEmt 0.853186
41.PEmt 0.853186
41.PEmt 0.853186
41.PEmt 0.853186
41.PEmt 0.853186
41.PEmt 0.853186
41.PEmt 0.853186
41.PEmt 0.853186
41.PEmt 0.853186
41.PEmt 0.853186
41.PEmt 0.853186
41.PEmt 0.853186
41.PEmt 0.853186
41.PEmt 0.853186
41.PEmt 0.853186
41.PEmt 0.853186
41.PEmt 0.853186
41.PEmt 0.853186
41.PEmt 0.853186
41.PEmt 0.853186
41.PEmt 0.853186
41.PEmt 0.853186
41.PEmt 0.853186
41.PEmt 0.853186
41.PEmt 0.853186
41.PEmt 0.853186
41.PEmt 0.853186
41.PEmt 0.853186
41.PEmt 0.853186
41.PEmt 0.853186
41.PEmt 0.853186
41.PEmt 0.853186
41.PEmt 0.853186
41.625 0.296399
41.9227 0.299169
42.1143 0.839335
42.4977 0.842105
42.975 0.844875
44.1813 0.847645
44.3837 0.850416
44.7973 0.853186
44.842 0.855956
45.1353 0.858726
46.1357 0.861496
46.4707 0.864266
48.979 0.867036
50.659 0.869806
55.9873 0.872576
55.9987 0.875346
56.342 0.878116
57.6437 0.880886
58.7683 0.883657
59.3593 0.886427
60.474 0.889197
61.8363 0.891967
62.51 0.894737
63.322 0.897507
64.313 0.900277
64.3483 0.903047
65.1323 0.905817
71.511 0.908587
75.297 0.911357
77.961 0.914127
82.351 0.916898
83.577 0.919668
83.908 0.922438
84.083 0.925208
84.452 0.927978
86.033 0.930748
89.272 0.933518
89.453 0.936288
91.721 0.939058
92.383 0.941828
97.184 0.944598
97.263 0.947368
98.233 0.950139
106.13 0.415512
137.43 0.418283
145.481 0.421053
146.986 0.423823
158.259 0.426593
165.21 0.429363
167.43 0.432133
168.754 0.434903
172.019 0.437673
194.001 0.440443
200.899 0.443213
202.67 0.445983
207.286 0.448753
288.834 0.451524
290.119 0.454294
290.901 0.457064
292.679 0.459834
319.154 0.462604
