1 0.0385041
2 0.173462
3 0.212106
4 0.246931
5 0.289725
6 0.314766
7 0.352309
8 0.456563
9 0.478604
10 0.714118
11 0.721445
12 0.746663
13 0.841912
14 0.930118
15 0.967632
16 0.994512
17 1.00985
18 1.01052
19 1.01365
20 1.0576
21 1.12225
22 1.13017
23 1.35481
24 1.40023
25 1.41341
26 1.47488
27 1.48365
28 1.59183
29 1.67244
30 1.67963
31 1.79057
32 1.81518
33 1.81647
34 1.82595
35 1.86929
36 1.88576
37 1.93346
38 1.93861
39 1.96758
40 2.00189
41 2.00643
42 2.0172
43 2.029
44 2.04481
45 2.06277
46 2.08358
47 2.12485
48 2.15453
49 2.15965
50 2.18138
51 2.19031
52 2.21285
53 2.22215
54 2.2445
55 2.27185
56 2.28363
57 2.30901
58 2.33917
59 2.4002
60 2.45595
61 2.51872
62 2.55965
63 2.64027
64 2.70565
65 2.71039
66 2.76927
67 2.78311
68 2.81897
69 2.88468
70 2.91212
71 3.00778
72 3.0126
73 3.03434
74 3.07627
75 3.08413
76 3.08963
77 3.11937
78 3.15636
79 3.21445
80 3.22892
81 3.24987
82 3.25055
83 3.26282
84 3.33055
85 3.35671
86 3.38501
87 3.39274
88 3.44931
89 3.46698
90 3.53825
91 3.58704
92 3.75508
93 3.79485
94 3.85683
95 3.90486
96 3.9359
97 3.94697
98 3.97224
99 4.07012
100 4.09872
101 4.19337
102 4.36773
103 4.39121
104 4.50998
105 4.63882
106 4.70719
107 4.71805
108 4.73581
109 4.87892
110 4.89467
111 4.92476
112 4.93135
113 4.93397
114 5.02798
115 5.10269
116 5.12178
117 5.16037
118 5.2722
119 5.43646
120 5.46903
121 5.72524
122 5.73525
123 5.84862
124 5.858
125 5.99005
126 6.07998
127 6.14348
128 6.22708
129 6.24816
130 6.36785
131 6.49953
132 6.66958
133 6.68385
134 7.02857
135 7.06061
136 7.08997
137 7.2344
138 7.26987
139 7.32992
140 7.35054
141 7.61601
142 7.66911
143 7.72252
144 7.84785
145 7.8625
146 7.93965
147 8.03957
148 8.10369
149 8.19376
150 8.25564
151 8.28888
152 8.43174
153 8.49242
154 8.49363
155 8.56666
156 8.66142
157 8.74192
158 8.74926
159 9.00618
160 9.08959
161 9.18324
162 9.20909
163 9.31107
164 9.34422
165 9.59196
166 9.6414
167 9.78072
168 10.0179
169 10.0196
170 10.1182
171 10.1252
172 10.2445
173 10.2913
174 10.3239
175 10.5736
176 10.6248
177 10.6329
178 10.6903
179 10.7823
180 10.7892
181 10.8249
182 10.8535
183 10.8893
184 11.0104
185 11.0641
186 11.1148
187 11.1412
188 11.1495
189 11.1592
190 11.2022
191 11.304
192 11.3633
193 11.4406
194 11.6733
195 11.8776
196 11.975
197 12.0987
198 12.1005
199 12.5062
200 12.6148
201 12.6191
202 12.6732
203 12.7311
204 12.8511
205 13.0023
206 13.2368
207 13.2706
208 13.3591
209 13.4068
210 13.7169
211 13.9117
212 13.936
213 14.0811
214 14.1232
215 14.2782
216 14.2866
217 14.3836
218 14.5401
219 14.6119
220 14.6345
221 14.6926
222 14.7078
223 14.7265
224 15.022
225 15.1532
226 15.163
227 15.1771
228 15.2132
229 15.5754
230 15.662
231 15.7472
232 15.8916
233 16.0232
234 16.1131
235 16.1228
236 16.1943
237 16.4469
238 16.8093
239 16.9162
240 17.2734
241 17.4071
242 17.4194
243 17.5987
244 17.8437
245 18.1812
246 18.3329
247 18.3587
248 18.7459
249 19.2538
250 19.5174
251 19.6291
252 19.6573
253 19.7574
254 19.79
255 19.8038
256 19.8188
257 19.9208
258 20.3821
259 20.4181
260 20.4676
261 20.7805
262 21.0748
263 21.1068
264 21.2775
265 21.3331
266 21.474
267 21.6475
268 21.8685
269 22.0079
270 22.1161
271 22.3803
272 22.466
273 22.5959
274 23.0187
275 23.256
276 23.259
277 23.387
278 23.4075
279 23.5759
280 24.6845
281 24.7534
282 25.1847
283 25.3911
284 25.7026
285 25.9343
286 26.039
287 26.5161
288 26.8981
289 27.1183
290 27.491
291 27.8786
292 27.9404
293 28.3483
294 28.8912
295 29.1524
296 29.1741
297 29.4506
298 29.7651
299 29.8142
300 29.8973
301 29.9411
302 30.1427
303 30.6522
304 31.7254
305 31.8229
306 33.0478
307 33.0651
308 33.8133
309 35.0695
310 35.1608
311 35.4392
312 36.3308
313 37.49
314 38.2104
315 39.014
316 39.2583
317 39.8495
318 40.2358
319 40.4635
320 40.8514
321 41.8801
322 41.9401
323 42.9084
324 43.6247
325 43.6386
326 44.0639
327 45.0044
328 46.7674
329 46.9162
330 46.9396
331 47.8359
332 50.9162
333 51.5125
334 52.5538
335 54.1462
336 55.2994
337 58.5017
338 63.6994
339 64.0478
340 64.2008
341 64.956
342 65.3363
343 66.4679
344 70.4207
345 71.2123
346 73.0445
347 74.9273
348 75.1769
349 78.6627
350 79.2086
351 81.8445
352 83.3817
353 83.8944
354 85.9907
355 86.2112
356 91.4479
357 91.5244
358 113.375
359 126.909
360 129.513
361 12772.7
