0.0286658 0.0020202
0.0438678 0.0040404
0.0532679 0.00606061
0.125258 0.00808081
0.266998 0.010101
0.30554 0.0121212
0.335392 0.0141414
0.408278 0.0161616
0.422058 0.0181818
0.485919 0.020202
0.50249 0.0222222
0.669095 0.0242424
0.685238 0.0262626
0.821625 0.0282828
1.00552 0.030303
1.06769 0.0323232
1.10889 0.0343434
1.12555 0.0363636
1.17048 0.0383838
1.24354 0.040404
1.47445 0.0424242
1.54405 0.0444444
1.54937 0.0464646
1.59515 0.0484848
1.61145 0.0505051
1.62674 0.0525253
1.77429 0.0545455
1.87039 0.0565657
1.9412 0.0585859
2.12371 0.0606061
2.21565 0.0626263
2.40801 0.0646465
2.51254 0.0666667
2.86649 0.0686869
2.95123 0.0707071
3.00867 0.0727273
3.5349 0.0747475
4.56226 0.0767677
4.96997 0.0787879
5.08753 0.0808081
5.16063 0.0828283
5.27237 0.0848485
5.29465 0.0868687
5.45043 0.0888889
5.45403 0.0909091
5.46107 0.0929293
5.85902 0.0949495
5.9287 0.0969697
5.94353 0.0989899
6.1193 0.10101
6.18914 0.10303
6.41924 0.105051
6.5286 0.107071
7.56131 0.109091
7.84705 0.111111
8.38226 0.113131
8.65031 0.115152
8.76917 0.117172
9.054 0.119192
9.94437 0.121212
10.0029 0.123232
10.0262 0.125253
10.124 0.127273
10.2928 0.129293
10.4121 0.131313
11.0093 0.133333
11.9072 0.135354
12.4273 0.137374
12.9101 0.139394
13.0057 0.141414
14.4571 0.143434
15.2135 0.145455
15.6801 0.147475
16.4284 0.149495
16.4539 0.151515
16.9752 0.153535
18.7722 0.155556
19.1246 0.157576
19.5389 0.159596
19.9352 0.161616
20.1753 0.163636
20.1826 0.165657
20.187 0.167677
20.4116 0.169697
20.5093 0.171717
20.6911 0.173737
21.3118 0.175758
21.3782 0.177778
21.7195 0.179798
22.0005 0.181818
22.7595 0.183838
23.1826 0.185859
23.6308 0.187879
23.7324 0.189899
24.5573 0.191919
25.4792 0.193939
26.5131 0.19596
28.3627 0.19798
29.7385 0.2
30.1181 0.20202
30.3543 0.20404
30.9652 0.206061
31.0045 0.208081
31.2124 0.210101
33.4381 0.212121
34.3797 0.214141
34.4895 0.216162
34.5162 0.218182
34.5241 0.220202
34.5613 0.222222
35.101 0.224242
35.1271 0.226263
35.1693 0.228283
35.2647 0.230303
35.457 0.232323
35.6835 0.234343
36.2717 0.236364
36.2728 0.238384
37.2318 0.240404
37.594 0.242424
37.8306 0.244444
37.8479 0.246465
38.0895 0.248485
38.3618 0.250505
38.5324 0.252525
38.6145 0.254545
38.6487 0.256566
38.686 0.258586
38.7554 0.260606
38.7578 0.262626
38.7925 0.264646
38.8609 0.266667
38.9577 0.268687
39.0153 0.270707
39.0819 0.272727
39.478 0.274747
39.6325 0.276768
39.8221 0.278788
39.8866 0.280808
39.9017 0.282828
39.9105 0.284848
40.0677 0.286869
40.09 0.288889
40.4952 0.290909
40.7338 0.292929
40.8831 0.294949
40.9639 0.29697
41.2709 0.29899
41.5683 0.30101
42.1961 0.30303
42.6023 0.305051
44.5807 0.307071
45.4819 0.309091
45.6313 0.311111
45.8603 0.313131
46.1713 0.315152
46.1789 0.317172
46.2909 0.319192
46.3221 0.321212
46.3274 0.323232
46.5479 0.325253
47.4879 0.327273
47.6992 0.329293
48.4505 0.331313
48.7729 0.333333
50.5171 0.335354
50.7156 0.337374
50.7751 0.339394
50.8437 0.341414
50.9854 0.343434
51.0877 0.345455
51.2027 0.347475
51.6589 0.349495
52.3566 0.351515
52.4481 0.353535
52.6874 0.355556
52.6994 0.357576
52.9339 0.359596
53.571 0.361616
53.8165 0.363636
53.8914 0.365657
53.8926 0.367677
54.0932 0.369697
55.0009 0.371717
55.3698 0.373737
56.2229 0.375758
56.2868 0.377778
56.3577 0.379798
56.5275 0.381818
56.5913 0.383838
56.7302 0.385859
57.0441 0.387879
57.047 0.389899
57.2079 0.391919
57.3417 0.393939
57.5286 0.39596
58.1149 0.39798
58.2375 0.4
58.2386 0.40202
58.2478 0.40404
60.1863 0.406061
60.2923 0.408081
60.6063 0.410101
60.7609 0.412121
61.2191 0.414141
61.3714 0.416162
61.402 0.418182
61.4893 0.420202
61.7546 0.422222
61.7559 0.424242
62.3458 0.426263
62.9315 0.428283
63.296 0.430303
63.3576 0.432323
63.4472 0.434343
63.6483 0.436364
63.6739 0.438384
64.3179 0.440404
64.585 0.442424
64.9081 0.444444
64.9659 0.446465
65.0514 0.448485
65.1822 0.450505
65.6731 0.452525
65.9475 0.454545
66.1818 0.456566
66.2677 0.458586
66.3444 0.460606
66.4557 0.462626
66.7459 0.464646
66.9009 0.466667
67.7916 0.468687
67.8345 0.470707
67.8652 0.472727
68.0677 0.474747
68.204 0.476768
68.3622 0.478788
68.8414 0.480808
68.9583 0.482828
68.9614 0.484848
69.4065 0.486869
69.6687 0.488889
69.8137 0.490909
69.8738 0.492929
70.1169 0.494949
70.2914 0.49697
70.2953 0.49899
70.642 0.50101
70.6602 0.50303
71.146 0.505051
71.6025 0.507071
71.6331 0.509091
72.0329 0.511111
72.2631 0.513131
72.3935 0.515152
72.5113 0.517172
72.5758 0.519192
72.641 0.521212
72.6596 0.523232
73.2767 0.525253
74.2348 0.527273
74.3202 0.529293
74.4929 0.531313
74.9814 0.533333
75.3041 0.535354
75.4038 0.537374
75.4576 0.539394
75.4772 0.541414
75.6174 0.543434
76.0691 0.545455
76.1085 0.547475
76.1313 0.549495
76.2837 0.551515
76.3404 0.553535
76.8 0.555556
76.8877 0.557576
77.1391 0.559596
77.4481 0.561616
77.9714 0.563636
78.0187 0.565657
78.2787 0.567677
78.48 0.569697
78.6983 0.571717
79.3453 0.573737
79.4861 0.575758
79.8758 0.577778
79.9357 0.579798
79.9464 0.581818
80.0226 0.583838
80.0413 0.585859
80.0879 0.587879
80.1091 0.589899
80.2066 0.591919
80.2231 0.593939
80.2768 0.59596
80.3801 0.59798
80.45 0.6
80.8175 0.60202
80.9374 0.60404
81.886 0.606061
81.956 0.608081
81.9837 0.610101
81.9921 0.612121
81.9938 0.614141
82.2241 0.616162
82.2933 0.618182
82.3466 0.620202
82.4533 0.622222
82.6421 0.624242
82.7608 0.626263
82.7888 0.628283
83.1353 0.630303
83.7274 0.632323
83.844 0.634343
84.2199 0.636364
84.2719 0.638384
84.3294 0.640404
84.4089 0.642424
84.6126 0.644444
84.9928 0.646465
85.0262 0.648485
85.3334 0.650505
85.5339 0.652525
85.611 0.654545
85.7505 0.656566
85.877 0.658586
86.0498 0.660606
86.3653 0.662626
86.386 0.664646
86.6417 0.666667
86.6803 0.668687
86.7663 0.670707
86.797 0.672727
86.8076 0.674747
87.0501 0.676768
87.0628 0.678788
87.1694 0.680808
87.1854 0.682828
87.3045 0.684848
87.4678 0.686869
87.54 0.688889
87.5659 0.690909
87.6019 0.692929
87.6311 0.694949
87.7176 0.69697
87.85 0.69899
87.9429 0.70101
87.9437 0.70303
87.9483 0.705051
87.9847 0.707071
88.0089 0.709091
88.0451 0.711111
88.0686 0.713131
88.072 0.715152
88.3513 0.717172
88.4656 0.719192
88.5521 0.721212
88.7008 0.723232
88.9963 0.725253
89.0602 0.727273
89.1174 0.729293
89.239 0.731313
89.3115 0.733333
89.6785 0.735354
89.6834 0.737374
89.7224 0.739394
90.1241 0.741414
90.3272 0.743434
90.4366 0.745455
90.5007 0.747475
90.5074 0.749495
90.5749 0.751515
90.7208 0.753535
90.7997 0.755556
91.1602 0.757576
91.2541 0.759596
91.4018 0.761616
91.5802 0.763636
91.6493 0.765657
91.6724 0.767677
91.7096 0.769697
91.7571 0.771717
92.1973 0.773737
92.4214 0.775758
92.5259 0.777778
92.5507 0.779798
92.6764 0.781818
92.7408 0.783838
92.7803 0.785859
92.8096 0.787879
93.5743 0.789899
93.734 0.791919
93.9139 0.793939
94.3536 0.79596
94.6163 0.79798
94.9456 0.8
95.0703 0.80202
95.1411 0.80404
98.679 0.806061
98.6895 0.808081
124.729 0.810101
126.084 0.812121
126.837 0.814141
127.598 0.816162
128.012 0.818182
128.43 0.820202
129.545 0.822222
132.446 0.824242
135.647 0.826263
135.838 0.828283
136.089 0.830303
137.83 0.832323
138.571 0.834343
143.481 0.836364
146.812 0.838384
147.268 0.840404
149.649 0.842424
150.636 0.844444
151.05 0.846465
156.88 0.848485
167.671 0.850505
195.688 0.852525
196.062 0.854545
196.102 0.856566
196.204 0.858586
198.004 0.860606
198.215 0.862626
199.11 0.864646
199.262 0.866667
200.885 0.868687
202 0.870707
202.599 0.872727
203.575 0.874747
204.609 0.876768
205.148 0.878788
205.254 0.880808
205.743 0.882828
206.224 0.884848
211.001 0.886869
211.173 0.888889
222.724 0.890909
231.008 0.892929
237.134 0.894949
253.896 0.89697
257.137 0.89899
282.817 0.90101
287.32 0.90303
287.344 0.905051
298.329 0.907071
300.721 0.909091
307.92 0.911111
309.919 0.913131
312.68 0.915152
313.984 0.917172
318.283 0.919192
318.872 0.921212
319.964 0.923232
320.921 0.925253
321.806 0.927273
322.961 0.929293
326.075 0.931313
329.434 0.933333
330.776 0.935354
334.115 0.937374
335.497 0.939394
340.06 0.941414
342.962 0.943434
389.674 0.945455
394.377 0.947475
575.403 0.949495
581.926 0.951515
584.273 0.953535
585.524 0.955556
589.996 0.957576
592.35 0.959596
595.818 0.961616
604.735 0.963636
605.355 0.965657
609.488 0.967677
609.813 0.969697
611.283 0.971717
621.308 0.973737
632.986 0.975758
642.509 0.977778
669.931 0.979798
672.62 0.981818
745.017 0.983838
806.268 0.985859
1023.03 0.987879
1026.81 0.989899
1606.89 0.991919
1931.44 0.993939
1950.26 0.99596
1954.23 0.99798
1972.67 1
2001.45 1.00202
2009.35 1.00404
2010.46 1.00606
2024.27 1.00808
2080.04 1.0101
2932.83 1.01212
3216.88 1.01414
