 102 108.102 134.266 26.164 24.200
 206 47.128 50.872 3.744 7.900
 308 28.9287 31.374 2.4453 8.400
 413 21.856 22.671 .815 3.700
 518 17.4393 17.760 .3207 1.800
 619 14.504 14.595 .091 .600
 720 12.347 12.380 .033 .200
 102 259.28 1496189.009 1495929.729 576955.300
 206 126.05 15634.432 15508.382 12303.300
 308 86.7163 3721.288 3634.5717 4191.300
 413 62.4683 632.176 569.7077 911.900
 518 49.5073 212.992 163.4847 330.200
 619 41.958 73.739 31.781 75.700
 720 36.0627 39.751 3.6883 10.200
 102 175.43 409.600 234.170 133.400
 206 122.194 68.485 53.709 43.900
 308 81.276 37.299 43.977 54.100
 413 61.4057 25.620 35.7857 58.200
 518 48.1167 19.513 28.6037 59.400
 619 40.4953 15.755 24.7403 61.000
 720 35.1177 13.211 21.9067 62.300
 102 250.882 275271.024 275020.142 109621.300
 206 135.88 10198.220 10062.340 7405.300
 308 92.668 4025.259 3932.591 4243.700
 413 66.78 911.851 845.071 1265.400
 518 50.7393 479.330 428.5907 844.600
 619 42.495 189.298 146.803 345.400
 720 36.4573 110.923 74.4657 204.200
 102 147.845 174.653 26.808 18.100
 206 66.8337 55.705 11.1287 16.600
 308 42.774 33.176 9.598 22.400
 413 32.23 23.592 8.638 26.800
 518 24.5423 18.317 6.2253 25.300
 619 19.8797 14.963 4.9167 24.700
 720 16.0757 12.649 3.4267 21.300
 102 248.642 24770.887 24522.245 9862.400
 206 119.981 103.424 16.557 13.700
 308 61.4777 45.655 15.8227 25.700
 413 43.0017 29.327 13.6747 31.800
 518 33.232 21.577 11.655 35.000
 619 24.3617 17.079 7.2827 29.800
 720 17.231 14.124 3.107 18.000
 102 127.228 474.316 347.088 272.800
 206 54.198 69.877 15.679 28.900
 308 35.2197 37.709 2.4893 7.000
 413 25.28 25.825 .545 2.100
 518 20.5937 19.611 .9827 4.700
 619 16.5463 15.837 .7093 4.200
 720 14.465 13.258 1.207 8.300
 102 247.056 141036201784.442 141036201537.386 57086733994.400
 206 120.586 12016.066 11895.480 9864.700
 308 70.526 114.712 44.186 62.600
 413 46.344 47.841 1.497 3.200
 518 34.2357 30.162 4.0737 11.800
 619 26.539 22.049 4.490 16.900
 720 21.76 17.354 4.406 20.200
 102 114.224 1126.727 1012.503 886.400
 206 50.8163 77.127 26.3107 51.700
 308 32.8113 39.730 6.9187 21.000
 413 24.6153 26.726 2.1107 8.500
 518 18.8067 20.152 1.3453 7.100
 619 15.8553 16.165 .3097 1.900
 720 13.7807 13.504 .2767 2.000
 102 175.407 32214693.396 32214517.989 18365582.800
 206 68.1993 172.072 103.8727 152.300
 308 42.3917 55.485 13.0933 30.800
 413 31.263 33.075 1.812 5.700
 518 24.568 23.560 1.008 4.100
 619 20.2783 18.295 1.9833 9.700
 720 17.5813 14.943 2.6383 15.000
 102 246.935 623196.815 622949.880 252272.800
 206 125.462 1425.121 1299.659 1035.800
 308 81.6223 93.823 12.2007 14.900
 413 61.099 43.663 17.436 28.500
 518 49.1773 28.491 20.6863 42.000
 619 39.8147 21.121 18.6937 46.900
 720 33.604 16.780 16.824 50.000
 102 255.88 42247091325.911 42247091070.031 16510509250.400
 206 128.049 24501609.472 24501481.423 19134457.400
 308 86.3823 348715.669 348629.2867 403588.700
 413 64.6147 19087.093 19022.4783 29439.800
 518 51.2947 2315.354 2264.0593 4413.800
 619 41.787 493.719 451.932 1081.500
 720 36.0297 162.809 126.7793 351.800
 102 140.108 8108223.938 8108083.830 5787024.100
 206 55.7787 147.865 92.0863 165.000
 308 35.32 52.700 17.380 49.200
 413 25.3887 32.030 6.6413 26.100
 518 20.5493 23.035 2.4857 12.000
 619 16.591 17.981 1.390 8.300
 720 14.3397 14.732 .3923 2.700
 102 247.641 6185.861 5938.220 2397.900
 206 122.352 163.635 41.283 33.700
 308 81.895 54.612 27.283 33.300
 413 60.3893 32.768 27.6213 45.700
 518 45.05 23.396 21.654 48.000
 619 35.4507 18.199 17.2517 48.600
 720 29.3827 14.884 14.4987 49.300
 102 249.81 5395.742 5145.932 2059.900
 206 124.495 270.008 145.513 116.800
 308 81.8787 65.479 16.3997 20.000
 413 62.1517 36.372 25.7797 41.400
 518 49.4643 25.198 24.2663 49.000
 619 40.7737 19.250 21.5237 52.700
 720 35.0133 15.598 19.4153 55.400
 102 246.999 7658.946 7411.947 3000.800
 206 123.518 151.552 28.034 22.600
 308 82.111 53.110 29.001 35.300
 413 56.2353 32.235 24.0003 42.600
 518 41.7197 23.134 18.5857 44.500
 619 32.579 18.035 14.544 44.600
 720 26.9073 14.767 12.1403 45.100
 102 226.619 159.662 66.957 29.500
 206 108.258 54.108 54.150 50.000
 308 71.07 32.576 38.494 54.100
 413 52.505 23.285 29.220 55.600
 518 41.6317 18.137 23.4947 56.400
 619 34.541 14.854 19.687 56.900
 720 29.731 12.567 17.164 57.700
 102 252.515 359722.762 359470.247 142355.900
 206 124.441 550.010 425.569 341.900
 308 84.945 82.737 2.208 2.500
 413 63.1537 41.205 21.9487 34.700
 518 50.1903 27.394 22.7963 45.400
 619 41.5333 20.520 21.0133 50.500
 720 35.281 16.406 18.875 53.400
 102 166.666 105.676 60.990 36.500
 206 79.2473 46.120 33.1273 41.800
 308 51.8303 29.517 22.3133 43.000
 413 38.622 21.688 16.934 43.800
 518 30.6023 17.154 13.4483 43.900
 619 25.4943 14.171 11.3233 44.400
 720 21.5857 12.088 9.4977 43.900
 102 250.799 277.135 26.336 10.500
 206 71.7897 73.646 1.8563 2.500
 308 38.4663 38.774 .3077 .700
 413 26.2457 26.316 .0703 .200
 518 20.001 19.906 .095 .400
 619 16.071 16.014 .057 .300
 720 13.4697 13.351 .1187 .800
 102 282.109 842.219 560.110 198.500
 206 125.176 128.778 3.602 2.800
 308 62.253 62.175 .078 .100
 413 35.945 35.307 .638 1.700
 518 25.0693 24.674 .3953 1.500
 619 19.3183 18.950 .3683 1.900
 720 16.8547 15.388 1.4667 8.700
 102 191.531 263.372 71.841 37.500
 206 92.7693 62.423 30.3463 32.700
 308 60.5723 35.415 25.1573 41.500
 413 42.0947 24.719 17.3757 41.200
 518 31.776 18.972 12.804 40.200
 619 25.791 15.400 10.391 40.200
 720 22.136 12.965 9.171 41.400
 102 216.011 17253.007 17036.996 7887.000
 206 124.434 116.326 8.108 6.500
 308 81.8463 48.058 33.7883 41.200
 413 60.9297 30.289 30.6407 50.200
 518 49.1637 22.102 27.0617 55.000
 619 40.3973 17.407 22.9903 56.900
 720 34.566 14.346 20.220 58.400
 102 264.279 54151.413 53887.134 20390.200
 206 129.171 68231.577 68102.406 52722.600
 308 84.693 1187808.433 1187723.740 1402387.100
 413 41.8453 6761.922 6720.0767 16059.300
 518 39.3 4082.794 4043.494 10288.700
 619 30.441 645.800 615.359 2021.400
 720 16.4043 62.044 45.6397 278.200
 102 132.225 177.274 45.049 34.000
 206 53.1113 55.992 2.8807 5.400
 308 32.7453 33.258 .5127 1.500
 413 22.7017 23.633 .9313 4.100
 518 17.967 18.333 .366 2.000
 619 14.844 14.977 .133 .800
 720 12.7357 12.661 .0747 .500
 102 138.891 339.886 200.995 144.700
 206 54.5467 65.945 11.3983 20.800
 308 32.913 36.535 3.622 11.000
 413 23.1687 25.251 2.0823 8.900
 518 18.1723 19.283 1.1107 6.100
 619 14.919 15.619 .700 4.600
 720 12.761 13.117 .356 2.700
 102 266.546 1509977.047 1509710.501 566397.700
 206 125.842 98032.640 97906.798 77801.300
 308 85.1283 7179.648 7094.5197 8333.900
 413 66.097 2200.924 2134.827 3229.800
 518 50.445 527.794 477.349 946.200
 619 41.665 188.056 146.391 351.300
 720 35.9423 90.011 54.0687 150.400
 102 280.38 6431332.352 6431051.972 2293691.400
 206 143.573 214804.029 214660.456 149513.100
 308 91.075 30386.635 30295.560 33264.400
 413 68.09 7778.693 7710.603 11324.100
 518 54.394 2765.619 2711.225 4984.400
 619 45.1093 1213.082 1167.9727 2589.200
 720 38.5413 616.051 577.5097 1498.400
 102 112.99 773330.206 773217.216 684323.500
 206 49.8027 120.094 70.2913 141.100
 308 30.8333 48.659 17.8257 57.800
 413 22.2187 30.515 8.2963 37.300
 518 14.7633 22.216 7.4527 50.400
 619 13.7223 17.475 3.7527 27.300
 720 12.9823 14.405 1.4227 10.900
 102 93.3923 5635.522 5542.1297 5934.200
 206 32.8277 89.866 57.0383 173.700
 308 20.2953 43.170 22.8747 112.700
 413 14.786 28.221 13.435 90.800
 518 11.744 20.840 9.096 77.400
 619 9.69833 16.670 6.97167 71.800
 720 8.29333 13.855 5.56167 67.000
 102 144.242 403.456 259.214 179.700
 206 72.4583 68.116 4.3423 5.900
 308 47.6707 37.190 10.4807 21.900
 413 35.678 25.559 10.119 28.300
 518 24.9507 19.480 5.4707 21.900
 619 11.722 15.741 4.019 34.200
 720 11.3183 13.199 1.8807 16.600
 102 143.43 222.576 79.146 55.100
 206 42.892 59.842 16.950 39.500
 308 25.6687 34.542 8.8733 34.500
 413 17.5847 24.309 6.7243 38.200
 518 13.9173 18.743 4.8257 34.600
 619 10.7937 15.250 4.4563 41.200
 720 9.36967 12.848 3.47833 37.100
 102 288.206 20366.622 20078.416 6966.600
 206 137.144 1577.902 1440.758 1050.500
 308 90.6543 396.237 305.5827 337.000
 413 62.455 259.297 196.842 315.100
 518 49.2197 476.381 427.1613 867.800
 619 39.176 295.805 256.629 655.000
 720 27.5723 72.903 45.3307 164.400
 102 371.821 190588436386.447 190588436014.626 51258115064.600
 206 177.39 103700.848 103523.458 58359.200
 308 108.657 161.869 53.212 48.900
 413 77.1237 54.456 22.6677 29.300
 518 60.1813 32.702 27.4793 45.600
 619 48.4417 23.373 25.0687 51.700
 720 40.3217 18.161 22.1607 54.900
 102 283.59 432.537 148.947 52.500
 206 132.343 68.812 63.531 48.000
 308 85.0743 37.381 47.6933 56.000
 413 61.5943 25.661 35.9333 58.300
 518 48.0623 19.546 28.5163 59.300
 619 40.1777 15.782 24.3957 60.700
 720 34.077 13.211 20.866 61.200
 102 369.754 429882.654 429512.900 116161.700
 206 115.257 119.726 4.469 3.800
 308 57.6677 48.577 9.0907 15.700
 413 38.3637 30.515 7.8487 20.400
 518 29.3897 22.216 7.1737 24.400
 619 23.882 17.475 6.407 26.800
 720 20.1817 14.393 5.7887 28.600
 102 400.074 81333.288 80933.214 20229.500
 206 186.946 63160.401 62973.455 33685.300
 308 118.027 621.948 503.921 426.900
 413 60.3433 77.557 17.2137 28.500
 518 49.1723 39.862 9.3103 18.900
 619 32.7693 26.814 5.9553 18.100
 720 25.523 20.162 5.361 21.000
 102 246.13 76082.462 75836.332 30811.400
 206 111.471 101.867 9.604 8.600
 308 71.4413 45.409 26.0323 36.400
 413 51.9903 29.204 22.7863 43.800
 518 40.954 21.528 19.426 47.400
 619 33.802 17.038 16.764 49.500
 720 28.9983 14.112 14.8863 51.300
 102 373.599 2796335.677 2795962.078 748385.800
 206 185.441 206.438 20.997 11.300
 308 115.578 58.707 56.871 49.200
 413 81.3163 34.181 47.1353 57.900
 518 61.5197 24.117 37.4027 60.700
 619 49.3707 18.622 30.7487 62.200
 720 40.5513 15.177 25.3743 62.500
 102 371.039 27417.395 27046.356 7289.300
 206 129.413 108.912 20.501 15.800
 308 71.148 46.747 24.401 34.200
 413 49.3087 29.757 19.5517 39.600
 518 36.956 21.807 15.149 40.900
 619 30.0213 17.230 12.7913 42.600
 720 24.7613 14.229 10.5323 42.500
 102 244.579 1492345126059298.570 1492345126059053.991 610168954022648.700
 206 123.671 991105030.389 991104906.718 801404457.500
 308 48.082 3324.314 3276.232 6813.800
 413 34.814 266.977 232.163 666.800
 518 27.4497 78.495 51.0453 185.900
 619 22.5237 45.614 23.0903 102.500
 720 19.2183 29.500 10.2817 53.400
 102 154.622 459.571 304.949 197.200
 206 66.508 86.958 20.450 30.700
 308 36.1513 42.187 6.0357 16.600
 413 25.422 27.791 2.369 9.300
 518 19.6867 20.742 1.0553 5.300
 619 16.0877 16.561 .4733 2.900
 720 13.6383 13.773 .1347 .900
 102 96.888 121.159 24.271 25.000
 206 46.2213 48.865 2.6437 5.700
 308 30.658 30.610 .048 .100
 413 22.9293 22.282 .6473 2.800
 518 18.318 17.498 .820 4.400
 619 15.195 14.431 .764 5.000
 720 13.0457 12.263 .7827 5.900
 102 274.921 365523799.572 365523524.651 132955839.900
 206 137.223 3123632.660 3123495.437 2276218.500
 308 91.4383 201557.873 201466.4347 220330.400
 413 68.459 30032.465 29964.006 43769.200
 518 54.7883 7109.443 7054.6547 12876.200
 619 45.7403 2272.405 2226.6647 4868.000
 720 39.2227 900.117 860.8943 2194.800
 102 108.259 42353.131 42244.872 39022.000
 206 53.5107 150.814 97.3033 181.800
 308 33.9337 53.956 20.0223 59.000
 413 23.684 31.969 8.285 34.900
 518 20.8827 23.265 2.3823 11.400
 619 15.1297 17.858 2.7283 18.000
 720 13.3027 14.849 1.5463 11.600
 102 120.867 111.001 9.866 8.100
 206 56.5843 47.104 9.4803 16.700
 308 36.833 29.900 6.933 18.800
 413 27.3917 21.893 5.4987 20.000
 518 21.7583 17.268 4.4903 20.600
 619 18.093 14.253 3.840 21.200
 720 15.448 12.146 3.302 21.300
 102 208.991 1223.147 1014.156 485.200
 206 123.537 532.480 408.943 331.000
 308 52.672 81.262 28.590 54.200
 413 32.664 40.878 8.214 25.100
 518 23.3433 27.230 3.8867 16.600
 619 18.1473 20.411 2.2637 12.400
 720 15.152 16.359 1.207 7.900
 102 205.803 14547.599 14341.796 6968.700
 206 124.412 6139.412 6015.000 4834.700
 308 82.648 846.240 763.592 923.900
 413 61.9777 118.394 56.4163 91.000
 518 49.6907 49.348 .3427 .600
 619 39.0557 30.814 8.2417 21.100
 720 20.0527 22.374 2.3213 11.500
 102 281.819 45927909.621 45927627.802 16296852.800
 206 117.921 223.354 105.433 89.400
 308 72.7767 59.991 12.7857 17.500
 413 51.6597 34.590 17.0697 33.000
 518 39.1467 24.330 14.8167 37.800
 619 31.5883 18.745 12.8433 40.600
 720 26.4437 15.247 11.1967 42.300
 102 249.674 9519176.908 9518927.234 3812542.400
 206 124.043 727.040 602.997 486.100
 308 82.2933 80.525 1.7683 2.100
 413 61.105 40.632 20.473 33.500
 518 49.584 27.115 22.469 45.300
 619 40.7823 20.370 20.4123 50.000
 720 35.0883 16.312 18.7763 53.500
 102 239.179 106193233.428 106192994.249 44398962.300
 206 104.273 202.547 98.274 94.200
 308 62.843 58.325 4.518 7.100
 413 44.051 34.058 9.993 22.600
 518 33.6753 24.051 9.6243 28.500
 619 26.9417 18.595 8.3467 30.900
 720 22.8313 15.154 7.6773 33.600
 102 248.35 493.977 245.627 98.900
 206 123.868 70.369 53.499 43.100
 308 82.3047 37.818 44.4867 54.000
 413 61.4027 25.886 35.5167 57.800
 518 49.1317 19.660 29.4717 59.900
 619 40.2163 15.851 24.3653 60.500
 720 33.9637 13.281 20.6827 60.800
 102 252.939 12462121.369 12461868.430 4926827.500
 206 125.993 19530.465 19404.472 15401.200
 308 85.6653 933.564 847.8987 989.700
 413 63.8637 145.797 81.9333 128.200
 518 50.3387 58.048 7.7093 15.300
 619 41.5367 34.460 7.0767 17.000
 720 35.892 24.328 11.564 32.200
 102 187.05 113.868 73.182 39.100
 206 90.619 47.595 43.024 47.400
 308 59.3587 30.091 29.2677 49.300
 413 43.6317 22.016 21.6157 49.500
 518 34.3407 17.350 16.9907 49.400
 619 28.447 14.308 14.139 49.700
 720 23.9067 12.181 11.7257 49.000
 102 281.543 3737.600 3456.057 1227.500
 206 138.193 368.967 230.774 166.900
 308 86.78 117.606 30.826 35.500
 413 63.6613 59.494 4.1673 6.500
 518 50.347 39.960 10.387 20.600
 619 40.8047 28.657 12.1477 29.700
 720 31.1123 21.309 9.8033 31.500
 102 108.102 134.266 26.164 24.200
 206 47.128 50.872 3.744 7.900
 308 28.9287 31.374 2.4453 8.400
 413 21.856 22.671 .815 3.700
 518 17.4393 17.760 .3207 1.800
 619 14.504 14.595 .091 .600
 720 12.347 12.380 .033 .200
 102 259.28 1496189.009 1495929.729 576955.300
 206 126.05 15634.432 15508.382 12303.300
 308 86.7163 3721.288 3634.5717 4191.300
 413 62.4683 632.176 569.7077 911.900
 518 49.5073 212.992 163.4847 330.200
 619 41.958 73.739 31.781 75.700
 720 36.0627 39.751 3.6883 10.200
 102 175.43 409.600 234.170 133.400
 206 122.194 68.485 53.709 43.900
 308 81.276 37.299 43.977 54.100
 413 61.4057 25.620 35.7857 58.200
 518 48.1167 19.513 28.6037 59.400
 619 40.4953 15.755 24.7403 61.000
 720 35.1177 13.211 21.9067 62.300
 102 250.882 275271.024 275020.142 109621.300
 206 135.88 10198.220 10062.340 7405.300
 308 92.668 4025.259 3932.591 4243.700
 413 66.78 911.851 845.071 1265.400
 518 50.7393 479.330 428.5907 844.600
 619 42.495 189.298 146.803 345.400
 720 36.4573 110.923 74.4657 204.200
 102 147.845 174.653 26.808 18.100
 206 66.8337 55.705 11.1287 16.600
 308 42.774 33.176 9.598 22.400
 413 32.23 23.592 8.638 26.800
 518 24.5423 18.317 6.2253 25.300
 619 19.8797 14.963 4.9167 24.700
 720 16.0757 12.649 3.4267 21.300
 102 248.642 24770.887 24522.245 9862.400
 206 119.981 103.424 16.557 13.700
 308 61.4777 45.655 15.8227 25.700
 413 43.0017 29.327 13.6747 31.800
 518 33.232 21.577 11.655 35.000
 619 24.3617 17.079 7.2827 29.800
 720 17.231 14.124 3.107 18.000
 102 127.228 474.316 347.088 272.800
 206 54.198 69.877 15.679 28.900
 308 35.2197 37.709 2.4893 7.000
 413 25.28 25.825 .545 2.100
 518 20.5937 19.611 .9827 4.700
 619 16.5463 15.837 .7093 4.200
 720 14.465 13.258 1.207 8.300
 102 247.056 141036201784.442 141036201537.386 57086733994.400
 206 120.586 12016.066 11895.480 9864.700
 308 70.526 114.712 44.186 62.600
 413 46.344 47.841 1.497 3.200
 518 34.2357 30.162 4.0737 11.800
 619 26.539 22.049 4.490 16.900
 720 21.76 17.354 4.406 20.200
 102 114.224 1126.727 1012.503 886.400
 206 50.8163 77.127 26.3107 51.700
 308 32.8113 39.730 6.9187 21.000
 413 24.6153 26.726 2.1107 8.500
 518 18.8067 20.152 1.3453 7.100
 619 15.8553 16.165 .3097 1.900
 720 13.7807 13.504 .2767 2.000
 102 175.407 32214693.396 32214517.989 18365582.800
 206 68.1993 172.072 103.8727 152.300
 308 42.3917 55.485 13.0933 30.800
 413 31.263 33.075 1.812 5.700
 518 24.568 23.560 1.008 4.100
 619 20.2783 18.295 1.9833 9.700
 720 17.5813 14.943 2.6383 15.000
 102 246.935 623196.815 622949.880 252272.800
 206 125.462 1425.121 1299.659 1035.800
 308 81.6223 93.823 12.2007 14.900
 413 61.099 43.663 17.436 28.500
 518 49.1773 28.491 20.6863 42.000
 619 39.8147 21.121 18.6937 46.900
 720 33.604 16.780 16.824 50.000
 102 255.88 42247091325.911 42247091070.031 16510509250.400
 206 128.049 24501609.472 24501481.423 19134457.400
 308 86.3823 348715.669 348629.2867 403588.700
 413 64.6147 19087.093 19022.4783 29439.800
 518 51.2947 2315.354 2264.0593 4413.800
 619 41.787 493.719 451.932 1081.500
 720 36.0297 162.809 126.7793 351.800
 102 140.108 8108223.938 8108083.830 5787024.100
 206 55.7787 147.865 92.0863 165.000
 308 35.32 52.700 17.380 49.200
 413 25.3887 32.030 6.6413 26.100
 518 20.5493 23.035 2.4857 12.000
 619 16.591 17.981 1.390 8.300
 720 14.3397 14.732 .3923 2.700
 102 247.641 6185.861 5938.220 2397.900
 206 122.352 163.635 41.283 33.700
 308 81.895 54.612 27.283 33.300
 413 60.3893 32.768 27.6213 45.700
 518 45.05 23.396 21.654 48.000
 619 35.4507 18.199 17.2517 48.600
 720 29.3827 14.884 14.4987 49.300
 102 249.81 5395.742 5145.932 2059.900
 206 124.495 270.008 145.513 116.800
 308 81.8787 65.479 16.3997 20.000
 413 62.1517 36.372 25.7797 41.400
 518 49.4643 25.198 24.2663 49.000
 619 40.7737 19.250 21.5237 52.700
 720 35.0133 15.598 19.4153 55.400
 102 246.999 7658.946 7411.947 3000.800
 206 123.518 151.552 28.034 22.600
 308 82.111 53.110 29.001 35.300
 413 56.2353 32.235 24.0003 42.600
 518 41.7197 23.134 18.5857 44.500
 619 32.579 18.035 14.544 44.600
 720 26.9073 14.767 12.1403 45.100
 102 226.619 159.662 66.957 29.500
 206 108.258 54.108 54.150 50.000
 308 71.07 32.576 38.494 54.100
 413 52.505 23.285 29.220 55.600
 518 41.6317 18.137 23.4947 56.400
 619 34.541 14.854 19.687 56.900
 720 29.731 12.567 17.164 57.700
 102 252.515 359722.762 359470.247 142355.900
 206 124.441 550.010 425.569 341.900
 308 84.945 82.737 2.208 2.500
 413 63.1537 41.205 21.9487 34.700
 518 50.1903 27.394 22.7963 45.400
 619 41.5333 20.520 21.0133 50.500
 720 35.281 16.406 18.875 53.400
 102 166.666 105.676 60.990 36.500
 206 79.2473 46.120 33.1273 41.800
 308 51.8303 29.517 22.3133 43.000
 413 38.622 21.688 16.934 43.800
 518 30.6023 17.154 13.4483 43.900
 619 25.4943 14.171 11.3233 44.400
 720 21.5857 12.088 9.4977 43.900
 102 250.799 277.135 26.336 10.500
 206 71.7897 73.646 1.8563 2.500
 308 38.4663 38.774 .3077 .700
 413 26.2457 26.316 .0703 .200
 518 20.001 19.906 .095 .400
 619 16.071 16.014 .057 .300
 720 13.4697 13.351 .1187 .800
 102 282.109 842.219 560.110 198.500
 206 125.176 128.778 3.602 2.800
 308 62.253 62.175 .078 .100
 413 35.945 35.307 .638 1.700
 518 25.0693 24.674 .3953 1.500
 619 19.3183 18.950 .3683 1.900
 720 16.8547 15.388 1.4667 8.700
 102 191.531 263.372 71.841 37.500
 206 92.7693 62.423 30.3463 32.700
 308 60.5723 35.415 25.1573 41.500
 413 42.0947 24.719 17.3757 41.200
 518 31.776 18.972 12.804 40.200
 619 25.791 15.400 10.391 40.200
 720 22.136 12.965 9.171 41.400
 102 216.011 17253.007 17036.996 7887.000
 206 124.434 116.326 8.108 6.500
 308 81.8463 48.058 33.7883 41.200
 413 60.9297 30.289 30.6407 50.200
 518 49.1637 22.102 27.0617 55.000
 619 40.3973 17.407 22.9903 56.900
 720 34.566 14.346 20.220 58.400
 102 264.279 54151.413 53887.134 20390.200
 206 129.171 68231.577 68102.406 52722.600
 308 84.693 1187808.433 1187723.740 1402387.100
 413 41.8453 6761.922 6720.0767 16059.300
 518 39.3 4082.794 4043.494 10288.700
 619 30.441 645.800 615.359 2021.400
 720 16.4043 62.044 45.6397 278.200
 102 132.225 177.274 45.049 34.000
 206 53.1113 55.992 2.8807 5.400
 308 32.7453 33.258 .5127 1.500
 413 22.7017 23.633 .9313 4.100
 518 17.967 18.333 .366 2.000
 619 14.844 14.977 .133 .800
 720 12.7357 12.661 .0747 .500
 102 138.891 339.886 200.995 144.700
 206 54.5467 65.945 11.3983 20.800
 308 32.913 36.535 3.622 11.000
 413 23.1687 25.251 2.0823 8.900
 518 18.1723 19.283 1.1107 6.100
 619 14.919 15.619 .700 4.600
 720 12.761 13.117 .356 2.700
 102 266.546 1509977.047 1509710.501 566397.700
 206 125.842 98032.640 97906.798 77801.300
 308 85.1283 7179.648 7094.5197 8333.900
 413 66.097 2200.924 2134.827 3229.800
 518 50.445 527.794 477.349 946.200
 619 41.665 188.056 146.391 351.300
 720 35.9423 90.011 54.0687 150.400
 102 280.38 6431332.352 6431051.972 2293691.400
 206 143.573 214804.029 214660.456 149513.100
 308 91.075 30386.635 30295.560 33264.400
 413 68.09 7778.693 7710.603 11324.100
 518 54.394 2765.619 2711.225 4984.400
 619 45.1093 1213.082 1167.9727 2589.200
 720 38.5413 616.051 577.5097 1498.400
 102 112.99 773330.206 773217.216 684323.500
 206 49.8027 120.094 70.2913 141.100
 308 30.8333 48.659 17.8257 57.800
 413 22.2187 30.515 8.2963 37.300
 518 14.7633 22.216 7.4527 50.400
 619 13.7223 17.475 3.7527 27.300
 720 12.9823 14.405 1.4227 10.900
 102 93.3923 5635.522 5542.1297 5934.200
 206 32.8277 89.866 57.0383 173.700
 308 20.2953 43.170 22.8747 112.700
 413 14.786 28.221 13.435 90.800
 518 11.744 20.840 9.096 77.400
 619 9.69833 16.670 6.97167 71.800
 720 8.29333 13.855 5.56167 67.000
 102 144.242 403.456 259.214 179.700
 206 72.4583 68.116 4.3423 5.900
 308 47.6707 37.190 10.4807 21.900
 413 35.678 25.559 10.119 28.300
 518 24.9507 19.480 5.4707 21.900
 619 11.722 15.741 4.019 34.200
 720 11.3183 13.199 1.8807 16.600
 102 143.43 222.576 79.146 55.100
 206 42.892 59.842 16.950 39.500
 308 25.6687 34.542 8.8733 34.500
 413 17.5847 24.309 6.7243 38.200
 518 13.9173 18.743 4.8257 34.600
 619 10.7937 15.250 4.4563 41.200
 720 9.36967 12.848 3.47833 37.100
 102 288.206 20366.622 20078.416 6966.600
 206 137.144 1577.902 1440.758 1050.500
 308 90.6543 396.237 305.5827 337.000
 413 62.455 259.297 196.842 315.100
 518 49.2197 476.381 427.1613 867.800
 619 39.176 295.805 256.629 655.000
 720 27.5723 72.903 45.3307 164.400
 102 371.821 190588436386.447 190588436014.626 51258115064.600
 206 177.39 103700.848 103523.458 58359.200
 308 108.657 161.869 53.212 48.900
 413 77.1237 54.456 22.6677 29.300
 518 60.1813 32.702 27.4793 45.600
 619 48.4417 23.373 25.0687 51.700
 720 40.3217 18.161 22.1607 54.900
 102 283.59 432.537 148.947 52.500
 206 132.343 68.812 63.531 48.000
 308 85.0743 37.381 47.6933 56.000
 413 61.5943 25.661 35.9333 58.300
 518 48.0623 19.546 28.5163 59.300
 619 40.1777 15.782 24.3957 60.700
 720 34.077 13.211 20.866 61.200
 102 369.754 429882.654 429512.900 116161.700
 206 115.257 119.726 4.469 3.800
 308 57.6677 48.577 9.0907 15.700
 413 38.3637 30.515 7.8487 20.400
 518 29.3897 22.216 7.1737 24.400
 619 23.882 17.475 6.407 26.800
 720 20.1817 14.393 5.7887 28.600
 102 400.074 81333.288 80933.214 20229.500
 206 186.946 63160.401 62973.455 33685.300
 308 118.027 621.948 503.921 426.900
 413 60.3433 77.557 17.2137 28.500
 518 49.1723 39.862 9.3103 18.900
 619 32.7693 26.814 5.9553 18.100
 720 25.523 20.162 5.361 21.000
 102 246.13 76082.462 75836.332 30811.400
 206 111.471 101.867 9.604 8.600
 308 71.4413 45.409 26.0323 36.400
 413 51.9903 29.204 22.7863 43.800
 518 40.954 21.528 19.426 47.400
 619 33.802 17.038 16.764 49.500
 720 28.9983 14.112 14.8863 51.300
 102 373.599 2796335.677 2795962.078 748385.800
 206 185.441 206.438 20.997 11.300
 308 115.578 58.707 56.871 49.200
 413 81.3163 34.181 47.1353 57.900
 518 61.5197 24.117 37.4027 60.700
 619 49.3707 18.622 30.7487 62.200
 720 40.5513 15.177 25.3743 62.500
 102 371.039 27417.395 27046.356 7289.300
 206 129.413 108.912 20.501 15.800
 308 71.148 46.747 24.401 34.200
 413 49.3087 29.757 19.5517 39.600
 518 36.956 21.807 15.149 40.900
 619 30.0213 17.230 12.7913 42.600
 720 24.7613 14.229 10.5323 42.500
 102 244.579 1492345126059298.570 1492345126059053.991 610168954022648.700
 206 123.671 991105030.389 991104906.718 801404457.500
 308 48.082 3324.314 3276.232 6813.800
 413 34.814 266.977 232.163 666.800
 518 27.4497 78.495 51.0453 185.900
 619 22.5237 45.614 23.0903 102.500
 720 19.2183 29.500 10.2817 53.400
 102 154.622 459.571 304.949 197.200
 206 66.508 86.958 20.450 30.700
 308 36.1513 42.187 6.0357 16.600
 413 25.422 27.791 2.369 9.300
 518 19.6867 20.742 1.0553 5.300
 619 16.0877 16.561 .4733 2.900
 720 13.6383 13.773 .1347 .900
 102 96.888 121.159 24.271 25.000
 206 46.2213 48.865 2.6437 5.700
 308 30.658 30.610 .048 .100
 413 22.9293 22.282 .6473 2.800
 518 18.318 17.498 .820 4.400
 619 15.195 14.431 .764 5.000
 720 13.0457 12.263 .7827 5.900
 102 274.921 365523799.572 365523524.651 132955839.900
 206 137.223 3123632.660 3123495.437 2276218.500
 308 91.4383 201557.873 201466.4347 220330.400
 413 68.459 30032.465 29964.006 43769.200
 518 54.7883 7109.443 7054.6547 12876.200
 619 45.7403 2272.405 2226.6647 4868.000
 720 39.2227 900.117 860.8943 2194.800
 102 108.259 42353.131 42244.872 39022.000
 206 53.5107 150.814 97.3033 181.800
 308 33.9337 53.956 20.0223 59.000
 413 23.684 31.969 8.285 34.900
 518 20.8827 23.265 2.3823 11.400
 619 15.1297 17.858 2.7283 18.000
 720 13.3027 14.849 1.5463 11.600
 102 120.867 111.001 9.866 8.100
 206 56.5843 47.104 9.4803 16.700
 308 36.833 29.900 6.933 18.800
 413 27.3917 21.893 5.4987 20.000
 518 21.7583 17.268 4.4903 20.600
 619 18.093 14.253 3.840 21.200
 720 15.448 12.146 3.302 21.300
 102 208.991 1223.147 1014.156 485.200
 206 123.537 532.480 408.943 331.000
 308 52.672 81.262 28.590 54.200
 413 32.664 40.878 8.214 25.100
 518 23.3433 27.230 3.8867 16.600
 619 18.1473 20.411 2.2637 12.400
 720 15.152 16.359 1.207 7.900
 102 205.803 14547.599 14341.796 6968.700
 206 124.412 6139.412 6015.000 4834.700
 308 82.648 846.240 763.592 923.900
 413 61.9777 118.394 56.4163 91.000
 518 49.6907 49.348 .3427 .600
 619 39.0557 30.814 8.2417 21.100
 720 20.0527 22.374 2.3213 11.500
 102 281.819 45927909.621 45927627.802 16296852.800
 206 117.921 223.354 105.433 89.400
 308 72.7767 59.991 12.7857 17.500
 413 51.6597 34.590 17.0697 33.000
 518 39.1467 24.330 14.8167 37.800
 619 31.5883 18.745 12.8433 40.600
 720 26.4437 15.247 11.1967 42.300
 102 249.674 9519176.908 9518927.234 3812542.400
 206 124.043 727.040 602.997 486.100
 308 82.2933 80.525 1.7683 2.100
 413 61.105 40.632 20.473 33.500
 518 49.584 27.115 22.469 45.300
 619 40.7823 20.370 20.4123 50.000
 720 35.0883 16.312 18.7763 53.500
 102 239.179 106193233.428 106192994.249 44398962.300
 206 104.273 202.547 98.274 94.200
 308 62.843 58.325 4.518 7.100
 413 44.051 34.058 9.993 22.600
 518 33.6753 24.051 9.6243 28.500
 619 26.9417 18.595 8.3467 30.900
 720 22.8313 15.154 7.6773 33.600
 102 248.35 493.977 245.627 98.900
 206 123.868 70.369 53.499 43.100
 308 82.3047 37.818 44.4867 54.000
 413 61.4027 25.886 35.5167 57.800
 518 49.1317 19.660 29.4717 59.900
 619 40.2163 15.851 24.3653 60.500
 720 33.9637 13.281 20.6827 60.800
 102 252.939 12462121.369 12461868.430 4926827.500
 206 125.993 19530.465 19404.472 15401.200
 308 85.6653 933.564 847.8987 989.700
 413 63.8637 145.797 81.9333 128.200
 518 50.3387 58.048 7.7093 15.300
 619 41.5367 34.460 7.0767 17.000
 720 35.892 24.328 11.564 32.200
 102 187.05 113.868 73.182 39.100
 206 90.619 47.595 43.024 47.400
 308 59.3587 30.091 29.2677 49.300
 413 43.6317 22.016 21.6157 49.500
 518 34.3407 17.350 16.9907 49.400
 619 28.447 14.308 14.139 49.700
 720 23.9067 12.181 11.7257 49.000
 102 281.543 3737.600 3456.057 1227.500
 206 138.193 368.967 230.774 166.900
 308 86.78 117.606 30.826 35.500
 413 63.6613 59.494 4.1673 6.500
 518 50.347 39.960 10.387 20.600
 619 40.8047 28.657 12.1477 29.700
 720 31.1123 21.309 9.8033 31.500
 102 108.102 134.266 26.164 24.200
 206 47.128 50.872 3.744 7.900
 308 28.9287 31.374 2.4453 8.400
 413 21.856 22.671 .815 3.700
 518 17.4393 17.760 .3207 1.800
 619 14.504 14.595 .091 .600
 720 12.347 12.380 .033 .200
 102 259.28 1496189.009 1495929.729 576955.300
 206 126.05 15634.432 15508.382 12303.300
 308 86.7163 3721.288 3634.5717 4191.300
 413 62.4683 632.176 569.7077 911.900
 518 49.5073 212.992 163.4847 330.200
 619 41.958 73.739 31.781 75.700
 720 36.0627 39.751 3.6883 10.200
 102 175.43 409.600 234.170 133.400
 206 122.194 68.485 53.709 43.900
 308 81.276 37.299 43.977 54.100
 413 61.4057 25.620 35.7857 58.200
 518 48.1167 19.513 28.6037 59.400
 619 40.4953 15.755 24.7403 61.000
 720 35.1177 13.211 21.9067 62.300
 102 250.882 275271.024 275020.142 109621.300
 206 135.88 10198.220 10062.340 7405.300
 308 92.668 4025.259 3932.591 4243.700
 413 66.78 911.851 845.071 1265.400
 518 50.7393 479.330 428.5907 844.600
 619 42.495 189.298 146.803 345.400
 720 36.4573 110.923 74.4657 204.200
 102 147.845 174.653 26.808 18.100
 206 66.8337 55.705 11.1287 16.600
 308 42.774 33.176 9.598 22.400
 413 32.23 23.592 8.638 26.800
 518 24.5423 18.317 6.2253 25.300
 619 19.8797 14.963 4.9167 24.700
 720 16.0757 12.649 3.4267 21.300
 102 248.642 24770.887 24522.245 9862.400
 206 119.981 103.424 16.557 13.700
 308 61.4777 45.655 15.8227 25.700
 413 43.0017 29.327 13.6747 31.800
 518 33.232 21.577 11.655 35.000
 619 24.3617 17.079 7.2827 29.800
 720 17.231 14.124 3.107 18.000
 102 127.228 474.316 347.088 272.800
 206 54.198 69.877 15.679 28.900
 308 35.2197 37.709 2.4893 7.000
 413 25.28 25.825 .545 2.100
 518 20.5937 19.611 .9827 4.700
 619 16.5463 15.837 .7093 4.200
 720 14.465 13.258 1.207 8.300
 102 247.056 141036201784.442 141036201537.386 57086733994.400
 206 120.586 12016.066 11895.480 9864.700
 308 70.526 114.712 44.186 62.600
 413 46.344 47.841 1.497 3.200
 518 34.2357 30.162 4.0737 11.800
 619 26.539 22.049 4.490 16.900
 720 21.76 17.354 4.406 20.200
 102 114.224 1126.727 1012.503 886.400
 206 50.8163 77.127 26.3107 51.700
 308 32.8113 39.730 6.9187 21.000
 413 24.6153 26.726 2.1107 8.500
 518 18.8067 20.152 1.3453 7.100
 619 15.8553 16.165 .3097 1.900
 720 13.7807 13.504 .2767 2.000
 102 175.407 32214693.396 32214517.989 18365582.800
 206 68.1993 172.072 103.8727 152.300
 308 42.3917 55.485 13.0933 30.800
 413 31.263 33.075 1.812 5.700
 518 24.568 23.560 1.008 4.100
 619 20.2783 18.295 1.9833 9.700
 720 17.5813 14.943 2.6383 15.000
 102 246.935 623196.815 622949.880 252272.800
 206 125.462 1425.121 1299.659 1035.800
 308 81.6223 93.823 12.2007 14.900
 413 61.099 43.663 17.436 28.500
 518 49.1773 28.491 20.6863 42.000
 619 39.8147 21.121 18.6937 46.900
 720 33.604 16.780 16.824 50.000
 102 255.88 42247091325.911 42247091070.031 16510509250.400
 206 128.049 24501609.472 24501481.423 19134457.400
 308 86.3823 348715.669 348629.2867 403588.700
 413 64.6147 19087.093 19022.4783 29439.800
 518 51.2947 2315.354 2264.0593 4413.800
 619 41.787 493.719 451.932 1081.500
 720 36.0297 162.809 126.7793 351.800
 102 140.108 8108223.938 8108083.830 5787024.100
 206 55.7787 147.865 92.0863 165.000
 308 35.32 52.700 17.380 49.200
 413 25.3887 32.030 6.6413 26.100
 518 20.5493 23.035 2.4857 12.000
 619 16.591 17.981 1.390 8.300
 720 14.3397 14.732 .3923 2.700
 102 247.641 6185.861 5938.220 2397.900
 206 122.352 163.635 41.283 33.700
 308 81.895 54.612 27.283 33.300
 413 60.3893 32.768 27.6213 45.700
 518 45.05 23.396 21.654 48.000
 619 35.4507 18.199 17.2517 48.600
 720 29.3827 14.884 14.4987 49.300
 102 249.81 5395.742 5145.932 2059.900
 206 124.495 270.008 145.513 116.800
 308 81.8787 65.479 16.3997 20.000
 413 62.1517 36.372 25.7797 41.400
 518 49.4643 25.198 24.2663 49.000
 619 40.7737 19.250 21.5237 52.700
 720 35.0133 15.598 19.4153 55.400
 102 246.999 7658.946 7411.947 3000.800
 206 123.518 151.552 28.034 22.600
 308 82.111 53.110 29.001 35.300
 413 56.2353 32.235 24.0003 42.600
 518 41.7197 23.134 18.5857 44.500
 619 32.579 18.035 14.544 44.600
 720 26.9073 14.767 12.1403 45.100
 102 226.619 159.662 66.957 29.500
 206 108.258 54.108 54.150 50.000
 308 71.07 32.576 38.494 54.100
 413 52.505 23.285 29.220 55.600
 518 41.6317 18.137 23.4947 56.400
 619 34.541 14.854 19.687 56.900
 720 29.731 12.567 17.164 57.700
 102 252.515 359722.762 359470.247 142355.900
 206 124.441 550.010 425.569 341.900
 308 84.945 82.737 2.208 2.500
 413 63.1537 41.205 21.9487 34.700
 518 50.1903 27.394 22.7963 45.400
 619 41.5333 20.520 21.0133 50.500
 720 35.281 16.406 18.875 53.400
 102 166.666 105.676 60.990 36.500
 206 79.2473 46.120 33.1273 41.800
 308 51.8303 29.517 22.3133 43.000
 413 38.622 21.688 16.934 43.800
 518 30.6023 17.154 13.4483 43.900
 619 25.4943 14.171 11.3233 44.400
 720 21.5857 12.088 9.4977 43.900
 102 250.799 277.135 26.336 10.500
 206 71.7897 73.646 1.8563 2.500
 308 38.4663 38.774 .3077 .700
 413 26.2457 26.316 .0703 .200
 518 20.001 19.906 .095 .400
 619 16.071 16.014 .057 .300
 720 13.4697 13.351 .1187 .800
 102 282.109 842.219 560.110 198.500
 206 125.176 128.778 3.602 2.800
 308 62.253 62.175 .078 .100
 413 35.945 35.307 .638 1.700
 518 25.0693 24.674 .3953 1.500
 619 19.3183 18.950 .3683 1.900
 720 16.8547 15.388 1.4667 8.700
 102 191.531 263.372 71.841 37.500
 206 92.7693 62.423 30.3463 32.700
 308 60.5723 35.415 25.1573 41.500
 413 42.0947 24.719 17.3757 41.200
 518 31.776 18.972 12.804 40.200
 619 25.791 15.400 10.391 40.200
 720 22.136 12.965 9.171 41.400
 102 216.011 17253.007 17036.996 7887.000
 206 124.434 116.326 8.108 6.500
 308 81.8463 48.058 33.7883 41.200
 413 60.9297 30.289 30.6407 50.200
 518 49.1637 22.102 27.0617 55.000
 619 40.3973 17.407 22.9903 56.900
 720 34.566 14.346 20.220 58.400
 102 264.279 54151.413 53887.134 20390.200
 206 129.171 68231.577 68102.406 52722.600
 308 84.693 1187808.433 1187723.740 1402387.100
 413 41.8453 6761.922 6720.0767 16059.300
 518 39.3 4082.794 4043.494 10288.700
 619 30.441 645.800 615.359 2021.400
 720 16.4043 62.044 45.6397 278.200
 102 132.225 177.274 45.049 34.000
 206 53.1113 55.992 2.8807 5.400
 308 32.7453 33.258 .5127 1.500
 413 22.7017 23.633 .9313 4.100
 518 17.967 18.333 .366 2.000
 619 14.844 14.977 .133 .800
 720 12.7357 12.661 .0747 .500
 102 138.891 339.886 200.995 144.700
 206 54.5467 65.945 11.3983 20.800
 308 32.913 36.535 3.622 11.000
 413 23.1687 25.251 2.0823 8.900
 518 18.1723 19.283 1.1107 6.100
 619 14.919 15.619 .700 4.600
 720 12.761 13.117 .356 2.700
 102 266.546 1509977.047 1509710.501 566397.700
 206 125.842 98032.640 97906.798 77801.300
 308 85.1283 7179.648 7094.5197 8333.900
 413 66.097 2200.924 2134.827 3229.800
 518 50.445 527.794 477.349 946.200
 619 41.665 188.056 146.391 351.300
 720 35.9423 90.011 54.0687 150.400
 102 280.38 6431332.352 6431051.972 2293691.400
 206 143.573 214804.029 214660.456 149513.100
 308 91.075 30386.635 30295.560 33264.400
 413 68.09 7778.693 7710.603 11324.100
 518 54.394 2765.619 2711.225 4984.400
 619 45.1093 1213.082 1167.9727 2589.200
 720 38.5413 616.051 577.5097 1498.400
 102 112.99 453123.168 453010.178 400929.400
 206 49.8027 70.368 20.5653 41.200
 308 30.8333 28.512 2.3213 7.500
 413 22.2187 17.880 4.3387 19.500
 518 14.7633 13.017 1.7463 11.800
 619 13.7223 10.240 3.4823 25.300
 720 12.9823 8.440 4.5423 34.900
 102 93.3923 3302.064 3208.6717 3435.600
 206 32.8277 52.656 19.8283 60.400
 308 20.2953 25.296 5.0007 24.600
 413 14.786 16.536 1.750 11.800
 518 11.744 12.211 .467 3.900
 619 9.69833 9.768 .06967 .700
 720 8.29333 8.118 .17533 2.100
 102 144.242 236.400 92.158 63.800
 206 72.4583 39.912 32.5463 44.900
 308 47.6707 21.792 25.8787 54.200
 413 35.678 14.976 20.702 58.000
 518 24.9507 11.414 13.5367 54.200
 619 11.722 9.224 2.498 21.300
 720 11.3183 7.734 3.5843 31.600
 102 143.43 130.416 13.014 9.000
 206 42.892 35.064 7.828 18.200
 308 25.6687 20.240 5.4287 21.100
 413 17.5847 14.244 3.3407 18.900
 518 13.9173 10.982 2.9353 21.000
 619 10.7937 8.936 1.8577 17.200
 720 9.36967 7.528 1.84167 19.600
 102 288.206 20366.622 20078.416 6966.600
 206 137.144 1577.902 1440.758 1050.500
 308 90.6543 396.237 305.5827 337.000
 413 62.455 259.297 196.842 315.100
 518 49.2197 476.381 427.1613 867.800
 619 39.176 295.805 256.629 655.000
 720 27.5723 72.903 45.3307 164.400
 102 371.821 285882654579.671 285882654207.850 76887172647.000
 206 177.39 155551.272 155373.882 87588.800
 308 108.657 242.810 134.153 123.400
 413 77.1237 81.684 4.5603 5.900
 518 60.1813 49.053 11.1283 18.400
 619 48.4417 35.061 13.3807 27.600
 720 40.3217 27.243 13.0787 32.400
 102 283.59 648.806 365.216 128.700
 206 132.343 103.219 29.124 22.000
 308 85.0743 56.074 29.0003 34.000
 413 61.5943 38.492 23.1023 37.500
 518 48.0623 29.319 18.7433 38.900
 619 40.1777 23.674 16.5037 41.000
 720 34.077 19.818 14.259 41.800
 102 369.754 644823.982 644454.228 174292.600
 206 115.257 179.589 64.332 55.800
 308 57.6677 72.867 15.1993 26.300
 413 38.3637 45.772 7.4083 19.300
 518 29.3897 33.325 3.9353 13.300
 619 23.882 26.214 2.332 9.700
 720 20.1817 21.591 1.4093 6.900
 102 400.074 121999.933 121599.859 30394.300
 206 186.946 94740.602 94553.656 50578.000
 308 118.027 932.945 814.918 690.400
 413 60.3433 116.336 55.9927 92.700
 518 49.1723 59.793 10.6207 21.500
 619 32.7693 40.222 7.4527 22.700
 720 25.523 30.245 4.722 18.500
 102 246.13 114123.694 113877.564 46267.200
 206 111.471 152.801 41.330 37.000
 308 71.4413 68.116 3.3253 4.600
 413 51.9903 43.806 8.1843 15.700
 518 40.954 32.292 8.662 21.100
 619 33.802 25.559 8.243 24.300
 720 28.9983 21.170 7.8283 26.900
 102 373.599 4194503.516 4194129.917 1122628.700
 206 185.441 309.657 124.216 66.900
 308 115.578 88.064 27.514 23.800
 413 81.3163 51.271 30.0453 36.900
 518 61.5197 36.175 25.3447 41.100
 619 49.3707 27.934 21.4367 43.400
 720 40.5513 22.767 17.7843 43.800
 102 371.039 41126.092 40755.053 10984.000
 206 129.413 163.368 33.955 26.200
 308 71.148 70.123 1.025 1.400
 413 49.3087 44.636 4.6727 9.400
 518 36.956 32.710 4.246 11.400
 619 30.0213 25.845 4.1763 13.900
 720 24.7613 21.345 3.4163 13.700
 102 244.579 1492345126059298.570 1492345126059053.991 610168954022648.700
 206 123.671 991105030.389 991104906.718 801404457.500
 308 48.082 3324.314 3276.232 6813.800
 413 34.814 266.977 232.163 666.800
 518 27.4497 78.495 51.0453 185.900
 619 22.5237 45.614 23.0903 102.500
 720 19.2183 29.500 10.2817 53.400
 102 154.622 459.571 304.949 197.200
 206 66.508 86.958 20.450 30.700
 308 36.1513 42.187 6.0357 16.600
 413 25.422 27.791 2.369 9.300
 518 19.6867 20.742 1.0553 5.300
 619 16.0877 16.561 .4733 2.900
 720 13.6383 13.773 .1347 .900
 102 96.888 121.159 24.271 25.000
 206 46.2213 48.865 2.6437 5.700
 308 30.658 30.610 .048 .100
 413 22.9293 22.282 .6473 2.800
 518 18.318 17.498 .820 4.400
 619 15.195 14.431 .764 5.000
 720 13.0457 12.263 .7827 5.900
 102 274.921 365523799.572 365523524.651 132955839.900
 206 137.223 3123632.660 3123495.437 2276218.500
 308 91.4383 201557.873 201466.4347 220330.400
 413 68.459 30032.465 29964.006 43769.200
 518 54.7883 7109.443 7054.6547 12876.200
 619 45.7403 2272.405 2226.6647 4868.000
 720 39.2227 900.117 860.8943 2194.800
 102 108.259 42353.131 42244.872 39022.000
 206 53.5107 150.814 97.3033 181.800
 308 33.9337 53.956 20.0223 59.000
 413 23.684 31.969 8.285 34.900
 518 20.8827 23.265 2.3823 11.400
 619 15.1297 17.858 2.7283 18.000
 720 13.3027 14.849 1.5463 11.600
 102 120.867 111.001 9.866 8.100
 206 56.5843 47.104 9.4803 16.700
 308 36.833 29.900 6.933 18.800
 413 27.3917 21.893 5.4987 20.000
 518 21.7583 17.268 4.4903 20.600
 619 18.093 14.253 3.840 21.200
 720 15.448 12.146 3.302 21.300
 102 208.991 1223.147 1014.156 485.200
 206 123.537 532.480 408.943 331.000
 308 52.672 81.262 28.590 54.200
 413 32.664 40.878 8.214 25.100
 518 23.3433 27.230 3.8867 16.600
 619 18.1473 20.411 2.2637 12.400
 720 15.152 16.359 1.207 7.900
 102 205.803 14547.599 14341.796 6968.700
 206 124.412 6139.412 6015.000 4834.700
 308 82.648 846.240 763.592 923.900
 413 61.9777 118.394 56.4163 91.000
 518 49.6907 49.348 .3427 .600
 619 39.0557 30.814 8.2417 21.100
 720 20.0527 22.374 2.3213 11.500
 102 281.819 45927909.621 45927627.802 16296852.800
 206 117.921 223.354 105.433 89.400
 308 72.7767 59.991 12.7857 17.500
 413 51.6597 34.590 17.0697 33.000
 518 39.1467 24.330 14.8167 37.800
 619 31.5883 18.745 12.8433 40.600
 720 26.4437 15.247 11.1967 42.300
 102 249.674 9519176.908 9518927.234 3812542.400
 206 124.043 727.040 602.997 486.100
 308 82.2933 80.525 1.7683 2.100
 413 61.105 40.632 20.473 33.500
 518 49.584 27.115 22.469 45.300
 619 40.7823 20.370 20.4123 50.000
 720 35.0883 16.312 18.7763 53.500
 102 239.179 106193233.428 106192994.249 44398962.300
 206 104.273 202.547 98.274 94.200
 308 62.843 58.325 4.518 7.100
 413 44.051 34.058 9.993 22.600
 518 33.6753 24.051 9.6243 28.500
 619 26.9417 18.595 8.3467 30.900
 720 22.8313 15.154 7.6773 33.600
 102 248.35 493.977 245.627 98.900
 206 123.868 70.369 53.499 43.100
 308 82.3047 37.818 44.4867 54.000
 413 61.4027 25.886 35.5167 57.800
 518 49.1317 19.660 29.4717 59.900
 619 40.2163 15.851 24.3653 60.500
 720 33.9637 13.281 20.6827 60.800
 102 252.939 12462121.369 12461868.430 4926827.500
 206 125.993 19530.465 19404.472 15401.200
 308 85.6653 933.564 847.8987 989.700
 413 63.8637 145.797 81.9333 128.200
 518 50.3387 58.048 7.7093 15.300
 619 41.5367 34.460 7.0767 17.000
 720 35.892 24.328 11.564 32.200
 102 187.05 113.868 73.182 39.100
 206 90.619 47.595 43.024 47.400
 308 59.3587 30.091 29.2677 49.300
 413 43.6317 22.016 21.6157 49.500
 518 34.3407 17.350 16.9907 49.400
 619 28.447 14.308 14.139 49.700
 720 23.9067 12.181 11.7257 49.000
 102 281.543 3737.600 3456.057 1227.500
 206 138.193 368.967 230.774 166.900
 308 86.78 117.606 30.826 35.500
 413 63.6613 59.494 4.1673 6.500
 518 50.347 39.960 10.387 20.600
 619 40.8047 28.657 12.1477 29.700
 720 31.1123 21.309 9.8033 31.500
