 102 108.102 121.832 13.730 12.700
 206 47.128 48.983 1.855 3.900
 308 28.9287 30.654 1.7253 5.900
 413 21.856 22.306 .450 2.000
 518 17.4393 17.532 .0927 .500
 619 14.504 14.441 .063 .400
 720 12.347 12.277 .070 .500
 518 49.5073 405.063 355.5557 718.100
 619 41.958 68.139 26.181 62.300
 720 36.0627 37.198 1.1353 3.100
 102 175.43 348.655 173.225 98.700
 206 122.194 66.334 55.860 45.700
 308 81.276 36.653 44.623 54.900
 413 61.4057 25.323 36.0827 58.700
 518 48.1167 19.343 28.7737 59.700
 619 40.4953 15.648 24.8473 61.300
 720 35.1177 13.138 21.9797 62.500
 518 50.7393 573.991 523.2517 1031.200
 619 42.495 71.688 29.193 68.600
 720 36.4573 38.231 1.7737 4.800
 102 147.845 169.873 22.028 14.800
 206 66.8337 55.267 11.5667 17.300
 308 42.774 33.002 9.772 22.800
 413 32.23 23.525 8.705 27.000
 518 24.5423 18.276 6.2663 25.500
 619 19.8797 14.942 4.9377 24.800
 720 16.0757 12.637 3.4387 21.300
 206 119.981 100.757 19.224 16.000
 308 61.4777 45.183 16.2947 26.500
 413 43.0017 29.121 13.8807 32.200
 518 33.232 21.484 11.748 35.300
 619 24.3617 17.020 7.3417 30.100
 720 17.231 14.092 3.139 18.200
 102 127.228 344.433 217.205 170.700
 206 54.198 66.179 11.981 22.100
 308 35.2197 36.606 1.3863 3.900
 413 25.28 25.300 .020 0
 518 20.5937 19.330 1.2637 6.100
 619 16.5463 15.640 .9063 5.400
 720 14.465 13.132 1.333 9.200
 308 70.526 97.533 27.007 38.200
 413 46.344 44.523 1.821 3.900
 518 34.2357 28.845 5.3907 15.700
 619 26.539 21.333 5.206 19.600
 720 21.76 16.925 4.835 22.200
 102 114.224 283.342 169.118 148.000
 206 50.8163 63.547 12.7307 25.000
 308 32.8113 35.786 2.9747 9.000
 413 24.6153 24.906 .2907 1.100
 518 18.8067 19.099 .2923 1.500
 619 15.8553 15.488 .3673 2.300
 720 13.7807 13.025 .7557 5.400
 206 68.1993 141.788 73.5887 107.900
 308 42.3917 51.921 9.5293 22.400
 413 31.263 31.779 .516 1.600
 518 24.568 22.897 1.671 6.800
 619 20.2783 17.895 2.3833 11.700
 720 17.5813 14.686 2.8953 16.400
 308 81.6223 89.455 7.8327 9.500
 413 61.099 42.761 18.338 30.000
 518 49.1773 28.095 21.0823 42.800
 619 39.8147 20.920 18.8947 47.400
 720 33.604 16.664 16.940 50.400
 413 64.6147 102.012 37.3973 57.800
 518 51.2947 45.434 5.8607 11.400
 619 41.787 29.225 12.562 30.000
 720 36.0297 21.540 14.4897 40.200
 206 55.7787 132.197 76.4183 137.000
 308 35.32 50.577 15.257 43.100
 413 25.3887 31.270 5.8813 23.100
 518 20.5493 22.631 2.0817 10.100
 619 16.591 17.732 1.141 6.800
 720 14.3397 14.577 .2373 1.600
 206 122.352 147.976 25.624 20.900
 308 81.895 52.729 29.166 35.600
 413 60.3893 32.080 28.3093 46.800
 518 45.05 23.052 21.998 48.800
 619 35.4507 17.990 17.4607 49.200
 720 29.3827 14.750 14.6327 49.800
 206 124.495 209.492 84.997 68.200
 308 81.8787 58.891 22.9877 28.000
 413 62.1517 34.261 27.8907 44.800
 518 49.4643 24.157 25.3073 51.100
 619 40.7737 18.656 22.1177 54.200
 720 35.0133 15.195 19.8183 56.600
 206 123.518 135.863 12.345 9.900
 308 82.111 51.105 31.006 37.700
 413 56.2353 31.471 24.7643 44.000
 518 41.7197 22.736 18.9837 45.500
 619 32.579 17.797 14.782 45.300
 720 26.9073 14.620 12.2873 45.600
 102 226.619 149.401 77.218 34.000
 206 108.258 52.908 55.350 51.100
 308 71.07 32.146 38.924 54.700
 413 52.505 23.086 29.419 56.000
 518 41.6317 18.011 23.6207 56.700
 619 34.541 14.764 19.777 57.200
 720 29.731 12.510 17.221 57.900
 206 124.441 1610.062 1485.621 1193.800
 308 84.945 77.953 6.992 8.200
 413 63.1537 39.943 23.2107 36.700
 518 50.1903 26.851 23.3393 46.500
 619 41.5333 20.222 21.3113 51.300
 720 35.281 16.218 19.063 54.000
 102 166.666 102.359 64.307 38.500
 206 79.2473 45.503 33.7443 42.500
 308 51.8303 29.253 22.5773 43.500
 413 38.622 21.556 17.066 44.100
 518 30.6023 17.065 13.5373 44.200
 619 25.4943 14.123 11.3713 44.600
 720 21.5857 12.046 9.5397 44.100
 102 250.799 690.492 439.693 175.300
 206 71.7897 73.231 1.4413 2.000
 308 38.4663 38.666 .1997 .500
 413 26.2457 26.267 .0213 0
 518 20.001 19.890 .111 .500
 619 16.071 16.004 .067 .400
 720 13.4697 13.388 .0817 .600
 206 125.176 257.415 132.239 105.600
 308 62.253 62.143 .110 .100
 413 35.945 35.337 .608 1.600
 518 25.0693 24.687 .3823 1.500
 619 19.3183 18.970 .3483 1.800
 720 16.8547 15.403 1.4517 8.600
 102 191.531 210.526 18.995 9.900
 206 92.7693 58.972 33.7973 36.400
 308 60.5723 34.288 26.2843 43.300
 413 42.0947 24.171 17.9237 42.500
 518 31.776 18.664 13.112 41.200
 619 25.791 15.200 10.591 41.000
 720 22.136 12.821 9.315 42.000
 206 124.434 86.260 38.174 30.600
 308 81.8463 42.017 39.8293 48.600
 413 60.9297 27.772 33.1577 54.400
 518 49.1637 20.740 28.4237 57.800
 619 40.3973 16.550 23.8473 59.000
 720 34.566 13.768 20.798 60.100
 720 16.4043 -841.413  
 102 132.225 162.694 30.469 23.000
 206 53.1113 54.485 1.3737 2.500
 308 32.7453 32.721 .0243 0
 413 22.7017 23.382 .6803 2.900
 518 17.967 18.190 .223 1.200
 619 14.844 14.885 .041 .200
 720 12.7357 12.596 .1397 1.000
 102 138.891 253.905 115.014 82.800
 206 54.5467 61.936 7.3893 13.500
 308 32.913 35.270 2.357 7.100
 413 23.1687 24.655 1.4863 6.400
 518 18.1723 18.951 .7787 4.200
 619 14.919 15.390 .471 3.100
 720 12.761 12.956 .195 1.500
 720 35.9423 884.283 848.3407 2360.200
 206 49.8027 112.552 62.7493 125.900
 308 30.8333 47.411 16.5777 53.700
 413 22.2187 30.031 7.8123 35.100
 518 14.7633 21.975 7.2117 48.800
 619 13.7223 17.327 3.6047 26.200
 720 12.9823 14.302 1.3197 10.100
 206 32.8277 88.040 55.2123 168.100
 308 20.2953 42.435 22.1397 109.000
 413 14.786 27.954 13.168 89.000
 518 11.744 20.842 9.098 77.400
 619 9.69833 16.615 6.91667 71.300
 720 8.29333 13.813 5.51967 66.500
 102 144.242 273.066 128.824 89.300
 206 72.4583 63.015 9.4433 13.000
 308 47.6707 35.617 12.0537 25.200
 413 35.678 24.824 10.854 30.400
 518 24.9507 19.051 5.8997 23.600
 619 11.722 15.456 3.734 31.800
 720 11.3183 13.003 1.6847 14.800
 102 143.43 221.405 77.975 54.300
 206 42.892 59.795 16.903 39.400
 308 25.6687 34.565 8.8963 34.600
 413 17.5847 24.308 6.7233 38.200
 518 13.9173 18.745 4.8277 34.600
 619 10.7937 15.255 4.4613 41.300
 720 9.36967 12.860 3.49033 37.200
 619 39.176 534.725 495.549 1264.900
 720 27.5723 71.037 43.4647 157.600
 308 108.657 114.069 5.412 4.900
 413 77.1237 47.678 29.4457 38.100
 518 60.1813 30.138 30.0433 49.900
 619 48.4417 22.032 26.4097 54.500
 720 40.3217 17.362 22.9597 56.900
 102 283.59 298.368 14.778 5.200
 206 132.343 64.273 68.070 51.400
 308 85.0743 36.015 49.0593 57.600
 413 61.5943 25.017 36.5773 59.300
 518 48.0623 19.164 28.8983 60.100
 619 40.1777 15.531 24.6467 61.300
 720 34.077 13.055 21.022 61.600
 206 115.257 95.114 20.143 17.400
 308 57.6677 44.012 13.6557 23.600
 413 38.3637 28.630 9.7337 25.300
 518 29.3897 21.215 8.1747 27.800
 619 23.882 16.851 7.031 29.400
 720 20.1817 13.976 6.2057 30.700
 308 118.027 458.987 340.960 288.800
 413 60.3433 69.513 9.1697 15.100
 518 49.1723 37.604 11.5683 23.500
 619 32.7693 25.773 6.9963 21.300
 720 25.523 19.605 5.918 23.100
 206 111.471 98.603 12.868 11.500
 308 71.4413 44.745 26.6963 37.300
 413 51.9903 28.938 23.0523 44.300
 518 40.954 21.384 19.570 47.700
 619 33.802 16.957 16.845 49.800
 720 28.9983 14.049 14.9493 51.500
 206 185.441 127.840 57.601 31.000
 308 115.578 49.926 65.652 56.800
 413 81.3163 31.020 50.2963 61.800
 518 61.5197 22.500 39.0197 63.400
 619 49.3707 17.652 31.7187 64.200
 720 40.5513 14.522 26.0293 64.100
 206 129.413 102.800 26.613 20.500
 308 71.148 45.590 25.558 35.900
 413 49.3087 29.289 20.0197 40.600
 518 36.956 21.575 15.381 41.600
 619 30.0213 17.077 12.9443 43.100
 720 24.7613 14.131 10.6303 42.900
 518 27.4497 180.631 153.1813 558.000
 619 22.5237 56.359 33.8353 150.200
 720 19.2183 33.388 14.1697 73.700
 206 66.508 86.457 19.949 29.900
 308 36.1513 42.063 5.9117 16.300
 413 25.422 27.792 2.370 9.300
 518 19.6867 20.752 1.0653 5.400
 619 16.0877 16.557 .4693 2.900
 720 13.6383 13.773 .1347 .900
 102 96.888 118.600 21.712 22.400
 206 46.2213 48.452 2.2307 4.800
 308 30.658 30.445 .213 .600
 413 22.9293 22.196 .7333 3.100
 518 18.318 17.464 .854 4.600
 619 15.195 14.395 .800 5.200
 720 13.0457 12.243 .8027 6.100
 206 53.5107 139.319 85.8083 160.300
 308 33.9337 51.586 17.6523 52.000
 413 23.684 31.653 7.969 33.600
 518 20.8827 22.831 1.9483 9.300
 619 15.1297 17.855 2.7253 18.000
 720 13.3027 14.659 1.3563 10.100
 102 120.867 110.356 10.511 8.600
 206 56.5843 47.017 9.5673 16.900
 308 36.833 29.872 6.961 18.800
 413 27.3917 21.890 5.5017 20.000
 518 21.7583 17.274 4.4843 20.600
 619 18.093 14.266 3.827 21.100
 720 15.448 12.150 3.298 21.300
 206 123.537 1333.333 1209.796 979.200
 308 52.672 77.178 24.506 46.500
 413 32.664 39.739 7.075 21.600
 518 23.3433 26.758 3.4147 14.600
 619 18.1473 20.170 2.0227 11.100
 720 15.152 16.185 1.033 6.800
 413 61.9777 90.603 28.6253 46.100
 518 49.6907 43.021 6.6697 13.400
 619 39.0557 28.207 10.8487 27.700
 720 20.0527 20.982 .9293 4.600
 206 117.921 140.543 22.622 19.100
 308 72.7767 51.753 21.0237 28.800
 413 51.6597 31.716 19.9437 38.600
 518 39.1467 22.864 16.2827 41.500
 619 31.5883 17.875 13.7133 43.400
 720 26.4437 14.673 11.7707 44.500
 206 124.043 250.611 126.568 102.000
 308 82.2933 61.738 20.5553 24.900
 413 61.105 35.205 25.900 42.300
 518 49.584 24.623 24.961 50.300
 619 40.7823 18.932 21.8503 53.500
 720 35.0883 15.378 19.7103 56.100
 206 104.273 149.227 44.954 43.100
 308 62.843 52.887 9.956 15.800
 413 44.051 32.138 11.913 27.000
 518 33.6753 23.082 10.5933 31.400
 619 26.9417 18.008 8.9337 33.100
 720 22.8313 14.763 8.0683 35.300
 102 248.35 254.473 6.123 2.400
 206 123.868 61.970 61.898 49.900
 308 82.3047 35.281 47.0237 57.100
 413 61.4027 24.660 36.7427 59.800
 518 49.1317 18.954 30.1777 61.400
 619 40.2163 15.392 24.8243 61.700
 720 33.9637 12.958 21.0057 61.800
 413 63.8637 95.255 31.3913 49.100
 518 50.3387 44.043 6.2957 12.500
 619 41.5367 28.643 12.8937 31.000
 720 35.892 21.222 14.670 40.800
 102 187.05 106.180 80.870 43.200
 206 90.619 46.242 44.377 48.900
 308 59.3587 29.557 29.8017 50.200
 413 43.6317 21.720 21.9117 50.200
 518 34.3407 17.168 17.1727 50.000
 619 28.447 14.193 14.254 50.100
 720 23.9067 12.097 11.8097 49.300
 413 63.6613 95.683 32.0217 50.300
 518 50.347 44.134 6.213 12.300
 619 40.8047 28.681 12.1237 29.700
 720 31.1123 21.243 9.8693 31.700
 102 108.102 121.832 13.730 12.700
 206 47.128 48.983 1.855 3.900
 308 28.9287 30.654 1.7253 5.900
 413 21.856 22.306 .450 2.000
 518 17.4393 17.532 .0927 .500
 619 14.504 14.441 .063 .400
 720 12.347 12.277 .070 .500
 518 49.5073 405.063 355.5557 718.100
 619 41.958 68.139 26.181 62.300
 720 36.0627 37.198 1.1353 3.100
 102 175.43 348.655 173.225 98.700
 206 122.194 66.334 55.860 45.700
 308 81.276 36.653 44.623 54.900
 413 61.4057 25.323 36.0827 58.700
 518 48.1167 19.343 28.7737 59.700
 619 40.4953 15.648 24.8473 61.300
 720 35.1177 13.138 21.9797 62.500
 518 50.7393 573.991 523.2517 1031.200
 619 42.495 71.688 29.193 68.600
 720 36.4573 38.231 1.7737 4.800
 102 147.845 169.873 22.028 14.800
 206 66.8337 55.267 11.5667 17.300
 308 42.774 33.002 9.772 22.800
 413 32.23 23.525 8.705 27.000
 518 24.5423 18.276 6.2663 25.500
 619 19.8797 14.942 4.9377 24.800
 720 16.0757 12.637 3.4387 21.300
 206 119.981 100.757 19.224 16.000
 308 61.4777 45.183 16.2947 26.500
 413 43.0017 29.121 13.8807 32.200
 518 33.232 21.484 11.748 35.300
 619 24.3617 17.020 7.3417 30.100
 720 17.231 14.092 3.139 18.200
 102 127.228 344.433 217.205 170.700
 206 54.198 66.179 11.981 22.100
 308 35.2197 36.606 1.3863 3.900
 413 25.28 25.300 .020 0
 518 20.5937 19.330 1.2637 6.100
 619 16.5463 15.640 .9063 5.400
 720 14.465 13.132 1.333 9.200
 308 70.526 97.533 27.007 38.200
 413 46.344 44.523 1.821 3.900
 518 34.2357 28.845 5.3907 15.700
 619 26.539 21.333 5.206 19.600
 720 21.76 16.925 4.835 22.200
 102 114.224 283.342 169.118 148.000
 206 50.8163 63.547 12.7307 25.000
 308 32.8113 35.786 2.9747 9.000
 413 24.6153 24.906 .2907 1.100
 518 18.8067 19.099 .2923 1.500
 619 15.8553 15.488 .3673 2.300
 720 13.7807 13.025 .7557 5.400
 206 68.1993 141.788 73.5887 107.900
 308 42.3917 51.921 9.5293 22.400
 413 31.263 31.779 .516 1.600
 518 24.568 22.897 1.671 6.800
 619 20.2783 17.895 2.3833 11.700
 720 17.5813 14.686 2.8953 16.400
 308 81.6223 89.455 7.8327 9.500
 413 61.099 42.761 18.338 30.000
 518 49.1773 28.095 21.0823 42.800
 619 39.8147 20.920 18.8947 47.400
 720 33.604 16.664 16.940 50.400
 413 64.6147 102.012 37.3973 57.800
 518 51.2947 45.434 5.8607 11.400
 619 41.787 29.225 12.562 30.000
 720 36.0297 21.540 14.4897 40.200
 206 55.7787 132.197 76.4183 137.000
 308 35.32 50.577 15.257 43.100
 413 25.3887 31.270 5.8813 23.100
 518 20.5493 22.631 2.0817 10.100
 619 16.591 17.732 1.141 6.800
 720 14.3397 14.577 .2373 1.600
 206 122.352 147.976 25.624 20.900
 308 81.895 52.729 29.166 35.600
 413 60.3893 32.080 28.3093 46.800
 518 45.05 23.052 21.998 48.800
 619 35.4507 17.990 17.4607 49.200
 720 29.3827 14.750 14.6327 49.800
 206 124.495 209.492 84.997 68.200
 308 81.8787 58.891 22.9877 28.000
 413 62.1517 34.261 27.8907 44.800
 518 49.4643 24.157 25.3073 51.100
 619 40.7737 18.656 22.1177 54.200
 720 35.0133 15.195 19.8183 56.600
 206 123.518 135.863 12.345 9.900
 308 82.111 51.105 31.006 37.700
 413 56.2353 31.471 24.7643 44.000
 518 41.7197 22.736 18.9837 45.500
 619 32.579 17.797 14.782 45.300
 720 26.9073 14.620 12.2873 45.600
 102 226.619 149.401 77.218 34.000
 206 108.258 52.908 55.350 51.100
 308 71.07 32.146 38.924 54.700
 413 52.505 23.086 29.419 56.000
 518 41.6317 18.011 23.6207 56.700
 619 34.541 14.764 19.777 57.200
 720 29.731 12.510 17.221 57.900
 206 124.441 1610.062 1485.621 1193.800
 308 84.945 77.953 6.992 8.200
 413 63.1537 39.943 23.2107 36.700
 518 50.1903 26.851 23.3393 46.500
 619 41.5333 20.222 21.3113 51.300
 720 35.281 16.218 19.063 54.000
 102 166.666 102.359 64.307 38.500
 206 79.2473 45.503 33.7443 42.500
 308 51.8303 29.253 22.5773 43.500
 413 38.622 21.556 17.066 44.100
 518 30.6023 17.065 13.5373 44.200
 619 25.4943 14.123 11.3713 44.600
 720 21.5857 12.046 9.5397 44.100
 102 250.799 690.492 439.693 175.300
 206 71.7897 73.231 1.4413 2.000
 308 38.4663 38.666 .1997 .500
 413 26.2457 26.267 .0213 0
 518 20.001 19.890 .111 .500
 619 16.071 16.004 .067 .400
 720 13.4697 13.388 .0817 .600
 206 125.176 257.415 132.239 105.600
 308 62.253 62.143 .110 .100
 413 35.945 35.337 .608 1.600
 518 25.0693 24.687 .3823 1.500
 619 19.3183 18.970 .3483 1.800
 720 16.8547 15.403 1.4517 8.600
 102 191.531 210.526 18.995 9.900
 206 92.7693 58.972 33.7973 36.400
 308 60.5723 34.288 26.2843 43.300
 413 42.0947 24.171 17.9237 42.500
 518 31.776 18.664 13.112 41.200
 619 25.791 15.200 10.591 41.000
 720 22.136 12.821 9.315 42.000
 206 124.434 86.260 38.174 30.600
 308 81.8463 42.017 39.8293 48.600
 413 60.9297 27.772 33.1577 54.400
 518 49.1637 20.740 28.4237 57.800
 619 40.3973 16.550 23.8473 59.000
 720 34.566 13.768 20.798 60.100
 720 16.4043 -841.413  
 102 132.225 162.694 30.469 23.000
 206 53.1113 54.485 1.3737 2.500
 308 32.7453 32.721 .0243 0
 413 22.7017 23.382 .6803 2.900
 518 17.967 18.190 .223 1.200
 619 14.844 14.885 .041 .200
 720 12.7357 12.596 .1397 1.000
 102 138.891 253.905 115.014 82.800
 206 54.5467 61.936 7.3893 13.500
 308 32.913 35.270 2.357 7.100
 413 23.1687 24.655 1.4863 6.400
 518 18.1723 18.951 .7787 4.200
 619 14.919 15.390 .471 3.100
 720 12.761 12.956 .195 1.500
 720 35.9423 884.283 848.3407 2360.200
 206 49.8027 112.552 62.7493 125.900
 308 30.8333 47.411 16.5777 53.700
 413 22.2187 30.031 7.8123 35.100
 518 14.7633 21.975 7.2117 48.800
 619 13.7223 17.327 3.6047 26.200
 720 12.9823 14.302 1.3197 10.100
 206 32.8277 88.040 55.2123 168.100
 308 20.2953 42.435 22.1397 109.000
 413 14.786 27.954 13.168 89.000
 518 11.744 20.842 9.098 77.400
 619 9.69833 16.615 6.91667 71.300
 720 8.29333 13.813 5.51967 66.500
 102 144.242 273.066 128.824 89.300
 206 72.4583 63.015 9.4433 13.000
 308 47.6707 35.617 12.0537 25.200
 413 35.678 24.824 10.854 30.400
 518 24.9507 19.051 5.8997 23.600
 619 11.722 15.456 3.734 31.800
 720 11.3183 13.003 1.6847 14.800
 102 143.43 221.405 77.975 54.300
 206 42.892 59.795 16.903 39.400
 308 25.6687 34.565 8.8963 34.600
 413 17.5847 24.308 6.7233 38.200
 518 13.9173 18.745 4.8277 34.600
 619 10.7937 15.255 4.4613 41.300
 720 9.36967 12.860 3.49033 37.200
 619 39.176 534.725 495.549 1264.900
 720 27.5723 71.037 43.4647 157.600
 308 108.657 114.069 5.412 4.900
 413 77.1237 47.678 29.4457 38.100
 518 60.1813 30.138 30.0433 49.900
 619 48.4417 22.032 26.4097 54.500
 720 40.3217 17.362 22.9597 56.900
 102 283.59 298.368 14.778 5.200
 206 132.343 64.273 68.070 51.400
 308 85.0743 36.015 49.0593 57.600
 413 61.5943 25.017 36.5773 59.300
 518 48.0623 19.164 28.8983 60.100
 619 40.1777 15.531 24.6467 61.300
 720 34.077 13.055 21.022 61.600
 206 115.257 95.114 20.143 17.400
 308 57.6677 44.012 13.6557 23.600
 413 38.3637 28.630 9.7337 25.300
 518 29.3897 21.215 8.1747 27.800
 619 23.882 16.851 7.031 29.400
 720 20.1817 13.976 6.2057 30.700
 308 118.027 458.987 340.960 288.800
 413 60.3433 69.513 9.1697 15.100
 518 49.1723 37.604 11.5683 23.500
 619 32.7693 25.773 6.9963 21.300
 720 25.523 19.605 5.918 23.100
 206 111.471 98.603 12.868 11.500
 308 71.4413 44.745 26.6963 37.300
 413 51.9903 28.938 23.0523 44.300
 518 40.954 21.384 19.570 47.700
 619 33.802 16.957 16.845 49.800
 720 28.9983 14.049 14.9493 51.500
 206 185.441 127.840 57.601 31.000
 308 115.578 49.926 65.652 56.800
 413 81.3163 31.020 50.2963 61.800
 518 61.5197 22.500 39.0197 63.400
 619 49.3707 17.652 31.7187 64.200
 720 40.5513 14.522 26.0293 64.100
 206 129.413 102.800 26.613 20.500
 308 71.148 45.590 25.558 35.900
 413 49.3087 29.289 20.0197 40.600
 518 36.956 21.575 15.381 41.600
 619 30.0213 17.077 12.9443 43.100
 720 24.7613 14.131 10.6303 42.900
 518 27.4497 180.631 153.1813 558.000
 619 22.5237 56.359 33.8353 150.200
 720 19.2183 33.388 14.1697 73.700
 206 66.508 86.457 19.949 29.900
 308 36.1513 42.063 5.9117 16.300
 413 25.422 27.792 2.370 9.300
 518 19.6867 20.752 1.0653 5.400
 619 16.0877 16.557 .4693 2.900
 720 13.6383 13.773 .1347 .900
 102 96.888 118.600 21.712 22.400
 206 46.2213 48.452 2.2307 4.800
 308 30.658 30.445 .213 .600
 413 22.9293 22.196 .7333 3.100
 518 18.318 17.464 .854 4.600
 619 15.195 14.395 .800 5.200
 720 13.0457 12.243 .8027 6.100
 206 53.5107 139.319 85.8083 160.300
 308 33.9337 51.586 17.6523 52.000
 413 23.684 31.653 7.969 33.600
 518 20.8827 22.831 1.9483 9.300
 619 15.1297 17.855 2.7253 18.000
 720 13.3027 14.659 1.3563 10.100
 102 120.867 110.356 10.511 8.600
 206 56.5843 47.017 9.5673 16.900
 308 36.833 29.872 6.961 18.800
 413 27.3917 21.890 5.5017 20.000
 518 21.7583 17.274 4.4843 20.600
 619 18.093 14.266 3.827 21.100
 720 15.448 12.150 3.298 21.300
 206 123.537 1333.333 1209.796 979.200
 308 52.672 77.178 24.506 46.500
 413 32.664 39.739 7.075 21.600
 518 23.3433 26.758 3.4147 14.600
 619 18.1473 20.170 2.0227 11.100
 720 15.152 16.185 1.033 6.800
 413 61.9777 90.603 28.6253 46.100
 518 49.6907 43.021 6.6697 13.400
 619 39.0557 28.207 10.8487 27.700
 720 20.0527 20.982 .9293 4.600
 206 117.921 140.543 22.622 19.100
 308 72.7767 51.753 21.0237 28.800
 413 51.6597 31.716 19.9437 38.600
 518 39.1467 22.864 16.2827 41.500
 619 31.5883 17.875 13.7133 43.400
 720 26.4437 14.673 11.7707 44.500
 206 124.043 250.611 126.568 102.000
 308 82.2933 61.738 20.5553 24.900
 413 61.105 35.205 25.900 42.300
 518 49.584 24.623 24.961 50.300
 619 40.7823 18.932 21.8503 53.500
 720 35.0883 15.378 19.7103 56.100
 206 104.273 149.227 44.954 43.100
 308 62.843 52.887 9.956 15.800
 413 44.051 32.138 11.913 27.000
 518 33.6753 23.082 10.5933 31.400
 619 26.9417 18.008 8.9337 33.100
 720 22.8313 14.763 8.0683 35.300
 102 248.35 254.473 6.123 2.400
 206 123.868 61.970 61.898 49.900
 308 82.3047 35.281 47.0237 57.100
 413 61.4027 24.660 36.7427 59.800
 518 49.1317 18.954 30.1777 61.400
 619 40.2163 15.392 24.8243 61.700
 720 33.9637 12.958 21.0057 61.800
 413 63.8637 95.255 31.3913 49.100
 518 50.3387 44.043 6.2957 12.500
 619 41.5367 28.643 12.8937 31.000
 720 35.892 21.222 14.670 40.800
 102 187.05 106.180 80.870 43.200
 206 90.619 46.242 44.377 48.900
 308 59.3587 29.557 29.8017 50.200
 413 43.6317 21.720 21.9117 50.200
 518 34.3407 17.168 17.1727 50.000
 619 28.447 14.193 14.254 50.100
 720 23.9067 12.097 11.8097 49.300
 413 63.6613 95.683 32.0217 50.300
 518 50.347 44.134 6.213 12.300
 619 40.8047 28.681 12.1237 29.700
 720 31.1123 21.243 9.8693 31.700
 102 108.102 121.832 13.730 12.700
 206 47.128 48.983 1.855 3.900
 308 28.9287 30.654 1.7253 5.900
 413 21.856 22.306 .450 2.000
 518 17.4393 17.532 .0927 .500
 619 14.504 14.441 .063 .400
 720 12.347 12.277 .070 .500
 518 49.5073 405.063 355.5557 718.100
 619 41.958 68.139 26.181 62.300
 720 36.0627 37.198 1.1353 3.100
 102 175.43 348.655 173.225 98.700
 206 122.194 66.334 55.860 45.700
 308 81.276 36.653 44.623 54.900
 413 61.4057 25.323 36.0827 58.700
 518 48.1167 19.343 28.7737 59.700
 619 40.4953 15.648 24.8473 61.300
 720 35.1177 13.138 21.9797 62.500
 518 50.7393 573.991 523.2517 1031.200
 619 42.495 71.688 29.193 68.600
 720 36.4573 38.231 1.7737 4.800
 102 147.845 169.873 22.028 14.800
 206 66.8337 55.267 11.5667 17.300
 308 42.774 33.002 9.772 22.800
 413 32.23 23.525 8.705 27.000
 518 24.5423 18.276 6.2663 25.500
 619 19.8797 14.942 4.9377 24.800
 720 16.0757 12.637 3.4387 21.300
 206 119.981 100.757 19.224 16.000
 308 61.4777 45.183 16.2947 26.500
 413 43.0017 29.121 13.8807 32.200
 518 33.232 21.484 11.748 35.300
 619 24.3617 17.020 7.3417 30.100
 720 17.231 14.092 3.139 18.200
 102 127.228 344.433 217.205 170.700
 206 54.198 66.179 11.981 22.100
 308 35.2197 36.606 1.3863 3.900
 413 25.28 25.300 .020 0
 518 20.5937 19.330 1.2637 6.100
 619 16.5463 15.640 .9063 5.400
 720 14.465 13.132 1.333 9.200
 308 70.526 97.533 27.007 38.200
 413 46.344 44.523 1.821 3.900
 518 34.2357 28.845 5.3907 15.700
 619 26.539 21.333 5.206 19.600
 720 21.76 16.925 4.835 22.200
 102 114.224 283.342 169.118 148.000
 206 50.8163 63.547 12.7307 25.000
 308 32.8113 35.786 2.9747 9.000
 413 24.6153 24.906 .2907 1.100
 518 18.8067 19.099 .2923 1.500
 619 15.8553 15.488 .3673 2.300
 720 13.7807 13.025 .7557 5.400
 206 68.1993 141.788 73.5887 107.900
 308 42.3917 51.921 9.5293 22.400
 413 31.263 31.779 .516 1.600
 518 24.568 22.897 1.671 6.800
 619 20.2783 17.895 2.3833 11.700
 720 17.5813 14.686 2.8953 16.400
 308 81.6223 89.455 7.8327 9.500
 413 61.099 42.761 18.338 30.000
 518 49.1773 28.095 21.0823 42.800
 619 39.8147 20.920 18.8947 47.400
 720 33.604 16.664 16.940 50.400
 413 64.6147 102.012 37.3973 57.800
 518 51.2947 45.434 5.8607 11.400
 619 41.787 29.225 12.562 30.000
 720 36.0297 21.540 14.4897 40.200
 206 55.7787 132.197 76.4183 137.000
 308 35.32 50.577 15.257 43.100
 413 25.3887 31.270 5.8813 23.100
 518 20.5493 22.631 2.0817 10.100
 619 16.591 17.732 1.141 6.800
 720 14.3397 14.577 .2373 1.600
 206 122.352 147.976 25.624 20.900
 308 81.895 52.729 29.166 35.600
 413 60.3893 32.080 28.3093 46.800
 518 45.05 23.052 21.998 48.800
 619 35.4507 17.990 17.4607 49.200
 720 29.3827 14.750 14.6327 49.800
 206 124.495 209.492 84.997 68.200
 308 81.8787 58.891 22.9877 28.000
 413 62.1517 34.261 27.8907 44.800
 518 49.4643 24.157 25.3073 51.100
 619 40.7737 18.656 22.1177 54.200
 720 35.0133 15.195 19.8183 56.600
 206 123.518 135.863 12.345 9.900
 308 82.111 51.105 31.006 37.700
 413 56.2353 31.471 24.7643 44.000
 518 41.7197 22.736 18.9837 45.500
 619 32.579 17.797 14.782 45.300
 720 26.9073 14.620 12.2873 45.600
 102 226.619 149.401 77.218 34.000
 206 108.258 52.908 55.350 51.100
 308 71.07 32.146 38.924 54.700
 413 52.505 23.086 29.419 56.000
 518 41.6317 18.011 23.6207 56.700
 619 34.541 14.764 19.777 57.200
 720 29.731 12.510 17.221 57.900
 206 124.441 1610.062 1485.621 1193.800
 308 84.945 77.953 6.992 8.200
 413 63.1537 39.943 23.2107 36.700
 518 50.1903 26.851 23.3393 46.500
 619 41.5333 20.222 21.3113 51.300
 720 35.281 16.218 19.063 54.000
 102 166.666 102.359 64.307 38.500
 206 79.2473 45.503 33.7443 42.500
 308 51.8303 29.253 22.5773 43.500
 413 38.622 21.556 17.066 44.100
 518 30.6023 17.065 13.5373 44.200
 619 25.4943 14.123 11.3713 44.600
 720 21.5857 12.046 9.5397 44.100
 102 250.799 690.492 439.693 175.300
 206 71.7897 73.231 1.4413 2.000
 308 38.4663 38.666 .1997 .500
 413 26.2457 26.267 .0213 0
 518 20.001 19.890 .111 .500
 619 16.071 16.004 .067 .400
 720 13.4697 13.388 .0817 .600
 206 125.176 257.415 132.239 105.600
 308 62.253 62.143 .110 .100
 413 35.945 35.337 .608 1.600
 518 25.0693 24.687 .3823 1.500
 619 19.3183 18.970 .3483 1.800
 720 16.8547 15.403 1.4517 8.600
 102 191.531 210.526 18.995 9.900
 206 92.7693 58.972 33.7973 36.400
 308 60.5723 34.288 26.2843 43.300
 413 42.0947 24.171 17.9237 42.500
 518 31.776 18.664 13.112 41.200
 619 25.791 15.200 10.591 41.000
 720 22.136 12.821 9.315 42.000
 206 124.434 86.260 38.174 30.600
 308 81.8463 42.017 39.8293 48.600
 413 60.9297 27.772 33.1577 54.400
 518 49.1637 20.740 28.4237 57.800
 619 40.3973 16.550 23.8473 59.000
 720 34.566 13.768 20.798 60.100
 720 16.4043 -841.413  
 102 132.225 162.694 30.469 23.000
 206 53.1113 54.485 1.3737 2.500
 308 32.7453 32.721 .0243 0
 413 22.7017 23.382 .6803 2.900
 518 17.967 18.190 .223 1.200
 619 14.844 14.885 .041 .200
 720 12.7357 12.596 .1397 1.000
 102 138.891 253.905 115.014 82.800
 206 54.5467 61.936 7.3893 13.500
 308 32.913 35.270 2.357 7.100
 413 23.1687 24.655 1.4863 6.400
 518 18.1723 18.951 .7787 4.200
 619 14.919 15.390 .471 3.100
 720 12.761 12.956 .195 1.500
 720 35.9423 884.283 848.3407 2360.200
 206 49.8027 65.948 16.1453 32.400
 308 30.8333 27.780 3.0533 9.900
 413 22.2187 17.596 4.6227 20.800
 518 14.7633 12.876 1.8873 12.700
 619 13.7223 10.152 3.5703 26.000
 720 12.9823 8.380 4.6023 35.400
 206 32.8277 51.586 18.7583 57.100
 308 20.2953 24.864 4.5687 22.500
 413 14.786 16.379 1.593 10.700
 518 11.744 12.212 .468 3.900
 619 9.69833 9.735 .03667 .300
 720 8.29333 8.093 .20033 2.400
 102 144.242 160.000 15.758 10.900
 206 72.4583 36.923 35.5353 49.000
 308 47.6707 20.869 26.8017 56.200
 413 35.678 14.545 21.133 59.200
 518 24.9507 11.162 13.7887 55.200
 619 11.722 9.056 2.666 22.700
 720 11.3183 7.619 3.6993 32.600
 102 143.43 129.729 13.701 9.500
 206 42.892 35.036 7.856 18.300
 308 25.6687 20.253 5.4157 21.000
 413 17.5847 14.243 3.3417 19.000
 518 13.9173 10.983 2.9343 21.000
 619 10.7937 8.938 1.8557 17.100
 720 9.36967 7.535 1.83467 19.500
 619 39.176 534.725 495.549 1264.900
 720 27.5723 71.037 43.4647 157.600
 308 108.657 171.103 62.446 57.400
 413 77.1237 71.518 5.6057 7.200
 518 60.1813 45.207 14.9743 24.800
 619 48.4417 33.048 15.3937 31.700
 720 40.3217 26.044 14.2777 35.400
 102 283.59 447.552 163.962 57.800
 206 132.343 96.409 35.934 27.100
 308 85.0743 54.023 31.0513 36.400
 413 61.5943 37.525 24.0693 39.000
 518 48.0623 28.746 19.3163 40.100
 619 40.1777 23.296 16.8817 42.000
 720 34.077 19.583 14.494 42.500
 206 115.257 142.671 27.414 23.700
 308 57.6677 66.019 8.3513 14.400
 413 38.3637 42.945 4.5813 11.900
 518 29.3897 31.823 2.4333 8.200
 619 23.882 25.277 1.395 5.800
 720 20.1817 20.964 .7823 3.800
 308 118.027 688.480 570.453 483.300
 413 60.3433 104.269 43.9257 72.700
 518 49.1723 56.406 7.2337 14.700
 619 32.7693 38.659 5.8897 17.900
 720 25.523 29.407 3.884 15.200
 206 111.471 147.905 36.434 32.600
 308 71.4413 67.118 4.3233 6.000
 413 51.9903 43.408 8.5823 16.500
 518 40.954 32.076 8.878 21.600
 619 33.802 25.436 8.366 24.700
 720 28.9983 21.074 7.9243 27.300
 206 185.441 191.760 6.319 3.400
 308 115.578 74.890 40.688 35.200
 413 81.3163 46.531 34.7853 42.700
 518 61.5197 33.750 27.7697 45.100
 619 49.3707 26.478 22.8927 46.300
 720 40.5513 21.784 18.7673 46.200
 206 129.413 154.201 24.788 19.100
 308 71.148 68.385 2.763 3.800
 413 49.3087 43.934 5.3747 10.900
 518 36.956 32.363 4.593 12.400
 619 30.0213 25.616 4.4053 14.600
 720 24.7613 21.197 3.5643 14.300
 518 27.4497 180.631 153.1813 558.000
 619 22.5237 56.359 33.8353 150.200
 720 19.2183 33.388 14.1697 73.700
 206 66.508 86.457 19.949 29.900
 308 36.1513 42.063 5.9117 16.300
 413 25.422 27.792 2.370 9.300
 518 19.6867 20.752 1.0653 5.400
 619 16.0877 16.557 .4693 2.900
 720 13.6383 13.773 .1347 .900
 102 96.888 118.600 21.712 22.400
 206 46.2213 48.452 2.2307 4.800
 308 30.658 30.445 .213 .600
 413 22.9293 22.196 .7333 3.100
 518 18.318 17.464 .854 4.600
 619 15.195 14.395 .800 5.200
 720 13.0457 12.243 .8027 6.100
 206 53.5107 139.319 85.8083 160.300
 308 33.9337 51.586 17.6523 52.000
 413 23.684 31.653 7.969 33.600
 518 20.8827 22.831 1.9483 9.300
 619 15.1297 17.855 2.7253 18.000
 720 13.3027 14.659 1.3563 10.100
 102 120.867 110.356 10.511 8.600
 206 56.5843 47.017 9.5673 16.900
 308 36.833 29.872 6.961 18.800
 413 27.3917 21.890 5.5017 20.000
 518 21.7583 17.274 4.4843 20.600
 619 18.093 14.266 3.827 21.100
 720 15.448 12.150 3.298 21.300
 206 123.537 1333.333 1209.796 979.200
 308 52.672 77.178 24.506 46.500
 413 32.664 39.739 7.075 21.600
 518 23.3433 26.758 3.4147 14.600
 619 18.1473 20.170 2.0227 11.100
 720 15.152 16.185 1.033 6.800
 413 61.9777 90.603 28.6253 46.100
 518 49.6907 43.021 6.6697 13.400
 619 39.0557 28.207 10.8487 27.700
 720 20.0527 20.982 .9293 4.600
 206 117.921 140.543 22.622 19.100
 308 72.7767 51.753 21.0237 28.800
 413 51.6597 31.716 19.9437 38.600
 518 39.1467 22.864 16.2827 41.500
 619 31.5883 17.875 13.7133 43.400
 720 26.4437 14.673 11.7707 44.500
 206 124.043 250.611 126.568 102.000
 308 82.2933 61.738 20.5553 24.900
 413 61.105 35.205 25.900 42.300
 518 49.584 24.623 24.961 50.300
 619 40.7823 18.932 21.8503 53.500
 720 35.0883 15.378 19.7103 56.100
 206 104.273 149.227 44.954 43.100
 308 62.843 52.887 9.956 15.800
 413 44.051 32.138 11.913 27.000
 518 33.6753 23.082 10.5933 31.400
 619 26.9417 18.008 8.9337 33.100
 720 22.8313 14.763 8.0683 35.300
 102 248.35 254.473 6.123 2.400
 206 123.868 61.970 61.898 49.900
 308 82.3047 35.281 47.0237 57.100
 413 61.4027 24.660 36.7427 59.800
 518 49.1317 18.954 30.1777 61.400
 619 40.2163 15.392 24.8243 61.700
 720 33.9637 12.958 21.0057 61.800
 413 63.8637 95.255 31.3913 49.100
 518 50.3387 44.043 6.2957 12.500
 619 41.5367 28.643 12.8937 31.000
 720 35.892 21.222 14.670 40.800
 102 187.05 106.180 80.870 43.200
 206 90.619 46.242 44.377 48.900
 308 59.3587 29.557 29.8017 50.200
 413 43.6317 21.720 21.9117 50.200
 518 34.3407 17.168 17.1727 50.000
 619 28.447 14.193 14.254 50.100
 720 23.9067 12.097 11.8097 49.300
 413 63.6613 95.683 32.0217 50.300
 518 50.347 44.134 6.213 12.300
 619 40.8047 28.681 12.1237 29.700
 720 31.1123 21.243 9.8693 31.700
