 102 108.102 105.905 2.197 2.000
 206 47.128 46.190 .938 1.900
 308 28.9287 29.536 .6073 2.000
 413 21.856 21.709 .147 .600
 518 17.4393 17.161 .2783 1.500
 619 14.504 14.188 .316 2.100
 720 12.347 12.094 .253 2.000
 619 41.958 388.467 346.509 825.800
 720 36.0627 67.653 31.5903 87.500
 102 175.43 234.862 59.432 33.800
 206 122.194 60.735 61.459 50.200
 308 81.276 34.877 46.399 57.000
 413 61.4057 24.462 36.9437 60.100
 518 48.1167 18.837 29.2797 60.800
 619 40.4953 15.315 25.1803 62.100
 720 35.1177 12.903 22.2147 63.200
 102 147.845 188.027 40.182 27.100
 206 66.8337 57.060 9.7737 14.600
 308 42.774 33.633 9.141 21.300
 413 32.23 23.843 8.387 26.000
 518 24.5423 18.468 6.0743 24.700
 619 19.8797 15.070 4.8097 24.100
 720 16.0757 12.729 3.3467 20.800
 206 119.981 191.473 71.492 59.500
 308 61.4777 57.373 4.1047 6.600
 413 43.0017 33.741 9.2607 21.500
 518 33.232 23.898 9.334 28.000
 619 24.3617 18.501 5.8607 24.000
 720 17.231 15.092 2.139 12.400
 102 127.228 315.465 188.237 147.900
 206 54.198 65.032 10.834 19.900
 308 35.2197 36.252 1.0323 2.900
 413 25.28 25.131 .149 .500
 518 20.5937 19.231 1.3627 6.600
 619 16.5463 15.575 .9713 5.800
 720 14.465 13.086 1.379 9.500
 308 70.526 115.693 45.167 64.000
 413 46.344 47.960 1.616 3.400
 518 34.2357 30.250 3.9857 11.600
 619 26.539 22.092 4.447 16.700
 720 21.76 17.399 4.361 20.000
 102 114.224 1122.807 1008.583 882.900
 206 50.8163 76.349 25.5327 50.200
 308 32.8113 39.518 6.7067 20.400
 413 24.6153 26.658 2.0427 8.200
 518 18.8067 20.113 1.3063 6.900
 619 15.8553 16.148 .2927 1.800
 720 13.7807 13.489 .2917 2.100
 206 68.1993 118.532 50.3327 73.800
 308 42.3917 48.441 6.0493 14.200
 413 31.263 30.440 .823 2.600
 518 24.568 22.193 2.375 9.600
 619 20.2783 17.462 2.8163 13.800
 720 17.5813 14.394 3.1873 18.100
 308 81.6223 100.579 18.9567 23.200
 413 61.099 45.147 15.952 26.100
 518 49.1773 29.106 20.0713 40.800
 619 39.8147 21.476 18.3387 46.000
 720 33.604 17.015 16.589 49.300
 413 64.6147 93.014 28.3993 43.900
 518 51.2947 43.557 7.7377 15.000
 619 41.787 28.437 13.350 31.900
 720 36.0297 21.109 14.9207 41.400
 206 55.7787 132.316 76.5373 137.200
 308 35.32 50.595 15.275 43.200
 413 25.3887 31.277 5.8883 23.100
 518 20.5493 22.635 2.0857 10.100
 619 16.591 17.734 1.143 6.800
 720 14.3397 14.578 .2383 1.600
 206 122.352 127.015 4.663 3.800
 308 81.895 49.800 32.095 39.100
 413 60.3893 30.972 29.4173 48.700
 518 45.05 22.474 22.576 50.100
 619 35.4507 17.636 17.8147 50.200
 720 29.3827 14.512 14.8707 50.600
 206 124.495 187.889 63.394 50.900
 308 81.8787 57.047 24.8317 30.300
 413 62.1517 33.628 28.5237 45.800
 518 49.4643 23.841 25.6233 51.800
 619 40.7737 18.467 22.3067 54.700
 720 35.0133 15.069 19.9443 56.900
 206 123.518 119.808 3.710 3.000
 308 82.111 48.653 33.458 40.700
 413 56.2353 30.524 25.7113 45.700
 518 41.7197 22.238 19.4817 46.600
 619 32.579 17.490 15.089 46.300
 720 26.9073 14.412 12.4953 46.400
 102 226.619 142.281 84.338 37.200
 206 108.258 51.987 56.271 51.900
 308 71.07 31.804 39.266 55.200
 413 52.505 22.909 29.596 56.300
 518 41.6317 17.903 23.7287 56.900
 619 34.541 14.692 19.849 57.400
 720 29.731 12.457 17.274 58.100
 308 84.945 83.123 1.822 2.100
 413 63.1537 41.258 21.8957 34.600
 518 50.1903 27.439 22.7513 45.300
 619 41.5333 20.554 20.9793 50.500
 720 35.281 16.431 18.850 53.400
 102 166.666 108.831 57.835 34.700
 206 79.2473 46.738 32.5093 41.000
 308 51.8303 29.759 22.0713 42.500
 413 38.622 21.829 16.793 43.400
 518 30.6023 17.236 13.3663 43.600
 619 25.4943 14.240 11.2543 44.100
 720 21.5857 12.131 9.4547 43.800
 102 250.799 730.906 480.107 191.400
 206 71.7897 73.663 1.8733 2.600
 308 38.4663 38.786 .3197 .800
 413 26.2457 26.323 .0773 .200
 518 20.001 19.921 .080 .300
 619 16.071 16.024 .047 .200
 720 13.4697 13.402 .0677 .500
 206 125.176 273.285 148.109 118.300
 308 62.253 63.027 .774 1.200
 413 35.945 35.621 .324 .900
 518 25.0693 24.826 .2433 .900
 619 19.3183 19.052 .2663 1.300
 720 16.8547 15.457 1.3977 8.200
 102 191.531 998.050 806.519 421.000
 206 92.7693 75.706 17.0633 18.300
 308 60.5723 39.345 21.2273 35.000
 413 42.0947 26.579 15.5157 36.800
 518 31.776 20.068 11.708 36.800
 619 25.791 16.119 9.672 37.500
 720 22.136 13.469 8.667 39.100
 206 124.434 436.115 311.681 250.400
 308 81.8463 68.965 12.8813 15.700
 413 60.9297 37.443 23.4867 38.500
 518 49.1637 25.697 23.4667 47.700
 619 40.3973 19.561 20.8363 51.500
 720 34.566 15.790 18.776 54.300
 102 132.225 180.472 48.247 36.400
 206 53.1113 56.344 3.2327 6.000
 308 32.7453 33.383 .6377 1.900
 413 22.7017 23.717 1.0153 4.400
 518 17.967 18.392 .425 2.300
 619 14.844 15.020 .176 1.100
 720 12.7357 12.693 .0427 .300
 102 138.891 312.004 173.113 124.600
 206 54.5467 64.884 10.3373 18.900
 308 32.913 36.206 3.293 10.000
 413 23.1687 25.109 1.9403 8.300
 518 18.1723 19.218 1.0457 5.700
 619 14.919 15.566 .647 4.300
 720 12.761 13.080 .319 2.400
 720 35.9423 461.469 425.5267 1183.900
 102 112.99 306.495 193.505 171.200
 206 49.8027 64.642 14.8393 29.700
 308 30.8333 36.131 5.2977 17.100
 413 22.2187 25.072 2.8533 12.800
 518 14.7633 19.197 4.4337 30.000
 619 13.7223 15.552 1.8297 13.300
 720 12.9823 13.071 .0887 .600
 102 93.3923 865.595 772.2027 826.800
 206 32.8277 74.837 42.0093 127.900
 308 20.2953 39.109 18.8137 92.600
 413 14.786 26.471 11.685 79.000
 518 11.744 20.006 8.262 70.300
 619 9.69833 16.079 6.38067 65.700
 720 8.29333 13.441 5.14767 62.000
 102 144.242 172.071 27.829 19.200
 206 72.4583 55.498 16.9603 23.400
 308 47.6707 33.084 14.5867 30.500
 413 35.678 23.566 12.112 33.900
 518 24.9507 18.301 6.6497 26.600
 619 11.722 14.959 3.237 27.600
 720 11.3183 12.649 1.3307 11.700
 102 143.43 222.318 78.888 55.000
 206 42.892 59.862 16.970 39.500
 308 25.6687 34.587 8.9183 34.700
 413 17.5847 24.319 6.7343 38.200
 518 13.9173 18.752 4.8347 34.700
 619 10.7937 15.259 4.4653 41.300
 720 9.36967 12.863 3.49333 37.200
 413 62.455 1075.630 1013.175 1622.200
 518 49.2197 76.122 26.9023 54.600
 619 39.176 39.457 .281 .700
 720 27.5723 26.630 .9423 3.400
 206 177.39 273.504 96.114 54.100
 308 108.657 63.038 45.619 41.900
 413 77.1237 35.624 41.4997 53.800
 518 60.1813 24.827 35.3543 58.700
 619 48.4417 19.053 29.3887 60.600
 720 40.3217 15.458 24.8637 61.600
 102 283.59 589.861 306.271 107.900
 206 132.343 71.930 60.413 45.600
 308 85.0743 38.300 46.7743 54.900
 413 61.5943 26.098 35.4963 57.600
 518 48.0623 19.792 28.2703 58.800
 619 40.1777 15.941 24.2367 60.300
 720 34.077 13.344 20.733 60.800
 206 115.257 108.762 6.495 5.600
 308 57.6677 46.725 10.9427 18.900
 413 38.3637 29.754 8.6097 22.400
 518 29.3897 21.826 7.5637 25.700
 619 23.882 17.234 6.648 27.800
 720 20.1817 14.239 5.9427 29.400
 308 118.027 788.298 670.271 567.800
 413 60.3433 74.208 13.8647 22.900
 518 49.1723 38.936 10.2363 20.800
 619 32.7693 26.392 6.3773 19.400
 720 25.523 19.961 5.562 21.700
 102 246.13 281.550 35.420 14.300
 206 111.471 63.456 48.015 43.000
 308 71.4413 35.757 35.6843 49.900
 413 51.9903 24.892 27.0983 52.100
 518 40.954 19.091 21.863 53.300
 619 33.802 15.483 18.319 54.100
 720 28.9983 13.021 15.9773 55.000
 206 185.441 140.756 44.685 24.000
 308 115.578 51.782 63.796 55.100
 413 81.3163 31.727 49.5893 60.900
 518 61.5197 22.869 38.6507 62.800
 619 49.3707 17.878 31.4927 63.700
 720 40.5513 14.675 25.8763 63.800
 206 129.413 92.210 37.203 28.700
 308 71.148 43.380 27.768 39.000
 413 49.3087 28.361 20.9477 42.400
 518 36.956 21.067 15.889 42.900
 619 30.0213 16.758 13.2633 44.100
 720 24.7613 13.912 10.8493 43.800
 308 48.082 172.564 124.482 258.800
 413 34.814 55.549 20.735 59.500
 518 27.4497 33.102 5.6523 20.500
 619 22.5237 23.576 1.0523 4.600
 720 19.2183 18.307 .9113 4.700
 206 66.508 78.811 12.303 18.400
 308 36.1513 40.167 4.0157 11.100
 413 25.422 26.952 1.530 6.000
 518 19.6867 20.280 .5933 3.000
 619 16.0877 16.255 .1673 1.000
 720 13.6383 13.564 .0743 .500
 102 96.888 101.910 5.022 5.100
 206 46.2213 45.414 .8073 1.700
 308 30.658 29.217 1.441 4.700
 413 22.9293 21.536 1.3933 6.000
 518 18.318 17.053 1.265 6.900
 619 15.195 14.114 1.081 7.100
 720 13.0457 12.040 1.0057 7.700
 206 53.5107 101.376 47.8653 89.400
 308 33.9337 45.307 11.3733 33.500
 413 23.684 29.172 5.488 23.100
 518 20.8827 21.512 .6293 3.000
 619 15.1297 17.037 1.9073 12.600
 720 13.3027 14.104 .8013 6.000
 102 120.867 98.253 22.614 18.700
 206 56.5843 44.673 11.9113 21.000
 308 36.833 28.908 7.925 21.500
 413 27.3917 21.368 6.0237 21.900
 518 21.7583 16.947 4.8113 22.100
 619 18.093 14.042 4.051 22.300
 720 15.448 11.987 3.461 22.400
 308 52.672 85.834 33.162 62.900
 413 32.664 41.915 9.251 28.300
 518 23.3433 27.728 4.3847 18.700
 619 18.1473 20.716 2.5687 14.100
 720 15.152 16.534 1.382 9.100
 413 61.9777 303.317 241.3393 389.300
 518 49.6907 64.499 14.8083 29.800
 619 39.0557 36.086 2.9697 7.600
 720 20.0527 25.051 4.9983 24.900
 206 117.921 171.323 53.402 45.200
 308 72.7767 55.420 17.3567 23.800
 413 51.6597 33.056 18.6037 36.000
 518 39.1467 23.552 15.5947 39.800
 619 31.5883 18.293 13.2953 42.000
 720 26.4437 14.953 11.4907 43.400
 206 124.043 309.833 185.790 149.700
 308 82.2933 64.789 17.5043 21.200
 413 61.105 36.177 24.928 40.700
 518 49.584 25.094 24.490 49.300
 619 40.7823 19.210 21.5723 52.800
 720 35.0883 15.561 19.5273 55.600
 206 104.273 169.396 65.123 62.400
 308 62.843 55.217 7.626 12.100
 413 44.051 32.984 11.067 25.100
 518 33.6753 23.515 10.1603 30.100
 619 26.9417 18.271 8.6707 32.100
 720 22.8313 14.939 7.8923 34.500
 102 248.35 424.016 175.666 70.700
 206 123.868 68.655 55.213 44.500
 308 82.3047 37.351 44.9537 54.600
 413 61.4027 25.654 35.7487 58.200
 518 49.1317 19.536 29.5957 60.200
 619 40.2163 15.774 24.4423 60.700
 720 33.9637 13.227 20.7367 61.000
 413 63.8637 123.626 59.7623 93.500
 518 50.3387 49.271 1.0677 2.100
 619 41.5367 30.766 10.7707 25.900
 720 35.892 22.366 13.526 37.600
 102 187.05 109.261 77.789 41.500
 206 90.619 46.817 43.802 48.300
 308 59.3587 29.791 29.5677 49.800
 413 43.6317 21.846 21.7857 49.900
 518 34.3407 17.247 17.0937 49.700
 619 28.447 14.247 14.200 49.900
 720 23.9067 12.136 11.7707 49.200
 308 86.78 418.300 331.520 382.000
 413 63.6613 68.504 4.8427 7.600
 518 50.347 37.306 13.041 25.900
 619 40.8047 25.633 15.1717 37.100
 720 31.1123 19.524 11.5883 37.200
 102 108.102 105.905 2.197 2.000
 206 47.128 46.190 .938 1.900
 308 28.9287 29.536 .6073 2.000
 413 21.856 21.709 .147 .600
 518 17.4393 17.161 .2783 1.500
 619 14.504 14.188 .316 2.100
 720 12.347 12.094 .253 2.000
 619 41.958 388.467 346.509 825.800
 720 36.0627 67.653 31.5903 87.500
 102 175.43 234.862 59.432 33.800
 206 122.194 60.735 61.459 50.200
 308 81.276 34.877 46.399 57.000
 413 61.4057 24.462 36.9437 60.100
 518 48.1167 18.837 29.2797 60.800
 619 40.4953 15.315 25.1803 62.100
 720 35.1177 12.903 22.2147 63.200
 102 147.845 188.027 40.182 27.100
 206 66.8337 57.060 9.7737 14.600
 308 42.774 33.633 9.141 21.300
 413 32.23 23.843 8.387 26.000
 518 24.5423 18.468 6.0743 24.700
 619 19.8797 15.070 4.8097 24.100
 720 16.0757 12.729 3.3467 20.800
 206 119.981 191.473 71.492 59.500
 308 61.4777 57.373 4.1047 6.600
 413 43.0017 33.741 9.2607 21.500
 518 33.232 23.898 9.334 28.000
 619 24.3617 18.501 5.8607 24.000
 720 17.231 15.092 2.139 12.400
 102 127.228 315.465 188.237 147.900
 206 54.198 65.032 10.834 19.900
 308 35.2197 36.252 1.0323 2.900
 413 25.28 25.131 .149 .500
 518 20.5937 19.231 1.3627 6.600
 619 16.5463 15.575 .9713 5.800
 720 14.465 13.086 1.379 9.500
 308 70.526 115.693 45.167 64.000
 413 46.344 47.960 1.616 3.400
 518 34.2357 30.250 3.9857 11.600
 619 26.539 22.092 4.447 16.700
 720 21.76 17.399 4.361 20.000
 102 114.224 1122.807 1008.583 882.900
 206 50.8163 76.349 25.5327 50.200
 308 32.8113 39.518 6.7067 20.400
 413 24.6153 26.658 2.0427 8.200
 518 18.8067 20.113 1.3063 6.900
 619 15.8553 16.148 .2927 1.800
 720 13.7807 13.489 .2917 2.100
 206 68.1993 118.532 50.3327 73.800
 308 42.3917 48.441 6.0493 14.200
 413 31.263 30.440 .823 2.600
 518 24.568 22.193 2.375 9.600
 619 20.2783 17.462 2.8163 13.800
 720 17.5813 14.394 3.1873 18.100
 308 81.6223 100.579 18.9567 23.200
 413 61.099 45.147 15.952 26.100
 518 49.1773 29.106 20.0713 40.800
 619 39.8147 21.476 18.3387 46.000
 720 33.604 17.015 16.589 49.300
 413 64.6147 93.014 28.3993 43.900
 518 51.2947 43.557 7.7377 15.000
 619 41.787 28.437 13.350 31.900
 720 36.0297 21.109 14.9207 41.400
 206 55.7787 132.316 76.5373 137.200
 308 35.32 50.595 15.275 43.200
 413 25.3887 31.277 5.8883 23.100
 518 20.5493 22.635 2.0857 10.100
 619 16.591 17.734 1.143 6.800
 720 14.3397 14.578 .2383 1.600
 206 122.352 127.015 4.663 3.800
 308 81.895 49.800 32.095 39.100
 413 60.3893 30.972 29.4173 48.700
 518 45.05 22.474 22.576 50.100
 619 35.4507 17.636 17.8147 50.200
 720 29.3827 14.512 14.8707 50.600
 206 124.495 187.889 63.394 50.900
 308 81.8787 57.047 24.8317 30.300
 413 62.1517 33.628 28.5237 45.800
 518 49.4643 23.841 25.6233 51.800
 619 40.7737 18.467 22.3067 54.700
 720 35.0133 15.069 19.9443 56.900
 206 123.518 119.808 3.710 3.000
 308 82.111 48.653 33.458 40.700
 413 56.2353 30.524 25.7113 45.700
 518 41.7197 22.238 19.4817 46.600
 619 32.579 17.490 15.089 46.300
 720 26.9073 14.412 12.4953 46.400
 102 226.619 142.281 84.338 37.200
 206 108.258 51.987 56.271 51.900
 308 71.07 31.804 39.266 55.200
 413 52.505 22.909 29.596 56.300
 518 41.6317 17.903 23.7287 56.900
 619 34.541 14.692 19.849 57.400
 720 29.731 12.457 17.274 58.100
 308 84.945 83.123 1.822 2.100
 413 63.1537 41.258 21.8957 34.600
 518 50.1903 27.439 22.7513 45.300
 619 41.5333 20.554 20.9793 50.500
 720 35.281 16.431 18.850 53.400
 102 166.666 108.831 57.835 34.700
 206 79.2473 46.738 32.5093 41.000
 308 51.8303 29.759 22.0713 42.500
 413 38.622 21.829 16.793 43.400
 518 30.6023 17.236 13.3663 43.600
 619 25.4943 14.240 11.2543 44.100
 720 21.5857 12.131 9.4547 43.800
 102 250.799 730.906 480.107 191.400
 206 71.7897 73.663 1.8733 2.600
 308 38.4663 38.786 .3197 .800
 413 26.2457 26.323 .0773 .200
 518 20.001 19.921 .080 .300
 619 16.071 16.024 .047 .200
 720 13.4697 13.402 .0677 .500
 206 125.176 273.285 148.109 118.300
 308 62.253 63.027 .774 1.200
 413 35.945 35.621 .324 .900
 518 25.0693 24.826 .2433 .900
 619 19.3183 19.052 .2663 1.300
 720 16.8547 15.457 1.3977 8.200
 102 191.531 998.050 806.519 421.000
 206 92.7693 75.706 17.0633 18.300
 308 60.5723 39.345 21.2273 35.000
 413 42.0947 26.579 15.5157 36.800
 518 31.776 20.068 11.708 36.800
 619 25.791 16.119 9.672 37.500
 720 22.136 13.469 8.667 39.100
 206 124.434 436.115 311.681 250.400
 308 81.8463 68.965 12.8813 15.700
 413 60.9297 37.443 23.4867 38.500
 518 49.1637 25.697 23.4667 47.700
 619 40.3973 19.561 20.8363 51.500
 720 34.566 15.790 18.776 54.300
 102 132.225 180.472 48.247 36.400
 206 53.1113 56.344 3.2327 6.000
 308 32.7453 33.383 .6377 1.900
 413 22.7017 23.717 1.0153 4.400
 518 17.967 18.392 .425 2.300
 619 14.844 15.020 .176 1.100
 720 12.7357 12.693 .0427 .300
 102 138.891 312.004 173.113 124.600
 206 54.5467 64.884 10.3373 18.900
 308 32.913 36.206 3.293 10.000
 413 23.1687 25.109 1.9403 8.300
 518 18.1723 19.218 1.0457 5.700
 619 14.919 15.566 .647 4.300
 720 12.761 13.080 .319 2.400
 720 35.9423 461.469 425.5267 1183.900
 102 112.99 306.495 193.505 171.200
 206 49.8027 64.642 14.8393 29.700
 308 30.8333 36.131 5.2977 17.100
 413 22.2187 25.072 2.8533 12.800
 518 14.7633 19.197 4.4337 30.000
 619 13.7223 15.552 1.8297 13.300
 720 12.9823 13.071 .0887 .600
 102 93.3923 865.595 772.2027 826.800
 206 32.8277 74.837 42.0093 127.900
 308 20.2953 39.109 18.8137 92.600
 413 14.786 26.471 11.685 79.000
 518 11.744 20.006 8.262 70.300
 619 9.69833 16.079 6.38067 65.700
 720 8.29333 13.441 5.14767 62.000
 102 144.242 172.071 27.829 19.200
 206 72.4583 55.498 16.9603 23.400
 308 47.6707 33.084 14.5867 30.500
 413 35.678 23.566 12.112 33.900
 518 24.9507 18.301 6.6497 26.600
 619 11.722 14.959 3.237 27.600
 720 11.3183 12.649 1.3307 11.700
 102 143.43 222.318 78.888 55.000
 206 42.892 59.862 16.970 39.500
 308 25.6687 34.587 8.9183 34.700
 413 17.5847 24.319 6.7343 38.200
 518 13.9173 18.752 4.8347 34.700
 619 10.7937 15.259 4.4653 41.300
 720 9.36967 12.863 3.49333 37.200
 413 62.455 1075.630 1013.175 1622.200
 518 49.2197 76.122 26.9023 54.600
 619 39.176 39.457 .281 .700
 720 27.5723 26.630 .9423 3.400
 206 177.39 273.504 96.114 54.100
 308 108.657 63.038 45.619 41.900
 413 77.1237 35.624 41.4997 53.800
 518 60.1813 24.827 35.3543 58.700
 619 48.4417 19.053 29.3887 60.600
 720 40.3217 15.458 24.8637 61.600
 102 283.59 589.861 306.271 107.900
 206 132.343 71.930 60.413 45.600
 308 85.0743 38.300 46.7743 54.900
 413 61.5943 26.098 35.4963 57.600
 518 48.0623 19.792 28.2703 58.800
 619 40.1777 15.941 24.2367 60.300
 720 34.077 13.344 20.733 60.800
 206 115.257 108.762 6.495 5.600
 308 57.6677 46.725 10.9427 18.900
 413 38.3637 29.754 8.6097 22.400
 518 29.3897 21.826 7.5637 25.700
 619 23.882 17.234 6.648 27.800
 720 20.1817 14.239 5.9427 29.400
 308 118.027 788.298 670.271 567.800
 413 60.3433 74.208 13.8647 22.900
 518 49.1723 38.936 10.2363 20.800
 619 32.7693 26.392 6.3773 19.400
 720 25.523 19.961 5.562 21.700
 102 246.13 281.550 35.420 14.300
 206 111.471 63.456 48.015 43.000
 308 71.4413 35.757 35.6843 49.900
 413 51.9903 24.892 27.0983 52.100
 518 40.954 19.091 21.863 53.300
 619 33.802 15.483 18.319 54.100
 720 28.9983 13.021 15.9773 55.000
 206 185.441 140.756 44.685 24.000
 308 115.578 51.782 63.796 55.100
 413 81.3163 31.727 49.5893 60.900
 518 61.5197 22.869 38.6507 62.800
 619 49.3707 17.878 31.4927 63.700
 720 40.5513 14.675 25.8763 63.800
 206 129.413 92.210 37.203 28.700
 308 71.148 43.380 27.768 39.000
 413 49.3087 28.361 20.9477 42.400
 518 36.956 21.067 15.889 42.900
 619 30.0213 16.758 13.2633 44.100
 720 24.7613 13.912 10.8493 43.800
 308 48.082 172.564 124.482 258.800
 413 34.814 55.549 20.735 59.500
 518 27.4497 33.102 5.6523 20.500
 619 22.5237 23.576 1.0523 4.600
 720 19.2183 18.307 .9113 4.700
 206 66.508 78.811 12.303 18.400
 308 36.1513 40.167 4.0157 11.100
 413 25.422 26.952 1.530 6.000
 518 19.6867 20.280 .5933 3.000
 619 16.0877 16.255 .1673 1.000
 720 13.6383 13.564 .0743 .500
 102 96.888 101.910 5.022 5.100
 206 46.2213 45.414 .8073 1.700
 308 30.658 29.217 1.441 4.700
 413 22.9293 21.536 1.3933 6.000
 518 18.318 17.053 1.265 6.900
 619 15.195 14.114 1.081 7.100
 720 13.0457 12.040 1.0057 7.700
 206 53.5107 101.376 47.8653 89.400
 308 33.9337 45.307 11.3733 33.500
 413 23.684 29.172 5.488 23.100
 518 20.8827 21.512 .6293 3.000
 619 15.1297 17.037 1.9073 12.600
 720 13.3027 14.104 .8013 6.000
 102 120.867 98.253 22.614 18.700
 206 56.5843 44.673 11.9113 21.000
 308 36.833 28.908 7.925 21.500
 413 27.3917 21.368 6.0237 21.900
 518 21.7583 16.947 4.8113 22.100
 619 18.093 14.042 4.051 22.300
 720 15.448 11.987 3.461 22.400
 308 52.672 85.834 33.162 62.900
 413 32.664 41.915 9.251 28.300
 518 23.3433 27.728 4.3847 18.700
 619 18.1473 20.716 2.5687 14.100
 720 15.152 16.534 1.382 9.100
 413 61.9777 303.317 241.3393 389.300
 518 49.6907 64.499 14.8083 29.800
 619 39.0557 36.086 2.9697 7.600
 720 20.0527 25.051 4.9983 24.900
 206 117.921 171.323 53.402 45.200
 308 72.7767 55.420 17.3567 23.800
 413 51.6597 33.056 18.6037 36.000
 518 39.1467 23.552 15.5947 39.800
 619 31.5883 18.293 13.2953 42.000
 720 26.4437 14.953 11.4907 43.400
 206 124.043 309.833 185.790 149.700
 308 82.2933 64.789 17.5043 21.200
 413 61.105 36.177 24.928 40.700
 518 49.584 25.094 24.490 49.300
 619 40.7823 19.210 21.5723 52.800
 720 35.0883 15.561 19.5273 55.600
 206 104.273 169.396 65.123 62.400
 308 62.843 55.217 7.626 12.100
 413 44.051 32.984 11.067 25.100
 518 33.6753 23.515 10.1603 30.100
 619 26.9417 18.271 8.6707 32.100
 720 22.8313 14.939 7.8923 34.500
 102 248.35 424.016 175.666 70.700
 206 123.868 68.655 55.213 44.500
 308 82.3047 37.351 44.9537 54.600
 413 61.4027 25.654 35.7487 58.200
 518 49.1317 19.536 29.5957 60.200
 619 40.2163 15.774 24.4423 60.700
 720 33.9637 13.227 20.7367 61.000
 413 63.8637 123.626 59.7623 93.500
 518 50.3387 49.271 1.0677 2.100
 619 41.5367 30.766 10.7707 25.900
 720 35.892 22.366 13.526 37.600
 102 187.05 109.261 77.789 41.500
 206 90.619 46.817 43.802 48.300
 308 59.3587 29.791 29.5677 49.800
 413 43.6317 21.846 21.7857 49.900
 518 34.3407 17.247 17.0937 49.700
 619 28.447 14.247 14.200 49.900
 720 23.9067 12.136 11.7707 49.200
 308 86.78 418.300 331.520 382.000
 413 63.6613 68.504 4.8427 7.600
 518 50.347 37.306 13.041 25.900
 619 40.8047 25.633 15.1717 37.100
 720 31.1123 19.524 11.5883 37.200
 102 108.102 105.905 2.197 2.000
 206 47.128 46.190 .938 1.900
 308 28.9287 29.536 .6073 2.000
 413 21.856 21.709 .147 .600
 518 17.4393 17.161 .2783 1.500
 619 14.504 14.188 .316 2.100
 720 12.347 12.094 .253 2.000
 619 41.958 388.467 346.509 825.800
 720 36.0627 67.653 31.5903 87.500
 102 175.43 234.862 59.432 33.800
 206 122.194 60.735 61.459 50.200
 308 81.276 34.877 46.399 57.000
 413 61.4057 24.462 36.9437 60.100
 518 48.1167 18.837 29.2797 60.800
 619 40.4953 15.315 25.1803 62.100
 720 35.1177 12.903 22.2147 63.200
 102 147.845 188.027 40.182 27.100
 206 66.8337 57.060 9.7737 14.600
 308 42.774 33.633 9.141 21.300
 413 32.23 23.843 8.387 26.000
 518 24.5423 18.468 6.0743 24.700
 619 19.8797 15.070 4.8097 24.100
 720 16.0757 12.729 3.3467 20.800
 206 119.981 191.473 71.492 59.500
 308 61.4777 57.373 4.1047 6.600
 413 43.0017 33.741 9.2607 21.500
 518 33.232 23.898 9.334 28.000
 619 24.3617 18.501 5.8607 24.000
 720 17.231 15.092 2.139 12.400
 102 127.228 315.465 188.237 147.900
 206 54.198 65.032 10.834 19.900
 308 35.2197 36.252 1.0323 2.900
 413 25.28 25.131 .149 .500
 518 20.5937 19.231 1.3627 6.600
 619 16.5463 15.575 .9713 5.800
 720 14.465 13.086 1.379 9.500
 308 70.526 115.693 45.167 64.000
 413 46.344 47.960 1.616 3.400
 518 34.2357 30.250 3.9857 11.600
 619 26.539 22.092 4.447 16.700
 720 21.76 17.399 4.361 20.000
 102 114.224 1122.807 1008.583 882.900
 206 50.8163 76.349 25.5327 50.200
 308 32.8113 39.518 6.7067 20.400
 413 24.6153 26.658 2.0427 8.200
 518 18.8067 20.113 1.3063 6.900
 619 15.8553 16.148 .2927 1.800
 720 13.7807 13.489 .2917 2.100
 206 68.1993 118.532 50.3327 73.800
 308 42.3917 48.441 6.0493 14.200
 413 31.263 30.440 .823 2.600
 518 24.568 22.193 2.375 9.600
 619 20.2783 17.462 2.8163 13.800
 720 17.5813 14.394 3.1873 18.100
 308 81.6223 100.579 18.9567 23.200
 413 61.099 45.147 15.952 26.100
 518 49.1773 29.106 20.0713 40.800
 619 39.8147 21.476 18.3387 46.000
 720 33.604 17.015 16.589 49.300
 413 64.6147 93.014 28.3993 43.900
 518 51.2947 43.557 7.7377 15.000
 619 41.787 28.437 13.350 31.900
 720 36.0297 21.109 14.9207 41.400
 206 55.7787 132.316 76.5373 137.200
 308 35.32 50.595 15.275 43.200
 413 25.3887 31.277 5.8883 23.100
 518 20.5493 22.635 2.0857 10.100
 619 16.591 17.734 1.143 6.800
 720 14.3397 14.578 .2383 1.600
 206 122.352 127.015 4.663 3.800
 308 81.895 49.800 32.095 39.100
 413 60.3893 30.972 29.4173 48.700
 518 45.05 22.474 22.576 50.100
 619 35.4507 17.636 17.8147 50.200
 720 29.3827 14.512 14.8707 50.600
 206 124.495 187.889 63.394 50.900
 308 81.8787 57.047 24.8317 30.300
 413 62.1517 33.628 28.5237 45.800
 518 49.4643 23.841 25.6233 51.800
 619 40.7737 18.467 22.3067 54.700
 720 35.0133 15.069 19.9443 56.900
 206 123.518 119.808 3.710 3.000
 308 82.111 48.653 33.458 40.700
 413 56.2353 30.524 25.7113 45.700
 518 41.7197 22.238 19.4817 46.600
 619 32.579 17.490 15.089 46.300
 720 26.9073 14.412 12.4953 46.400
 102 226.619 142.281 84.338 37.200
 206 108.258 51.987 56.271 51.900
 308 71.07 31.804 39.266 55.200
 413 52.505 22.909 29.596 56.300
 518 41.6317 17.903 23.7287 56.900
 619 34.541 14.692 19.849 57.400
 720 29.731 12.457 17.274 58.100
 308 84.945 83.123 1.822 2.100
 413 63.1537 41.258 21.8957 34.600
 518 50.1903 27.439 22.7513 45.300
 619 41.5333 20.554 20.9793 50.500
 720 35.281 16.431 18.850 53.400
 102 166.666 108.831 57.835 34.700
 206 79.2473 46.738 32.5093 41.000
 308 51.8303 29.759 22.0713 42.500
 413 38.622 21.829 16.793 43.400
 518 30.6023 17.236 13.3663 43.600
 619 25.4943 14.240 11.2543 44.100
 720 21.5857 12.131 9.4547 43.800
 102 250.799 730.906 480.107 191.400
 206 71.7897 73.663 1.8733 2.600
 308 38.4663 38.786 .3197 .800
 413 26.2457 26.323 .0773 .200
 518 20.001 19.921 .080 .300
 619 16.071 16.024 .047 .200
 720 13.4697 13.402 .0677 .500
 206 125.176 273.285 148.109 118.300
 308 62.253 63.027 .774 1.200
 413 35.945 35.621 .324 .900
 518 25.0693 24.826 .2433 .900
 619 19.3183 19.052 .2663 1.300
 720 16.8547 15.457 1.3977 8.200
 102 191.531 998.050 806.519 421.000
 206 92.7693 75.706 17.0633 18.300
 308 60.5723 39.345 21.2273 35.000
 413 42.0947 26.579 15.5157 36.800
 518 31.776 20.068 11.708 36.800
 619 25.791 16.119 9.672 37.500
 720 22.136 13.469 8.667 39.100
 206 124.434 436.115 311.681 250.400
 308 81.8463 68.965 12.8813 15.700
 413 60.9297 37.443 23.4867 38.500
 518 49.1637 25.697 23.4667 47.700
 619 40.3973 19.561 20.8363 51.500
 720 34.566 15.790 18.776 54.300
 102 132.225 180.472 48.247 36.400
 206 53.1113 56.344 3.2327 6.000
 308 32.7453 33.383 .6377 1.900
 413 22.7017 23.717 1.0153 4.400
 518 17.967 18.392 .425 2.300
 619 14.844 15.020 .176 1.100
 720 12.7357 12.693 .0427 .300
 102 138.891 312.004 173.113 124.600
 206 54.5467 64.884 10.3373 18.900
 308 32.913 36.206 3.293 10.000
 413 23.1687 25.109 1.9403 8.300
 518 18.1723 19.218 1.0457 5.700
 619 14.919 15.566 .647 4.300
 720 12.761 13.080 .319 2.400
 720 35.9423 461.469 425.5267 1183.900
 102 112.99 179.586 66.596 58.900
 206 49.8027 37.876 11.9267 23.900
 308 30.8333 21.170 9.6633 31.300
 413 22.2187 14.691 7.5277 33.800
 518 14.7633 11.248 3.5153 23.800
 619 13.7223 9.112 4.6103 33.500
 720 12.9823 7.658 5.3243 41.000
 102 93.3923 507.185 413.7927 443.000
 206 32.8277 43.850 11.0223 33.500
 308 20.2953 22.915 2.6197 12.900
 413 14.786 15.510 .724 4.800
 518 11.744 11.722 .022 .100
 619 9.69833 9.421 .27733 2.800
 720 8.29333 7.875 .41833 5.000
 102 144.242 100.823 43.419 30.100
 206 72.4583 32.518 39.9403 55.100
 308 47.6707 19.385 28.2857 59.300
 413 35.678 13.808 21.870 61.200
 518 24.9507 10.723 14.2277 57.000
 619 11.722 8.765 2.957 25.200
 720 11.3183 7.411 3.9073 34.500
 102 143.43 130.264 13.166 9.100
 206 42.892 35.075 7.817 18.200
 308 25.6687 20.266 5.4027 21.000
 413 17.5847 14.249 3.3357 18.900
 518 13.9173 10.987 2.9303 21.000
 619 10.7937 8.941 1.8527 17.100
 720 9.36967 7.537 1.83267 19.500
 413 62.455 1075.630 1013.175 1622.200
 518 49.2197 76.122 26.9023 54.600
 619 39.176 39.457 .281 .700
 720 27.5723 26.630 .9423 3.400
 206 177.39 410.256 232.866 131.200
 308 108.657 94.557 14.100 12.900
 413 77.1237 53.437 23.6867 30.700
 518 60.1813 37.241 22.9403 38.100
 619 48.4417 28.579 19.8627 41.000
 720 40.3217 23.187 17.1347 42.400
 102 283.59 884.792 601.202 211.900
 206 132.343 107.895 24.448 18.400
 308 85.0743 57.450 27.6243 32.400
 413 61.5943 39.147 22.4473 36.400
 518 48.0623 29.689 18.3733 38.200
 619 40.1777 23.911 16.2667 40.400
 720 34.077 20.016 14.061 41.200
 206 115.257 163.143 47.886 41.500
 308 57.6677 70.088 12.4203 21.500
 413 38.3637 44.631 6.2673 16.300
 518 29.3897 32.740 3.3503 11.300
 619 23.882 25.852 1.970 8.200
 720 20.1817 21.358 1.1763 5.800
 308 118.027 1182.448 1064.421 901.800
 413 60.3433 111.312 50.9687 84.400
 518 49.1723 58.405 9.2327 18.700
 619 32.7693 39.588 6.8187 20.800
 720 25.523 29.942 4.419 17.300
 102 246.13 422.326 176.196 71.500
 206 111.471 95.184 16.287 14.600
 308 71.4413 53.636 17.8053 24.900
 413 51.9903 37.338 14.6523 28.100
 518 40.954 28.636 12.318 30.000
 619 33.802 23.224 10.578 31.200
 720 28.9983 19.532 9.4663 32.600
 206 185.441 211.134 25.693 13.800
 308 115.578 77.673 37.905 32.700
 413 81.3163 47.591 33.7253 41.400
 518 61.5197 34.304 27.2157 44.200
 619 49.3707 26.817 22.5537 45.600
 720 40.5513 22.013 18.5383 45.700
 206 129.413 138.316 8.903 6.800
 308 71.148 65.070 6.078 8.500
 413 49.3087 42.542 6.7667 13.700
 518 36.956 31.601 5.355 14.400
 619 30.0213 25.137 4.8843 16.200
 720 24.7613 20.868 3.8933 15.700
 308 48.082 172.564 124.482 258.800
 413 34.814 55.549 20.735 59.500
 518 27.4497 33.102 5.6523 20.500
 619 22.5237 23.576 1.0523 4.600
 720 19.2183 18.307 .9113 4.700
 206 66.508 78.811 12.303 18.400
 308 36.1513 40.167 4.0157 11.100
 413 25.422 26.952 1.530 6.000
 518 19.6867 20.280 .5933 3.000
 619 16.0877 16.255 .1673 1.000
 720 13.6383 13.564 .0743 .500
 102 96.888 101.910 5.022 5.100
 206 46.2213 45.414 .8073 1.700
 308 30.658 29.217 1.441 4.700
 413 22.9293 21.536 1.3933 6.000
 518 18.318 17.053 1.265 6.900
 619 15.195 14.114 1.081 7.100
 720 13.0457 12.040 1.0057 7.700
 206 53.5107 101.376 47.8653 89.400
 308 33.9337 45.307 11.3733 33.500
 413 23.684 29.172 5.488 23.100
 518 20.8827 21.512 .6293 3.000
 619 15.1297 17.037 1.9073 12.600
 720 13.3027 14.104 .8013 6.000
 102 120.867 98.253 22.614 18.700
 206 56.5843 44.673 11.9113 21.000
 308 36.833 28.908 7.925 21.500
 413 27.3917 21.368 6.0237 21.900
 518 21.7583 16.947 4.8113 22.100
 619 18.093 14.042 4.051 22.300
 720 15.448 11.987 3.461 22.400
 308 52.672 85.834 33.162 62.900
 413 32.664 41.915 9.251 28.300
 518 23.3433 27.728 4.3847 18.700
 619 18.1473 20.716 2.5687 14.100
 720 15.152 16.534 1.382 9.100
 413 61.9777 303.317 241.3393 389.300
 518 49.6907 64.499 14.8083 29.800
 619 39.0557 36.086 2.9697 7.600
 720 20.0527 25.051 4.9983 24.900
 206 117.921 171.323 53.402 45.200
 308 72.7767 55.420 17.3567 23.800
 413 51.6597 33.056 18.6037 36.000
 518 39.1467 23.552 15.5947 39.800
 619 31.5883 18.293 13.2953 42.000
 720 26.4437 14.953 11.4907 43.400
 206 124.043 309.833 185.790 149.700
 308 82.2933 64.789 17.5043 21.200
 413 61.105 36.177 24.928 40.700
 518 49.584 25.094 24.490 49.300
 619 40.7823 19.210 21.5723 52.800
 720 35.0883 15.561 19.5273 55.600
 206 104.273 169.396 65.123 62.400
 308 62.843 55.217 7.626 12.100
 413 44.051 32.984 11.067 25.100
 518 33.6753 23.515 10.1603 30.100
 619 26.9417 18.271 8.6707 32.100
 720 22.8313 14.939 7.8923 34.500
 102 248.35 424.016 175.666 70.700
 206 123.868 68.655 55.213 44.500
 308 82.3047 37.351 44.9537 54.600
 413 61.4027 25.654 35.7487 58.200
 518 49.1317 19.536 29.5957 60.200
 619 40.2163 15.774 24.4423 60.700
 720 33.9637 13.227 20.7367 61.000
 413 63.8637 123.626 59.7623 93.500
 518 50.3387 49.271 1.0677 2.100
 619 41.5367 30.766 10.7707 25.900
 720 35.892 22.366 13.526 37.600
 102 187.05 109.261 77.789 41.500
 206 90.619 46.817 43.802 48.300
 308 59.3587 29.791 29.5677 49.800
 413 43.6317 21.846 21.7857 49.900
 518 34.3407 17.247 17.0937 49.700
 619 28.447 14.247 14.200 49.900
 720 23.9067 12.136 11.7707 49.200
 308 86.78 418.300 331.520 382.000
 413 63.6613 68.504 4.8427 7.600
 518 50.347 37.306 13.041 25.900
 619 40.8047 25.633 15.1717 37.100
 720 31.1123 19.524 11.5883 37.200
