 102 108.102 150.568 42.466 39.200
 206 47.128 53.043 5.915 12.500
 308 28.9287 32.193 3.2643 11.200
 413 21.856 23.101 1.245 5.600
 518 17.4393 18.022 .5827 3.300
 619 14.504 14.772 .268 1.800
 720 12.347 12.509 .162 1.300
 102 259.28 2218530.160 2218270.880 855550.300
 206 126.05 22572.482 22446.432 17807.500
 308 86.7163 5875.104 5788.3877 6675.000
 413 62.4683 978.206 915.7377 1465.900
 518 49.5073 339.247 289.7397 585.200
 619 41.958 100.185 58.227 138.700
 720 36.0627 47.755 11.6923 32.400
 102 175.43 608.501 433.071 246.800
 206 122.194 73.113 49.081 40.100
 308 81.276 38.610 42.666 52.400
 413 61.4057 26.255 35.1507 57.200
 518 48.1167 19.873 28.2437 58.600
 619 40.4953 15.974 24.5213 60.500
 720 35.1177 13.363 21.7547 61.900
 102 250.882 561103.011 560852.129 223552.100
 206 135.88 20090.839 19954.959 14685.700
 308 92.668 9103.192 9010.524 9723.400
 413 66.78 1943.818 1877.038 2810.700
 518 50.7393 1121.370 1070.6307 2110.000
 619 42.495 403.009 360.514 848.300
 720 36.4573 241.786 205.3287 563.200
 102 147.845 179.240 31.395 21.200
 206 66.8337 56.156 10.6777 15.900
 308 42.774 33.340 9.434 22.000
 413 32.23 23.674 8.556 26.500
 518 24.5423 18.366 6.1763 25.100
 619 19.8797 14.990 4.8897 24.500
 720 16.0757 12.673 3.4027 21.100
 102 248.642 42302.177 42053.535 16913.200
 206 119.981 108.625 11.356 9.400
 308 61.4777 46.665 14.8127 24.000
 413 43.0017 29.716 13.2857 30.800
 518 33.232 21.807 11.425 34.300
 619 24.3617 17.216 7.1457 29.300
 720 17.231 14.229 3.002 17.400
 102 127.228 552.222 424.994 334.000
 206 54.198 71.352 17.154 31.600
 308 35.2197 38.119 2.8993 8.200
 413 25.28 26.009 .729 2.800
 518 20.5937 19.726 .8677 4.200
 619 16.5463 15.905 .6413 3.800
 720 14.465 13.305 1.160 8.000
 102 247.056 389994188992.757 389994188745.701 157856594758.100
 206 120.586 29486.080 29365.494 24352.300
 308 70.526 133.062 62.536 88.600
 413 46.344 50.688 4.344 9.300
 518 34.2357 31.326 2.9097 8.400
 619 26.539 22.636 3.903 14.700
 720 21.76 17.728 4.032 18.500
 102 114.224 1840.988 1726.764 1511.700
 206 50.8163 80.281 29.4647 57.900
 308 32.8113 40.549 7.7377 23.500
 413 24.6153 27.115 2.4997 10.100
 518 18.8067 20.365 1.5583 8.200
 619 15.8553 16.301 .4457 2.800
 720 13.7807 13.597 .1837 1.300
 102 175.407 84227542.220 84227366.813 48018247.100
 206 68.1993 195.747 127.5477 187.000
 308 42.3917 57.724 15.3323 36.100
 413 31.263 33.832 2.569 8.200
 518 24.568 23.937 .631 2.500
 619 20.2783 18.513 1.7653 8.700
 720 17.5813 15.107 2.4743 14.000
 102 246.935 701456.220 701209.285 283965.100
 206 125.462 1628.160 1502.698 1197.700
 308 81.6223 96.472 14.8497 18.100
 413 61.099 44.318 16.781 27.400
 518 49.1773 28.737 20.4403 41.500
 619 39.8147 21.257 18.5577 46.600
 720 33.604 16.885 16.719 49.700
 102 255.88 165529007731.097 165529007475.217 64690092025.600
 206 128.049 93316525.629 93316397.580 72875537.900
 308 86.3823 1279491.058 1279404.6757 1481095.800
 413 64.6147 66048.696 65984.0813 102119.300
 518 51.2947 7336.787 7285.4923 14203.200
 619 41.787 1363.115 1321.328 3162.000
 720 36.0297 380.420 344.3903 955.800
 102 140.108 18872372.674 18872232.566 13469775.100
 206 55.7787 161.873 106.0943 190.200
 308 35.32 54.393 19.073 54.000
 413 25.3887 32.645 7.2563 28.500
 518 20.5493 23.330 2.7807 13.500
 619 16.591 18.172 1.581 9.500
 720 14.3397 14.861 .5213 3.600
 102 247.641 9320.857 9073.216 3663.800
 206 122.352 202.096 79.744 65.100
 308 81.895 58.571 23.324 28.400
 413 60.3893 34.119 26.2703 43.500
 518 45.05 24.084 20.966 46.500
 619 35.4507 18.622 16.8287 47.400
 720 29.3827 15.154 14.2287 48.400
 102 249.81 11704.975 11455.165 4585.500
 206 124.495 610.836 486.341 390.600
 308 81.8787 85.768 3.8893 4.700
 413 62.1517 41.861 20.2907 32.600
 518 49.4643 27.721 21.7433 43.900
 619 40.7737 20.711 20.0627 49.200
 720 35.0133 16.523 18.4903 52.800
 102 246.999 12340.346 12093.347 4896.100
 206 123.518 185.057 61.539 49.800
 308 82.111 56.878 25.233 30.700
 413 56.2353 33.566 22.6693 40.300
 518 41.7197 23.805 17.9147 42.900
 619 32.579 18.445 14.134 43.300
 720 26.9073 15.037 11.8703 44.100
 102 226.619 179.568 47.051 20.700
 206 108.258 56.238 52.020 48.000
 308 71.07 33.340 37.730 53.000
 413 52.505 23.695 28.810 54.800
 518 41.6317 18.366 23.2657 55.800
 619 34.541 14.990 19.551 56.600
 720 29.731 12.673 17.058 57.300
 102 252.515 704766.361 704513.846 278998.800
 206 124.441 857.456 733.015 589.000
 308 84.945 95.598 10.653 12.500
 413 63.1537 44.318 18.8357 29.800
 518 50.1903 28.737 21.4533 42.700
 619 41.5333 21.257 20.2763 48.800
 720 35.281 16.885 18.396 52.100
 102 166.666 109.445 57.221 34.300
 206 79.2473 46.858 32.3893 40.800
 308 51.8303 29.790 22.0403 42.500
 413 38.622 21.852 16.770 43.400
 518 30.6023 17.235 13.3673 43.600
 619 25.4943 14.240 11.2543 44.100
 720 21.5857 12.134 9.4517 43.700
 102 250.799 279.429 28.630 11.400
 206 71.7897 73.932 2.1423 2.900
 308 38.4663 38.829 .3627 .900
 413 26.2457 26.357 .1113 .400
 518 20.001 19.906 .095 .400
 619 16.071 16.014 .057 .300
 720 13.4697 13.375 .0947 .700
 102 282.109 843.366 561.257 198.900
 206 125.176 129.064 3.888 3.100
 308 62.253 62.175 .078 .100
 413 35.945 35.368 .577 1.600
 518 25.0693 24.674 .3953 1.500
 619 19.3183 18.950 .3683 1.900
 720 16.8547 15.388 1.4667 8.700
 102 191.531 449.167 257.636 134.500
 206 92.7693 69.304 23.4653 25.200
 308 60.5723 37.491 23.0813 38.100
 413 42.0947 25.722 16.3727 38.800
 518 31.776 19.562 12.214 38.400
 619 25.791 15.796 9.995 38.700
 720 22.136 13.234 8.902 40.200
 102 216.011 30940.446 30724.435 14223.500
 206 124.434 128.000 3.566 2.800
 308 81.8463 49.915 31.9313 39.000
 413 60.9297 31.027 29.9027 49.000
 518 49.1637 22.495 26.6687 54.200
 619 40.3973 17.626 22.7713 56.300
 720 34.566 14.510 20.056 58.000
 102 264.279 55575.920 55311.641 20929.200
 206 129.171 71192.903 71063.732 55015.200
 308 84.693 1292476.672 1292391.979 1525972.600
 413 41.8453 7146.885 7105.0397 16979.300
 518 39.3 4389.011 4349.711 11067.900
 619 30.441 682.581 652.140 2142.300
 720 16.4043 63.062 46.6577 284.400
 102 132.225 196.853 64.628 48.800
 206 53.1113 57.835 4.7237 8.800
 308 32.7453 33.859 1.1137 3.400
 413 22.7017 23.961 1.2593 5.500
 518 17.967 18.530 .563 3.100
 619 14.844 15.113 .269 1.800
 720 12.7357 12.755 .0193 .100
 102 138.891 490.946 352.055 253.400
 206 54.5467 70.246 15.6993 28.700
 308 32.913 37.818 4.905 14.900
 413 23.1687 25.845 2.6763 11.500
 518 18.1723 19.644 1.4717 8.000
 619 14.919 15.851 .932 6.200
 720 12.761 13.281 .520 4.000
 102 266.546 1532273.213 1532006.667 574762.500
 206 125.842 99791.708 99665.866 79199.200
 308 85.1283 7295.098 7209.9697 8469.500
 413 66.097 2245.099 2179.002 3296.600
 518 50.445 535.527 485.082 961.600
 619 41.665 190.868 149.203 358.100
 720 35.9423 91.275 55.3327 153.900
 102 280.38 6928962.764 6928682.384 2471175.600
 206 143.573 231161.036 231017.463 160905.900
 308 91.075 32641.810 32550.735 35740.500
 413 68.09 8343.142 8275.052 12153.100
 518 54.394 2959.769 2905.375 5341.300
 619 45.1093 1296.202 1251.0927 2773.400
 720 38.5413 656.271 617.7297 1602.700
 102 112.99 4030820352.983 4030820239.993 3567413257.800
 206 49.8027 445.235 395.4323 793.900
 308 30.8333 70.012 39.1787 127.000
 413 22.2187 37.703 15.4843 69.600
 518 14.7633 25.837 11.0737 75.000
 619 13.7223 19.633 5.9107 43.000
 720 12.9823 15.832 2.8497 21.900
 102 93.3923 7197.573 7104.1807 7606.800
 206 32.8277 91.668 58.8403 179.200
 308 20.2953 43.662 23.3667 115.100
 413 14.786 28.426 13.640 92.200
 518 11.744 20.955 9.211 78.400
 619 9.69833 16.724 7.02567 72.400
 720 8.29333 13.901 5.60767 67.600
 102 144.242 6172.999 6028.757 4179.600
 206 72.4583 90.603 18.1447 25.000
 308 47.6707 42.979 4.6917 9.800
 413 35.678 28.200 7.478 20.900
 518 24.9507 20.971 3.9797 15.900
 619 11.722 16.683 4.961 42.300
 720 11.3183 13.855 2.5367 22.400
 102 143.43 228.802 85.372 59.500
 206 42.892 60.293 17.401 40.500
 308 25.6687 34.733 9.0643 35.300
 413 17.5847 24.371 6.7863 38.500
 518 13.9173 18.776 4.8587 34.900
 619 10.7937 15.277 4.4833 41.500
 720 9.36967 12.872 3.50233 37.300
 102 288.206 21898.526 21610.320 7498.200
 206 137.144 1686.200 1549.056 1129.500
 308 90.6543 419.857 329.2027 363.100
 413 62.455 278.589 216.134 346.000
 518 49.2197 566.509 517.2893 1050.900
 619 39.176 408.347 369.171 942.300
 720 27.5723 83.131 55.5587 201.500
 102 371.821 628936871101.808 628936870729.987 169150443554.800
 206 177.39 379437.383 379259.993 213800.000
 308 108.657 218.884 110.227 101.400
 413 77.1237 59.863 17.2607 22.300
 518 60.1813 34.635 25.5463 42.400
 619 48.4417 24.329 24.1127 49.700
 720 40.3217 18.746 21.5757 53.500
 102 283.59 2102.558 1818.968 641.400
 206 132.343 81.100 51.243 38.700
 308 85.0743 40.740 44.3343 52.100
 413 61.5943 27.197 34.3973 55.800
 518 48.0623 20.414 27.6483 57.500
 619 40.1777 16.342 23.8357 59.300
 720 34.077 13.621 20.456 60.000
 102 369.754 5466032.291 5465662.537 1478188.800
 206 115.257 153.395 38.138 33.000
 308 57.6677 53.410 4.2577 7.300
 413 38.3637 32.296 6.0677 15.800
 518 29.3897 23.166 6.2237 21.100
 619 23.882 18.049 5.833 24.400
 720 20.1817 14.767 5.4147 26.800
 102 400.074 98964.930 98564.856 24636.600
 206 186.946 103630.397 103443.451 55333.300
 308 118.027 1027.005 908.978 770.100
 413 60.3433 85.790 25.4467 42.100
 518 49.1723 42.106 7.0663 14.300
 619 32.7693 27.797 4.9723 15.100
 720 25.523 20.700 4.823 18.800
 102 246.13 174404.567 174158.437 70758.700
 206 111.471 107.765 3.706 3.300
 308 71.4413 46.502 24.9393 34.900
 413 51.9903 29.675 22.3153 42.900
 518 40.954 21.774 19.180 46.800
 619 33.802 17.189 16.613 49.100
 720 28.9983 14.217 14.7813 50.900
 102 373.599 109406672.732 109406299.133 29284419.600
 206 185.441 843.079 657.638 354.600
 308 115.578 78.231 37.347 32.300
 413 81.3163 39.997 41.3193 50.800
 518 61.5197 26.853 34.6667 56.300
 619 49.3707 20.220 29.1507 59.000
 720 40.5513 16.218 24.3333 60.000
 102 371.039 49176.576 48805.537 13153.700
 206 129.413 116.326 13.087 10.100
 308 71.148 48.058 23.090 32.400
 413 49.3087 30.289 19.0197 38.500
 518 36.956 22.102 14.854 40.100
 619 30.0213 17.407 12.6143 42.000
 720 24.7613 14.346 10.4153 42.000
 102 244.579 1498831436688399.482 1498831436688154.903 612820984912095.800
 206 123.671 991105030.389 991104906.718 801404457.500
 308 48.082 3324.314 3276.232 6813.800
 413 34.814 266.977 232.163 666.800
 518 27.4497 78.495 51.0453 185.900
 619 22.5237 45.614 23.0903 102.500
 720 19.2183 29.500 10.2817 53.400
 102 154.622 466.616 311.994 201.700
 206 66.508 87.695 21.187 31.800
 308 36.1513 42.324 6.1727 17.000
 413 25.422 27.873 2.451 9.600
 518 19.6867 20.774 1.0873 5.500
 619 16.0877 16.588 .5003 3.100
 720 13.6383 13.796 .1577 1.100
 102 96.888 123.535 26.647 27.500
 206 46.2213 49.192 2.9707 6.400
 308 30.658 30.746 .088 .200
 413 22.9293 22.343 .5863 2.500
 518 18.318 17.547 .771 4.200
 619 15.195 14.458 .737 4.800
 720 13.0457 12.287 .7587 5.800
 102 274.921 416607394.693 416607119.772 151537030.500
 206 137.223 3550676.951 3550539.728 2587423.100
 308 91.4383 228811.145 228719.7067 250135.500
 413 68.459 33908.551 33840.092 49431.100
 518 54.7883 7995.703 7940.9147 14493.800
 619 45.7403 2545.656 2499.9157 5465.400
 720 39.2227 1001.925 962.7023 2454.400
 102 108.259 72225.587 72117.328 66615.500
 206 53.5107 169.533 116.0223 216.800
 308 33.9337 56.769 22.8353 67.200
 413 23.684 32.768 9.084 38.300
 518 20.8827 23.773 2.8903 13.800
 619 15.1297 18.103 2.9733 19.600
 720 13.3027 15.037 1.7343 13.000
 102 120.867 111.984 8.883 7.300
 206 56.5843 47.267 9.3173 16.400
 308 36.833 29.954 6.879 18.600
 413 27.3917 21.934 5.4577 19.900
 518 21.7583 17.285 4.4733 20.500
 619 18.093 14.281 3.812 21.000
 720 15.448 12.158 3.290 21.200
 102 208.991 1232.896 1023.905 489.900
 206 123.537 532.480 408.943 331.000
 308 52.672 81.726 29.054 55.100
 413 32.664 40.960 8.296 25.300
 518 23.3433 27.279 3.9357 16.800
 619 18.1473 20.438 2.2907 12.600
 720 15.152 16.382 1.230 8.100
 102 205.803 17018.634 16812.831 8169.300
 206 124.412 8193.228 8068.816 6485.500
 308 82.648 1219.704 1137.056 1375.700
 413 61.9777 144.465 82.4873 133.000
 518 49.6907 54.247 4.5563 9.100
 619 39.0557 32.576 6.4797 16.500
 720 20.0527 23.310 3.2573 16.200
 102 281.819 555131560.345 555131278.526 196981494.600
 206 117.921 418.488 300.567 254.800
 308 72.7767 69.111 3.6657 5.000
 413 51.6597 37.498 14.1617 27.400
 518 39.1467 25.706 13.4407 34.300
 619 31.5883 19.551 12.0373 38.100
 720 26.4437 15.785 10.6587 40.300
 102 249.674 205759756.042 205759506.368 82411266.800
 206 124.043 7516.037 7391.994 5959.200
 308 82.2933 141.690 59.3967 72.100
 413 61.105 52.101 9.004 14.700
 518 49.584 31.866 17.718 35.700
 619 40.7823 22.937 17.8453 43.700
 720 35.0883 17.915 17.1733 48.900
 102 239.179 529822255.513 529822016.334 221516946.000
 206 104.273 267.304 163.031 156.300
 308 62.843 62.749 .094 .100
 413 44.051 35.553 8.498 19.200
 518 33.6753 24.772 8.9033 26.400
 619 26.9417 19.004 7.9377 29.400
 720 22.8313 15.434 7.3973 32.300
 102 248.35 2088.960 1840.610 741.100
 206 123.868 82.083 41.785 33.700
 308 82.3047 40.986 41.3187 50.200
 413 61.4027 27.299 34.1037 55.500
 518 49.1317 20.480 28.6517 58.300
 619 40.2163 16.383 23.8333 59.200
 720 33.9637 13.644 20.3197 59.800
 102 252.939 276301290.864 276301037.925 109236234.000
 206 125.993 354437.611 354311.618 281215.300
 308 85.6653 15424.831 15339.1657 17905.900
 413 63.8637 1135.759 1071.8953 1678.400
 518 50.3387 217.415 167.0763 331.900
 619 41.5367 80.306 38.7693 93.300
 720 35.892 43.554 7.662 21.300
 102 187.05 132.710 54.340 29.000
 206 90.619 50.626 39.993 44.100
 308 59.3587 31.265 28.0937 47.300
 413 43.6317 22.609 21.0227 48.100
 518 34.3407 17.727 16.6137 48.300
 619 28.447 14.567 13.880 48.700
 720 23.9067 12.369 11.5377 48.200
 102 281.543 3765.125 3483.582 1237.300
 206 138.193 370.851 232.658 168.300
 308 86.78 118.153 31.373 36.100
 413 63.6613 59.658 4.0033 6.200
 518 50.347 40.124 10.223 20.300
 619 40.8047 28.712 12.0927 29.600
 720 31.1123 21.344 9.7683 31.300
 102 108.102 150.568 42.466 39.200
 206 47.128 53.043 5.915 12.500
 308 28.9287 32.193 3.2643 11.200
 413 21.856 23.101 1.245 5.600
 518 17.4393 18.022 .5827 3.300
 619 14.504 14.772 .268 1.800
 720 12.347 12.509 .162 1.300
 102 259.28 2218530.160 2218270.880 855550.300
 206 126.05 22572.482 22446.432 17807.500
 308 86.7163 5875.104 5788.3877 6675.000
 413 62.4683 978.206 915.7377 1465.900
 518 49.5073 339.247 289.7397 585.200
 619 41.958 100.185 58.227 138.700
 720 36.0627 47.755 11.6923 32.400
 102 175.43 608.501 433.071 246.800
 206 122.194 73.113 49.081 40.100
 308 81.276 38.610 42.666 52.400
 413 61.4057 26.255 35.1507 57.200
 518 48.1167 19.873 28.2437 58.600
 619 40.4953 15.974 24.5213 60.500
 720 35.1177 13.363 21.7547 61.900
 102 250.882 561103.011 560852.129 223552.100
 206 135.88 20090.839 19954.959 14685.700
 308 92.668 9103.192 9010.524 9723.400
 413 66.78 1943.818 1877.038 2810.700
 518 50.7393 1121.370 1070.6307 2110.000
 619 42.495 403.009 360.514 848.300
 720 36.4573 241.786 205.3287 563.200
 102 147.845 179.240 31.395 21.200
 206 66.8337 56.156 10.6777 15.900
 308 42.774 33.340 9.434 22.000
 413 32.23 23.674 8.556 26.500
 518 24.5423 18.366 6.1763 25.100
 619 19.8797 14.990 4.8897 24.500
 720 16.0757 12.673 3.4027 21.100
 102 248.642 42302.177 42053.535 16913.200
 206 119.981 108.625 11.356 9.400
 308 61.4777 46.665 14.8127 24.000
 413 43.0017 29.716 13.2857 30.800
 518 33.232 21.807 11.425 34.300
 619 24.3617 17.216 7.1457 29.300
 720 17.231 14.229 3.002 17.400
 102 127.228 552.222 424.994 334.000
 206 54.198 71.352 17.154 31.600
 308 35.2197 38.119 2.8993 8.200
 413 25.28 26.009 .729 2.800
 518 20.5937 19.726 .8677 4.200
 619 16.5463 15.905 .6413 3.800
 720 14.465 13.305 1.160 8.000
 102 247.056 389994188992.757 389994188745.701 157856594758.100
 206 120.586 29486.080 29365.494 24352.300
 308 70.526 133.062 62.536 88.600
 413 46.344 50.688 4.344 9.300
 518 34.2357 31.326 2.9097 8.400
 619 26.539 22.636 3.903 14.700
 720 21.76 17.728 4.032 18.500
 102 114.224 1840.988 1726.764 1511.700
 206 50.8163 80.281 29.4647 57.900
 308 32.8113 40.549 7.7377 23.500
 413 24.6153 27.115 2.4997 10.100
 518 18.8067 20.365 1.5583 8.200
 619 15.8553 16.301 .4457 2.800
 720 13.7807 13.597 .1837 1.300
 102 175.407 84227542.220 84227366.813 48018247.100
 206 68.1993 195.747 127.5477 187.000
 308 42.3917 57.724 15.3323 36.100
 413 31.263 33.832 2.569 8.200
 518 24.568 23.937 .631 2.500
 619 20.2783 18.513 1.7653 8.700
 720 17.5813 15.107 2.4743 14.000
 102 246.935 701456.220 701209.285 283965.100
 206 125.462 1628.160 1502.698 1197.700
 308 81.6223 96.472 14.8497 18.100
 413 61.099 44.318 16.781 27.400
 518 49.1773 28.737 20.4403 41.500
 619 39.8147 21.257 18.5577 46.600
 720 33.604 16.885 16.719 49.700
 102 255.88 165529007731.097 165529007475.217 64690092025.600
 206 128.049 93316525.629 93316397.580 72875537.900
 308 86.3823 1279491.058 1279404.6757 1481095.800
 413 64.6147 66048.696 65984.0813 102119.300
 518 51.2947 7336.787 7285.4923 14203.200
 619 41.787 1363.115 1321.328 3162.000
 720 36.0297 380.420 344.3903 955.800
 102 140.108 18872372.674 18872232.566 13469775.100
 206 55.7787 161.873 106.0943 190.200
 308 35.32 54.393 19.073 54.000
 413 25.3887 32.645 7.2563 28.500
 518 20.5493 23.330 2.7807 13.500
 619 16.591 18.172 1.581 9.500
 720 14.3397 14.861 .5213 3.600
 102 247.641 9320.857 9073.216 3663.800
 206 122.352 202.096 79.744 65.100
 308 81.895 58.571 23.324 28.400
 413 60.3893 34.119 26.2703 43.500
 518 45.05 24.084 20.966 46.500
 619 35.4507 18.622 16.8287 47.400
 720 29.3827 15.154 14.2287 48.400
 102 249.81 11704.975 11455.165 4585.500
 206 124.495 610.836 486.341 390.600
 308 81.8787 85.768 3.8893 4.700
 413 62.1517 41.861 20.2907 32.600
 518 49.4643 27.721 21.7433 43.900
 619 40.7737 20.711 20.0627 49.200
 720 35.0133 16.523 18.4903 52.800
 102 246.999 12340.346 12093.347 4896.100
 206 123.518 185.057 61.539 49.800
 308 82.111 56.878 25.233 30.700
 413 56.2353 33.566 22.6693 40.300
 518 41.7197 23.805 17.9147 42.900
 619 32.579 18.445 14.134 43.300
 720 26.9073 15.037 11.8703 44.100
 102 226.619 179.568 47.051 20.700
 206 108.258 56.238 52.020 48.000
 308 71.07 33.340 37.730 53.000
 413 52.505 23.695 28.810 54.800
 518 41.6317 18.366 23.2657 55.800
 619 34.541 14.990 19.551 56.600
 720 29.731 12.673 17.058 57.300
 102 252.515 704766.361 704513.846 278998.800
 206 124.441 857.456 733.015 589.000
 308 84.945 95.598 10.653 12.500
 413 63.1537 44.318 18.8357 29.800
 518 50.1903 28.737 21.4533 42.700
 619 41.5333 21.257 20.2763 48.800
 720 35.281 16.885 18.396 52.100
 102 166.666 109.445 57.221 34.300
 206 79.2473 46.858 32.3893 40.800
 308 51.8303 29.790 22.0403 42.500
 413 38.622 21.852 16.770 43.400
 518 30.6023 17.235 13.3673 43.600
 619 25.4943 14.240 11.2543 44.100
 720 21.5857 12.134 9.4517 43.700
 102 250.799 279.429 28.630 11.400
 206 71.7897 73.932 2.1423 2.900
 308 38.4663 38.829 .3627 .900
 413 26.2457 26.357 .1113 .400
 518 20.001 19.906 .095 .400
 619 16.071 16.014 .057 .300
 720 13.4697 13.375 .0947 .700
 102 282.109 843.366 561.257 198.900
 206 125.176 129.064 3.888 3.100
 308 62.253 62.175 .078 .100
 413 35.945 35.368 .577 1.600
 518 25.0693 24.674 .3953 1.500
 619 19.3183 18.950 .3683 1.900
 720 16.8547 15.388 1.4667 8.700
 102 191.531 449.167 257.636 134.500
 206 92.7693 69.304 23.4653 25.200
 308 60.5723 37.491 23.0813 38.100
 413 42.0947 25.722 16.3727 38.800
 518 31.776 19.562 12.214 38.400
 619 25.791 15.796 9.995 38.700
 720 22.136 13.234 8.902 40.200
 102 216.011 30940.446 30724.435 14223.500
 206 124.434 128.000 3.566 2.800
 308 81.8463 49.915 31.9313 39.000
 413 60.9297 31.027 29.9027 49.000
 518 49.1637 22.495 26.6687 54.200
 619 40.3973 17.626 22.7713 56.300
 720 34.566 14.510 20.056 58.000
 102 264.279 55575.920 55311.641 20929.200
 206 129.171 71192.903 71063.732 55015.200
 308 84.693 1292476.672 1292391.979 1525972.600
 413 41.8453 7146.885 7105.0397 16979.300
 518 39.3 4389.011 4349.711 11067.900
 619 30.441 682.581 652.140 2142.300
 720 16.4043 63.062 46.6577 284.400
 102 132.225 196.853 64.628 48.800
 206 53.1113 57.835 4.7237 8.800
 308 32.7453 33.859 1.1137 3.400
 413 22.7017 23.961 1.2593 5.500
 518 17.967 18.530 .563 3.100
 619 14.844 15.113 .269 1.800
 720 12.7357 12.755 .0193 .100
 102 138.891 490.946 352.055 253.400
 206 54.5467 70.246 15.6993 28.700
 308 32.913 37.818 4.905 14.900
 413 23.1687 25.845 2.6763 11.500
 518 18.1723 19.644 1.4717 8.000
 619 14.919 15.851 .932 6.200
 720 12.761 13.281 .520 4.000
 102 266.546 1532273.213 1532006.667 574762.500
 206 125.842 99791.708 99665.866 79199.200
 308 85.1283 7295.098 7209.9697 8469.500
 413 66.097 2245.099 2179.002 3296.600
 518 50.445 535.527 485.082 961.600
 619 41.665 190.868 149.203 358.100
 720 35.9423 91.275 55.3327 153.900
 102 280.38 6928962.764 6928682.384 2471175.600
 206 143.573 231161.036 231017.463 160905.900
 308 91.075 32641.810 32550.735 35740.500
 413 68.09 8343.142 8275.052 12153.100
 518 54.394 2959.769 2905.375 5341.300
 619 45.1093 1296.202 1251.0927 2773.400
 720 38.5413 656.271 617.7297 1602.700
 102 112.99 4030820352.983 4030820239.993 3567413257.800
 206 49.8027 445.235 395.4323 793.900
 308 30.8333 70.012 39.1787 127.000
 413 22.2187 37.703 15.4843 69.600
 518 14.7633 25.837 11.0737 75.000
 619 13.7223 19.633 5.9107 43.000
 720 12.9823 15.832 2.8497 21.900
 102 93.3923 7197.573 7104.1807 7606.800
 206 32.8277 91.668 58.8403 179.200
 308 20.2953 43.662 23.3667 115.100
 413 14.786 28.426 13.640 92.200
 518 11.744 20.955 9.211 78.400
 619 9.69833 16.724 7.02567 72.400
 720 8.29333 13.901 5.60767 67.600
 102 144.242 6172.999 6028.757 4179.600
 206 72.4583 90.603 18.1447 25.000
 308 47.6707 42.979 4.6917 9.800
 413 35.678 28.200 7.478 20.900
 518 24.9507 20.971 3.9797 15.900
 619 11.722 16.683 4.961 42.300
 720 11.3183 13.855 2.5367 22.400
 102 143.43 228.802 85.372 59.500
 206 42.892 60.293 17.401 40.500
 308 25.6687 34.733 9.0643 35.300
 413 17.5847 24.371 6.7863 38.500
 518 13.9173 18.776 4.8587 34.900
 619 10.7937 15.277 4.4833 41.500
 720 9.36967 12.872 3.50233 37.300
 102 288.206 21898.526 21610.320 7498.200
 206 137.144 1686.200 1549.056 1129.500
 308 90.6543 419.857 329.2027 363.100
 413 62.455 278.589 216.134 346.000
 518 49.2197 566.509 517.2893 1050.900
 619 39.176 408.347 369.171 942.300
 720 27.5723 83.131 55.5587 201.500
 102 371.821 628936871101.808 628936870729.987 169150443554.800
 206 177.39 379437.383 379259.993 213800.000
 308 108.657 218.884 110.227 101.400
 413 77.1237 59.863 17.2607 22.300
 518 60.1813 34.635 25.5463 42.400
 619 48.4417 24.329 24.1127 49.700
 720 40.3217 18.746 21.5757 53.500
 102 283.59 2102.558 1818.968 641.400
 206 132.343 81.100 51.243 38.700
 308 85.0743 40.740 44.3343 52.100
 413 61.5943 27.197 34.3973 55.800
 518 48.0623 20.414 27.6483 57.500
 619 40.1777 16.342 23.8357 59.300
 720 34.077 13.621 20.456 60.000
 102 369.754 5466032.291 5465662.537 1478188.800
 206 115.257 153.395 38.138 33.000
 308 57.6677 53.410 4.2577 7.300
 413 38.3637 32.296 6.0677 15.800
 518 29.3897 23.166 6.2237 21.100
 619 23.882 18.049 5.833 24.400
 720 20.1817 14.767 5.4147 26.800
 102 400.074 98964.930 98564.856 24636.600
 206 186.946 103630.397 103443.451 55333.300
 308 118.027 1027.005 908.978 770.100
 413 60.3433 85.790 25.4467 42.100
 518 49.1723 42.106 7.0663 14.300
 619 32.7693 27.797 4.9723 15.100
 720 25.523 20.700 4.823 18.800
 102 246.13 174404.567 174158.437 70758.700
 206 111.471 107.765 3.706 3.300
 308 71.4413 46.502 24.9393 34.900
 413 51.9903 29.675 22.3153 42.900
 518 40.954 21.774 19.180 46.800
 619 33.802 17.189 16.613 49.100
 720 28.9983 14.217 14.7813 50.900
 102 373.599 109406672.732 109406299.133 29284419.600
 206 185.441 843.079 657.638 354.600
 308 115.578 78.231 37.347 32.300
 413 81.3163 39.997 41.3193 50.800
 518 61.5197 26.853 34.6667 56.300
 619 49.3707 20.220 29.1507 59.000
 720 40.5513 16.218 24.3333 60.000
 102 371.039 49176.576 48805.537 13153.700
 206 129.413 116.326 13.087 10.100
 308 71.148 48.058 23.090 32.400
 413 49.3087 30.289 19.0197 38.500
 518 36.956 22.102 14.854 40.100
 619 30.0213 17.407 12.6143 42.000
 720 24.7613 14.346 10.4153 42.000
 102 244.579 1498831436688399.482 1498831436688154.903 612820984912095.800
 206 123.671 991105030.389 991104906.718 801404457.500
 308 48.082 3324.314 3276.232 6813.800
 413 34.814 266.977 232.163 666.800
 518 27.4497 78.495 51.0453 185.900
 619 22.5237 45.614 23.0903 102.500
 720 19.2183 29.500 10.2817 53.400
 102 154.622 466.616 311.994 201.700
 206 66.508 87.695 21.187 31.800
 308 36.1513 42.324 6.1727 17.000
 413 25.422 27.873 2.451 9.600
 518 19.6867 20.774 1.0873 5.500
 619 16.0877 16.588 .5003 3.100
 720 13.6383 13.796 .1577 1.100
 102 96.888 123.535 26.647 27.500
 206 46.2213 49.192 2.9707 6.400
 308 30.658 30.746 .088 .200
 413 22.9293 22.343 .5863 2.500
 518 18.318 17.547 .771 4.200
 619 15.195 14.458 .737 4.800
 720 13.0457 12.287 .7587 5.800
 102 274.921 416607394.693 416607119.772 151537030.500
 206 137.223 3550676.951 3550539.728 2587423.100
 308 91.4383 228811.145 228719.7067 250135.500
 413 68.459 33908.551 33840.092 49431.100
 518 54.7883 7995.703 7940.9147 14493.800
 619 45.7403 2545.656 2499.9157 5465.400
 720 39.2227 1001.925 962.7023 2454.400
 102 108.259 72225.587 72117.328 66615.500
 206 53.5107 169.533 116.0223 216.800
 308 33.9337 56.769 22.8353 67.200
 413 23.684 32.768 9.084 38.300
 518 20.8827 23.773 2.8903 13.800
 619 15.1297 18.103 2.9733 19.600
 720 13.3027 15.037 1.7343 13.000
 102 120.867 111.984 8.883 7.300
 206 56.5843 47.267 9.3173 16.400
 308 36.833 29.954 6.879 18.600
 413 27.3917 21.934 5.4577 19.900
 518 21.7583 17.285 4.4733 20.500
 619 18.093 14.281 3.812 21.000
 720 15.448 12.158 3.290 21.200
 102 208.991 1232.896 1023.905 489.900
 206 123.537 532.480 408.943 331.000
 308 52.672 81.726 29.054 55.100
 413 32.664 40.960 8.296 25.300
 518 23.3433 27.279 3.9357 16.800
 619 18.1473 20.438 2.2907 12.600
 720 15.152 16.382 1.230 8.100
 102 205.803 17018.634 16812.831 8169.300
 206 124.412 8193.228 8068.816 6485.500
 308 82.648 1219.704 1137.056 1375.700
 413 61.9777 144.465 82.4873 133.000
 518 49.6907 54.247 4.5563 9.100
 619 39.0557 32.576 6.4797 16.500
 720 20.0527 23.310 3.2573 16.200
 102 281.819 555131560.345 555131278.526 196981494.600
 206 117.921 418.488 300.567 254.800
 308 72.7767 69.111 3.6657 5.000
 413 51.6597 37.498 14.1617 27.400
 518 39.1467 25.706 13.4407 34.300
 619 31.5883 19.551 12.0373 38.100
 720 26.4437 15.785 10.6587 40.300
 102 249.674 205759756.042 205759506.368 82411266.800
 206 124.043 7516.037 7391.994 5959.200
 308 82.2933 141.690 59.3967 72.100
 413 61.105 52.101 9.004 14.700
 518 49.584 31.866 17.718 35.700
 619 40.7823 22.937 17.8453 43.700
 720 35.0883 17.915 17.1733 48.900
 102 239.179 529822255.513 529822016.334 221516946.000
 206 104.273 267.304 163.031 156.300
 308 62.843 62.749 .094 .100
 413 44.051 35.553 8.498 19.200
 518 33.6753 24.772 8.9033 26.400
 619 26.9417 19.004 7.9377 29.400
 720 22.8313 15.434 7.3973 32.300
 102 248.35 2088.960 1840.610 741.100
 206 123.868 82.083 41.785 33.700
 308 82.3047 40.986 41.3187 50.200
 413 61.4027 27.299 34.1037 55.500
 518 49.1317 20.480 28.6517 58.300
 619 40.2163 16.383 23.8333 59.200
 720 33.9637 13.644 20.3197 59.800
 102 252.939 276301290.864 276301037.925 109236234.000
 206 125.993 354437.611 354311.618 281215.300
 308 85.6653 15424.831 15339.1657 17905.900
 413 63.8637 1135.759 1071.8953 1678.400
 518 50.3387 217.415 167.0763 331.900
 619 41.5367 80.306 38.7693 93.300
 720 35.892 43.554 7.662 21.300
 102 187.05 132.710 54.340 29.000
 206 90.619 50.626 39.993 44.100
 308 59.3587 31.265 28.0937 47.300
 413 43.6317 22.609 21.0227 48.100
 518 34.3407 17.727 16.6137 48.300
 619 28.447 14.567 13.880 48.700
 720 23.9067 12.369 11.5377 48.200
 102 281.543 3765.125 3483.582 1237.300
 206 138.193 370.851 232.658 168.300
 308 86.78 118.153 31.373 36.100
 413 63.6613 59.658 4.0033 6.200
 518 50.347 40.124 10.223 20.300
 619 40.8047 28.712 12.0927 29.600
 720 31.1123 21.344 9.7683 31.300
 102 108.102 150.568 42.466 39.200
 206 47.128 53.043 5.915 12.500
 308 28.9287 32.193 3.2643 11.200
 413 21.856 23.101 1.245 5.600
 518 17.4393 18.022 .5827 3.300
 619 14.504 14.772 .268 1.800
 720 12.347 12.509 .162 1.300
 102 259.28 2218530.160 2218270.880 855550.300
 206 126.05 22572.482 22446.432 17807.500
 308 86.7163 5875.104 5788.3877 6675.000
 413 62.4683 978.206 915.7377 1465.900
 518 49.5073 339.247 289.7397 585.200
 619 41.958 100.185 58.227 138.700
 720 36.0627 47.755 11.6923 32.400
 102 175.43 608.501 433.071 246.800
 206 122.194 73.113 49.081 40.100
 308 81.276 38.610 42.666 52.400
 413 61.4057 26.255 35.1507 57.200
 518 48.1167 19.873 28.2437 58.600
 619 40.4953 15.974 24.5213 60.500
 720 35.1177 13.363 21.7547 61.900
 102 250.882 561103.011 560852.129 223552.100
 206 135.88 20090.839 19954.959 14685.700
 308 92.668 9103.192 9010.524 9723.400
 413 66.78 1943.818 1877.038 2810.700
 518 50.7393 1121.370 1070.6307 2110.000
 619 42.495 403.009 360.514 848.300
 720 36.4573 241.786 205.3287 563.200
 102 147.845 179.240 31.395 21.200
 206 66.8337 56.156 10.6777 15.900
 308 42.774 33.340 9.434 22.000
 413 32.23 23.674 8.556 26.500
 518 24.5423 18.366 6.1763 25.100
 619 19.8797 14.990 4.8897 24.500
 720 16.0757 12.673 3.4027 21.100
 102 248.642 42302.177 42053.535 16913.200
 206 119.981 108.625 11.356 9.400
 308 61.4777 46.665 14.8127 24.000
 413 43.0017 29.716 13.2857 30.800
 518 33.232 21.807 11.425 34.300
 619 24.3617 17.216 7.1457 29.300
 720 17.231 14.229 3.002 17.400
 102 127.228 552.222 424.994 334.000
 206 54.198 71.352 17.154 31.600
 308 35.2197 38.119 2.8993 8.200
 413 25.28 26.009 .729 2.800
 518 20.5937 19.726 .8677 4.200
 619 16.5463 15.905 .6413 3.800
 720 14.465 13.305 1.160 8.000
 102 247.056 389994188992.757 389994188745.701 157856594758.100
 206 120.586 29486.080 29365.494 24352.300
 308 70.526 133.062 62.536 88.600
 413 46.344 50.688 4.344 9.300
 518 34.2357 31.326 2.9097 8.400
 619 26.539 22.636 3.903 14.700
 720 21.76 17.728 4.032 18.500
 102 114.224 1840.988 1726.764 1511.700
 206 50.8163 80.281 29.4647 57.900
 308 32.8113 40.549 7.7377 23.500
 413 24.6153 27.115 2.4997 10.100
 518 18.8067 20.365 1.5583 8.200
 619 15.8553 16.301 .4457 2.800
 720 13.7807 13.597 .1837 1.300
 102 175.407 84227542.220 84227366.813 48018247.100
 206 68.1993 195.747 127.5477 187.000
 308 42.3917 57.724 15.3323 36.100
 413 31.263 33.832 2.569 8.200
 518 24.568 23.937 .631 2.500
 619 20.2783 18.513 1.7653 8.700
 720 17.5813 15.107 2.4743 14.000
 102 246.935 701456.220 701209.285 283965.100
 206 125.462 1628.160 1502.698 1197.700
 308 81.6223 96.472 14.8497 18.100
 413 61.099 44.318 16.781 27.400
 518 49.1773 28.737 20.4403 41.500
 619 39.8147 21.257 18.5577 46.600
 720 33.604 16.885 16.719 49.700
 102 255.88 165529007731.097 165529007475.217 64690092025.600
 206 128.049 93316525.629 93316397.580 72875537.900
 308 86.3823 1279491.058 1279404.6757 1481095.800
 413 64.6147 66048.696 65984.0813 102119.300
 518 51.2947 7336.787 7285.4923 14203.200
 619 41.787 1363.115 1321.328 3162.000
 720 36.0297 380.420 344.3903 955.800
 102 140.108 18872372.674 18872232.566 13469775.100
 206 55.7787 161.873 106.0943 190.200
 308 35.32 54.393 19.073 54.000
 413 25.3887 32.645 7.2563 28.500
 518 20.5493 23.330 2.7807 13.500
 619 16.591 18.172 1.581 9.500
 720 14.3397 14.861 .5213 3.600
 102 247.641 9320.857 9073.216 3663.800
 206 122.352 202.096 79.744 65.100
 308 81.895 58.571 23.324 28.400
 413 60.3893 34.119 26.2703 43.500
 518 45.05 24.084 20.966 46.500
 619 35.4507 18.622 16.8287 47.400
 720 29.3827 15.154 14.2287 48.400
 102 249.81 11704.975 11455.165 4585.500
 206 124.495 610.836 486.341 390.600
 308 81.8787 85.768 3.8893 4.700
 413 62.1517 41.861 20.2907 32.600
 518 49.4643 27.721 21.7433 43.900
 619 40.7737 20.711 20.0627 49.200
 720 35.0133 16.523 18.4903 52.800
 102 246.999 12340.346 12093.347 4896.100
 206 123.518 185.057 61.539 49.800
 308 82.111 56.878 25.233 30.700
 413 56.2353 33.566 22.6693 40.300
 518 41.7197 23.805 17.9147 42.900
 619 32.579 18.445 14.134 43.300
 720 26.9073 15.037 11.8703 44.100
 102 226.619 179.568 47.051 20.700
 206 108.258 56.238 52.020 48.000
 308 71.07 33.340 37.730 53.000
 413 52.505 23.695 28.810 54.800
 518 41.6317 18.366 23.2657 55.800
 619 34.541 14.990 19.551 56.600
 720 29.731 12.673 17.058 57.300
 102 252.515 704766.361 704513.846 278998.800
 206 124.441 857.456 733.015 589.000
 308 84.945 95.598 10.653 12.500
 413 63.1537 44.318 18.8357 29.800
 518 50.1903 28.737 21.4533 42.700
 619 41.5333 21.257 20.2763 48.800
 720 35.281 16.885 18.396 52.100
 102 166.666 109.445 57.221 34.300
 206 79.2473 46.858 32.3893 40.800
 308 51.8303 29.790 22.0403 42.500
 413 38.622 21.852 16.770 43.400
 518 30.6023 17.235 13.3673 43.600
 619 25.4943 14.240 11.2543 44.100
 720 21.5857 12.134 9.4517 43.700
 102 250.799 279.429 28.630 11.400
 206 71.7897 73.932 2.1423 2.900
 308 38.4663 38.829 .3627 .900
 413 26.2457 26.357 .1113 .400
 518 20.001 19.906 .095 .400
 619 16.071 16.014 .057 .300
 720 13.4697 13.375 .0947 .700
 102 282.109 843.366 561.257 198.900
 206 125.176 129.064 3.888 3.100
 308 62.253 62.175 .078 .100
 413 35.945 35.368 .577 1.600
 518 25.0693 24.674 .3953 1.500
 619 19.3183 18.950 .3683 1.900
 720 16.8547 15.388 1.4667 8.700
 102 191.531 449.167 257.636 134.500
 206 92.7693 69.304 23.4653 25.200
 308 60.5723 37.491 23.0813 38.100
 413 42.0947 25.722 16.3727 38.800
 518 31.776 19.562 12.214 38.400
 619 25.791 15.796 9.995 38.700
 720 22.136 13.234 8.902 40.200
 102 216.011 30940.446 30724.435 14223.500
 206 124.434 128.000 3.566 2.800
 308 81.8463 49.915 31.9313 39.000
 413 60.9297 31.027 29.9027 49.000
 518 49.1637 22.495 26.6687 54.200
 619 40.3973 17.626 22.7713 56.300
 720 34.566 14.510 20.056 58.000
 102 264.279 55575.920 55311.641 20929.200
 206 129.171 71192.903 71063.732 55015.200
 308 84.693 1292476.672 1292391.979 1525972.600
 413 41.8453 7146.885 7105.0397 16979.300
 518 39.3 4389.011 4349.711 11067.900
 619 30.441 682.581 652.140 2142.300
 720 16.4043 63.062 46.6577 284.400
 102 132.225 196.853 64.628 48.800
 206 53.1113 57.835 4.7237 8.800
 308 32.7453 33.859 1.1137 3.400
 413 22.7017 23.961 1.2593 5.500
 518 17.967 18.530 .563 3.100
 619 14.844 15.113 .269 1.800
 720 12.7357 12.755 .0193 .100
 102 138.891 490.946 352.055 253.400
 206 54.5467 70.246 15.6993 28.700
 308 32.913 37.818 4.905 14.900
 413 23.1687 25.845 2.6763 11.500
 518 18.1723 19.644 1.4717 8.000
 619 14.919 15.851 .932 6.200
 720 12.761 13.281 .520 4.000
 102 266.546 1532273.213 1532006.667 574762.500
 206 125.842 99791.708 99665.866 79199.200
 308 85.1283 7295.098 7209.9697 8469.500
 413 66.097 2245.099 2179.002 3296.600
 518 50.445 535.527 485.082 961.600
 619 41.665 190.868 149.203 358.100
 720 35.9423 91.275 55.3327 153.900
 102 280.38 6928962.764 6928682.384 2471175.600
 206 143.573 231161.036 231017.463 160905.900
 308 91.075 32641.810 32550.735 35740.500
 413 68.09 8343.142 8275.052 12153.100
 518 54.394 2959.769 2905.375 5341.300
 619 45.1093 1296.202 1251.0927 2773.400
 720 38.5413 656.271 617.7297 1602.700
 102 112.99 2361808800.576 2361808687.586 2090281164.300
 206 49.8027 260.880 211.0773 423.800
 308 30.8333 41.024 10.1907 33.000
 413 22.2187 22.092 .1267 .500
 518 14.7633 15.139 .3757 2.500
 619 13.7223 11.504 2.2183 16.100
 720 12.9823 9.277 3.7053 28.500
 102 93.3923 4217.328 4123.9357 4415.700
 206 32.8277 53.712 20.8843 63.600
 308 20.2953 25.584 5.2887 26.000
 413 14.786 16.656 1.870 12.600
 518 11.744 12.278 .534 4.500
 619 9.69833 9.800 .10167 1.000
 720 8.29333 8.146 .14733 1.700
 102 144.242 3616.992 3472.750 2407.500
 206 72.4583 53.088 19.3703 26.700
 308 47.6707 25.184 22.4867 47.100
 413 35.678 16.524 19.154 53.600
 518 24.9507 12.288 12.6627 50.700
 619 11.722 9.776 1.946 16.600
 720 11.3183 8.118 3.2003 28.200
 102 143.43 134.064 9.366 6.500
 206 42.892 35.328 7.564 17.600
 308 25.6687 20.352 5.3167 20.700
 413 17.5847 14.280 3.3047 18.700
 518 13.9173 11.001 2.9163 20.900
 619 10.7937 8.952 1.8417 17.000
 720 9.36967 7.542 1.82767 19.500
 102 288.206 21898.526 21610.320 7498.200
 206 137.144 1686.200 1549.056 1129.500
 308 90.6543 419.857 329.2027 363.100
 413 62.455 278.589 216.134 346.000
 518 49.2197 566.509 517.2893 1050.900
 619 39.176 408.347 369.171 942.300
 720 27.5723 83.131 55.5587 201.500
 102 371.821 943405306652.712 943405306280.891 253725665382.200
 206 177.39 569156.075 568978.685 320750.100
 308 108.657 328.335 219.678 202.100
 413 77.1237 89.794 12.6703 16.400
 518 60.1813 51.953 8.2283 13.600
 619 48.4417 36.495 11.9467 24.600
 720 40.3217 28.121 12.2007 30.200
 102 283.59 3153.838 2870.248 1012.100
 206 132.343 121.651 10.692 8.000
 308 85.0743 61.112 23.9623 28.100
 413 61.5943 40.796 20.7983 33.700
 518 48.0623 30.621 17.4413 36.200
 619 40.1777 24.514 15.6637 38.900
 720 34.077 20.432 13.645 40.000
 102 369.754 8199048.437 8198678.683 2217333.300
 206 115.257 230.092 114.835 99.600
 308 57.6677 80.117 22.4493 38.900
 413 38.3637 48.445 10.0813 26.200
 518 29.3897 34.750 5.3603 18.200
 619 23.882 27.074 3.192 13.300
 720 20.1817 22.153 1.9713 9.700
 102 400.074 148447.395 148047.321 37004.900
 206 186.946 155445.596 155258.650 83049.900
 308 118.027 1540.546 1422.519 1205.200
 413 60.3433 128.686 68.3427 113.200
 518 49.1723 63.160 13.9877 28.400
 619 32.7693 41.697 8.9277 27.200
 720 25.523 31.053 5.530 21.600
 102 246.13 261606.850 261360.720 106188.000
 206 111.471 161.648 50.177 45.000
 308 71.4413 69.754 1.6873 2.300
 413 51.9903 44.513 7.4773 14.300
 518 40.954 32.661 8.293 20.200
 619 33.802 25.784 8.018 23.700
 720 28.9983 21.328 7.6703 26.400
 102 373.599 164110009.098 164109635.499 43926679.500
 206 185.441 1264.619 1079.178 581.900
 308 115.578 117.350 1.772 1.500
 413 81.3163 59.996 21.3203 26.200
 518 61.5197 40.280 21.2397 34.500
 619 49.3707 30.330 19.0407 38.500
 720 40.5513 24.329 16.2223 40.000
 102 371.039 73764.864 73393.825 19780.600
 206 129.413 174.489 45.076 34.800
 308 71.148 72.089 .941 1.300
 413 49.3087 45.434 3.8747 7.800
 518 36.956 33.153 3.803 10.200
 619 30.0213 26.112 3.9093 13.000
 720 24.7613 21.521 3.2403 13.000
 102 244.579 1498831436688399.482 1498831436688154.903 612820984912095.800
 206 123.671 991105030.389 991104906.718 801404457.500
 308 48.082 3324.314 3276.232 6813.800
 413 34.814 266.977 232.163 666.800
 518 27.4497 78.495 51.0453 185.900
 619 22.5237 45.614 23.0903 102.500
 720 19.2183 29.500 10.2817 53.400
 102 154.622 466.616 311.994 201.700
 206 66.508 87.695 21.187 31.800
 308 36.1513 42.324 6.1727 17.000
 413 25.422 27.873 2.451 9.600
 518 19.6867 20.774 1.0873 5.500
 619 16.0877 16.588 .5003 3.100
 720 13.6383 13.796 .1577 1.100
 102 96.888 123.535 26.647 27.500
 206 46.2213 49.192 2.9707 6.400
 308 30.658 30.746 .088 .200
 413 22.9293 22.343 .5863 2.500
 518 18.318 17.547 .771 4.200
 619 15.195 14.458 .737 4.800
 720 13.0457 12.287 .7587 5.800
 102 274.921 416607394.693 416607119.772 151537030.500
 206 137.223 3550676.951 3550539.728 2587423.100
 308 91.4383 228811.145 228719.7067 250135.500
 413 68.459 33908.551 33840.092 49431.100
 518 54.7883 7995.703 7940.9147 14493.800
 619 45.7403 2545.656 2499.9157 5465.400
 720 39.2227 1001.925 962.7023 2454.400
 102 108.259 72225.587 72117.328 66615.500
 206 53.5107 169.533 116.0223 216.800
 308 33.9337 56.769 22.8353 67.200
 413 23.684 32.768 9.084 38.300
 518 20.8827 23.773 2.8903 13.800
 619 15.1297 18.103 2.9733 19.600
 720 13.3027 15.037 1.7343 13.000
 102 120.867 111.984 8.883 7.300
 206 56.5843 47.267 9.3173 16.400
 308 36.833 29.954 6.879 18.600
 413 27.3917 21.934 5.4577 19.900
 518 21.7583 17.285 4.4733 20.500
 619 18.093 14.281 3.812 21.000
 720 15.448 12.158 3.290 21.200
 102 208.991 1232.896 1023.905 489.900
 206 123.537 532.480 408.943 331.000
 308 52.672 81.726 29.054 55.100
 413 32.664 40.960 8.296 25.300
 518 23.3433 27.279 3.9357 16.800
 619 18.1473 20.438 2.2907 12.600
 720 15.152 16.382 1.230 8.100
 102 205.803 17018.634 16812.831 8169.300
 206 124.412 8193.228 8068.816 6485.500
 308 82.648 1219.704 1137.056 1375.700
 413 61.9777 144.465 82.4873 133.000
 518 49.6907 54.247 4.5563 9.100
 619 39.0557 32.576 6.4797 16.500
 720 20.0527 23.310 3.2573 16.200
 102 281.819 555131560.345 555131278.526 196981494.600
 206 117.921 418.488 300.567 254.800
 308 72.7767 69.111 3.6657 5.000
 413 51.6597 37.498 14.1617 27.400
 518 39.1467 25.706 13.4407 34.300
 619 31.5883 19.551 12.0373 38.100
 720 26.4437 15.785 10.6587 40.300
 102 249.674 205759756.042 205759506.368 82411266.800
 206 124.043 7516.037 7391.994 5959.200
 308 82.2933 141.690 59.3967 72.100
 413 61.105 52.101 9.004 14.700
 518 49.584 31.866 17.718 35.700
 619 40.7823 22.937 17.8453 43.700
 720 35.0883 17.915 17.1733 48.900
 102 239.179 529822255.513 529822016.334 221516946.000
 206 104.273 267.304 163.031 156.300
 308 62.843 62.749 .094 .100
 413 44.051 35.553 8.498 19.200
 518 33.6753 24.772 8.9033 26.400
 619 26.9417 19.004 7.9377 29.400
 720 22.8313 15.434 7.3973 32.300
 102 248.35 2088.960 1840.610 741.100
 206 123.868 82.083 41.785 33.700
 308 82.3047 40.986 41.3187 50.200
 413 61.4027 27.299 34.1037 55.500
 518 49.1317 20.480 28.6517 58.300
 619 40.2163 16.383 23.8333 59.200
 720 33.9637 13.644 20.3197 59.800
 102 252.939 276301290.864 276301037.925 109236234.000
 206 125.993 354437.611 354311.618 281215.300
 308 85.6653 15424.831 15339.1657 17905.900
 413 63.8637 1135.759 1071.8953 1678.400
 518 50.3387 217.415 167.0763 331.900
 619 41.5367 80.306 38.7693 93.300
 720 35.892 43.554 7.662 21.300
 102 187.05 132.710 54.340 29.000
 206 90.619 50.626 39.993 44.100
 308 59.3587 31.265 28.0937 47.300
 413 43.6317 22.609 21.0227 48.100
 518 34.3407 17.727 16.6137 48.300
 619 28.447 14.567 13.880 48.700
 720 23.9067 12.369 11.5377 48.200
 102 281.543 3765.125 3483.582 1237.300
 206 138.193 370.851 232.658 168.300
 308 86.78 118.153 31.373 36.100
 413 63.6613 59.658 4.0033 6.200
 518 50.347 40.124 10.223 20.300
 619 40.8047 28.712 12.0927 29.600
 720 31.1123 21.344 9.7683 31.300
