 102 108.102 121.651 13.549 12.500
 206 47.128 48.906 1.778 3.700
 308 28.9287 30.637 1.7083 5.900
 413 21.856 22.282 .426 1.900
 518 17.4393 17.514 .0747 .400
 619 14.504 14.431 .073 .500
 720 12.347 12.263 .084 .600
 102 259.28 1261043.056 1260783.776 486263.400
 206 126.05 13330.391 13204.341 10475.400
 308 86.7163 3069.440 2982.7237 3439.600
 413 62.4683 528.977 466.5087 746.700
 518 49.5073 177.422 127.9147 258.300
 619 41.958 66.080 24.122 57.400
 720 36.0627 37.142 1.0793 2.900
 102 175.43 345.047 169.617 96.600
 206 122.194 66.273 55.921 45.700
 308 81.276 36.644 44.632 54.900
 413 61.4057 25.313 36.0927 58.700
 518 48.1167 19.333 28.7837 59.800
 619 40.4953 15.632 24.8633 61.300
 720 35.1177 13.129 21.9887 62.600
 102 250.882 57387.827 57136.945 22774.400
 206 135.88 2391.613 2255.733 1660.000
 308 92.668 750.259 657.591 709.600
 413 66.78 210.636 143.856 215.400
 518 50.7393 105.644 54.9047 108.200
 619 42.495 55.321 12.826 30.100
 720 36.4573 36.088 .3693 1.000
 102 147.845 169.574 21.729 14.600
 206 66.8337 55.173 11.6607 17.400
 308 42.774 32.958 9.816 22.900
 413 32.23 23.511 8.719 27.000
 518 24.5423 18.251 6.2913 25.600
 619 19.8797 14.936 4.9437 24.800
 720 16.0757 12.614 3.4617 21.500
 102 248.642 18341.232 18092.590 7276.500
 206 119.981 100.638 19.343 16.100
 308 61.4777 45.109 16.3687 26.600
 413 43.0017 29.081 13.9207 32.300
 518 33.232 21.463 11.769 35.400
 619 24.3617 16.997 7.3647 30.200
 720 17.231 14.077 3.154 18.300
 102 127.228 344.145 216.917 170.400
 206 54.198 66.150 11.952 22.000
 308 35.2197 36.590 1.3703 3.800
 413 25.28 25.272 .008 0
 518 20.5937 19.316 1.2777 6.200
 619 16.5463 15.632 .9143 5.500
 720 14.465 13.117 1.348 9.300
 102 247.056 35053346307.031 35053346059.975 14188421272.800
 206 120.586 3905.003 3784.417 3138.300
 308 70.526 97.509 26.983 38.200
 413 46.344 44.503 1.841 3.900
 518 34.2357 28.835 5.4007 15.700
 619 26.539 21.325 5.214 19.600
 720 21.76 16.909 4.851 22.200
 102 114.224 282.460 168.236 147.200
 206 50.8163 63.488 12.6717 24.900
 308 32.8113 35.716 2.9047 8.800
 413 24.6153 24.883 .2677 1.000
 518 18.8067 19.087 .2803 1.400
 619 15.8553 15.468 .3873 2.400
 720 13.7807 13.012 .7687 5.500
 102 175.407 5274117.324 5273941.917 3006688.300
 206 68.1993 141.721 73.5217 107.800
 308 42.3917 51.908 9.5163 22.400
 413 31.263 31.744 .481 1.500
 518 24.568 22.872 1.696 6.900
 619 20.2783 17.885 2.3933 11.800
 720 17.5813 14.674 2.9073 16.500
 102 246.935 507070.627 506823.692 205245.700
 206 125.462 1155.645 1030.183 821.100
 308 81.6223 89.208 7.5857 9.200
 413 61.099 42.741 18.358 30.000
 518 49.1773 28.049 21.1283 42.900
 619 39.8147 20.902 18.9127 47.500
 720 33.604 16.640 16.964 50.400
 102 255.88 13256560.640 13256304.760 5180672.400
 206 128.049 11816.509 11688.460 9128.100
 308 86.3823 419.665 333.2827 385.800
 413 64.6147 93.327 28.7123 44.400
 518 51.2947 45.056 6.2387 12.100
 619 41.787 29.162 12.625 30.200
 720 36.0297 21.508 14.5217 40.300
 102 140.108 2455057.612 2454917.504 1752160.800
 206 55.7787 132.096 76.3173 136.800
 308 35.32 50.543 15.223 43.100
 413 25.3887 31.252 5.8633 23.000
 518 20.5493 22.626 2.0767 10.100
 619 16.591 17.721 1.130 6.800
 720 14.3397 14.568 .2283 1.500
 102 247.641 4892.753 4645.112 1875.700
 206 122.352 147.537 25.185 20.500
 308 81.895 52.700 29.195 35.600
 413 60.3893 32.030 28.3593 46.900
 518 45.05 23.035 22.015 48.800
 619 35.4507 17.981 17.4697 49.200
 720 29.3827 14.732 14.6507 49.800
 102 249.81 3610.542 3360.732 1345.300
 206 124.495 196.853 72.358 58.100
 308 81.8787 58.844 23.0347 28.100
 413 62.1517 34.242 27.9097 44.900
 518 49.4643 24.117 25.3473 51.200
 619 40.7737 18.649 22.1247 54.200
 720 35.0133 15.177 19.8363 56.600
 102 246.999 5635.522 5388.523 2181.500
 206 123.518 135.618 12.100 9.700
 308 82.111 51.034 31.077 37.800
 413 56.2353 31.457 24.7783 44.000
 518 41.7197 22.708 19.0117 45.500
 619 32.579 17.776 14.803 45.400
 720 26.9073 14.604 12.3033 45.700
 102 226.619 149.176 77.443 34.100
 206 108.258 52.838 55.420 51.100
 308 71.07 32.111 38.959 54.800
 413 52.505 23.060 29.445 56.000
 518 41.6317 17.989 23.6427 56.700
 619 34.541 14.758 19.783 57.200
 720 29.731 12.497 17.234 57.900
 102 252.515 259251.404 258998.889 102567.700
 206 124.441 456.826 332.385 267.100
 308 84.945 77.630 7.315 8.600
 413 63.1537 39.915 23.2387 36.700
 518 50.1903 26.804 23.3863 46.500
 619 41.5333 20.192 21.3413 51.300
 720 35.281 16.207 19.074 54.000
 102 166.666 102.236 64.430 38.600
 206 79.2473 45.424 33.8233 42.600
 308 51.8303 29.217 22.6133 43.600
 413 38.622 21.524 17.098 44.200
 518 30.6023 17.039 13.5633 44.300
 619 25.4943 14.117 11.3773 44.600
 720 21.5857 12.029 9.5567 44.200
 102 250.799 273.940 23.141 9.200
 206 71.7897 73.113 1.3233 1.800
 308 38.4663 38.610 .1437 .300
 413 26.2457 26.255 .0093 0
 518 20.001 19.873 .128 .600
 619 16.071 15.974 .097 .600
 720 13.4697 13.351 .1187 .800
 102 282.109 840.089 557.980 197.700
 206 125.176 128.737 3.561 2.800
 308 62.253 62.039 .214 .300
 413 35.945 35.307 .638 1.700
 518 25.0693 24.674 .3953 1.500
 619 19.3183 18.950 .3683 1.900
 720 16.8547 15.388 1.4667 8.700
 102 191.531 210.042 18.511 9.600
 206 92.7693 58.900 33.8693 36.500
 308 60.5723 34.241 26.3313 43.400
 413 42.0947 24.145 17.9497 42.600
 518 31.776 18.644 13.132 41.300
 619 25.791 15.182 10.609 41.100
 720 22.136 12.813 9.323 42.100
 102 216.011 1936.588 1720.577 796.500
 206 124.434 86.220 38.214 30.700
 308 81.8463 41.996 39.8503 48.600
 413 60.9297 27.750 33.1797 54.400
 518 49.1637 20.725 28.4387 57.800
 619 40.3973 16.547 23.8503 59.000
 720 34.566 13.761 20.805 60.100
 102 264.279 34072.248 33807.969 12792.500
 206 129.171 32051.200 31922.029 24712.900
 308 84.693 258961.038 258876.345 305664.300
 413 41.8453 2568.990 2527.1447 6039.200
 518 39.3 1255.145 1215.845 3093.700
 619 30.441 262.779 232.338 763.200
 720 16.4043 47.697 31.2927 190.700
 102 132.225 162.529 30.304 22.900
 206 53.1113 54.435 1.3237 2.400
 308 32.7453 32.685 .0603 .100
 413 22.7017 23.367 .6653 2.900
 518 17.967 18.169 .202 1.100
 619 14.844 14.868 .024 .100
 720 12.7357 12.579 .1567 1.200
 102 138.891 253.542 114.651 82.500
 206 54.5467 61.849 7.3023 13.300
 308 32.913 35.224 2.311 7.000
 413 23.1687 24.637 1.4683 6.300
 518 18.1723 18.939 .7667 4.200
 619 14.919 15.373 .454 3.000
 720 12.761 12.942 .181 1.400
 102 266.546 1505759.805 1505493.259 564815.500
 206 125.842 97715.650 97589.808 77549.400
 308 85.1283 7163.292 7078.1637 8314.700
 413 66.097 2193.633 2127.536 3218.800
 518 50.445 525.877 475.432 942.400
 619 41.665 188.056 146.391 351.300
 720 35.9423 89.426 53.4837 148.800
 102 280.38 7104396.574 7104116.194 2533745.700
 206 143.573 236852.019 236708.446 164869.700
 308 91.075 33420.878 33329.803 36595.900
 413 68.09 8543.006 8474.916 12446.600
 518 54.394 3029.975 2975.581 5470.400
 619 45.1093 1323.767 1278.6577 2834.500
 720 38.5413 670.126 631.5847 1638.700
 102 112.99 322508.800 322395.810 285331.200
 206 49.8027 112.517 62.7143 125.900
 308 30.8333 47.403 16.5697 53.700
 413 22.2187 30.023 7.8043 35.100
 518 14.7633 21.954 7.1907 48.700
 619 13.7223 17.325 3.6027 26.200
 720 12.9823 14.288 1.3057 10.000
 102 93.3923 3320.709 3227.3167 3455.600
 206 32.8277 85.852 53.0243 161.500
 308 20.2953 42.187 21.8917 107.800
 413 14.786 27.791 13.005 87.900
 518 11.744 20.627 8.883 75.600
 619 9.69833 16.520 6.82167 70.300
 720 8.29333 13.749 5.45567 65.700
 102 144.242 273.039 128.797 89.200
 206 72.4583 62.996 9.4623 13.000
 308 47.6707 35.579 12.0917 25.300
 413 35.678 24.821 10.857 30.400
 518 24.9507 19.038 5.9127 23.600
 619 11.722 15.441 3.719 31.700
 720 11.3183 13.000 1.6817 14.800
 102 143.43 221.347 77.917 54.300
 206 42.892 59.760 16.868 39.300
 308 25.6687 34.542 8.8733 34.500
 413 17.5847 24.289 6.7043 38.100
 518 13.9173 18.743 4.8257 34.600
 619 10.7937 15.250 4.4563 41.200
 720 9.36967 12.848 3.47833 37.100
 102 288.206 19727.319 19439.113 6744.800
 206 137.144 1533.542 1396.398 1018.100
 308 90.6543 385.915 295.2607 325.600
 413 62.455 251.248 188.793 302.200
 518 49.2197 443.138 393.9183 800.300
 619 39.176 260.444 221.268 564.800
 720 27.5723 69.357 41.7847 151.500
 102 371.821 25167939391.078 25167939019.257 6768832050.700
 206 177.39 12783.288 12605.898 7106.300
 308 108.657 113.756 5.099 4.600
 413 77.1237 47.616 29.5077 38.200
 518 60.1813 30.113 30.0683 49.900
 619 48.4417 22.008 26.4337 54.500
 720 40.3217 17.330 22.9917 57.000
 102 283.59 297.861 14.271 5.000
 206 132.343 64.184 68.159 51.500
 308 85.0743 35.962 49.1123 57.700
 413 61.5943 25.006 36.5883 59.400
 518 48.0623 19.152 28.9103 60.100
 619 40.1777 15.509 24.6687 61.300
 720 34.077 13.036 21.041 61.700
 102 369.754 18875.432 18505.678 5004.800
 206 115.257 95.027 20.230 17.500
 308 57.6677 43.962 13.7057 23.700
 413 38.3637 28.590 9.7737 25.400
 518 29.3897 21.184 8.2057 27.900
 619 23.882 16.834 7.048 29.500
 720 20.1817 13.960 6.2217 30.800
 102 400.074 63913.902 63513.828 15875.500
 206 186.946 34279.587 34092.641 18236.600
 308 118.027 379.553 261.526 221.500
 413 60.3433 69.345 9.0017 14.900
 518 49.1723 37.568 11.6043 23.500
 619 32.7693 25.749 7.0203 21.400
 720 25.523 19.577 5.946 23.200
 102 246.13 44402.524 44156.394 17940.200
 206 111.471 98.426 13.045 11.700
 308 71.4413 44.672 26.7693 37.400
 413 51.9903 28.917 23.0733 44.300
 518 40.954 21.348 19.606 47.800
 619 33.802 16.929 16.873 49.900
 720 28.9983 14.042 14.9563 51.500
 102 373.599 142958.837 142585.238 38165.300
 206 185.441 127.590 57.851 31.100
 308 115.578 49.915 65.663 56.800
 413 81.3163 30.965 50.3513 61.900
 518 61.5197 22.462 39.0577 63.400
 619 49.3707 17.626 31.7447 64.200
 720 40.5513 14.510 26.0413 64.200
 102 371.039 15859.384 15488.345 4174.300
 206 129.413 102.645 26.768 20.600
 308 71.148 45.573 25.575 35.900
 413 49.3087 29.245 20.0637 40.600
 518 36.956 21.544 15.412 41.700
 619 30.0213 17.066 12.9553 43.100
 720 24.7613 14.112 10.6493 43.000
 102 244.579 1492345126059298.570 1492345126059053.991 610168954022648.700
 206 123.671 991105030.389 991104906.718 801404457.500
 308 48.082 3324.314 3276.232 6813.800
 413 34.814 266.977 232.163 666.800
 518 27.4497 78.495 51.0453 185.900
 619 22.5237 45.614 23.0903 102.500
 720 19.2183 29.500 10.2817 53.400
 102 154.622 453.672 299.050 193.400
 206 66.508 86.384 19.876 29.800
 308 36.1513 41.996 5.8447 16.100
 413 25.422 27.750 2.328 9.100
 518 19.6867 20.709 1.0223 5.100
 619 16.0877 16.547 .4593 2.800
 720 13.6383 13.761 .1227 .800
 102 96.888 118.538 21.650 22.300
 206 46.2213 48.414 2.1927 4.700
 308 30.658 30.418 .240 .700
 413 22.9293 22.179 .7503 3.200
 518 18.318 17.432 .886 4.800
 619 15.195 14.376 .819 5.300
 720 13.0457 12.240 .8057 6.100
 102 274.921 341768114.012 341767839.091 124314926.500
 206 137.223 2922675.568 2922538.345 2129772.900
 308 91.4383 189113.846 189022.4077 206721.200
 413 68.459 28188.835 28120.376 41076.200
 518 54.7883 6684.246 6629.4577 12100.100
 619 45.7403 2142.865 2097.1247 4584.800
 720 39.2227 850.407 811.1843 2068.100
 102 108.259 24699.863 24591.604 22715.500
 206 53.5107 135.127 81.6163 152.500
 308 33.9337 51.499 17.5653 51.700
 413 23.684 31.170 7.486 31.600
 518 20.8827 22.806 1.9233 9.200
 619 15.1297 17.626 2.4963 16.400
 720 13.3027 14.639 1.3363 10.000
 102 120.867 110.182 10.685 8.800
 206 56.5843 46.940 9.6443 17.000
 308 36.833 29.818 7.015 19.000
 413 27.3917 21.872 5.5197 20.100
 518 21.7583 17.252 4.5063 20.700
 619 18.093 14.240 3.853 21.200
 720 15.448 12.134 3.314 21.400
 102 208.991 1144.586 935.595 447.600
 206 123.537 443.924 320.387 259.300
 308 52.672 76.975 24.303 46.100
 413 32.664 39.669 7.005 21.400
 518 23.3433 26.689 3.3457 14.300
 619 18.1473 20.138 1.9907 10.900
 720 15.152 16.160 1.008 6.600
 102 205.803 11065.589 10859.786 5276.700
 206 124.412 3725.107 3600.695 2894.100
 308 82.648 469.472 386.824 468.000
 413 61.9777 89.128 27.1503 43.800
 518 49.6907 42.991 6.6997 13.400
 619 39.0557 28.138 10.9177 27.900
 720 20.0527 20.969 .9163 4.500
 102 281.819 1693634.068 1693352.249 600865.100
 206 117.921 140.247 22.326 18.900
 308 72.7767 51.690 21.0867 28.900
 413 51.6597 31.682 19.9777 38.600
 518 39.1467 22.839 16.3077 41.600
 619 31.5883 17.858 13.7303 43.400
 720 26.4437 14.662 11.7817 44.500
 102 249.674 766896.783 766647.109 307059.200
 206 124.043 241.500 117.457 94.600
 308 82.2933 61.629 20.6643 25.100
 413 61.105 35.184 25.921 42.400
 518 49.584 24.592 24.992 50.400
 619 40.7823 18.909 21.8733 53.600
 720 35.0883 15.376 19.7123 56.100
 102 239.179 8862565.498 8862326.319 3705311.200
 206 104.273 148.930 44.657 42.800
 308 62.843 52.809 10.034 15.900
 413 44.051 32.092 11.959 27.100
 518 33.6753 23.068 10.6073 31.400
 619 26.9417 17.981 8.9607 33.200
 720 22.8313 14.756 8.0753 35.300
 102 248.35 254.361 6.011 2.400
 206 123.868 61.931 61.937 50.000
 308 82.3047 35.252 47.0527 57.100
 413 61.4027 24.637 36.7657 59.800
 518 49.1317 18.939 30.1927 61.400
 619 40.2163 15.386 24.8303 61.700
 720 33.9637 12.942 21.0217 61.800
 102 252.939 3566711.521 3566458.582 1410007.300
 206 125.993 6466.641 6340.648 5032.500
 308 85.6653 379.908 294.2427 343.400
 413 63.8637 88.678 24.8143 38.800
 518 50.3387 43.810 6.5287 12.900
 619 41.5367 28.616 12.9207 31.100
 720 35.892 21.192 14.700 40.900
 102 187.05 106.086 80.964 43.200
 206 90.619 46.202 44.417 49.000
 308 59.3587 29.545 29.8137 50.200
 413 43.6317 21.708 21.9237 50.200
 518 34.3407 17.154 17.1867 50.000
 619 28.447 14.185 14.262 50.100
 720 23.9067 12.088 11.8187 49.400
 102 281.543 3692.052 3410.509 1211.300
 206 138.193 365.158 226.965 164.200
 308 86.78 116.760 29.980 34.500
 413 63.6613 59.146 4.5153 7.000
 518 50.347 39.763 10.584 21.000
 619 40.8047 28.466 12.3387 30.200
 720 31.1123 21.227 9.8853 31.700
 102 108.102 121.651 13.549 12.500
 206 47.128 48.906 1.778 3.700
 308 28.9287 30.637 1.7083 5.900
 413 21.856 22.282 .426 1.900
 518 17.4393 17.514 .0747 .400
 619 14.504 14.431 .073 .500
 720 12.347 12.263 .084 .600
 102 259.28 1261043.056 1260783.776 486263.400
 206 126.05 13330.391 13204.341 10475.400
 308 86.7163 3069.440 2982.7237 3439.600
 413 62.4683 528.977 466.5087 746.700
 518 49.5073 177.422 127.9147 258.300
 619 41.958 66.080 24.122 57.400
 720 36.0627 37.142 1.0793 2.900
 102 175.43 345.047 169.617 96.600
 206 122.194 66.273 55.921 45.700
 308 81.276 36.644 44.632 54.900
 413 61.4057 25.313 36.0927 58.700
 518 48.1167 19.333 28.7837 59.800
 619 40.4953 15.632 24.8633 61.300
 720 35.1177 13.129 21.9887 62.600
 102 250.882 57387.827 57136.945 22774.400
 206 135.88 2391.613 2255.733 1660.000
 308 92.668 750.259 657.591 709.600
 413 66.78 210.636 143.856 215.400
 518 50.7393 105.644 54.9047 108.200
 619 42.495 55.321 12.826 30.100
 720 36.4573 36.088 .3693 1.000
 102 147.845 169.574 21.729 14.600
 206 66.8337 55.173 11.6607 17.400
 308 42.774 32.958 9.816 22.900
 413 32.23 23.511 8.719 27.000
 518 24.5423 18.251 6.2913 25.600
 619 19.8797 14.936 4.9437 24.800
 720 16.0757 12.614 3.4617 21.500
 102 248.642 18341.232 18092.590 7276.500
 206 119.981 100.638 19.343 16.100
 308 61.4777 45.109 16.3687 26.600
 413 43.0017 29.081 13.9207 32.300
 518 33.232 21.463 11.769 35.400
 619 24.3617 16.997 7.3647 30.200
 720 17.231 14.077 3.154 18.300
 102 127.228 344.145 216.917 170.400
 206 54.198 66.150 11.952 22.000
 308 35.2197 36.590 1.3703 3.800
 413 25.28 25.272 .008 0
 518 20.5937 19.316 1.2777 6.200
 619 16.5463 15.632 .9143 5.500
 720 14.465 13.117 1.348 9.300
 102 247.056 35053346307.031 35053346059.975 14188421272.800
 206 120.586 3905.003 3784.417 3138.300
 308 70.526 97.509 26.983 38.200
 413 46.344 44.503 1.841 3.900
 518 34.2357 28.835 5.4007 15.700
 619 26.539 21.325 5.214 19.600
 720 21.76 16.909 4.851 22.200
 102 114.224 282.460 168.236 147.200
 206 50.8163 63.488 12.6717 24.900
 308 32.8113 35.716 2.9047 8.800
 413 24.6153 24.883 .2677 1.000
 518 18.8067 19.087 .2803 1.400
 619 15.8553 15.468 .3873 2.400
 720 13.7807 13.012 .7687 5.500
 102 175.407 5274117.324 5273941.917 3006688.300
 206 68.1993 141.721 73.5217 107.800
 308 42.3917 51.908 9.5163 22.400
 413 31.263 31.744 .481 1.500
 518 24.568 22.872 1.696 6.900
 619 20.2783 17.885 2.3933 11.800
 720 17.5813 14.674 2.9073 16.500
 102 246.935 507070.627 506823.692 205245.700
 206 125.462 1155.645 1030.183 821.100
 308 81.6223 89.208 7.5857 9.200
 413 61.099 42.741 18.358 30.000
 518 49.1773 28.049 21.1283 42.900
 619 39.8147 20.902 18.9127 47.500
 720 33.604 16.640 16.964 50.400
 102 255.88 13256560.640 13256304.760 5180672.400
 206 128.049 11816.509 11688.460 9128.100
 308 86.3823 419.665 333.2827 385.800
 413 64.6147 93.327 28.7123 44.400
 518 51.2947 45.056 6.2387 12.100
 619 41.787 29.162 12.625 30.200
 720 36.0297 21.508 14.5217 40.300
 102 140.108 2455057.612 2454917.504 1752160.800
 206 55.7787 132.096 76.3173 136.800
 308 35.32 50.543 15.223 43.100
 413 25.3887 31.252 5.8633 23.000
 518 20.5493 22.626 2.0767 10.100
 619 16.591 17.721 1.130 6.800
 720 14.3397 14.568 .2283 1.500
 102 247.641 4892.753 4645.112 1875.700
 206 122.352 147.537 25.185 20.500
 308 81.895 52.700 29.195 35.600
 413 60.3893 32.030 28.3593 46.900
 518 45.05 23.035 22.015 48.800
 619 35.4507 17.981 17.4697 49.200
 720 29.3827 14.732 14.6507 49.800
 102 249.81 3610.542 3360.732 1345.300
 206 124.495 196.853 72.358 58.100
 308 81.8787 58.844 23.0347 28.100
 413 62.1517 34.242 27.9097 44.900
 518 49.4643 24.117 25.3473 51.200
 619 40.7737 18.649 22.1247 54.200
 720 35.0133 15.177 19.8363 56.600
 102 246.999 5635.522 5388.523 2181.500
 206 123.518 135.618 12.100 9.700
 308 82.111 51.034 31.077 37.800
 413 56.2353 31.457 24.7783 44.000
 518 41.7197 22.708 19.0117 45.500
 619 32.579 17.776 14.803 45.400
 720 26.9073 14.604 12.3033 45.700
 102 226.619 149.176 77.443 34.100
 206 108.258 52.838 55.420 51.100
 308 71.07 32.111 38.959 54.800
 413 52.505 23.060 29.445 56.000
 518 41.6317 17.989 23.6427 56.700
 619 34.541 14.758 19.783 57.200
 720 29.731 12.497 17.234 57.900
 102 252.515 259251.404 258998.889 102567.700
 206 124.441 456.826 332.385 267.100
 308 84.945 77.630 7.315 8.600
 413 63.1537 39.915 23.2387 36.700
 518 50.1903 26.804 23.3863 46.500
 619 41.5333 20.192 21.3413 51.300
 720 35.281 16.207 19.074 54.000
 102 166.666 102.236 64.430 38.600
 206 79.2473 45.424 33.8233 42.600
 308 51.8303 29.217 22.6133 43.600
 413 38.622 21.524 17.098 44.200
 518 30.6023 17.039 13.5633 44.300
 619 25.4943 14.117 11.3773 44.600
 720 21.5857 12.029 9.5567 44.200
 102 250.799 273.940 23.141 9.200
 206 71.7897 73.113 1.3233 1.800
 308 38.4663 38.610 .1437 .300
 413 26.2457 26.255 .0093 0
 518 20.001 19.873 .128 .600
 619 16.071 15.974 .097 .600
 720 13.4697 13.351 .1187 .800
 102 282.109 840.089 557.980 197.700
 206 125.176 128.737 3.561 2.800
 308 62.253 62.039 .214 .300
 413 35.945 35.307 .638 1.700
 518 25.0693 24.674 .3953 1.500
 619 19.3183 18.950 .3683 1.900
 720 16.8547 15.388 1.4667 8.700
 102 191.531 210.042 18.511 9.600
 206 92.7693 58.900 33.8693 36.500
 308 60.5723 34.241 26.3313 43.400
 413 42.0947 24.145 17.9497 42.600
 518 31.776 18.644 13.132 41.300
 619 25.791 15.182 10.609 41.100
 720 22.136 12.813 9.323 42.100
 102 216.011 1936.588 1720.577 796.500
 206 124.434 86.220 38.214 30.700
 308 81.8463 41.996 39.8503 48.600
 413 60.9297 27.750 33.1797 54.400
 518 49.1637 20.725 28.4387 57.800
 619 40.3973 16.547 23.8503 59.000
 720 34.566 13.761 20.805 60.100
 102 264.279 34072.248 33807.969 12792.500
 206 129.171 32051.200 31922.029 24712.900
 308 84.693 258961.038 258876.345 305664.300
 413 41.8453 2568.990 2527.1447 6039.200
 518 39.3 1255.145 1215.845 3093.700
 619 30.441 262.779 232.338 763.200
 720 16.4043 47.697 31.2927 190.700
 102 132.225 162.529 30.304 22.900
 206 53.1113 54.435 1.3237 2.400
 308 32.7453 32.685 .0603 .100
 413 22.7017 23.367 .6653 2.900
 518 17.967 18.169 .202 1.100
 619 14.844 14.868 .024 .100
 720 12.7357 12.579 .1567 1.200
 102 138.891 253.542 114.651 82.500
 206 54.5467 61.849 7.3023 13.300
 308 32.913 35.224 2.311 7.000
 413 23.1687 24.637 1.4683 6.300
 518 18.1723 18.939 .7667 4.200
 619 14.919 15.373 .454 3.000
 720 12.761 12.942 .181 1.400
 102 266.546 1505759.805 1505493.259 564815.500
 206 125.842 97715.650 97589.808 77549.400
 308 85.1283 7163.292 7078.1637 8314.700
 413 66.097 2193.633 2127.536 3218.800
 518 50.445 525.877 475.432 942.400
 619 41.665 188.056 146.391 351.300
 720 35.9423 89.426 53.4837 148.800
 102 280.38 7104396.574 7104116.194 2533745.700
 206 143.573 236852.019 236708.446 164869.700
 308 91.075 33420.878 33329.803 36595.900
 413 68.09 8543.006 8474.916 12446.600
 518 54.394 3029.975 2975.581 5470.400
 619 45.1093 1323.767 1278.6577 2834.500
 720 38.5413 670.126 631.5847 1638.700
 102 112.99 322508.800 322395.810 285331.200
 206 49.8027 112.517 62.7143 125.900
 308 30.8333 47.403 16.5697 53.700
 413 22.2187 30.023 7.8043 35.100
 518 14.7633 21.954 7.1907 48.700
 619 13.7223 17.325 3.6027 26.200
 720 12.9823 14.288 1.3057 10.000
 102 93.3923 3320.709 3227.3167 3455.600
 206 32.8277 85.852 53.0243 161.500
 308 20.2953 42.187 21.8917 107.800
 413 14.786 27.791 13.005 87.900
 518 11.744 20.627 8.883 75.600
 619 9.69833 16.520 6.82167 70.300
 720 8.29333 13.749 5.45567 65.700
 102 144.242 273.039 128.797 89.200
 206 72.4583 62.996 9.4623 13.000
 308 47.6707 35.579 12.0917 25.300
 413 35.678 24.821 10.857 30.400
 518 24.9507 19.038 5.9127 23.600
 619 11.722 15.441 3.719 31.700
 720 11.3183 13.000 1.6817 14.800
 102 143.43 221.347 77.917 54.300
 206 42.892 59.760 16.868 39.300
 308 25.6687 34.542 8.8733 34.500
 413 17.5847 24.289 6.7043 38.100
 518 13.9173 18.743 4.8257 34.600
 619 10.7937 15.250 4.4563 41.200
 720 9.36967 12.848 3.47833 37.100
 102 288.206 19727.319 19439.113 6744.800
 206 137.144 1533.542 1396.398 1018.100
 308 90.6543 385.915 295.2607 325.600
 413 62.455 251.248 188.793 302.200
 518 49.2197 443.138 393.9183 800.300
 619 39.176 260.444 221.268 564.800
 720 27.5723 69.357 41.7847 151.500
 102 371.821 25167939391.078 25167939019.257 6768832050.700
 206 177.39 12783.288 12605.898 7106.300
 308 108.657 113.756 5.099 4.600
 413 77.1237 47.616 29.5077 38.200
 518 60.1813 30.113 30.0683 49.900
 619 48.4417 22.008 26.4337 54.500
 720 40.3217 17.330 22.9917 57.000
 102 283.59 297.861 14.271 5.000
 206 132.343 64.184 68.159 51.500
 308 85.0743 35.962 49.1123 57.700
 413 61.5943 25.006 36.5883 59.400
 518 48.0623 19.152 28.9103 60.100
 619 40.1777 15.509 24.6687 61.300
 720 34.077 13.036 21.041 61.700
 102 369.754 18875.432 18505.678 5004.800
 206 115.257 95.027 20.230 17.500
 308 57.6677 43.962 13.7057 23.700
 413 38.3637 28.590 9.7737 25.400
 518 29.3897 21.184 8.2057 27.900
 619 23.882 16.834 7.048 29.500
 720 20.1817 13.960 6.2217 30.800
 102 400.074 63913.902 63513.828 15875.500
 206 186.946 34279.587 34092.641 18236.600
 308 118.027 379.553 261.526 221.500
 413 60.3433 69.345 9.0017 14.900
 518 49.1723 37.568 11.6043 23.500
 619 32.7693 25.749 7.0203 21.400
 720 25.523 19.577 5.946 23.200
 102 246.13 44402.524 44156.394 17940.200
 206 111.471 98.426 13.045 11.700
 308 71.4413 44.672 26.7693 37.400
 413 51.9903 28.917 23.0733 44.300
 518 40.954 21.348 19.606 47.800
 619 33.802 16.929 16.873 49.900
 720 28.9983 14.042 14.9563 51.500
 102 373.599 142958.837 142585.238 38165.300
 206 185.441 127.590 57.851 31.100
 308 115.578 49.915 65.663 56.800
 413 81.3163 30.965 50.3513 61.900
 518 61.5197 22.462 39.0577 63.400
 619 49.3707 17.626 31.7447 64.200
 720 40.5513 14.510 26.0413 64.200
 102 371.039 15859.384 15488.345 4174.300
 206 129.413 102.645 26.768 20.600
 308 71.148 45.573 25.575 35.900
 413 49.3087 29.245 20.0637 40.600
 518 36.956 21.544 15.412 41.700
 619 30.0213 17.066 12.9553 43.100
 720 24.7613 14.112 10.6493 43.000
 102 244.579 1492345126059298.570 1492345126059053.991 610168954022648.700
 206 123.671 991105030.389 991104906.718 801404457.500
 308 48.082 3324.314 3276.232 6813.800
 413 34.814 266.977 232.163 666.800
 518 27.4497 78.495 51.0453 185.900
 619 22.5237 45.614 23.0903 102.500
 720 19.2183 29.500 10.2817 53.400
 102 154.622 453.672 299.050 193.400
 206 66.508 86.384 19.876 29.800
 308 36.1513 41.996 5.8447 16.100
 413 25.422 27.750 2.328 9.100
 518 19.6867 20.709 1.0223 5.100
 619 16.0877 16.547 .4593 2.800
 720 13.6383 13.761 .1227 .800
 102 96.888 118.538 21.650 22.300
 206 46.2213 48.414 2.1927 4.700
 308 30.658 30.418 .240 .700
 413 22.9293 22.179 .7503 3.200
 518 18.318 17.432 .886 4.800
 619 15.195 14.376 .819 5.300
 720 13.0457 12.240 .8057 6.100
 102 274.921 341768114.012 341767839.091 124314926.500
 206 137.223 2922675.568 2922538.345 2129772.900
 308 91.4383 189113.846 189022.4077 206721.200
 413 68.459 28188.835 28120.376 41076.200
 518 54.7883 6684.246 6629.4577 12100.100
 619 45.7403 2142.865 2097.1247 4584.800
 720 39.2227 850.407 811.1843 2068.100
 102 108.259 24699.863 24591.604 22715.500
 206 53.5107 135.127 81.6163 152.500
 308 33.9337 51.499 17.5653 51.700
 413 23.684 31.170 7.486 31.600
 518 20.8827 22.806 1.9233 9.200
 619 15.1297 17.626 2.4963 16.400
 720 13.3027 14.639 1.3363 10.000
 102 120.867 110.182 10.685 8.800
 206 56.5843 46.940 9.6443 17.000
 308 36.833 29.818 7.015 19.000
 413 27.3917 21.872 5.5197 20.100
 518 21.7583 17.252 4.5063 20.700
 619 18.093 14.240 3.853 21.200
 720 15.448 12.134 3.314 21.400
 102 208.991 1144.586 935.595 447.600
 206 123.537 443.924 320.387 259.300
 308 52.672 76.975 24.303 46.100
 413 32.664 39.669 7.005 21.400
 518 23.3433 26.689 3.3457 14.300
 619 18.1473 20.138 1.9907 10.900
 720 15.152 16.160 1.008 6.600
 102 205.803 11065.589 10859.786 5276.700
 206 124.412 3725.107 3600.695 2894.100
 308 82.648 469.472 386.824 468.000
 413 61.9777 89.128 27.1503 43.800
 518 49.6907 42.991 6.6997 13.400
 619 39.0557 28.138 10.9177 27.900
 720 20.0527 20.969 .9163 4.500
 102 281.819 1693634.068 1693352.249 600865.100
 206 117.921 140.247 22.326 18.900
 308 72.7767 51.690 21.0867 28.900
 413 51.6597 31.682 19.9777 38.600
 518 39.1467 22.839 16.3077 41.600
 619 31.5883 17.858 13.7303 43.400
 720 26.4437 14.662 11.7817 44.500
 102 249.674 766896.783 766647.109 307059.200
 206 124.043 241.500 117.457 94.600
 308 82.2933 61.629 20.6643 25.100
 413 61.105 35.184 25.921 42.400
 518 49.584 24.592 24.992 50.400
 619 40.7823 18.909 21.8733 53.600
 720 35.0883 15.376 19.7123 56.100
 102 239.179 8862565.498 8862326.319 3705311.200
 206 104.273 148.930 44.657 42.800
 308 62.843 52.809 10.034 15.900
 413 44.051 32.092 11.959 27.100
 518 33.6753 23.068 10.6073 31.400
 619 26.9417 17.981 8.9607 33.200
 720 22.8313 14.756 8.0753 35.300
 102 248.35 254.361 6.011 2.400
 206 123.868 61.931 61.937 50.000
 308 82.3047 35.252 47.0527 57.100
 413 61.4027 24.637 36.7657 59.800
 518 49.1317 18.939 30.1927 61.400
 619 40.2163 15.386 24.8303 61.700
 720 33.9637 12.942 21.0217 61.800
 102 252.939 3566711.521 3566458.582 1410007.300
 206 125.993 6466.641 6340.648 5032.500
 308 85.6653 379.908 294.2427 343.400
 413 63.8637 88.678 24.8143 38.800
 518 50.3387 43.810 6.5287 12.900
 619 41.5367 28.616 12.9207 31.100
 720 35.892 21.192 14.700 40.900
 102 187.05 106.086 80.964 43.200
 206 90.619 46.202 44.417 49.000
 308 59.3587 29.545 29.8137 50.200
 413 43.6317 21.708 21.9237 50.200
 518 34.3407 17.154 17.1867 50.000
 619 28.447 14.185 14.262 50.100
 720 23.9067 12.088 11.8187 49.400
 102 281.543 3692.052 3410.509 1211.300
 206 138.193 365.158 226.965 164.200
 308 86.78 116.760 29.980 34.500
 413 63.6613 59.146 4.5153 7.000
 518 50.347 39.763 10.584 21.000
 619 40.8047 28.466 12.3387 30.200
 720 31.1123 21.227 9.8853 31.700
 102 108.102 121.651 13.549 12.500
 206 47.128 48.906 1.778 3.700
 308 28.9287 30.637 1.7083 5.900
 413 21.856 22.282 .426 1.900
 518 17.4393 17.514 .0747 .400
 619 14.504 14.431 .073 .500
 720 12.347 12.263 .084 .600
 102 259.28 1261043.056 1260783.776 486263.400
 206 126.05 13330.391 13204.341 10475.400
 308 86.7163 3069.440 2982.7237 3439.600
 413 62.4683 528.977 466.5087 746.700
 518 49.5073 177.422 127.9147 258.300
 619 41.958 66.080 24.122 57.400
 720 36.0627 37.142 1.0793 2.900
 102 175.43 345.047 169.617 96.600
 206 122.194 66.273 55.921 45.700
 308 81.276 36.644 44.632 54.900
 413 61.4057 25.313 36.0927 58.700
 518 48.1167 19.333 28.7837 59.800
 619 40.4953 15.632 24.8633 61.300
 720 35.1177 13.129 21.9887 62.600
 102 250.882 57387.827 57136.945 22774.400
 206 135.88 2391.613 2255.733 1660.000
 308 92.668 750.259 657.591 709.600
 413 66.78 210.636 143.856 215.400
 518 50.7393 105.644 54.9047 108.200
 619 42.495 55.321 12.826 30.100
 720 36.4573 36.088 .3693 1.000
 102 147.845 169.574 21.729 14.600
 206 66.8337 55.173 11.6607 17.400
 308 42.774 32.958 9.816 22.900
 413 32.23 23.511 8.719 27.000
 518 24.5423 18.251 6.2913 25.600
 619 19.8797 14.936 4.9437 24.800
 720 16.0757 12.614 3.4617 21.500
 102 248.642 18341.232 18092.590 7276.500
 206 119.981 100.638 19.343 16.100
 308 61.4777 45.109 16.3687 26.600
 413 43.0017 29.081 13.9207 32.300
 518 33.232 21.463 11.769 35.400
 619 24.3617 16.997 7.3647 30.200
 720 17.231 14.077 3.154 18.300
 102 127.228 344.145 216.917 170.400
 206 54.198 66.150 11.952 22.000
 308 35.2197 36.590 1.3703 3.800
 413 25.28 25.272 .008 0
 518 20.5937 19.316 1.2777 6.200
 619 16.5463 15.632 .9143 5.500
 720 14.465 13.117 1.348 9.300
 102 247.056 35053346307.031 35053346059.975 14188421272.800
 206 120.586 3905.003 3784.417 3138.300
 308 70.526 97.509 26.983 38.200
 413 46.344 44.503 1.841 3.900
 518 34.2357 28.835 5.4007 15.700
 619 26.539 21.325 5.214 19.600
 720 21.76 16.909 4.851 22.200
 102 114.224 282.460 168.236 147.200
 206 50.8163 63.488 12.6717 24.900
 308 32.8113 35.716 2.9047 8.800
 413 24.6153 24.883 .2677 1.000
 518 18.8067 19.087 .2803 1.400
 619 15.8553 15.468 .3873 2.400
 720 13.7807 13.012 .7687 5.500
 102 175.407 5274117.324 5273941.917 3006688.300
 206 68.1993 141.721 73.5217 107.800
 308 42.3917 51.908 9.5163 22.400
 413 31.263 31.744 .481 1.500
 518 24.568 22.872 1.696 6.900
 619 20.2783 17.885 2.3933 11.800
 720 17.5813 14.674 2.9073 16.500
 102 246.935 507070.627 506823.692 205245.700
 206 125.462 1155.645 1030.183 821.100
 308 81.6223 89.208 7.5857 9.200
 413 61.099 42.741 18.358 30.000
 518 49.1773 28.049 21.1283 42.900
 619 39.8147 20.902 18.9127 47.500
 720 33.604 16.640 16.964 50.400
 102 255.88 13256560.640 13256304.760 5180672.400
 206 128.049 11816.509 11688.460 9128.100
 308 86.3823 419.665 333.2827 385.800
 413 64.6147 93.327 28.7123 44.400
 518 51.2947 45.056 6.2387 12.100
 619 41.787 29.162 12.625 30.200
 720 36.0297 21.508 14.5217 40.300
 102 140.108 2455057.612 2454917.504 1752160.800
 206 55.7787 132.096 76.3173 136.800
 308 35.32 50.543 15.223 43.100
 413 25.3887 31.252 5.8633 23.000
 518 20.5493 22.626 2.0767 10.100
 619 16.591 17.721 1.130 6.800
 720 14.3397 14.568 .2283 1.500
 102 247.641 4892.753 4645.112 1875.700
 206 122.352 147.537 25.185 20.500
 308 81.895 52.700 29.195 35.600
 413 60.3893 32.030 28.3593 46.900
 518 45.05 23.035 22.015 48.800
 619 35.4507 17.981 17.4697 49.200
 720 29.3827 14.732 14.6507 49.800
 102 249.81 3610.542 3360.732 1345.300
 206 124.495 196.853 72.358 58.100
 308 81.8787 58.844 23.0347 28.100
 413 62.1517 34.242 27.9097 44.900
 518 49.4643 24.117 25.3473 51.200
 619 40.7737 18.649 22.1247 54.200
 720 35.0133 15.177 19.8363 56.600
 102 246.999 5635.522 5388.523 2181.500
 206 123.518 135.618 12.100 9.700
 308 82.111 51.034 31.077 37.800
 413 56.2353 31.457 24.7783 44.000
 518 41.7197 22.708 19.0117 45.500
 619 32.579 17.776 14.803 45.400
 720 26.9073 14.604 12.3033 45.700
 102 226.619 149.176 77.443 34.100
 206 108.258 52.838 55.420 51.100
 308 71.07 32.111 38.959 54.800
 413 52.505 23.060 29.445 56.000
 518 41.6317 17.989 23.6427 56.700
 619 34.541 14.758 19.783 57.200
 720 29.731 12.497 17.234 57.900
 102 252.515 259251.404 258998.889 102567.700
 206 124.441 456.826 332.385 267.100
 308 84.945 77.630 7.315 8.600
 413 63.1537 39.915 23.2387 36.700
 518 50.1903 26.804 23.3863 46.500
 619 41.5333 20.192 21.3413 51.300
 720 35.281 16.207 19.074 54.000
 102 166.666 102.236 64.430 38.600
 206 79.2473 45.424 33.8233 42.600
 308 51.8303 29.217 22.6133 43.600
 413 38.622 21.524 17.098 44.200
 518 30.6023 17.039 13.5633 44.300
 619 25.4943 14.117 11.3773 44.600
 720 21.5857 12.029 9.5567 44.200
 102 250.799 273.940 23.141 9.200
 206 71.7897 73.113 1.3233 1.800
 308 38.4663 38.610 .1437 .300
 413 26.2457 26.255 .0093 0
 518 20.001 19.873 .128 .600
 619 16.071 15.974 .097 .600
 720 13.4697 13.351 .1187 .800
 102 282.109 840.089 557.980 197.700
 206 125.176 128.737 3.561 2.800
 308 62.253 62.039 .214 .300
 413 35.945 35.307 .638 1.700
 518 25.0693 24.674 .3953 1.500
 619 19.3183 18.950 .3683 1.900
 720 16.8547 15.388 1.4667 8.700
 102 191.531 210.042 18.511 9.600
 206 92.7693 58.900 33.8693 36.500
 308 60.5723 34.241 26.3313 43.400
 413 42.0947 24.145 17.9497 42.600
 518 31.776 18.644 13.132 41.300
 619 25.791 15.182 10.609 41.100
 720 22.136 12.813 9.323 42.100
 102 216.011 1936.588 1720.577 796.500
 206 124.434 86.220 38.214 30.700
 308 81.8463 41.996 39.8503 48.600
 413 60.9297 27.750 33.1797 54.400
 518 49.1637 20.725 28.4387 57.800
 619 40.3973 16.547 23.8503 59.000
 720 34.566 13.761 20.805 60.100
 102 264.279 34072.248 33807.969 12792.500
 206 129.171 32051.200 31922.029 24712.900
 308 84.693 258961.038 258876.345 305664.300
 413 41.8453 2568.990 2527.1447 6039.200
 518 39.3 1255.145 1215.845 3093.700
 619 30.441 262.779 232.338 763.200
 720 16.4043 47.697 31.2927 190.700
 102 132.225 162.529 30.304 22.900
 206 53.1113 54.435 1.3237 2.400
 308 32.7453 32.685 .0603 .100
 413 22.7017 23.367 .6653 2.900
 518 17.967 18.169 .202 1.100
 619 14.844 14.868 .024 .100
 720 12.7357 12.579 .1567 1.200
 102 138.891 253.542 114.651 82.500
 206 54.5467 61.849 7.3023 13.300
 308 32.913 35.224 2.311 7.000
 413 23.1687 24.637 1.4683 6.300
 518 18.1723 18.939 .7667 4.200
 619 14.919 15.373 .454 3.000
 720 12.761 12.942 .181 1.400
 102 266.546 1505759.805 1505493.259 564815.500
 206 125.842 97715.650 97589.808 77549.400
 308 85.1283 7163.292 7078.1637 8314.700
 413 66.097 2193.633 2127.536 3218.800
 518 50.445 525.877 475.432 942.400
 619 41.665 188.056 146.391 351.300
 720 35.9423 89.426 53.4837 148.800
 102 280.38 7104396.574 7104116.194 2533745.700
 206 143.573 236852.019 236708.446 164869.700
 308 91.075 33420.878 33329.803 36595.900
 413 68.09 8543.006 8474.916 12446.600
 518 54.394 3029.975 2975.581 5470.400
 619 45.1093 1323.767 1278.6577 2834.500
 720 38.5413 670.126 631.5847 1638.700
 102 112.99 188970.000 188857.010 167144.800
 206 49.8027 65.928 16.1253 32.300
 308 30.8333 27.776 3.0573 9.900
 413 22.2187 17.592 4.6267 20.800
 518 14.7633 12.864 1.8993 12.800
 619 13.7223 10.152 3.5703 26.000
 720 12.9823 8.372 4.6103 35.500
 102 93.3923 1945.728 1852.3357 1983.300
 206 32.8277 50.304 17.4763 53.200
 308 20.2953 24.720 4.4247 21.800
 413 14.786 16.284 1.498 10.100
 518 11.744 12.086 .342 2.900
 619 9.69833 9.680 .01833 .100
 720 8.29333 8.056 .23733 2.800
 102 144.242 159.984 15.742 10.900
 206 72.4583 36.912 35.5463 49.000
 308 47.6707 20.848 26.8227 56.200
 413 35.678 14.544 21.134 59.200
 518 24.9507 11.155 13.7957 55.200
 619 11.722 9.048 2.674 22.800
 720 11.3183 7.618 3.7003 32.600
 102 143.43 129.696 13.734 9.500
 206 42.892 35.016 7.876 18.300
 308 25.6687 20.240 5.4287 21.100
 413 17.5847 14.232 3.3527 19.000
 518 13.9173 10.982 2.9353 21.000
 619 10.7937 8.936 1.8577 17.200
 720 9.36967 7.528 1.84167 19.600
 102 288.206 19727.319 19439.113 6744.800
 206 137.144 1533.542 1396.398 1018.100
 308 90.6543 385.915 295.2607 325.600
 413 62.455 251.248 188.793 302.200
 518 49.2197 443.138 393.9183 800.300
 619 39.176 260.444 221.268 564.800
 720 27.5723 69.357 41.7847 151.500
 102 371.821 37751909086.617 37751908714.796 10153248126.000
 206 177.39 19174.932 18997.542 10709.400
 308 108.657 170.639 61.982 57.000
 413 77.1237 71.424 5.6997 7.300
 518 60.1813 45.170 15.0113 24.900
 619 48.4417 33.013 15.4287 31.800
 720 40.3217 25.997 14.3247 35.500
 102 283.59 446.791 163.201 57.500
 206 132.343 96.276 36.067 27.200
 308 85.0743 53.944 31.1303 36.500
 413 61.5943 37.509 24.0853 39.100
 518 48.0623 28.729 19.3333 40.200
 619 40.1777 23.265 16.9127 42.000
 720 34.077 19.555 14.522 42.600
 102 369.754 28313.149 27943.395 7557.200
 206 115.257 142.540 27.283 23.600
 308 57.6677 65.945 8.2773 14.300
 413 38.3637 42.885 4.5213 11.700
 518 29.3897 31.776 2.3863 8.100
 619 23.882 25.251 1.369 5.700
 720 20.1817 20.941 .7593 3.700
 102 400.074 95870.853 95470.779 23863.200
 206 186.946 51419.381 51232.435 27404.900
 308 118.027 569.344 451.317 382.300
 413 60.3433 104.017 43.6737 72.300
 518 49.1723 56.352 7.1797 14.600
 619 32.7693 38.625 5.8557 17.800
 720 25.523 29.367 3.844 15.000
 102 246.13 66603.786 66357.656 26960.400
 206 111.471 147.640 36.169 32.400
 308 71.4413 67.010 4.4313 6.200
 413 51.9903 43.376 8.6143 16.500
 518 40.954 32.022 8.932 21.800
 619 33.802 25.395 8.407 24.800
 720 28.9983 21.064 7.9343 27.300
 102 373.599 214438.256 214064.657 57297.900
 206 185.441 191.385 5.944 3.200
 308 115.578 74.874 40.704 35.200
 413 81.3163 46.448 34.8683 42.800
 518 61.5197 33.693 27.8267 45.200
 619 49.3707 26.439 22.9317 46.400
 720 40.5513 21.766 18.7853 46.300
 102 371.039 23789.076 23418.037 6311.400
 206 129.413 153.968 24.555 18.900
 308 71.148 68.362 2.786 3.900
 413 49.3087 43.868 5.4407 11.000
 518 36.956 32.317 4.639 12.500
 619 30.0213 25.600 4.4213 14.700
 720 24.7613 21.170 3.5913 14.500
 102 244.579 1492345126059298.570 1492345126059053.991 610168954022648.700
 206 123.671 991105030.389 991104906.718 801404457.500
 308 48.082 3324.314 3276.232 6813.800
 413 34.814 266.977 232.163 666.800
 518 27.4497 78.495 51.0453 185.900
 619 22.5237 45.614 23.0903 102.500
 720 19.2183 29.500 10.2817 53.400
 102 154.622 453.672 299.050 193.400
 206 66.508 86.384 19.876 29.800
 308 36.1513 41.996 5.8447 16.100
 413 25.422 27.750 2.328 9.100
 518 19.6867 20.709 1.0223 5.100
 619 16.0877 16.547 .4593 2.800
 720 13.6383 13.761 .1227 .800
 102 96.888 118.538 21.650 22.300
 206 46.2213 48.414 2.1927 4.700
 308 30.658 30.418 .240 .700
 413 22.9293 22.179 .7503 3.200
 518 18.318 17.432 .886 4.800
 619 15.195 14.376 .819 5.300
 720 13.0457 12.240 .8057 6.100
 102 274.921 341768114.012 341767839.091 124314926.500
 206 137.223 2922675.568 2922538.345 2129772.900
 308 91.4383 189113.846 189022.4077 206721.200
 413 68.459 28188.835 28120.376 41076.200
 518 54.7883 6684.246 6629.4577 12100.100
 619 45.7403 2142.865 2097.1247 4584.800
 720 39.2227 850.407 811.1843 2068.100
 102 108.259 24699.863 24591.604 22715.500
 206 53.5107 135.127 81.6163 152.500
 308 33.9337 51.499 17.5653 51.700
 413 23.684 31.170 7.486 31.600
 518 20.8827 22.806 1.9233 9.200
 619 15.1297 17.626 2.4963 16.400
 720 13.3027 14.639 1.3363 10.000
 102 120.867 110.182 10.685 8.800
 206 56.5843 46.940 9.6443 17.000
 308 36.833 29.818 7.015 19.000
 413 27.3917 21.872 5.5197 20.100
 518 21.7583 17.252 4.5063 20.700
 619 18.093 14.240 3.853 21.200
 720 15.448 12.134 3.314 21.400
 102 208.991 1144.586 935.595 447.600
 206 123.537 443.924 320.387 259.300
 308 52.672 76.975 24.303 46.100
 413 32.664 39.669 7.005 21.400
 518 23.3433 26.689 3.3457 14.300
 619 18.1473 20.138 1.9907 10.900
 720 15.152 16.160 1.008 6.600
 102 205.803 11065.589 10859.786 5276.700
 206 124.412 3725.107 3600.695 2894.100
 308 82.648 469.472 386.824 468.000
 413 61.9777 89.128 27.1503 43.800
 518 49.6907 42.991 6.6997 13.400
 619 39.0557 28.138 10.9177 27.900
 720 20.0527 20.969 .9163 4.500
 102 281.819 1693634.068 1693352.249 600865.100
 206 117.921 140.247 22.326 18.900
 308 72.7767 51.690 21.0867 28.900
 413 51.6597 31.682 19.9777 38.600
 518 39.1467 22.839 16.3077 41.600
 619 31.5883 17.858 13.7303 43.400
 720 26.4437 14.662 11.7817 44.500
 102 249.674 766896.783 766647.109 307059.200
 206 124.043 241.500 117.457 94.600
 308 82.2933 61.629 20.6643 25.100
 413 61.105 35.184 25.921 42.400
 518 49.584 24.592 24.992 50.400
 619 40.7823 18.909 21.8733 53.600
 720 35.0883 15.376 19.7123 56.100
 102 239.179 8862565.498 8862326.319 3705311.200
 206 104.273 148.930 44.657 42.800
 308 62.843 52.809 10.034 15.900
 413 44.051 32.092 11.959 27.100
 518 33.6753 23.068 10.6073 31.400
 619 26.9417 17.981 8.9607 33.200
 720 22.8313 14.756 8.0753 35.300
 102 248.35 254.361 6.011 2.400
 206 123.868 61.931 61.937 50.000
 308 82.3047 35.252 47.0527 57.100
 413 61.4027 24.637 36.7657 59.800
 518 49.1317 18.939 30.1927 61.400
 619 40.2163 15.386 24.8303 61.700
 720 33.9637 12.942 21.0217 61.800
 102 252.939 3566711.521 3566458.582 1410007.300
 206 125.993 6466.641 6340.648 5032.500
 308 85.6653 379.908 294.2427 343.400
 413 63.8637 88.678 24.8143 38.800
 518 50.3387 43.810 6.5287 12.900
 619 41.5367 28.616 12.9207 31.100
 720 35.892 21.192 14.700 40.900
 102 187.05 106.086 80.964 43.200
 206 90.619 46.202 44.417 49.000
 308 59.3587 29.545 29.8137 50.200
 413 43.6317 21.708 21.9237 50.200
 518 34.3407 17.154 17.1867 50.000
 619 28.447 14.185 14.262 50.100
 720 23.9067 12.088 11.8187 49.400
 102 281.543 3692.052 3410.509 1211.300
 206 138.193 365.158 226.965 164.200
 308 86.78 116.760 29.980 34.500
 413 63.6613 59.146 4.5153 7.000
 518 50.347 39.763 10.584 21.000
 619 40.8047 28.466 12.3387 30.200
 720 31.1123 21.227 9.8853 31.700
