 102 108.102 105.758 2.344 2.100
 206 47.128 46.161 .967 2.000
 308 28.9287 29.517 .5883 2.000
 413 21.856 21.688 .168 .700
 518 17.4393 17.154 .2853 1.600
 619 14.504 14.171 .333 2.200
 720 12.347 12.088 .259 2.000
 102 259.28 3727073.443 3726814.163 1437370.400
 206 126.05 36746.321 36620.271 29052.100
 308 86.7163 10840.645 10753.9287 12401.200
 413 62.4683 1797.918 1735.4497 2778.100
 518 49.5073 699.498 649.9907 1312.900
 619 41.958 168.382 126.424 301.300
 720 36.0627 65.812 29.7493 82.400
 102 175.43 234.700 59.270 33.700
 206 122.194 60.661 61.533 50.300
 308 81.276 34.869 46.407 57.000
 413 61.4057 24.432 36.9737 60.200
 518 48.1167 18.825 29.2917 60.800
 619 40.4953 15.305 25.1903 62.200
 720 35.1177 12.895 22.2227 63.200
 102 250.882 451146.874 450895.992 179724.300
 206 135.88 16308.101 16172.221 11901.800
 308 92.668 7077.169 6984.501 7537.100
 413 66.78 1534.894 1468.114 2198.400
 518 50.7393 856.522 805.7827 1588.000
 619 42.495 315.944 273.449 643.400
 720 36.4573 187.407 150.9497 414.000
 102 147.845 187.842 39.997 27.000
 206 66.8337 57.016 9.8177 14.600
 308 42.774 33.613 9.161 21.400
 413 32.23 23.838 8.392 26.000
 518 24.5423 18.448 6.0943 24.800
 619 19.8797 15.059 4.8207 24.200
 720 16.0757 12.708 3.3677 20.900
 102 248.642 3005585.735 3005337.093 1208700.400
 206 119.981 191.201 71.220 59.300
 308 61.4777 57.342 4.1357 6.700
 413 43.0017 33.730 9.2717 21.500
 518 33.232 23.871 9.361 28.100
 619 24.3617 18.499 5.8627 24.000
 720 17.231 15.072 2.159 12.500
 102 127.228 315.064 187.836 147.600
 206 54.198 65.003 10.805 19.900
 308 35.2197 36.207 .9873 2.800
 413 25.28 25.108 .172 .600
 518 20.5937 19.218 1.3757 6.600
 619 16.5463 15.564 .9823 5.900
 720 14.465 13.071 1.394 9.600
 102 247.056 145584795281.735 145584795034.679 58927852403.700
 206 120.586 12235.735 12115.149 10046.800
 308 70.526 115.204 44.678 63.300
 413 46.344 47.841 1.497 3.200
 518 34.2357 30.228 4.0077 11.700
 619 26.539 22.049 4.490 16.900
 720 21.76 17.377 4.383 20.100
 102 114.224 998.686 884.462 774.300
 206 50.8163 76.267 25.4507 50.000
 308 32.8113 39.511 6.6997 20.400
 413 24.6153 26.624 2.0087 8.100
 518 18.8067 20.086 1.2793 6.800
 619 15.8553 16.137 .2817 1.700
 720 13.7807 13.480 .3007 2.100
 102 175.407 640152.371 639976.964 364852.500
 206 68.1993 118.374 50.1747 73.500
 308 42.3917 48.413 6.0213 14.200
 413 31.263 30.412 .851 2.700
 518 24.568 22.167 2.401 9.700
 619 20.2783 17.448 2.8303 13.900
 720 17.5813 14.370 3.2113 18.200
 102 246.935 818563.153 818316.218 331389.300
 206 125.462 1924.669 1799.207 1434.000
 308 81.6223 100.376 18.7537 22.900
 413 61.099 45.096 16.003 26.100
 518 49.1773 29.097 20.0803 40.800
 619 39.8147 21.462 18.3527 46.000
 720 33.604 17.003 16.601 49.400
 102 255.88 10505736.601 10505480.721 4105627.900
 206 128.049 9615.155 9487.106 7408.900
 308 86.3823 366.173 279.7907 323.800
 413 64.6147 86.732 22.1173 34.200
 518 51.2947 43.237 8.0577 15.700
 619 41.787 28.384 13.403 32.000
 720 36.0297 21.075 14.9547 41.500
 102 140.108 2455057.612 2454917.504 1752160.800
 206 55.7787 132.096 76.3173 136.800
 308 35.32 50.543 15.223 43.100
 413 25.3887 31.252 5.8633 23.000
 518 20.5493 22.626 2.0767 10.100
 619 16.591 17.721 1.130 6.800
 720 14.3397 14.568 .2283 1.500
 102 247.641 3322.183 3074.542 1241.500
 206 122.352 126.771 4.419 3.600
 308 81.895 49.724 32.171 39.200
 413 60.3893 30.924 29.4653 48.700
 518 45.05 22.462 22.588 50.100
 619 35.4507 17.612 17.8387 50.300
 720 29.3827 14.498 14.8847 50.600
 102 249.81 3179.479 2929.669 1172.700
 206 124.495 180.346 55.851 44.800
 308 81.8787 56.987 24.8917 30.400
 413 62.1517 33.628 28.5237 45.800
 518 49.4643 23.805 25.6593 51.800
 619 40.7737 18.445 22.3287 54.700
 720 35.0133 15.060 19.9533 56.900
 102 246.999 3779.461 3532.462 1430.100
 206 123.518 119.726 3.792 3.000
 308 82.111 48.577 33.534 40.800
 413 56.2353 30.515 25.7203 45.700
 518 41.7197 22.216 19.5037 46.700
 619 32.579 17.475 15.104 46.300
 720 26.9073 14.405 12.5023 46.400
 102 226.619 142.213 84.406 37.200
 206 108.258 51.978 56.280 51.900
 308 71.07 31.784 39.286 55.200
 413 52.505 22.896 29.609 56.300
 518 41.6317 17.874 23.7577 57.000
 619 34.541 14.676 19.865 57.500
 720 29.731 12.439 17.292 58.100
 102 252.515 359722.762 359470.247 142355.900
 206 124.441 550.010 425.569 341.900
 308 84.945 82.737 2.208 2.500
 413 63.1537 41.205 21.9487 34.700
 518 50.1903 27.394 22.7963 45.400
 619 41.5333 20.520 21.0133 50.500
 720 35.281 16.406 18.875 53.400
 102 166.666 108.789 57.877 34.700
 206 79.2473 46.694 32.5533 41.000
 308 51.8303 29.736 22.0943 42.600
 413 38.622 21.790 16.832 43.500
 518 30.6023 17.219 13.3833 43.700
 619 25.4943 14.226 11.2683 44.100
 720 21.5857 12.123 9.4627 43.800
 102 250.799 276.152 25.353 10.100
 206 71.7897 73.523 1.7333 2.400
 308 38.4663 38.719 .2527 .600
 413 26.2457 26.275 .0293 .100
 518 20.001 19.906 .095 .400
 619 16.071 16.001 .070 .400
 720 13.4697 13.351 .1187 .800
 102 282.109 860.323 578.214 204.900
 206 125.176 130.498 5.322 4.200
 308 62.253 62.831 .578 .900
 413 35.945 35.614 .331 .900
 518 25.0693 24.821 .2483 .900
 619 19.3183 19.032 .2863 1.400
 720 16.8547 15.434 1.4207 8.400
 102 191.531 907.018 715.487 373.500
 206 92.7693 75.571 17.1983 18.500
 308 60.5723 39.266 21.3063 35.100
 413 42.0947 26.562 15.5327 36.800
 518 31.776 20.037 11.739 36.900
 619 25.791 16.096 9.695 37.500
 720 22.136 13.457 8.679 39.200
 102 216.011 1362488.442 1362272.431 630649.500
 206 124.434 395.182 270.748 217.500
 308 81.8463 68.947 12.8993 15.700
 413 60.9297 37.437 23.4927 38.500
 518 49.1637 25.673 23.4907 47.700
 619 40.3973 19.551 20.8463 51.600
 720 34.566 15.762 18.804 54.400
 102 264.279 38784.532 38520.253 14575.600
 206 129.171 39594.598 39465.427 30552.800
 308 84.693 396650.942 396566.249 468239.600
 413 41.8453 3355.504 3313.6587 7918.800
 518 39.3 1727.938 1688.638 4296.700
 619 30.441 334.498 304.057 998.800
 720 16.4043 51.219 34.8147 212.200
 102 132.225 180.387 48.162 36.400
 206 53.1113 56.320 3.2087 6.000
 308 32.7453 33.367 .6217 1.800
 413 22.7017 23.695 .9933 4.300
 518 17.967 18.382 .415 2.300
 619 14.844 15.018 .174 1.100
 720 12.7357 12.684 .0517 .400
 102 138.891 311.459 172.568 124.200
 206 54.5467 64.798 10.2513 18.700
 308 32.913 36.153 3.240 9.800
 413 23.1687 25.088 1.9193 8.200
 518 18.1723 19.202 1.0297 5.600
 619 14.919 15.537 .618 4.100
 720 12.761 13.071 .310 2.400
 102 266.546 1418351.001 1418084.455 532022.400
 206 125.842 91254.374 91128.532 72415.000
 308 85.1283 6717.958 6632.8297 7791.500
 413 66.097 2045.521 1979.424 2994.700
 518 50.445 494.256 443.811 879.700
 619 41.665 178.676 137.011 328.800
 720 35.9423 85.962 50.0197 139.100
 102 280.38 8738357.821 8738077.441 3116512.300
 206 143.573 290274.467 290130.894 202079.000
 308 91.075 40791.641 40700.566 44689.000
 413 68.09 10378.833 10310.743 15142.800
 518 54.394 3660.595 3606.201 6629.700
 619 45.1093 1590.847 1545.7377 3426.600
 720 38.5413 800.007 761.4657 1975.700
 102 112.99 305.643 192.653 170.500
 206 49.8027 64.593 14.7903 29.600
 308 30.8333 36.098 5.2647 17.000
 413 22.2187 25.047 2.8283 12.700
 518 14.7633 19.169 4.4057 29.800
 619 13.7223 15.537 1.8147 13.200
 720 12.9823 13.059 .0767 .500
 102 93.3923 745.881 652.4887 698.600
 206 32.8277 74.137 41.3093 125.800
 308 20.2953 38.965 18.6697 91.900
 413 14.786 26.398 11.612 78.500
 518 11.744 19.890 8.146 69.300
 619 9.69833 16.001 6.30267 64.900
 720 8.29333 13.398 5.10467 61.500
 102 144.242 171.704 27.462 19.000
 206 72.4583 55.418 17.0403 23.500
 308 47.6707 33.040 14.6307 30.600
 413 35.678 23.531 12.147 34.000
 518 24.9507 18.284 6.6667 26.700
 619 11.722 14.950 3.228 27.500
 720 11.3183 12.626 1.3077 11.500
 102 143.43 222.003 78.573 54.700
 206 42.892 59.760 16.868 39.300
 308 25.6687 34.542 8.8733 34.500
 413 17.5847 24.289 6.7043 38.100
 518 13.9173 18.743 4.8257 34.600
 619 10.7937 15.250 4.4563 41.200
 720 9.36967 12.848 3.47833 37.100
 102 288.206 6609.879 6321.673 2193.400
 206 137.144 587.653 450.509 328.400
 308 90.6543 170.580 79.9257 88.100
 413 62.455 99.328 36.873 59.000
 518 49.2197 70.680 21.4603 43.600
 619 39.176 39.334 .158 .400
 720 27.5723 26.586 .9863 3.500
 102 371.821 39725075.988 39724704.167 10683824.700
 206 177.39 270.868 93.478 52.600
 308 108.657 62.913 45.744 42.000
 413 77.1237 35.614 41.5097 53.800
 518 60.1813 24.821 35.3603 58.700
 619 48.4417 19.032 29.4097 60.700
 720 40.3217 15.434 24.8877 61.700
 102 283.59 581.632 298.042 105.000
 206 132.343 71.843 60.500 45.700
 308 85.0743 38.283 46.7913 55.000
 413 61.5943 26.071 35.5233 57.600
 518 48.0623 19.775 28.2873 58.800
 619 40.1777 15.919 24.2587 60.300
 720 34.077 13.340 20.737 60.800
 102 369.754 125977.968 125608.214 33970.700
 206 115.257 108.625 6.632 5.700
 308 57.6677 46.665 11.0027 19.000
 413 38.3637 29.716 8.6477 22.500
 518 29.3897 21.807 7.5827 25.800
 619 23.882 17.216 6.666 27.900
 720 20.1817 14.217 5.9647 29.500
 102 400.074 73771.171 73371.097 18339.300
 206 186.946 49356.308 49169.362 26301.300
 308 118.027 503.194 385.167 326.300
 413 60.3433 74.035 13.6917 22.600
 518 49.1723 38.912 10.2603 20.800
 619 32.7693 26.350 6.4193 19.500
 720 25.523 19.893 5.630 22.000
 102 246.13 281.477 35.347 14.300
 206 111.471 63.365 48.106 43.100
 308 71.4413 35.716 35.7253 50.000
 413 51.9903 24.883 27.1073 52.100
 518 40.954 19.070 21.884 53.400
 619 33.802 15.468 18.334 54.200
 720 28.9983 13.012 15.9863 55.100
 102 373.599 300006.440 299632.841 80201.700
 206 185.441 140.738 44.703 24.100
 308 115.578 51.690 63.888 55.200
 413 81.3163 31.682 49.6343 61.000
 518 61.5197 22.839 38.6807 62.800
 619 49.3707 17.858 31.5127 63.800
 720 40.5513 14.662 25.8893 63.800
 102 371.039 5319.557 4948.518 1333.600
 206 129.413 92.037 37.376 28.800
 308 71.148 43.334 27.814 39.000
 413 49.3087 28.323 20.9857 42.500
 518 36.956 21.053 15.903 43.000
 619 30.0213 16.738 13.2833 44.200
 720 24.7613 13.890 10.8713 43.900
 102 244.579 15052517124.177 15052516879.598 6154460063.800
 206 123.671 20559.544 20435.873 16524.300
 308 48.082 141.499 93.417 194.200
 413 34.814 54.108 19.294 55.400
 518 27.4497 32.555 5.1053 18.500
 619 22.5237 23.414 .8903 3.900
 720 19.2183 18.173 1.0453 5.400
 102 154.622 378.880 224.258 145.000
 206 66.508 78.766 12.258 18.400
 308 36.1513 40.139 3.9877 11.000
 413 25.422 26.931 1.509 5.900
 518 19.6867 20.250 .5633 2.800
 619 16.0877 16.247 .1593 .900
 720 13.6383 13.550 .0883 .600
 102 96.888 101.826 4.938 5.000
 206 46.2213 45.383 .8383 1.800
 308 30.658 29.190 1.468 4.700
 413 22.9293 21.524 1.4053 6.100
 518 18.318 17.039 1.279 6.900
 619 15.195 14.103 1.092 7.100
 720 13.0457 12.029 1.0167 7.700
 102 274.921 259318014.935 259317740.014 94324456.800
 206 137.223 2229687.869 2229550.646 1624764.500
 308 91.4383 144942.514 144851.0757 158414.000
 413 68.459 21775.790 21707.331 31708.500
 518 54.7883 5215.404 5160.6157 9419.100
 619 45.7403 1690.569 1644.8287 3596.000
 720 39.2227 680.529 641.3063 1635.000
 102 108.259 4526.571 4418.312 4081.200
 206 53.5107 100.597 47.0863 87.900
 308 33.9337 45.273 11.3393 33.400
 413 23.684 28.917 5.233 22.000
 518 20.8827 21.495 .6123 2.900
 619 15.1297 16.902 1.7723 11.700
 720 13.3027 14.089 .7863 5.900
 102 120.867 98.222 22.645 18.700
 206 56.5843 44.646 11.9383 21.000
 308 36.833 28.889 7.944 21.500
 413 27.3917 21.340 6.0517 22.000
 518 21.7583 16.941 4.8173 22.100
 619 18.093 14.021 4.072 22.500
 720 15.448 11.971 3.477 22.500
 102 208.991 1292.533 1083.542 518.400
 206 123.537 606.945 483.408 391.300
 308 52.672 85.249 32.577 61.800
 413 32.664 41.861 9.197 28.100
 518 23.3433 27.688 4.3447 18.600
 619 18.1473 20.656 2.5087 13.800
 720 15.152 16.523 1.371 9.000
 102 205.803 21614.510 21408.707 10402.500
 206 124.412 12830.883 12706.471 10213.200
 308 82.648 2249.413 2166.765 2621.600
 413 61.9777 210.206 148.2283 239.100
 518 49.6907 64.110 14.4193 29.000
 619 39.0557 36.016 3.0397 7.700
 720 20.0527 24.995 4.9423 24.600
 102 281.819 8548773.232 8548491.413 3033326.800
 206 117.921 170.639 52.718 44.700
 308 72.7767 55.376 17.4007 23.900
 413 51.6597 33.013 18.6467 36.000
 518 39.1467 23.527 15.6197 39.900
 619 31.5883 18.267 13.3213 42.100
 720 26.4437 14.943 11.5007 43.400
 102 249.674 1303636.705 1303387.031 522035.500
 206 124.043 287.621 163.578 131.800
 308 82.2933 64.687 17.6063 21.300
 413 61.105 36.106 24.999 40.900
 518 49.584 25.083 24.501 49.400
 619 40.7823 19.196 21.5863 52.900
 720 35.0883 15.540 19.5483 55.700
 102 239.179 27606705.274 27606466.095 11542178.000
 206 104.273 169.246 64.973 62.300
 308 62.843 55.158 7.685 12.200
 413 44.051 32.972 11.079 25.100
 518 33.6753 23.494 10.1813 30.200
 619 26.9417 18.240 8.7017 32.200
 720 22.8313 14.920 7.9113 34.600
 102 248.35 420.577 172.227 69.300
 206 123.868 68.608 55.260 44.600
 308 82.3047 37.299 45.0057 54.600
 413 61.4027 25.620 35.7827 58.200
 518 49.1317 19.513 29.6187 60.200
 619 40.2163 15.755 24.4613 60.800
 720 33.9637 13.211 20.7527 61.100
 102 252.939 6001927.618 6001674.679 2372775.500
 206 125.993 10160.824 10034.831 7964.500
 308 85.6653 539.757 454.0917 530.000
 413 63.8637 106.700 42.8363 67.000
 518 50.3387 48.644 1.6947 3.300
 619 41.5367 30.719 10.8177 26.000
 720 35.892 22.327 13.565 37.700
 102 187.05 109.199 77.851 41.600
 206 90.619 46.776 43.843 48.300
 308 59.3587 29.763 29.5957 49.800
 413 43.6317 21.831 21.8007 49.900
 518 34.3407 17.235 17.1057 49.800
 619 28.447 14.226 14.221 49.900
 720 23.9067 12.123 11.7837 49.200
 102 281.543 2761.687 2480.144 880.900
 206 138.193 291.676 153.483 111.000
 308 86.78 98.875 12.095 13.900
 413 63.6613 51.978 11.6833 18.300
 518 50.347 35.176 15.171 30.100
 619 40.8047 25.558 15.2467 37.300
 720 31.1123 19.495 11.6173 37.300
 102 108.102 105.758 2.344 2.100
 206 47.128 46.161 .967 2.000
 308 28.9287 29.517 .5883 2.000
 413 21.856 21.688 .168 .700
 518 17.4393 17.154 .2853 1.600
 619 14.504 14.171 .333 2.200
 720 12.347 12.088 .259 2.000
 102 259.28 3727073.443 3726814.163 1437370.400
 206 126.05 36746.321 36620.271 29052.100
 308 86.7163 10840.645 10753.9287 12401.200
 413 62.4683 1797.918 1735.4497 2778.100
 518 49.5073 699.498 649.9907 1312.900
 619 41.958 168.382 126.424 301.300
 720 36.0627 65.812 29.7493 82.400
 102 175.43 234.700 59.270 33.700
 206 122.194 60.661 61.533 50.300
 308 81.276 34.869 46.407 57.000
 413 61.4057 24.432 36.9737 60.200
 518 48.1167 18.825 29.2917 60.800
 619 40.4953 15.305 25.1903 62.200
 720 35.1177 12.895 22.2227 63.200
 102 250.882 451146.874 450895.992 179724.300
 206 135.88 16308.101 16172.221 11901.800
 308 92.668 7077.169 6984.501 7537.100
 413 66.78 1534.894 1468.114 2198.400
 518 50.7393 856.522 805.7827 1588.000
 619 42.495 315.944 273.449 643.400
 720 36.4573 187.407 150.9497 414.000
 102 147.845 187.842 39.997 27.000
 206 66.8337 57.016 9.8177 14.600
 308 42.774 33.613 9.161 21.400
 413 32.23 23.838 8.392 26.000
 518 24.5423 18.448 6.0943 24.800
 619 19.8797 15.059 4.8207 24.200
 720 16.0757 12.708 3.3677 20.900
 102 248.642 3005585.735 3005337.093 1208700.400
 206 119.981 191.201 71.220 59.300
 308 61.4777 57.342 4.1357 6.700
 413 43.0017 33.730 9.2717 21.500
 518 33.232 23.871 9.361 28.100
 619 24.3617 18.499 5.8627 24.000
 720 17.231 15.072 2.159 12.500
 102 127.228 315.064 187.836 147.600
 206 54.198 65.003 10.805 19.900
 308 35.2197 36.207 .9873 2.800
 413 25.28 25.108 .172 .600
 518 20.5937 19.218 1.3757 6.600
 619 16.5463 15.564 .9823 5.900
 720 14.465 13.071 1.394 9.600
 102 247.056 145584795281.735 145584795034.679 58927852403.700
 206 120.586 12235.735 12115.149 10046.800
 308 70.526 115.204 44.678 63.300
 413 46.344 47.841 1.497 3.200
 518 34.2357 30.228 4.0077 11.700
 619 26.539 22.049 4.490 16.900
 720 21.76 17.377 4.383 20.100
 102 114.224 998.686 884.462 774.300
 206 50.8163 76.267 25.4507 50.000
 308 32.8113 39.511 6.6997 20.400
 413 24.6153 26.624 2.0087 8.100
 518 18.8067 20.086 1.2793 6.800
 619 15.8553 16.137 .2817 1.700
 720 13.7807 13.480 .3007 2.100
 102 175.407 640152.371 639976.964 364852.500
 206 68.1993 118.374 50.1747 73.500
 308 42.3917 48.413 6.0213 14.200
 413 31.263 30.412 .851 2.700
 518 24.568 22.167 2.401 9.700
 619 20.2783 17.448 2.8303 13.900
 720 17.5813 14.370 3.2113 18.200
 102 246.935 818563.153 818316.218 331389.300
 206 125.462 1924.669 1799.207 1434.000
 308 81.6223 100.376 18.7537 22.900
 413 61.099 45.096 16.003 26.100
 518 49.1773 29.097 20.0803 40.800
 619 39.8147 21.462 18.3527 46.000
 720 33.604 17.003 16.601 49.400
 102 255.88 10505736.601 10505480.721 4105627.900
 206 128.049 9615.155 9487.106 7408.900
 308 86.3823 366.173 279.7907 323.800
 413 64.6147 86.732 22.1173 34.200
 518 51.2947 43.237 8.0577 15.700
 619 41.787 28.384 13.403 32.000
 720 36.0297 21.075 14.9547 41.500
 102 140.108 2455057.612 2454917.504 1752160.800
 206 55.7787 132.096 76.3173 136.800
 308 35.32 50.543 15.223 43.100
 413 25.3887 31.252 5.8633 23.000
 518 20.5493 22.626 2.0767 10.100
 619 16.591 17.721 1.130 6.800
 720 14.3397 14.568 .2283 1.500
 102 247.641 3322.183 3074.542 1241.500
 206 122.352 126.771 4.419 3.600
 308 81.895 49.724 32.171 39.200
 413 60.3893 30.924 29.4653 48.700
 518 45.05 22.462 22.588 50.100
 619 35.4507 17.612 17.8387 50.300
 720 29.3827 14.498 14.8847 50.600
 102 249.81 3179.479 2929.669 1172.700
 206 124.495 180.346 55.851 44.800
 308 81.8787 56.987 24.8917 30.400
 413 62.1517 33.628 28.5237 45.800
 518 49.4643 23.805 25.6593 51.800
 619 40.7737 18.445 22.3287 54.700
 720 35.0133 15.060 19.9533 56.900
 102 246.999 3779.461 3532.462 1430.100
 206 123.518 119.726 3.792 3.000
 308 82.111 48.577 33.534 40.800
 413 56.2353 30.515 25.7203 45.700
 518 41.7197 22.216 19.5037 46.700
 619 32.579 17.475 15.104 46.300
 720 26.9073 14.405 12.5023 46.400
 102 226.619 142.213 84.406 37.200
 206 108.258 51.978 56.280 51.900
 308 71.07 31.784 39.286 55.200
 413 52.505 22.896 29.609 56.300
 518 41.6317 17.874 23.7577 57.000
 619 34.541 14.676 19.865 57.500
 720 29.731 12.439 17.292 58.100
 102 252.515 359722.762 359470.247 142355.900
 206 124.441 550.010 425.569 341.900
 308 84.945 82.737 2.208 2.500
 413 63.1537 41.205 21.9487 34.700
 518 50.1903 27.394 22.7963 45.400
 619 41.5333 20.520 21.0133 50.500
 720 35.281 16.406 18.875 53.400
 102 166.666 108.789 57.877 34.700
 206 79.2473 46.694 32.5533 41.000
 308 51.8303 29.736 22.0943 42.600
 413 38.622 21.790 16.832 43.500
 518 30.6023 17.219 13.3833 43.700
 619 25.4943 14.226 11.2683 44.100
 720 21.5857 12.123 9.4627 43.800
 102 250.799 276.152 25.353 10.100
 206 71.7897 73.523 1.7333 2.400
 308 38.4663 38.719 .2527 .600
 413 26.2457 26.275 .0293 .100
 518 20.001 19.906 .095 .400
 619 16.071 16.001 .070 .400
 720 13.4697 13.351 .1187 .800
 102 282.109 860.323 578.214 204.900
 206 125.176 130.498 5.322 4.200
 308 62.253 62.831 .578 .900
 413 35.945 35.614 .331 .900
 518 25.0693 24.821 .2483 .900
 619 19.3183 19.032 .2863 1.400
 720 16.8547 15.434 1.4207 8.400
 102 191.531 907.018 715.487 373.500
 206 92.7693 75.571 17.1983 18.500
 308 60.5723 39.266 21.3063 35.100
 413 42.0947 26.562 15.5327 36.800
 518 31.776 20.037 11.739 36.900
 619 25.791 16.096 9.695 37.500
 720 22.136 13.457 8.679 39.200
 102 216.011 1362488.442 1362272.431 630649.500
 206 124.434 395.182 270.748 217.500
 308 81.8463 68.947 12.8993 15.700
 413 60.9297 37.437 23.4927 38.500
 518 49.1637 25.673 23.4907 47.700
 619 40.3973 19.551 20.8463 51.600
 720 34.566 15.762 18.804 54.400
 102 264.279 38784.532 38520.253 14575.600
 206 129.171 39594.598 39465.427 30552.800
 308 84.693 396650.942 396566.249 468239.600
 413 41.8453 3355.504 3313.6587 7918.800
 518 39.3 1727.938 1688.638 4296.700
 619 30.441 334.498 304.057 998.800
 720 16.4043 51.219 34.8147 212.200
 102 132.225 180.387 48.162 36.400
 206 53.1113 56.320 3.2087 6.000
 308 32.7453 33.367 .6217 1.800
 413 22.7017 23.695 .9933 4.300
 518 17.967 18.382 .415 2.300
 619 14.844 15.018 .174 1.100
 720 12.7357 12.684 .0517 .400
 102 138.891 311.459 172.568 124.200
 206 54.5467 64.798 10.2513 18.700
 308 32.913 36.153 3.240 9.800
 413 23.1687 25.088 1.9193 8.200
 518 18.1723 19.202 1.0297 5.600
 619 14.919 15.537 .618 4.100
 720 12.761 13.071 .310 2.400
 102 266.546 1418351.001 1418084.455 532022.400
 206 125.842 91254.374 91128.532 72415.000
 308 85.1283 6717.958 6632.8297 7791.500
 413 66.097 2045.521 1979.424 2994.700
 518 50.445 494.256 443.811 879.700
 619 41.665 178.676 137.011 328.800
 720 35.9423 85.962 50.0197 139.100
 102 280.38 8738357.821 8738077.441 3116512.300
 206 143.573 290274.467 290130.894 202079.000
 308 91.075 40791.641 40700.566 44689.000
 413 68.09 10378.833 10310.743 15142.800
 518 54.394 3660.595 3606.201 6629.700
 619 45.1093 1590.847 1545.7377 3426.600
 720 38.5413 800.007 761.4657 1975.700
 102 112.99 305.643 192.653 170.500
 206 49.8027 64.593 14.7903 29.600
 308 30.8333 36.098 5.2647 17.000
 413 22.2187 25.047 2.8283 12.700
 518 14.7633 19.169 4.4057 29.800
 619 13.7223 15.537 1.8147 13.200
 720 12.9823 13.059 .0767 .500
 102 93.3923 745.881 652.4887 698.600
 206 32.8277 74.137 41.3093 125.800
 308 20.2953 38.965 18.6697 91.900
 413 14.786 26.398 11.612 78.500
 518 11.744 19.890 8.146 69.300
 619 9.69833 16.001 6.30267 64.900
 720 8.29333 13.398 5.10467 61.500
 102 144.242 171.704 27.462 19.000
 206 72.4583 55.418 17.0403 23.500
 308 47.6707 33.040 14.6307 30.600
 413 35.678 23.531 12.147 34.000
 518 24.9507 18.284 6.6667 26.700
 619 11.722 14.950 3.228 27.500
 720 11.3183 12.626 1.3077 11.500
 102 143.43 222.003 78.573 54.700
 206 42.892 59.760 16.868 39.300
 308 25.6687 34.542 8.8733 34.500
 413 17.5847 24.289 6.7043 38.100
 518 13.9173 18.743 4.8257 34.600
 619 10.7937 15.250 4.4563 41.200
 720 9.36967 12.848 3.47833 37.100
 102 288.206 6609.879 6321.673 2193.400
 206 137.144 587.653 450.509 328.400
 308 90.6543 170.580 79.9257 88.100
 413 62.455 99.328 36.873 59.000
 518 49.2197 70.680 21.4603 43.600
 619 39.176 39.334 .158 .400
 720 27.5723 26.586 .9863 3.500
 102 371.821 39725075.988 39724704.167 10683824.700
 206 177.39 270.868 93.478 52.600
 308 108.657 62.913 45.744 42.000
 413 77.1237 35.614 41.5097 53.800
 518 60.1813 24.821 35.3603 58.700
 619 48.4417 19.032 29.4097 60.700
 720 40.3217 15.434 24.8877 61.700
 102 283.59 581.632 298.042 105.000
 206 132.343 71.843 60.500 45.700
 308 85.0743 38.283 46.7913 55.000
 413 61.5943 26.071 35.5233 57.600
 518 48.0623 19.775 28.2873 58.800
 619 40.1777 15.919 24.2587 60.300
 720 34.077 13.340 20.737 60.800
 102 369.754 125977.968 125608.214 33970.700
 206 115.257 108.625 6.632 5.700
 308 57.6677 46.665 11.0027 19.000
 413 38.3637 29.716 8.6477 22.500
 518 29.3897 21.807 7.5827 25.800
 619 23.882 17.216 6.666 27.900
 720 20.1817 14.217 5.9647 29.500
 102 400.074 73771.171 73371.097 18339.300
 206 186.946 49356.308 49169.362 26301.300
 308 118.027 503.194 385.167 326.300
 413 60.3433 74.035 13.6917 22.600
 518 49.1723 38.912 10.2603 20.800
 619 32.7693 26.350 6.4193 19.500
 720 25.523 19.893 5.630 22.000
 102 246.13 281.477 35.347 14.300
 206 111.471 63.365 48.106 43.100
 308 71.4413 35.716 35.7253 50.000
 413 51.9903 24.883 27.1073 52.100
 518 40.954 19.070 21.884 53.400
 619 33.802 15.468 18.334 54.200
 720 28.9983 13.012 15.9863 55.100
 102 373.599 300006.440 299632.841 80201.700
 206 185.441 140.738 44.703 24.100
 308 115.578 51.690 63.888 55.200
 413 81.3163 31.682 49.6343 61.000
 518 61.5197 22.839 38.6807 62.800
 619 49.3707 17.858 31.5127 63.800
 720 40.5513 14.662 25.8893 63.800
 102 371.039 5319.557 4948.518 1333.600
 206 129.413 92.037 37.376 28.800
 308 71.148 43.334 27.814 39.000
 413 49.3087 28.323 20.9857 42.500
 518 36.956 21.053 15.903 43.000
 619 30.0213 16.738 13.2833 44.200
 720 24.7613 13.890 10.8713 43.900
 102 244.579 15052517124.177 15052516879.598 6154460063.800
 206 123.671 20559.544 20435.873 16524.300
 308 48.082 141.499 93.417 194.200
 413 34.814 54.108 19.294 55.400
 518 27.4497 32.555 5.1053 18.500
 619 22.5237 23.414 .8903 3.900
 720 19.2183 18.173 1.0453 5.400
 102 154.622 378.880 224.258 145.000
 206 66.508 78.766 12.258 18.400
 308 36.1513 40.139 3.9877 11.000
 413 25.422 26.931 1.509 5.900
 518 19.6867 20.250 .5633 2.800
 619 16.0877 16.247 .1593 .900
 720 13.6383 13.550 .0883 .600
 102 96.888 101.826 4.938 5.000
 206 46.2213 45.383 .8383 1.800
 308 30.658 29.190 1.468 4.700
 413 22.9293 21.524 1.4053 6.100
 518 18.318 17.039 1.279 6.900
 619 15.195 14.103 1.092 7.100
 720 13.0457 12.029 1.0167 7.700
 102 274.921 259318014.935 259317740.014 94324456.800
 206 137.223 2229687.869 2229550.646 1624764.500
 308 91.4383 144942.514 144851.0757 158414.000
 413 68.459 21775.790 21707.331 31708.500
 518 54.7883 5215.404 5160.6157 9419.100
 619 45.7403 1690.569 1644.8287 3596.000
 720 39.2227 680.529 641.3063 1635.000
 102 108.259 4526.571 4418.312 4081.200
 206 53.5107 100.597 47.0863 87.900
 308 33.9337 45.273 11.3393 33.400
 413 23.684 28.917 5.233 22.000
 518 20.8827 21.495 .6123 2.900
 619 15.1297 16.902 1.7723 11.700
 720 13.3027 14.089 .7863 5.900
 102 120.867 98.222 22.645 18.700
 206 56.5843 44.646 11.9383 21.000
 308 36.833 28.889 7.944 21.500
 413 27.3917 21.340 6.0517 22.000
 518 21.7583 16.941 4.8173 22.100
 619 18.093 14.021 4.072 22.500
 720 15.448 11.971 3.477 22.500
 102 208.991 1292.533 1083.542 518.400
 206 123.537 606.945 483.408 391.300
 308 52.672 85.249 32.577 61.800
 413 32.664 41.861 9.197 28.100
 518 23.3433 27.688 4.3447 18.600
 619 18.1473 20.656 2.5087 13.800
 720 15.152 16.523 1.371 9.000
 102 205.803 21614.510 21408.707 10402.500
 206 124.412 12830.883 12706.471 10213.200
 308 82.648 2249.413 2166.765 2621.600
 413 61.9777 210.206 148.2283 239.100
 518 49.6907 64.110 14.4193 29.000
 619 39.0557 36.016 3.0397 7.700
 720 20.0527 24.995 4.9423 24.600
 102 281.819 8548773.232 8548491.413 3033326.800
 206 117.921 170.639 52.718 44.700
 308 72.7767 55.376 17.4007 23.900
 413 51.6597 33.013 18.6467 36.000
 518 39.1467 23.527 15.6197 39.900
 619 31.5883 18.267 13.3213 42.100
 720 26.4437 14.943 11.5007 43.400
 102 249.674 1303636.705 1303387.031 522035.500
 206 124.043 287.621 163.578 131.800
 308 82.2933 64.687 17.6063 21.300
 413 61.105 36.106 24.999 40.900
 518 49.584 25.083 24.501 49.400
 619 40.7823 19.196 21.5863 52.900
 720 35.0883 15.540 19.5483 55.700
 102 239.179 27606705.274 27606466.095 11542178.000
 206 104.273 169.246 64.973 62.300
 308 62.843 55.158 7.685 12.200
 413 44.051 32.972 11.079 25.100
 518 33.6753 23.494 10.1813 30.200
 619 26.9417 18.240 8.7017 32.200
 720 22.8313 14.920 7.9113 34.600
 102 248.35 420.577 172.227 69.300
 206 123.868 68.608 55.260 44.600
 308 82.3047 37.299 45.0057 54.600
 413 61.4027 25.620 35.7827 58.200
 518 49.1317 19.513 29.6187 60.200
 619 40.2163 15.755 24.4613 60.800
 720 33.9637 13.211 20.7527 61.100
 102 252.939 6001927.618 6001674.679 2372775.500
 206 125.993 10160.824 10034.831 7964.500
 308 85.6653 539.757 454.0917 530.000
 413 63.8637 106.700 42.8363 67.000
 518 50.3387 48.644 1.6947 3.300
 619 41.5367 30.719 10.8177 26.000
 720 35.892 22.327 13.565 37.700
 102 187.05 109.199 77.851 41.600
 206 90.619 46.776 43.843 48.300
 308 59.3587 29.763 29.5957 49.800
 413 43.6317 21.831 21.8007 49.900
 518 34.3407 17.235 17.1057 49.800
 619 28.447 14.226 14.221 49.900
 720 23.9067 12.123 11.7837 49.200
 102 281.543 2761.687 2480.144 880.900
 206 138.193 291.676 153.483 111.000
 308 86.78 98.875 12.095 13.900
 413 63.6613 51.978 11.6833 18.300
 518 50.347 35.176 15.171 30.100
 619 40.8047 25.558 15.2467 37.300
 720 31.1123 19.495 11.6173 37.300
 102 108.102 105.758 2.344 2.100
 206 47.128 46.161 .967 2.000
 308 28.9287 29.517 .5883 2.000
 413 21.856 21.688 .168 .700
 518 17.4393 17.154 .2853 1.600
 619 14.504 14.171 .333 2.200
 720 12.347 12.088 .259 2.000
 102 259.28 3727073.443 3726814.163 1437370.400
 206 126.05 36746.321 36620.271 29052.100
 308 86.7163 10840.645 10753.9287 12401.200
 413 62.4683 1797.918 1735.4497 2778.100
 518 49.5073 699.498 649.9907 1312.900
 619 41.958 168.382 126.424 301.300
 720 36.0627 65.812 29.7493 82.400
 102 175.43 234.700 59.270 33.700
 206 122.194 60.661 61.533 50.300
 308 81.276 34.869 46.407 57.000
 413 61.4057 24.432 36.9737 60.200
 518 48.1167 18.825 29.2917 60.800
 619 40.4953 15.305 25.1903 62.200
 720 35.1177 12.895 22.2227 63.200
 102 250.882 451146.874 450895.992 179724.300
 206 135.88 16308.101 16172.221 11901.800
 308 92.668 7077.169 6984.501 7537.100
 413 66.78 1534.894 1468.114 2198.400
 518 50.7393 856.522 805.7827 1588.000
 619 42.495 315.944 273.449 643.400
 720 36.4573 187.407 150.9497 414.000
 102 147.845 187.842 39.997 27.000
 206 66.8337 57.016 9.8177 14.600
 308 42.774 33.613 9.161 21.400
 413 32.23 23.838 8.392 26.000
 518 24.5423 18.448 6.0943 24.800
 619 19.8797 15.059 4.8207 24.200
 720 16.0757 12.708 3.3677 20.900
 102 248.642 3005585.735 3005337.093 1208700.400
 206 119.981 191.201 71.220 59.300
 308 61.4777 57.342 4.1357 6.700
 413 43.0017 33.730 9.2717 21.500
 518 33.232 23.871 9.361 28.100
 619 24.3617 18.499 5.8627 24.000
 720 17.231 15.072 2.159 12.500
 102 127.228 315.064 187.836 147.600
 206 54.198 65.003 10.805 19.900
 308 35.2197 36.207 .9873 2.800
 413 25.28 25.108 .172 .600
 518 20.5937 19.218 1.3757 6.600
 619 16.5463 15.564 .9823 5.900
 720 14.465 13.071 1.394 9.600
 102 247.056 145584795281.735 145584795034.679 58927852403.700
 206 120.586 12235.735 12115.149 10046.800
 308 70.526 115.204 44.678 63.300
 413 46.344 47.841 1.497 3.200
 518 34.2357 30.228 4.0077 11.700
 619 26.539 22.049 4.490 16.900
 720 21.76 17.377 4.383 20.100
 102 114.224 998.686 884.462 774.300
 206 50.8163 76.267 25.4507 50.000
 308 32.8113 39.511 6.6997 20.400
 413 24.6153 26.624 2.0087 8.100
 518 18.8067 20.086 1.2793 6.800
 619 15.8553 16.137 .2817 1.700
 720 13.7807 13.480 .3007 2.100
 102 175.407 640152.371 639976.964 364852.500
 206 68.1993 118.374 50.1747 73.500
 308 42.3917 48.413 6.0213 14.200
 413 31.263 30.412 .851 2.700
 518 24.568 22.167 2.401 9.700
 619 20.2783 17.448 2.8303 13.900
 720 17.5813 14.370 3.2113 18.200
 102 246.935 818563.153 818316.218 331389.300
 206 125.462 1924.669 1799.207 1434.000
 308 81.6223 100.376 18.7537 22.900
 413 61.099 45.096 16.003 26.100
 518 49.1773 29.097 20.0803 40.800
 619 39.8147 21.462 18.3527 46.000
 720 33.604 17.003 16.601 49.400
 102 255.88 10505736.601 10505480.721 4105627.900
 206 128.049 9615.155 9487.106 7408.900
 308 86.3823 366.173 279.7907 323.800
 413 64.6147 86.732 22.1173 34.200
 518 51.2947 43.237 8.0577 15.700
 619 41.787 28.384 13.403 32.000
 720 36.0297 21.075 14.9547 41.500
 102 140.108 2455057.612 2454917.504 1752160.800
 206 55.7787 132.096 76.3173 136.800
 308 35.32 50.543 15.223 43.100
 413 25.3887 31.252 5.8633 23.000
 518 20.5493 22.626 2.0767 10.100
 619 16.591 17.721 1.130 6.800
 720 14.3397 14.568 .2283 1.500
 102 247.641 3322.183 3074.542 1241.500
 206 122.352 126.771 4.419 3.600
 308 81.895 49.724 32.171 39.200
 413 60.3893 30.924 29.4653 48.700
 518 45.05 22.462 22.588 50.100
 619 35.4507 17.612 17.8387 50.300
 720 29.3827 14.498 14.8847 50.600
 102 249.81 3179.479 2929.669 1172.700
 206 124.495 180.346 55.851 44.800
 308 81.8787 56.987 24.8917 30.400
 413 62.1517 33.628 28.5237 45.800
 518 49.4643 23.805 25.6593 51.800
 619 40.7737 18.445 22.3287 54.700
 720 35.0133 15.060 19.9533 56.900
 102 246.999 3779.461 3532.462 1430.100
 206 123.518 119.726 3.792 3.000
 308 82.111 48.577 33.534 40.800
 413 56.2353 30.515 25.7203 45.700
 518 41.7197 22.216 19.5037 46.700
 619 32.579 17.475 15.104 46.300
 720 26.9073 14.405 12.5023 46.400
 102 226.619 142.213 84.406 37.200
 206 108.258 51.978 56.280 51.900
 308 71.07 31.784 39.286 55.200
 413 52.505 22.896 29.609 56.300
 518 41.6317 17.874 23.7577 57.000
 619 34.541 14.676 19.865 57.500
 720 29.731 12.439 17.292 58.100
 102 252.515 359722.762 359470.247 142355.900
 206 124.441 550.010 425.569 341.900
 308 84.945 82.737 2.208 2.500
 413 63.1537 41.205 21.9487 34.700
 518 50.1903 27.394 22.7963 45.400
 619 41.5333 20.520 21.0133 50.500
 720 35.281 16.406 18.875 53.400
 102 166.666 108.789 57.877 34.700
 206 79.2473 46.694 32.5533 41.000
 308 51.8303 29.736 22.0943 42.600
 413 38.622 21.790 16.832 43.500
 518 30.6023 17.219 13.3833 43.700
 619 25.4943 14.226 11.2683 44.100
 720 21.5857 12.123 9.4627 43.800
 102 250.799 276.152 25.353 10.100
 206 71.7897 73.523 1.7333 2.400
 308 38.4663 38.719 .2527 .600
 413 26.2457 26.275 .0293 .100
 518 20.001 19.906 .095 .400
 619 16.071 16.001 .070 .400
 720 13.4697 13.351 .1187 .800
 102 282.109 860.323 578.214 204.900
 206 125.176 130.498 5.322 4.200
 308 62.253 62.831 .578 .900
 413 35.945 35.614 .331 .900
 518 25.0693 24.821 .2483 .900
 619 19.3183 19.032 .2863 1.400
 720 16.8547 15.434 1.4207 8.400
 102 191.531 907.018 715.487 373.500
 206 92.7693 75.571 17.1983 18.500
 308 60.5723 39.266 21.3063 35.100
 413 42.0947 26.562 15.5327 36.800
 518 31.776 20.037 11.739 36.900
 619 25.791 16.096 9.695 37.500
 720 22.136 13.457 8.679 39.200
 102 216.011 1362488.442 1362272.431 630649.500
 206 124.434 395.182 270.748 217.500
 308 81.8463 68.947 12.8993 15.700
 413 60.9297 37.437 23.4927 38.500
 518 49.1637 25.673 23.4907 47.700
 619 40.3973 19.551 20.8463 51.600
 720 34.566 15.762 18.804 54.400
 102 264.279 38784.532 38520.253 14575.600
 206 129.171 39594.598 39465.427 30552.800
 308 84.693 396650.942 396566.249 468239.600
 413 41.8453 3355.504 3313.6587 7918.800
 518 39.3 1727.938 1688.638 4296.700
 619 30.441 334.498 304.057 998.800
 720 16.4043 51.219 34.8147 212.200
 102 132.225 180.387 48.162 36.400
 206 53.1113 56.320 3.2087 6.000
 308 32.7453 33.367 .6217 1.800
 413 22.7017 23.695 .9933 4.300
 518 17.967 18.382 .415 2.300
 619 14.844 15.018 .174 1.100
 720 12.7357 12.684 .0517 .400
 102 138.891 311.459 172.568 124.200
 206 54.5467 64.798 10.2513 18.700
 308 32.913 36.153 3.240 9.800
 413 23.1687 25.088 1.9193 8.200
 518 18.1723 19.202 1.0297 5.600
 619 14.919 15.537 .618 4.100
 720 12.761 13.071 .310 2.400
 102 266.546 1418351.001 1418084.455 532022.400
 206 125.842 91254.374 91128.532 72415.000
 308 85.1283 6717.958 6632.8297 7791.500
 413 66.097 2045.521 1979.424 2994.700
 518 50.445 494.256 443.811 879.700
 619 41.665 178.676 137.011 328.800
 720 35.9423 85.962 50.0197 139.100
 102 280.38 8738357.821 8738077.441 3116512.300
 206 143.573 290274.467 290130.894 202079.000
 308 91.075 40791.641 40700.566 44689.000
 413 68.09 10378.833 10310.743 15142.800
 518 54.394 3660.595 3606.201 6629.700
 619 45.1093 1590.847 1545.7377 3426.600
 720 38.5413 800.007 761.4657 1975.700
 102 112.99 179.088 66.098 58.400
 206 49.8027 37.848 11.9547 24.000
 308 30.8333 21.152 9.6813 31.300
 413 22.2187 14.676 7.5427 33.900
 518 14.7633 11.232 3.5313 23.900
 619 13.7223 9.104 4.6183 33.600
 720 12.9823 7.652 5.3303 41.000
 102 93.3923 437.040 343.6477 367.900
 206 32.8277 43.440 10.6123 32.300
 308 20.2953 22.832 2.5367 12.400
 413 14.786 15.468 .682 4.600
 518 11.744 11.654 .090 .700
 619 9.69833 9.376 .32233 3.300
 720 8.29333 7.851 .44233 5.300
 102 144.242 100.608 43.634 30.200
 206 72.4583 32.472 39.9863 55.100
 308 47.6707 19.360 28.3107 59.300
 413 35.678 13.788 21.890 61.300
 518 24.9507 10.713 14.2377 57.000
 619 11.722 8.760 2.962 25.200
 720 11.3183 7.398 3.9203 34.600
 102 143.43 130.080 13.350 9.300
 206 42.892 35.016 7.876 18.300
 308 25.6687 20.240 5.4287 21.100
 413 17.5847 14.232 3.3527 19.000
 518 13.9173 10.982 2.9353 21.000
 619 10.7937 8.936 1.8577 17.200
 720 9.36967 7.528 1.84167 19.600
 102 288.206 6609.879 6321.673 2193.400
 206 137.144 587.653 450.509 328.400
 308 90.6543 170.580 79.9257 88.100
 413 62.455 99.328 36.873 59.000
 518 49.2197 70.680 21.4603 43.600
 619 39.176 39.334 .158 .400
 720 27.5723 26.586 .9863 3.500
 102 371.821 59587613.982 59587242.161 16025787.100
 206 177.39 406.302 228.912 129.000
 308 108.657 94.371 14.286 13.100
 413 77.1237 53.422 23.7017 30.700
 518 60.1813 37.232 22.9493 38.100
 619 48.4417 28.549 19.8927 41.000
 720 40.3217 23.153 17.1687 42.500
 102 283.59 872.448 588.858 207.600
 206 132.343 107.765 24.578 18.500
 308 85.0743 57.425 27.6493 32.500
 413 61.5943 39.106 22.4883 36.500
 518 48.0623 29.663 18.3993 38.200
 619 40.1777 23.879 16.2987 40.500
 720 34.077 20.011 14.066 41.200
 102 369.754 188966.952 188597.198 51006.100
 206 115.257 162.938 47.681 41.300
 308 57.6677 70.000 12.3323 21.300
 413 38.3637 44.574 6.2103 16.100
 518 29.3897 32.710 3.3203 11.200
 619 23.882 25.825 1.943 8.100
 720 20.1817 21.328 1.1463 5.600
 102 400.074 110656.757 110256.683 27559.000
 206 186.946 74034.462 73847.516 39502.000
 308 118.027 754.810 636.783 539.500
 413 60.3433 111.052 50.7087 84.000
 518 49.1723 58.368 9.1957 18.700
 619 32.7693 39.526 6.7567 20.600
 720 25.523 29.841 4.318 16.900
 102 246.13 422.215 176.085 71.500
 206 111.471 95.047 16.424 14.700
 308 71.4413 53.575 17.8663 25.000
 413 51.9903 37.324 14.6663 28.200
 518 40.954 28.606 12.348 30.100
 619 33.802 23.203 10.599 31.300
 720 28.9983 19.520 9.4783 32.600
 102 373.599 450009.661 449636.062 120352.500
 206 185.441 211.107 25.666 13.800
 308 115.578 77.537 38.041 32.900
 413 81.3163 47.523 33.7933 41.500
 518 61.5197 34.258 27.2617 44.300
 619 49.3707 26.787 22.5837 45.700
 720 40.5513 21.995 18.5563 45.700
 102 371.039 7979.335 7608.296 2050.500
 206 129.413 138.055 8.642 6.600
 308 71.148 65.003 6.145 8.600
 413 49.3087 42.485 6.8237 13.800
 518 36.956 31.580 5.376 14.500
 619 30.0213 25.108 4.9133 16.300
 720 24.7613 20.836 3.9253 15.800
 102 244.579 15052517124.177 15052516879.598 6154460063.800
 206 123.671 20559.544 20435.873 16524.300
 308 48.082 141.499 93.417 194.200
 413 34.814 54.108 19.294 55.400
 518 27.4497 32.555 5.1053 18.500
 619 22.5237 23.414 .8903 3.900
 720 19.2183 18.173 1.0453 5.400
 102 154.622 378.880 224.258 145.000
 206 66.508 78.766 12.258 18.400
 308 36.1513 40.139 3.9877 11.000
 413 25.422 26.931 1.509 5.900
 518 19.6867 20.250 .5633 2.800
 619 16.0877 16.247 .1593 .900
 720 13.6383 13.550 .0883 .600
 102 96.888 101.826 4.938 5.000
 206 46.2213 45.383 .8383 1.800
 308 30.658 29.190 1.468 4.700
 413 22.9293 21.524 1.4053 6.100
 518 18.318 17.039 1.279 6.900
 619 15.195 14.103 1.092 7.100
 720 13.0457 12.029 1.0167 7.700
 102 274.921 259318014.935 259317740.014 94324456.800
 206 137.223 2229687.869 2229550.646 1624764.500
 308 91.4383 144942.514 144851.0757 158414.000
 413 68.459 21775.790 21707.331 31708.500
 518 54.7883 5215.404 5160.6157 9419.100
 619 45.7403 1690.569 1644.8287 3596.000
 720 39.2227 680.529 641.3063 1635.000
 102 108.259 4526.571 4418.312 4081.200
 206 53.5107 100.597 47.0863 87.900
 308 33.9337 45.273 11.3393 33.400
 413 23.684 28.917 5.233 22.000
 518 20.8827 21.495 .6123 2.900
 619 15.1297 16.902 1.7723 11.700
 720 13.3027 14.089 .7863 5.900
 102 120.867 98.222 22.645 18.700
 206 56.5843 44.646 11.9383 21.000
 308 36.833 28.889 7.944 21.500
 413 27.3917 21.340 6.0517 22.000
 518 21.7583 16.941 4.8173 22.100
 619 18.093 14.021 4.072 22.500
 720 15.448 11.971 3.477 22.500
 102 208.991 1292.533 1083.542 518.400
 206 123.537 606.945 483.408 391.300
 308 52.672 85.249 32.577 61.800
 413 32.664 41.861 9.197 28.100
 518 23.3433 27.688 4.3447 18.600
 619 18.1473 20.656 2.5087 13.800
 720 15.152 16.523 1.371 9.000
 102 205.803 21614.510 21408.707 10402.500
 206 124.412 12830.883 12706.471 10213.200
 308 82.648 2249.413 2166.765 2621.600
 413 61.9777 210.206 148.2283 239.100
 518 49.6907 64.110 14.4193 29.000
 619 39.0557 36.016 3.0397 7.700
 720 20.0527 24.995 4.9423 24.600
 102 281.819 8548773.232 8548491.413 3033326.800
 206 117.921 170.639 52.718 44.700
 308 72.7767 55.376 17.4007 23.900
 413 51.6597 33.013 18.6467 36.000
 518 39.1467 23.527 15.6197 39.900
 619 31.5883 18.267 13.3213 42.100
 720 26.4437 14.943 11.5007 43.400
 102 249.674 1303636.705 1303387.031 522035.500
 206 124.043 287.621 163.578 131.800
 308 82.2933 64.687 17.6063 21.300
 413 61.105 36.106 24.999 40.900
 518 49.584 25.083 24.501 49.400
 619 40.7823 19.196 21.5863 52.900
 720 35.0883 15.540 19.5483 55.700
 102 239.179 27606705.274 27606466.095 11542178.000
 206 104.273 169.246 64.973 62.300
 308 62.843 55.158 7.685 12.200
 413 44.051 32.972 11.079 25.100
 518 33.6753 23.494 10.1813 30.200
 619 26.9417 18.240 8.7017 32.200
 720 22.8313 14.920 7.9113 34.600
 102 248.35 420.577 172.227 69.300
 206 123.868 68.608 55.260 44.600
 308 82.3047 37.299 45.0057 54.600
 413 61.4027 25.620 35.7827 58.200
 518 49.1317 19.513 29.6187 60.200
 619 40.2163 15.755 24.4613 60.800
 720 33.9637 13.211 20.7527 61.100
 102 252.939 6001927.618 6001674.679 2372775.500
 206 125.993 10160.824 10034.831 7964.500
 308 85.6653 539.757 454.0917 530.000
 413 63.8637 106.700 42.8363 67.000
 518 50.3387 48.644 1.6947 3.300
 619 41.5367 30.719 10.8177 26.000
 720 35.892 22.327 13.565 37.700
 102 187.05 109.199 77.851 41.600
 206 90.619 46.776 43.843 48.300
 308 59.3587 29.763 29.5957 49.800
 413 43.6317 21.831 21.8007 49.900
 518 34.3407 17.235 17.1057 49.800
 619 28.447 14.226 14.221 49.900
 720 23.9067 12.123 11.7837 49.200
 102 281.543 2761.687 2480.144 880.900
 206 138.193 291.676 153.483 111.000
 308 86.78 98.875 12.095 13.900
 413 63.6613 51.978 11.6833 18.300
 518 50.347 35.176 15.171 30.100
 619 40.8047 25.558 15.2467 37.300
 720 31.1123 19.495 11.6173 37.300
