 102 108.102 150.743 42.641 39.400
 206 47.128 53.076 5.948 12.600
 308 28.9287 32.208 3.2793 11.300
 413 21.856 23.118 1.262 5.700
 518 17.4393 18.030 .5907 3.300
 619 14.504 14.777 .273 1.800
 720 12.347 12.519 .172 1.300
 619 41.958 115.719 73.761 175.700
 720 36.0627 47.964 11.9013 33.000
 102 175.43 691.424 515.994 294.100
 206 122.194 73.242 48.952 40.000
 308 81.276 38.669 42.607 52.400
 413 61.4057 26.269 35.1367 57.200
 518 48.1167 19.890 28.2267 58.600
 619 40.4953 16.004 24.4913 60.400
 720 35.1177 13.388 21.7297 61.800
 102 147.845 179.460 31.615 21.300
 206 66.8337 56.245 10.5887 15.800
 308 42.774 33.348 9.426 22.000
 413 32.23 23.700 8.530 26.400
 518 24.5423 18.382 6.1603 25.100
 619 19.8797 15.013 4.8667 24.400
 720 16.0757 12.688 3.3877 21.000
 206 119.981 108.878 11.103 9.200
 308 61.4777 46.747 14.7307 23.900
 413 43.0017 29.763 13.2387 30.700
 518 33.232 21.831 11.401 34.300
 619 24.3617 17.237 7.1247 29.200
 720 17.231 14.241 2.990 17.300
 102 127.228 557.734 430.506 338.300
 206 54.198 71.428 17.230 31.700
 308 35.2197 38.157 2.9373 8.300
 413 25.28 26.032 .752 2.900
 518 20.5937 19.754 .8397 4.000
 619 16.5463 15.916 .6303 3.800
 720 14.465 13.327 1.138 7.800
 308 70.526 133.576 63.050 89.300
 413 46.344 50.778 4.434 9.500
 518 34.2357 31.347 2.8887 8.400
 619 26.539 22.671 3.868 14.500
 720 21.76 17.757 4.003 18.300
 206 50.8163 80.427 29.6107 58.200
 308 32.8113 40.583 7.7717 23.600
 413 24.6153 27.138 2.5227 10.200
 518 18.8067 20.385 1.5783 8.300
 619 15.8553 16.323 .4677 2.900
 720 13.7807 13.611 .1697 1.200
 206 68.1993 196.018 127.8187 187.400
 308 42.3917 57.774 15.3823 36.200
 413 31.263 33.880 2.617 8.300
 518 24.568 23.967 .601 2.400
 619 20.2783 18.542 1.7363 8.500
 720 17.5813 15.120 2.4613 13.900
 308 81.6223 96.612 14.9897 18.300
 413 61.099 44.330 16.769 27.400
 518 49.1773 28.764 20.4133 41.500
 619 39.8147 21.289 18.5257 46.500
 720 33.604 16.897 16.707 49.700
 206 55.7787 162.025 106.2463 190.400
 308 35.32 54.410 19.090 54.000
 413 25.3887 32.694 7.3053 28.700
 518 20.5493 23.368 2.8187 13.700
 619 16.591 18.181 1.590 9.500
 720 14.3397 14.879 .5393 3.700
 206 122.352 206.243 83.891 68.500
 308 81.895 58.631 23.264 28.400
 413 60.3893 34.173 26.2163 43.400
 518 45.05 24.113 20.937 46.400
 619 35.4507 18.630 16.8207 47.400
 720 29.3827 15.178 14.2047 48.300
 308 81.8787 85.999 4.1203 5.000
 413 62.1517 41.955 20.1967 32.400
 518 49.4643 27.745 21.7193 43.900
 619 40.7737 20.725 20.0487 49.100
 720 35.0133 16.540 18.4733 52.700
 206 123.518 186.419 62.901 50.900
 308 82.111 56.911 25.200 30.600
 413 56.2353 33.581 22.6543 40.200
 518 41.7197 23.817 17.9027 42.900
 619 32.579 18.452 14.127 43.300
 720 26.9073 15.060 11.8473 44.000
 102 226.619 179.649 46.970 20.700
 206 108.258 56.263 51.995 48.000
 308 71.07 33.355 37.715 53.000
 413 52.505 23.703 28.802 54.800
 518 41.6317 18.384 23.2477 55.800
 619 34.541 15.014 19.527 56.500
 720 29.731 12.688 17.043 57.300
 308 84.945 96.804 11.859 13.900
 413 63.1537 44.371 18.7827 29.700
 518 50.1903 28.781 21.4093 42.600
 619 41.5333 21.298 20.2353 48.700
 720 35.281 16.903 18.378 52.000
 102 166.666 109.635 57.031 34.200
 206 79.2473 46.886 32.3613 40.800
 308 51.8303 29.819 22.0113 42.400
 413 38.622 21.861 16.761 43.300
 518 30.6023 17.256 13.3463 43.600
 619 25.4943 14.253 11.2413 44.000
 720 21.5857 12.141 9.4447 43.700
 102 250.799 772.247 521.448 207.900
 206 71.7897 74.063 2.2733 3.100
 308 38.4663 38.896 .4297 1.100
 413 26.2457 26.374 .1283 .400
 518 20.001 19.950 .051 .200
 619 16.071 16.043 .028 .100
 720 13.4697 13.416 .0537 .300
 206 125.176 259.766 134.590 107.500
 308 62.253 62.279 .026 0
 413 35.945 35.381 .564 1.500
 518 25.0693 24.709 .3603 1.400
 619 19.3183 18.983 .3353 1.700
 720 16.8547 15.411 1.4437 8.500
 102 191.531 450.505 258.974 135.200
 206 92.7693 69.315 23.4543 25.200
 308 60.5723 37.546 23.0263 38.000
 413 42.0947 25.746 16.3487 38.800
 518 31.776 19.589 12.187 38.300
 619 25.791 15.809 9.982 38.700
 720 22.136 13.251 8.885 40.100
 206 124.434 128.144 3.710 2.900
 308 81.8463 49.973 31.8733 38.900
 413 60.9297 31.038 29.8917 49.000
 518 49.1637 22.509 26.6547 54.200
 619 40.3973 17.657 22.7403 56.200
 720 34.566 14.526 20.040 57.900
 102 132.225 197.378 65.153 49.200
 206 53.1113 57.892 4.7807 9.000
 308 32.7453 33.920 1.1747 3.500
 413 22.7017 23.988 1.2863 5.600
 518 17.967 18.554 .587 3.200
 619 14.844 15.128 .284 1.900
 720 12.7357 12.769 .0333 .200
 102 138.891 495.643 356.752 256.800
 206 54.5467 70.300 15.7533 28.800
 308 32.913 37.833 4.920 14.900
 413 23.1687 25.880 2.7113 11.700
 518 18.1723 19.667 1.4947 8.200
 619 14.919 15.859 .940 6.300
 720 12.761 13.287 .526 4.100
 720 35.9423 1220.500 1184.5577 3295.700
 206 49.8027 484.619 434.8163 873.000
 308 30.8333 70.074 39.2407 127.200
 413 22.2187 37.767 15.5483 69.900
 518 14.7633 25.850 11.0867 75.000
 619 13.7223 19.649 5.9267 43.100
 720 12.9823 15.848 2.8657 22.000
 206 32.8277 95.008 62.1803 189.400
 308 20.2953 43.990 23.6947 116.700
 413 14.786 28.620 13.834 93.500
 518 11.744 21.210 9.466 80.600
 619 9.69833 16.848 7.14967 73.700
 720 8.29333 13.974 5.68067 68.400
 206 72.4583 90.619 18.1607 25.000
 308 47.6707 43.025 4.6457 9.700
 413 35.678 28.209 7.469 20.900
 518 24.9507 20.983 3.9677 15.900
 619 11.722 16.704 4.982 42.500
 720 11.3183 13.875 2.5567 22.500
 102 143.43 229.236 85.806 59.800
 206 42.892 60.352 17.460 40.700
 308 25.6687 34.750 9.0813 35.300
 413 17.5847 24.400 6.8153 38.700
 518 13.9173 18.800 4.8827 35.000
 619 10.7937 15.291 4.4973 41.600
 720 9.36967 12.885 3.51533 37.500
 619 39.176 -1196.261  
 720 27.5723 87.942 60.3697 218.900
 308 108.657 224.512 115.855 106.600
 413 77.1237 60.019 17.1047 22.100
 518 60.1813 34.640 25.5413 42.400
 619 48.4417 24.345 24.0967 49.700
 720 40.3217 18.767 21.5547 53.400
 206 132.343 81.224 51.119 38.600
 308 85.0743 40.785 44.2893 52.000
 413 61.5943 27.228 34.3663 55.700
 518 48.0623 20.436 27.6263 57.400
 619 40.1777 16.355 23.8227 59.200
 720 34.077 13.633 20.444 59.900
 206 115.257 153.961 38.704 33.500
 308 57.6677 53.469 4.1987 7.200
 413 38.3637 32.352 6.0117 15.600
 518 29.3897 23.193 6.1967 21.000
 619 23.882 18.075 5.807 24.300
 720 20.1817 14.808 5.3737 26.600
 413 60.3433 86.691 26.3477 43.600
 518 49.1723 42.119 7.0533 14.300
 619 32.7693 27.817 4.9523 15.100
 720 25.523 20.765 4.758 18.600
 206 111.471 107.846 3.625 3.200
 308 71.4413 46.556 24.8853 34.800
 413 51.9903 29.685 22.3053 42.900
 518 40.954 21.789 19.165 46.700
 619 33.802 17.211 16.591 49.000
 720 28.9983 14.223 14.7753 50.900
 206 185.441 1750.427 1564.986 843.900
 308 115.578 78.257 37.321 32.200
 413 81.3163 40.023 41.2933 50.700
 518 61.5197 26.887 34.6327 56.200
 619 49.3707 20.243 29.1277 58.900
 720 40.5513 16.232 24.3193 59.900
 206 129.413 116.363 13.050 10.000
 308 71.148 48.075 23.073 32.400
 413 49.3087 30.295 19.0137 38.500
 518 36.956 22.116 14.840 40.100
 619 30.0213 17.414 12.6073 41.900
 720 24.7613 14.361 10.4003 42.000
 518 27.4497 181.142 153.6923 559.900
 619 22.5237 56.409 33.8853 150.400
 720 19.2183 33.406 14.1877 73.800
 206 66.508 87.723 21.215 31.800
 308 36.1513 42.361 6.2097 17.100
 413 25.422 27.922 2.500 9.800
 518 19.6867 20.824 1.1373 5.700
 619 16.0877 16.603 .5153 3.200
 720 13.6383 13.805 .1667 1.200
 102 96.888 123.701 26.813 27.600
 206 46.2213 49.282 3.0607 6.600
 308 30.658 30.771 .113 .300
 413 22.9293 22.368 .5613 2.400
 518 18.318 17.570 .748 4.000
 619 15.195 14.467 .728 4.700
 720 13.0457 12.296 .7497 5.700
 206 53.5107 185.071 131.5603 245.800
 308 33.9337 56.784 22.8503 67.300
 413 23.684 33.537 9.853 41.600
 518 20.8827 23.795 2.9123 13.900
 619 15.1297 18.439 3.3093 21.800
 720 13.3027 15.051 1.7483 13.100
 102 120.867 112.108 8.759 7.200
 206 56.5843 47.332 9.2523 16.300
 308 36.833 29.999 6.834 18.500
 413 27.3917 21.958 5.4337 19.800
 518 21.7583 17.316 4.4423 20.400
 619 18.093 14.294 3.799 20.900
 720 15.448 12.171 3.277 21.200
 308 52.672 82.169 29.497 56.000
 413 32.664 41.022 8.358 25.500
 518 23.3433 27.334 3.9907 17.000
 619 18.1473 20.495 2.3477 12.900
 720 15.152 16.393 1.241 8.100
 413 61.9777 161.056 99.0783 159.800
 518 49.6907 54.300 4.6093 9.200
 619 39.0557 32.655 6.4007 16.300
 720 20.0527 23.348 3.2953 16.400
 206 117.921 449.714 331.793 281.300
 308 72.7767 69.296 3.4807 4.700
 413 51.6597 37.540 14.1197 27.300
 518 39.1467 25.743 13.4037 34.200
 619 31.5883 19.587 12.0013 37.900
 720 26.4437 15.808 10.6357 40.200
 308 82.2933 143.800 61.5067 74.700
 413 61.105 52.188 8.917 14.500
 518 49.584 31.879 17.705 35.700
 619 40.7823 22.948 17.8343 43.700
 720 35.0883 17.926 17.1623 48.900
 206 104.273 269.615 165.342 158.500
 308 62.843 62.829 .014 0
 413 44.051 35.558 8.493 19.200
 518 33.6753 24.795 8.8803 26.300
 619 26.9417 19.034 7.9077 29.300
 720 22.8313 15.445 7.3863 32.300
 206 123.868 82.150 41.718 33.600
 308 82.3047 41.017 41.2877 50.100
 413 61.4027 27.332 34.0707 55.400
 518 49.1317 20.494 28.6377 58.200
 619 40.2163 16.393 23.8233 59.200
 720 33.9637 13.659 20.3047 59.700
 619 41.5367 100.986 59.4493 143.100
 720 35.892 45.229 9.337 26.000
 102 187.05 132.848 54.202 28.900
 206 90.619 50.673 39.946 44.000
 308 59.3587 31.307 28.0517 47.200
 413 43.6317 22.650 20.9817 48.000
 518 34.3407 17.744 16.5967 48.300
 619 28.447 14.585 13.862 48.700
 720 23.9067 12.380 11.5267 48.200
 413 63.6613 98.385 34.7237 54.500
 518 50.347 44.700 5.647 11.200
 619 40.8047 28.920 11.8847 29.100
 720 31.1123 21.374 9.7383 31.300
 102 108.102 150.743 42.641 39.400
 206 47.128 53.076 5.948 12.600
 308 28.9287 32.208 3.2793 11.300
 413 21.856 23.118 1.262 5.700
 518 17.4393 18.030 .5907 3.300
 619 14.504 14.777 .273 1.800
 720 12.347 12.519 .172 1.300
 619 41.958 115.719 73.761 175.700
 720 36.0627 47.964 11.9013 33.000
 102 175.43 691.424 515.994 294.100
 206 122.194 73.242 48.952 40.000
 308 81.276 38.669 42.607 52.400
 413 61.4057 26.269 35.1367 57.200
 518 48.1167 19.890 28.2267 58.600
 619 40.4953 16.004 24.4913 60.400
 720 35.1177 13.388 21.7297 61.800
 102 147.845 179.460 31.615 21.300
 206 66.8337 56.245 10.5887 15.800
 308 42.774 33.348 9.426 22.000
 413 32.23 23.700 8.530 26.400
 518 24.5423 18.382 6.1603 25.100
 619 19.8797 15.013 4.8667 24.400
 720 16.0757 12.688 3.3877 21.000
 206 119.981 108.878 11.103 9.200
 308 61.4777 46.747 14.7307 23.900
 413 43.0017 29.763 13.2387 30.700
 518 33.232 21.831 11.401 34.300
 619 24.3617 17.237 7.1247 29.200
 720 17.231 14.241 2.990 17.300
 102 127.228 557.734 430.506 338.300
 206 54.198 71.428 17.230 31.700
 308 35.2197 38.157 2.9373 8.300
 413 25.28 26.032 .752 2.900
 518 20.5937 19.754 .8397 4.000
 619 16.5463 15.916 .6303 3.800
 720 14.465 13.327 1.138 7.800
 308 70.526 133.576 63.050 89.300
 413 46.344 50.778 4.434 9.500
 518 34.2357 31.347 2.8887 8.400
 619 26.539 22.671 3.868 14.500
 720 21.76 17.757 4.003 18.300
 206 50.8163 80.427 29.6107 58.200
 308 32.8113 40.583 7.7717 23.600
 413 24.6153 27.138 2.5227 10.200
 518 18.8067 20.385 1.5783 8.300
 619 15.8553 16.323 .4677 2.900
 720 13.7807 13.611 .1697 1.200
 206 68.1993 196.018 127.8187 187.400
 308 42.3917 57.774 15.3823 36.200
 413 31.263 33.880 2.617 8.300
 518 24.568 23.967 .601 2.400
 619 20.2783 18.542 1.7363 8.500
 720 17.5813 15.120 2.4613 13.900
 308 81.6223 96.612 14.9897 18.300
 413 61.099 44.330 16.769 27.400
 518 49.1773 28.764 20.4133 41.500
 619 39.8147 21.289 18.5257 46.500
 720 33.604 16.897 16.707 49.700
 206 55.7787 162.025 106.2463 190.400
 308 35.32 54.410 19.090 54.000
 413 25.3887 32.694 7.3053 28.700
 518 20.5493 23.368 2.8187 13.700
 619 16.591 18.181 1.590 9.500
 720 14.3397 14.879 .5393 3.700
 206 122.352 206.243 83.891 68.500
 308 81.895 58.631 23.264 28.400
 413 60.3893 34.173 26.2163 43.400
 518 45.05 24.113 20.937 46.400
 619 35.4507 18.630 16.8207 47.400
 720 29.3827 15.178 14.2047 48.300
 308 81.8787 85.999 4.1203 5.000
 413 62.1517 41.955 20.1967 32.400
 518 49.4643 27.745 21.7193 43.900
 619 40.7737 20.725 20.0487 49.100
 720 35.0133 16.540 18.4733 52.700
 206 123.518 186.419 62.901 50.900
 308 82.111 56.911 25.200 30.600
 413 56.2353 33.581 22.6543 40.200
 518 41.7197 23.817 17.9027 42.900
 619 32.579 18.452 14.127 43.300
 720 26.9073 15.060 11.8473 44.000
 102 226.619 179.649 46.970 20.700
 206 108.258 56.263 51.995 48.000
 308 71.07 33.355 37.715 53.000
 413 52.505 23.703 28.802 54.800
 518 41.6317 18.384 23.2477 55.800
 619 34.541 15.014 19.527 56.500
 720 29.731 12.688 17.043 57.300
 308 84.945 96.804 11.859 13.900
 413 63.1537 44.371 18.7827 29.700
 518 50.1903 28.781 21.4093 42.600
 619 41.5333 21.298 20.2353 48.700
 720 35.281 16.903 18.378 52.000
 102 166.666 109.635 57.031 34.200
 206 79.2473 46.886 32.3613 40.800
 308 51.8303 29.819 22.0113 42.400
 413 38.622 21.861 16.761 43.300
 518 30.6023 17.256 13.3463 43.600
 619 25.4943 14.253 11.2413 44.000
 720 21.5857 12.141 9.4447 43.700
 102 250.799 772.247 521.448 207.900
 206 71.7897 74.063 2.2733 3.100
 308 38.4663 38.896 .4297 1.100
 413 26.2457 26.374 .1283 .400
 518 20.001 19.950 .051 .200
 619 16.071 16.043 .028 .100
 720 13.4697 13.416 .0537 .300
 206 125.176 259.766 134.590 107.500
 308 62.253 62.279 .026 0
 413 35.945 35.381 .564 1.500
 518 25.0693 24.709 .3603 1.400
 619 19.3183 18.983 .3353 1.700
 720 16.8547 15.411 1.4437 8.500
 102 191.531 450.505 258.974 135.200
 206 92.7693 69.315 23.4543 25.200
 308 60.5723 37.546 23.0263 38.000
 413 42.0947 25.746 16.3487 38.800
 518 31.776 19.589 12.187 38.300
 619 25.791 15.809 9.982 38.700
 720 22.136 13.251 8.885 40.100
 206 124.434 128.144 3.710 2.900
 308 81.8463 49.973 31.8733 38.900
 413 60.9297 31.038 29.8917 49.000
 518 49.1637 22.509 26.6547 54.200
 619 40.3973 17.657 22.7403 56.200
 720 34.566 14.526 20.040 57.900
 102 132.225 197.378 65.153 49.200
 206 53.1113 57.892 4.7807 9.000
 308 32.7453 33.920 1.1747 3.500
 413 22.7017 23.988 1.2863 5.600
 518 17.967 18.554 .587 3.200
 619 14.844 15.128 .284 1.900
 720 12.7357 12.769 .0333 .200
 102 138.891 495.643 356.752 256.800
 206 54.5467 70.300 15.7533 28.800
 308 32.913 37.833 4.920 14.900
 413 23.1687 25.880 2.7113 11.700
 518 18.1723 19.667 1.4947 8.200
 619 14.919 15.859 .940 6.300
 720 12.761 13.287 .526 4.100
 720 35.9423 1220.500 1184.5577 3295.700
 206 49.8027 484.619 434.8163 873.000
 308 30.8333 70.074 39.2407 127.200
 413 22.2187 37.767 15.5483 69.900
 518 14.7633 25.850 11.0867 75.000
 619 13.7223 19.649 5.9267 43.100
 720 12.9823 15.848 2.8657 22.000
 206 32.8277 95.008 62.1803 189.400
 308 20.2953 43.990 23.6947 116.700
 413 14.786 28.620 13.834 93.500
 518 11.744 21.210 9.466 80.600
 619 9.69833 16.848 7.14967 73.700
 720 8.29333 13.974 5.68067 68.400
 206 72.4583 90.619 18.1607 25.000
 308 47.6707 43.025 4.6457 9.700
 413 35.678 28.209 7.469 20.900
 518 24.9507 20.983 3.9677 15.900
 619 11.722 16.704 4.982 42.500
 720 11.3183 13.875 2.5567 22.500
 102 143.43 229.236 85.806 59.800
 206 42.892 60.352 17.460 40.700
 308 25.6687 34.750 9.0813 35.300
 413 17.5847 24.400 6.8153 38.700
 518 13.9173 18.800 4.8827 35.000
 619 10.7937 15.291 4.4973 41.600
 720 9.36967 12.885 3.51533 37.500
 619 39.176 -1196.261  
 720 27.5723 87.942 60.3697 218.900
 308 108.657 224.512 115.855 106.600
 413 77.1237 60.019 17.1047 22.100
 518 60.1813 34.640 25.5413 42.400
 619 48.4417 24.345 24.0967 49.700
 720 40.3217 18.767 21.5547 53.400
 206 132.343 81.224 51.119 38.600
 308 85.0743 40.785 44.2893 52.000
 413 61.5943 27.228 34.3663 55.700
 518 48.0623 20.436 27.6263 57.400
 619 40.1777 16.355 23.8227 59.200
 720 34.077 13.633 20.444 59.900
 206 115.257 153.961 38.704 33.500
 308 57.6677 53.469 4.1987 7.200
 413 38.3637 32.352 6.0117 15.600
 518 29.3897 23.193 6.1967 21.000
 619 23.882 18.075 5.807 24.300
 720 20.1817 14.808 5.3737 26.600
 413 60.3433 86.691 26.3477 43.600
 518 49.1723 42.119 7.0533 14.300
 619 32.7693 27.817 4.9523 15.100
 720 25.523 20.765 4.758 18.600
 206 111.471 107.846 3.625 3.200
 308 71.4413 46.556 24.8853 34.800
 413 51.9903 29.685 22.3053 42.900
 518 40.954 21.789 19.165 46.700
 619 33.802 17.211 16.591 49.000
 720 28.9983 14.223 14.7753 50.900
 206 185.441 1750.427 1564.986 843.900
 308 115.578 78.257 37.321 32.200
 413 81.3163 40.023 41.2933 50.700
 518 61.5197 26.887 34.6327 56.200
 619 49.3707 20.243 29.1277 58.900
 720 40.5513 16.232 24.3193 59.900
 206 129.413 116.363 13.050 10.000
 308 71.148 48.075 23.073 32.400
 413 49.3087 30.295 19.0137 38.500
 518 36.956 22.116 14.840 40.100
 619 30.0213 17.414 12.6073 41.900
 720 24.7613 14.361 10.4003 42.000
 518 27.4497 181.142 153.6923 559.900
 619 22.5237 56.409 33.8853 150.400
 720 19.2183 33.406 14.1877 73.800
 206 66.508 87.723 21.215 31.800
 308 36.1513 42.361 6.2097 17.100
 413 25.422 27.922 2.500 9.800
 518 19.6867 20.824 1.1373 5.700
 619 16.0877 16.603 .5153 3.200
 720 13.6383 13.805 .1667 1.200
 102 96.888 123.701 26.813 27.600
 206 46.2213 49.282 3.0607 6.600
 308 30.658 30.771 .113 .300
 413 22.9293 22.368 .5613 2.400
 518 18.318 17.570 .748 4.000
 619 15.195 14.467 .728 4.700
 720 13.0457 12.296 .7497 5.700
 206 53.5107 185.071 131.5603 245.800
 308 33.9337 56.784 22.8503 67.300
 413 23.684 33.537 9.853 41.600
 518 20.8827 23.795 2.9123 13.900
 619 15.1297 18.439 3.3093 21.800
 720 13.3027 15.051 1.7483 13.100
 102 120.867 112.108 8.759 7.200
 206 56.5843 47.332 9.2523 16.300
 308 36.833 29.999 6.834 18.500
 413 27.3917 21.958 5.4337 19.800
 518 21.7583 17.316 4.4423 20.400
 619 18.093 14.294 3.799 20.900
 720 15.448 12.171 3.277 21.200
 308 52.672 82.169 29.497 56.000
 413 32.664 41.022 8.358 25.500
 518 23.3433 27.334 3.9907 17.000
 619 18.1473 20.495 2.3477 12.900
 720 15.152 16.393 1.241 8.100
 413 61.9777 161.056 99.0783 159.800
 518 49.6907 54.300 4.6093 9.200
 619 39.0557 32.655 6.4007 16.300
 720 20.0527 23.348 3.2953 16.400
 206 117.921 449.714 331.793 281.300
 308 72.7767 69.296 3.4807 4.700
 413 51.6597 37.540 14.1197 27.300
 518 39.1467 25.743 13.4037 34.200
 619 31.5883 19.587 12.0013 37.900
 720 26.4437 15.808 10.6357 40.200
 308 82.2933 143.800 61.5067 74.700
 413 61.105 52.188 8.917 14.500
 518 49.584 31.879 17.705 35.700
 619 40.7823 22.948 17.8343 43.700
 720 35.0883 17.926 17.1623 48.900
 206 104.273 269.615 165.342 158.500
 308 62.843 62.829 .014 0
 413 44.051 35.558 8.493 19.200
 518 33.6753 24.795 8.8803 26.300
 619 26.9417 19.034 7.9077 29.300
 720 22.8313 15.445 7.3863 32.300
 206 123.868 82.150 41.718 33.600
 308 82.3047 41.017 41.2877 50.100
 413 61.4027 27.332 34.0707 55.400
 518 49.1317 20.494 28.6377 58.200
 619 40.2163 16.393 23.8233 59.200
 720 33.9637 13.659 20.3047 59.700
 619 41.5367 100.986 59.4493 143.100
 720 35.892 45.229 9.337 26.000
 102 187.05 132.848 54.202 28.900
 206 90.619 50.673 39.946 44.000
 308 59.3587 31.307 28.0517 47.200
 413 43.6317 22.650 20.9817 48.000
 518 34.3407 17.744 16.5967 48.300
 619 28.447 14.585 13.862 48.700
 720 23.9067 12.380 11.5267 48.200
 413 63.6613 98.385 34.7237 54.500
 518 50.347 44.700 5.647 11.200
 619 40.8047 28.920 11.8847 29.100
 720 31.1123 21.374 9.7383 31.300
 102 108.102 150.743 42.641 39.400
 206 47.128 53.076 5.948 12.600
 308 28.9287 32.208 3.2793 11.300
 413 21.856 23.118 1.262 5.700
 518 17.4393 18.030 .5907 3.300
 619 14.504 14.777 .273 1.800
 720 12.347 12.519 .172 1.300
 619 41.958 115.719 73.761 175.700
 720 36.0627 47.964 11.9013 33.000
 102 175.43 691.424 515.994 294.100
 206 122.194 73.242 48.952 40.000
 308 81.276 38.669 42.607 52.400
 413 61.4057 26.269 35.1367 57.200
 518 48.1167 19.890 28.2267 58.600
 619 40.4953 16.004 24.4913 60.400
 720 35.1177 13.388 21.7297 61.800
 102 147.845 179.460 31.615 21.300
 206 66.8337 56.245 10.5887 15.800
 308 42.774 33.348 9.426 22.000
 413 32.23 23.700 8.530 26.400
 518 24.5423 18.382 6.1603 25.100
 619 19.8797 15.013 4.8667 24.400
 720 16.0757 12.688 3.3877 21.000
 206 119.981 108.878 11.103 9.200
 308 61.4777 46.747 14.7307 23.900
 413 43.0017 29.763 13.2387 30.700
 518 33.232 21.831 11.401 34.300
 619 24.3617 17.237 7.1247 29.200
 720 17.231 14.241 2.990 17.300
 102 127.228 557.734 430.506 338.300
 206 54.198 71.428 17.230 31.700
 308 35.2197 38.157 2.9373 8.300
 413 25.28 26.032 .752 2.900
 518 20.5937 19.754 .8397 4.000
 619 16.5463 15.916 .6303 3.800
 720 14.465 13.327 1.138 7.800
 308 70.526 133.576 63.050 89.300
 413 46.344 50.778 4.434 9.500
 518 34.2357 31.347 2.8887 8.400
 619 26.539 22.671 3.868 14.500
 720 21.76 17.757 4.003 18.300
 206 50.8163 80.427 29.6107 58.200
 308 32.8113 40.583 7.7717 23.600
 413 24.6153 27.138 2.5227 10.200
 518 18.8067 20.385 1.5783 8.300
 619 15.8553 16.323 .4677 2.900
 720 13.7807 13.611 .1697 1.200
 206 68.1993 196.018 127.8187 187.400
 308 42.3917 57.774 15.3823 36.200
 413 31.263 33.880 2.617 8.300
 518 24.568 23.967 .601 2.400
 619 20.2783 18.542 1.7363 8.500
 720 17.5813 15.120 2.4613 13.900
 308 81.6223 96.612 14.9897 18.300
 413 61.099 44.330 16.769 27.400
 518 49.1773 28.764 20.4133 41.500
 619 39.8147 21.289 18.5257 46.500
 720 33.604 16.897 16.707 49.700
 206 55.7787 162.025 106.2463 190.400
 308 35.32 54.410 19.090 54.000
 413 25.3887 32.694 7.3053 28.700
 518 20.5493 23.368 2.8187 13.700
 619 16.591 18.181 1.590 9.500
 720 14.3397 14.879 .5393 3.700
 206 122.352 206.243 83.891 68.500
 308 81.895 58.631 23.264 28.400
 413 60.3893 34.173 26.2163 43.400
 518 45.05 24.113 20.937 46.400
 619 35.4507 18.630 16.8207 47.400
 720 29.3827 15.178 14.2047 48.300
 308 81.8787 85.999 4.1203 5.000
 413 62.1517 41.955 20.1967 32.400
 518 49.4643 27.745 21.7193 43.900
 619 40.7737 20.725 20.0487 49.100
 720 35.0133 16.540 18.4733 52.700
 206 123.518 186.419 62.901 50.900
 308 82.111 56.911 25.200 30.600
 413 56.2353 33.581 22.6543 40.200
 518 41.7197 23.817 17.9027 42.900
 619 32.579 18.452 14.127 43.300
 720 26.9073 15.060 11.8473 44.000
 102 226.619 179.649 46.970 20.700
 206 108.258 56.263 51.995 48.000
 308 71.07 33.355 37.715 53.000
 413 52.505 23.703 28.802 54.800
 518 41.6317 18.384 23.2477 55.800
 619 34.541 15.014 19.527 56.500
 720 29.731 12.688 17.043 57.300
 308 84.945 96.804 11.859 13.900
 413 63.1537 44.371 18.7827 29.700
 518 50.1903 28.781 21.4093 42.600
 619 41.5333 21.298 20.2353 48.700
 720 35.281 16.903 18.378 52.000
 102 166.666 109.635 57.031 34.200
 206 79.2473 46.886 32.3613 40.800
 308 51.8303 29.819 22.0113 42.400
 413 38.622 21.861 16.761 43.300
 518 30.6023 17.256 13.3463 43.600
 619 25.4943 14.253 11.2413 44.000
 720 21.5857 12.141 9.4447 43.700
 102 250.799 772.247 521.448 207.900
 206 71.7897 74.063 2.2733 3.100
 308 38.4663 38.896 .4297 1.100
 413 26.2457 26.374 .1283 .400
 518 20.001 19.950 .051 .200
 619 16.071 16.043 .028 .100
 720 13.4697 13.416 .0537 .300
 206 125.176 259.766 134.590 107.500
 308 62.253 62.279 .026 0
 413 35.945 35.381 .564 1.500
 518 25.0693 24.709 .3603 1.400
 619 19.3183 18.983 .3353 1.700
 720 16.8547 15.411 1.4437 8.500
 102 191.531 450.505 258.974 135.200
 206 92.7693 69.315 23.4543 25.200
 308 60.5723 37.546 23.0263 38.000
 413 42.0947 25.746 16.3487 38.800
 518 31.776 19.589 12.187 38.300
 619 25.791 15.809 9.982 38.700
 720 22.136 13.251 8.885 40.100
 206 124.434 128.144 3.710 2.900
 308 81.8463 49.973 31.8733 38.900
 413 60.9297 31.038 29.8917 49.000
 518 49.1637 22.509 26.6547 54.200
 619 40.3973 17.657 22.7403 56.200
 720 34.566 14.526 20.040 57.900
 102 132.225 197.378 65.153 49.200
 206 53.1113 57.892 4.7807 9.000
 308 32.7453 33.920 1.1747 3.500
 413 22.7017 23.988 1.2863 5.600
 518 17.967 18.554 .587 3.200
 619 14.844 15.128 .284 1.900
 720 12.7357 12.769 .0333 .200
 102 138.891 495.643 356.752 256.800
 206 54.5467 70.300 15.7533 28.800
 308 32.913 37.833 4.920 14.900
 413 23.1687 25.880 2.7113 11.700
 518 18.1723 19.667 1.4947 8.200
 619 14.919 15.859 .940 6.300
 720 12.761 13.287 .526 4.100
 720 35.9423 1220.500 1184.5577 3295.700
 206 49.8027 283.956 234.1533 470.100
 308 30.8333 41.059 10.2257 33.100
 413 22.2187 22.129 .0897 .400
 518 14.7633 15.146 .3827 2.500
 619 13.7223 11.513 2.2093 16.100
 720 12.9823 9.286 3.6963 28.400
 206 32.8277 55.668 22.8403 69.500
 308 20.2953 25.775 5.4797 26.900
 413 14.786 16.770 1.984 13.400
 518 11.744 12.428 .684 5.800
 619 9.69833 9.871 .17267 1.700
 720 8.29333 8.187 .10633 1.200
 206 72.4583 53.097 19.3613 26.700
 308 47.6707 25.210 22.4607 47.100
 413 35.678 16.528 19.150 53.600
 518 24.9507 12.295 12.6557 50.700
 619 11.722 9.787 1.935 16.500
 720 11.3183 8.130 3.1883 28.100
 102 143.43 134.318 9.112 6.300
 206 42.892 35.362 7.530 17.500
 308 25.6687 20.361 5.3077 20.600
 413 17.5847 14.296 3.2887 18.700
 518 13.9173 11.015 2.9023 20.800
 619 10.7937 8.959 1.8347 16.900
 720 9.36967 7.550 1.81967 19.400
 619 39.176 -1196.261  
 720 27.5723 87.942 60.3697 218.900
 308 108.657 336.768 228.111 209.900
 413 77.1237 90.029 12.9053 16.700
 518 60.1813 51.960 8.2213 13.600
 619 48.4417 36.518 11.9237 24.600
 720 40.3217 28.151 12.1707 30.100
 206 132.343 121.837 10.506 7.900
 308 85.0743 61.178 23.8963 28.000
 413 61.5943 40.843 20.7513 33.600
 518 48.0623 30.654 17.4083 36.200
 619 40.1777 24.533 15.6447 38.900
 720 34.077 20.450 13.627 39.900
 206 115.257 230.942 115.685 100.300
 308 57.6677 80.204 22.5363 39.000
 413 38.3637 48.529 10.1653 26.400
 518 29.3897 34.789 5.3993 18.300
 619 23.882 27.113 3.231 13.500
 720 20.1817 22.212 2.0303 10.000
 413 60.3433 130.037 69.6937 115.400
 518 49.1723 63.178 14.0057 28.400
 619 32.7693 41.725 8.9557 27.300
 720 25.523 31.148 5.625 22.000
 206 111.471 161.769 50.298 45.100
 308 71.4413 69.834 1.6073 2.200
 413 51.9903 44.528 7.4623 14.300
 518 40.954 32.684 8.270 20.100
 619 33.802 25.817 7.985 23.600
 720 28.9983 21.334 7.6643 26.400
 206 185.441 2625.641 2440.200 1315.800
 308 115.578 117.386 1.808 1.500
 413 81.3163 60.035 21.2813 26.100
 518 61.5197 40.330 21.1897 34.400
 619 49.3707 30.364 19.0067 38.400
 720 40.5513 24.348 16.2033 39.900
 206 129.413 174.545 45.132 34.800
 308 71.148 72.112 .964 1.300
 413 49.3087 45.443 3.8657 7.800
 518 36.956 33.174 3.782 10.200
 619 30.0213 26.122 3.8993 12.900
 720 24.7613 21.542 3.2193 13.000
 518 27.4497 181.142 153.6923 559.900
 619 22.5237 56.409 33.8853 150.400
 720 19.2183 33.406 14.1877 73.800
 206 66.508 87.723 21.215 31.800
 308 36.1513 42.361 6.2097 17.100
 413 25.422 27.922 2.500 9.800
 518 19.6867 20.824 1.1373 5.700
 619 16.0877 16.603 .5153 3.200
 720 13.6383 13.805 .1667 1.200
 102 96.888 123.701 26.813 27.600
 206 46.2213 49.282 3.0607 6.600
 308 30.658 30.771 .113 .300
 413 22.9293 22.368 .5613 2.400
 518 18.318 17.570 .748 4.000
 619 15.195 14.467 .728 4.700
 720 13.0457 12.296 .7497 5.700
 206 53.5107 185.071 131.5603 245.800
 308 33.9337 56.784 22.8503 67.300
 413 23.684 33.537 9.853 41.600
 518 20.8827 23.795 2.9123 13.900
 619 15.1297 18.439 3.3093 21.800
 720 13.3027 15.051 1.7483 13.100
 102 120.867 112.108 8.759 7.200
 206 56.5843 47.332 9.2523 16.300
 308 36.833 29.999 6.834 18.500
 413 27.3917 21.958 5.4337 19.800
 518 21.7583 17.316 4.4423 20.400
 619 18.093 14.294 3.799 20.900
 720 15.448 12.171 3.277 21.200
 308 52.672 82.169 29.497 56.000
 413 32.664 41.022 8.358 25.500
 518 23.3433 27.334 3.9907 17.000
 619 18.1473 20.495 2.3477 12.900
 720 15.152 16.393 1.241 8.100
 413 61.9777 161.056 99.0783 159.800
 518 49.6907 54.300 4.6093 9.200
 619 39.0557 32.655 6.4007 16.300
 720 20.0527 23.348 3.2953 16.400
 206 117.921 449.714 331.793 281.300
 308 72.7767 69.296 3.4807 4.700
 413 51.6597 37.540 14.1197 27.300
 518 39.1467 25.743 13.4037 34.200
 619 31.5883 19.587 12.0013 37.900
 720 26.4437 15.808 10.6357 40.200
 308 82.2933 143.800 61.5067 74.700
 413 61.105 52.188 8.917 14.500
 518 49.584 31.879 17.705 35.700
 619 40.7823 22.948 17.8343 43.700
 720 35.0883 17.926 17.1623 48.900
 206 104.273 269.615 165.342 158.500
 308 62.843 62.829 .014 0
 413 44.051 35.558 8.493 19.200
 518 33.6753 24.795 8.8803 26.300
 619 26.9417 19.034 7.9077 29.300
 720 22.8313 15.445 7.3863 32.300
 206 123.868 82.150 41.718 33.600
 308 82.3047 41.017 41.2877 50.100
 413 61.4027 27.332 34.0707 55.400
 518 49.1317 20.494 28.6377 58.200
 619 40.2163 16.393 23.8233 59.200
 720 33.9637 13.659 20.3047 59.700
 619 41.5367 100.986 59.4493 143.100
 720 35.892 45.229 9.337 26.000
 102 187.05 132.848 54.202 28.900
 206 90.619 50.673 39.946 44.000
 308 59.3587 31.307 28.0517 47.200
 413 43.6317 22.650 20.9817 48.000
 518 34.3407 17.744 16.5967 48.300
 619 28.447 14.585 13.862 48.700
 720 23.9067 12.380 11.5267 48.200
 413 63.6613 98.385 34.7237 54.500
 518 50.347 44.700 5.647 11.200
 619 40.8047 28.920 11.8847 29.100
 720 31.1123 21.374 9.7383 31.300
