 102 108.102 165.001 56.899 52.600
 206 47.128 54.741 7.613 16.100
 308 28.9287 32.814 3.8853 13.400
 413 21.856 23.429 1.573 7.100
 518 17.4393 18.218 .7787 4.400
 619 14.504 14.904 .400 2.700
 720 12.347 12.609 .262 2.100
 720 36.0627 141.299 105.2363 291.800
 102 175.43 326.738 151.308 86.200
 206 122.194 65.498 56.696 46.300
 308 81.276 36.397 44.879 55.200
 413 61.4057 25.200 36.2057 58.900
 518 48.1167 19.272 28.8447 59.900
 619 40.4953 15.601 24.8943 61.400
 720 35.1177 13.105 22.0127 62.600
 102 147.845 198.873 51.028 34.500
 206 66.8337 58.020 8.8137 13.100
 308 42.774 33.964 8.810 20.500
 413 32.23 24.009 8.221 25.500
 518 24.5423 18.567 5.9753 24.300
 619 19.8797 15.136 4.7437 23.800
 720 16.0757 12.776 3.2997 20.500
 206 119.981 341.789 221.808 184.800
 308 61.4777 66.081 4.6033 7.400
 413 43.0017 36.576 6.4257 14.900
 518 33.232 25.286 7.946 23.900
 619 24.3617 19.322 5.0397 20.600
 720 17.231 15.634 1.597 9.200
 102 127.228 349.965 222.737 175.000
 206 54.198 66.381 12.183 22.400
 308 35.2197 36.668 1.4483 4.100
 413 25.28 25.330 .050 .100
 518 20.5937 19.347 1.2467 6.000
 619 16.5463 15.651 .8953 5.400
 720 14.465 13.140 1.325 9.100
 308 70.526 150.345 79.819 113.100
 413 46.344 53.026 6.682 14.400
 518 34.2357 32.190 2.0457 5.900
 619 26.539 23.109 3.430 12.900
 720 21.76 18.024 3.736 17.100
 206 50.8163 79.312 28.4957 56.000
 308 32.8113 40.297 7.4857 22.800
 413 24.6153 27.010 2.3947 9.700
 518 18.8067 20.313 1.5063 8.000
 619 15.8553 16.276 .4207 2.600
 720 13.7807 13.578 .2027 1.400
 206 68.1993 128.048 59.8487 87.700
 308 42.3917 49.958 7.5663 17.800
 413 31.263 31.033 .230 .700
 518 24.568 22.506 2.062 8.300
 619 20.2783 17.656 2.6223 12.900
 720 17.5813 14.525 3.0563 17.300
 308 81.6223 111.827 30.2047 37.000
 413 61.099 47.282 13.817 22.600
 518 49.1773 29.979 19.1983 39.000
 619 39.8147 21.947 17.8677 44.800
 720 33.604 17.309 16.295 48.400
 206 55.7787 144.184 88.4053 158.400
 308 35.32 52.239 16.919 47.900
 413 25.3887 31.898 6.5093 25.600
 518 20.5493 22.958 2.4087 11.700
 619 16.591 17.932 1.341 8.000
 720 14.3397 14.712 .3723 2.500
 206 122.352 197.112 74.760 61.100
 308 81.895 57.869 24.026 29.300
 413 60.3893 33.912 26.4773 43.800
 518 45.05 23.984 21.066 46.700
 619 35.4507 18.552 16.8987 47.600
 720 29.3827 15.126 14.2567 48.500
 308 81.8787 107.135 25.2563 30.800
 413 62.1517 46.423 15.7287 25.300
 518 49.4643 29.631 19.8333 40.000
 619 40.7737 21.760 19.0137 46.600
 720 35.0133 17.193 17.8203 50.800
 206 123.518 178.615 55.097 44.600
 308 82.111 56.161 25.950 31.600
 413 56.2353 33.319 22.9163 40.700
 518 41.7197 23.685 18.0347 43.200
 619 32.579 18.373 14.206 43.600
 720 26.9073 15.007 11.9003 44.200
 102 226.619 196.431 30.188 13.300
 206 108.258 57.810 50.448 46.500
 308 71.07 33.892 37.178 52.300
 413 52.505 23.973 28.532 54.300
 518 41.6317 18.546 23.0857 55.400
 619 34.541 15.122 19.419 56.200
 720 29.731 12.766 16.965 57.000
 308 84.945 141.573 56.628 66.600
 413 63.1537 51.892 11.2617 17.800
 518 50.1903 31.768 18.4223 36.700
 619 41.5333 22.891 18.6423 44.800
 720 35.281 17.891 17.390 49.200
 102 166.666 123.239 43.427 26.000
 206 79.2473 49.209 30.0383 37.900
 308 51.8303 30.742 21.0883 40.600
 413 38.622 22.353 16.269 42.100
 518 30.6023 17.561 13.0413 42.600
 619 25.4943 14.461 11.0333 43.200
 720 21.5857 12.291 9.2947 43.000
 102 250.799 841.413 590.614 235.400
 206 71.7897 74.651 2.8613 3.900
 308 38.4663 39.058 .5917 1.500
 413 26.2457 26.448 .2023 .700
 518 20.001 19.993 .008 0
 619 16.071 16.071 0 0
 720 13.4697 13.435 .0347 .200
 206 125.176 274.751 149.575 119.400
 308 62.253 63.104 .851 1.300
 413 35.945 35.645 .300 .800
 518 25.0693 24.838 .2313 .900
 619 19.3183 19.059 .2593 1.300
 720 16.8547 15.461 1.3937 8.200
 206 92.7693 143.860 51.0907 55.000
 308 60.5723 52.196 8.3763 13.800
 413 42.0947 31.882 10.2127 24.200
 518 31.776 22.950 8.826 27.700
 619 25.791 17.927 7.864 30.400
 720 22.136 14.708 7.428 33.500
 308 81.8463 207.455 125.6087 153.400
 413 60.9297 58.729 2.2007 3.600
 518 49.1637 34.206 14.9577 30.400
 619 40.3973 24.130 16.2673 40.200
 720 34.566 18.639 15.927 46.000
 102 132.225 238.250 106.025 80.100
 206 53.1113 60.959 7.8477 14.700
 308 32.7453 34.951 2.2057 6.700
 413 22.7017 24.498 1.7963 7.900
 518 17.967 18.858 .891 4.900
 619 14.844 15.329 .485 3.200
 720 12.7357 12.913 .1773 1.300
 102 138.891 954.333 815.442 587.100
 206 54.5467 75.443 20.8963 38.300
 308 32.913 39.274 6.361 19.300
 413 23.1687 26.547 3.3783 14.500
 518 18.1723 20.049 1.8767 10.300
 619 14.919 16.107 1.188 7.900
 720 12.761 13.460 .699 5.400
 720 35.9423 617.239 581.2967 1617.300
 206 49.8027 208.724 158.9213 319.100
 308 30.8333 58.830 27.9967 90.800
 413 22.2187 34.240 12.0213 54.100
 518 14.7633 24.147 9.3837 63.500
 619 13.7223 18.650 4.9277 35.900
 720 12.9823 15.191 2.2087 17.000
 102 93.3923 902.202 808.8097 866.000
 206 32.8277 75.100 42.2723 128.700
 308 20.2953 39.181 18.8857 93.000
 413 14.786 26.504 11.718 79.200
 518 11.744 20.025 8.281 70.500
 619 9.69833 16.091 6.39267 65.900
 720 8.29333 13.449 5.15567 62.100
 206 72.4583 88.865 16.4067 22.600
 308 47.6707 42.625 5.0457 10.500
 413 35.678 28.037 7.641 21.400
 518 24.9507 20.888 4.0627 16.200
 619 11.722 16.644 4.922 41.900
 720 11.3183 13.833 2.5147 22.200
 102 143.43 230.215 86.785 60.500
 206 42.892 60.420 17.528 40.800
 308 25.6687 34.773 9.1043 35.400
 413 17.5847 24.411 6.8263 38.800
 518 13.9173 18.806 4.8887 35.100
 619 10.7937 15.295 4.5013 41.700
 720 9.36967 12.888 3.51833 37.500
 518 49.2197 96.069 46.8493 95.100
 619 39.176 44.216 5.040 12.800
 720 27.5723 28.716 1.1437 4.100
 206 177.39 1322.997 1145.607 645.800
 308 108.657 77.143 31.514 29.000
 413 77.1237 39.729 37.3947 48.400
 518 60.1813 26.754 33.4273 55.500
 619 48.4417 20.167 28.2747 58.300
 720 40.3217 16.183 24.1387 59.800
 206 132.343 100.866 31.477 23.700
 308 85.0743 45.205 39.8693 46.800
 413 61.5943 29.130 32.4643 52.700
 518 48.0623 21.489 26.5733 55.200
 619 40.1777 17.023 23.1547 57.600
 720 34.077 14.094 19.983 58.600
 206 115.257 178.521 63.264 54.800
 308 57.6677 56.152 1.5157 2.600
 413 38.3637 33.315 5.0487 13.100
 518 29.3897 23.683 5.7067 19.400
 619 23.882 18.372 5.510 23.000
 720 20.1817 15.006 5.1757 25.600
 413 60.3433 152.585 92.2417 152.800
 518 49.1723 53.302 4.1297 8.300
 619 32.7693 32.291 .4783 1.400
 720 25.523 23.161 2.362 9.200
 102 246.13 390.541 144.411 58.600
 206 111.471 67.715 43.756 39.200
 308 71.4413 37.071 34.3703 48.100
 413 51.9903 25.522 26.4683 50.900
 518 40.954 19.459 21.495 52.400
 619 33.802 15.724 18.078 53.400
 720 28.9983 13.192 15.8063 54.500
 308 115.578 133.926 18.348 15.800
 413 81.3163 50.828 30.4883 37.400
 518 61.5197 31.366 30.1537 49.000
 619 49.3707 22.681 26.6897 54.000
 720 40.5513 17.763 22.7883 56.100
 206 129.413 112.961 16.452 12.700
 308 71.148 47.484 23.664 33.200
 413 49.3087 30.060 19.2487 39.000
 518 36.956 21.990 14.966 40.400
 619 30.0213 17.336 12.6853 42.200
 720 24.7613 14.308 10.4533 42.200
 308 48.082 173.618 125.536 261.000
 413 34.814 55.658 20.844 59.800
 518 27.4497 33.141 5.6913 20.700
 619 22.5237 23.595 1.0713 4.700
 720 19.2183 18.319 .8993 4.600
 206 66.508 80.250 13.742 20.600
 308 36.1513 40.538 4.3867 12.100
 413 25.422 27.118 1.696 6.600
 518 19.6867 20.374 .6873 3.400
 619 16.0877 16.316 .2283 1.400
 720 13.6383 13.606 .0323 .200
 102 96.888 105.567 8.679 8.900
 206 46.2213 46.126 .0953 .200
 308 30.658 29.510 1.148 3.700
 413 22.9293 21.694 1.2353 5.300
 518 18.318 17.152 1.166 6.300
 619 15.195 14.182 1.013 6.600
 720 13.0457 12.089 .9567 7.300
 206 53.5107 114.043 60.5323 113.100
 308 33.9337 47.674 13.7403 40.400
 413 23.684 30.136 6.452 27.200
 518 20.8827 22.031 1.1483 5.400
 619 15.1297 17.362 2.2323 14.700
 720 13.3027 14.325 1.0223 7.600
 102 120.867 99.369 21.498 17.700
 206 56.5843 44.902 11.6823 20.600
 308 36.833 29.004 7.829 21.200
 413 27.3917 21.420 5.9717 21.800
 518 21.7583 16.980 4.7783 21.900
 619 18.093 14.064 4.029 22.200
 720 15.448 12.003 3.445 22.300
 308 52.672 86.963 34.291 65.100
 413 32.664 42.183 9.519 29.100
 518 23.3433 27.845 4.5017 19.200
 619 18.1473 20.781 2.6337 14.500
 720 15.152 16.576 1.424 9.300
 518 49.6907 515.349 465.6583 937.100
 619 39.0557 70.684 31.6283 80.900
 720 20.0527 37.944 17.8913 89.200
 206 117.921 391.736 273.815 232.200
 308 72.7767 67.751 5.0257 6.900
 413 51.6597 37.082 14.5777 28.200
 518 39.1467 25.527 13.6197 34.700
 619 31.5883 19.462 12.1263 38.300
 720 26.4437 15.726 10.7177 40.500
 308 82.2933 251.535 169.2417 205.600
 413 61.105 61.794 .689 1.100
 518 49.584 35.224 14.360 28.900
 619 40.7823 24.632 16.1503 39.600
 720 35.0883 18.938 16.1503 46.000
 206 104.273 201.733 97.460 93.400
 308 62.843 58.261 4.582 7.200
 413 44.051 34.047 10.004 22.700
 518 33.6753 24.051 9.6243 28.500
 619 26.9417 18.592 8.3497 30.900
 720 22.8313 15.153 7.6783 33.600
 206 123.868 103.875 19.993 16.100
 308 82.3047 45.800 36.5047 44.300
 413 61.4027 29.376 32.0267 52.100
 518 49.1317 21.622 27.5097 55.900
 619 40.2163 17.107 23.1093 57.400
 720 33.9637 14.151 19.8127 58.300
 720 35.892 206.618 170.726 475.600
 102 187.05 192.589 5.539 2.900
 206 90.619 57.473 33.146 36.500
 308 59.3587 33.776 25.5827 43.000
 413 43.6317 23.915 19.7167 45.100
 518 34.3407 18.511 15.8297 46.000
 619 28.447 15.099 13.348 46.900
 720 23.9067 12.749 11.1577 46.600
 308 86.78 473.197 386.417 445.200
 413 63.6613 69.830 6.1687 9.600
 518 50.347 37.696 12.651 25.100
 619 40.8047 25.816 14.9887 36.700
 720 31.1123 19.630 11.4823 36.900
 102 108.102 165.001 56.899 52.600
 206 47.128 54.741 7.613 16.100
 308 28.9287 32.814 3.8853 13.400
 413 21.856 23.429 1.573 7.100
 518 17.4393 18.218 .7787 4.400
 619 14.504 14.904 .400 2.700
 720 12.347 12.609 .262 2.100
 720 36.0627 141.299 105.2363 291.800
 102 175.43 326.738 151.308 86.200
 206 122.194 65.498 56.696 46.300
 308 81.276 36.397 44.879 55.200
 413 61.4057 25.200 36.2057 58.900
 518 48.1167 19.272 28.8447 59.900
 619 40.4953 15.601 24.8943 61.400
 720 35.1177 13.105 22.0127 62.600
 102 147.845 198.873 51.028 34.500
 206 66.8337 58.020 8.8137 13.100
 308 42.774 33.964 8.810 20.500
 413 32.23 24.009 8.221 25.500
 518 24.5423 18.567 5.9753 24.300
 619 19.8797 15.136 4.7437 23.800
 720 16.0757 12.776 3.2997 20.500
 206 119.981 341.789 221.808 184.800
 308 61.4777 66.081 4.6033 7.400
 413 43.0017 36.576 6.4257 14.900
 518 33.232 25.286 7.946 23.900
 619 24.3617 19.322 5.0397 20.600
 720 17.231 15.634 1.597 9.200
 102 127.228 349.965 222.737 175.000
 206 54.198 66.381 12.183 22.400
 308 35.2197 36.668 1.4483 4.100
 413 25.28 25.330 .050 .100
 518 20.5937 19.347 1.2467 6.000
 619 16.5463 15.651 .8953 5.400
 720 14.465 13.140 1.325 9.100
 308 70.526 150.345 79.819 113.100
 413 46.344 53.026 6.682 14.400
 518 34.2357 32.190 2.0457 5.900
 619 26.539 23.109 3.430 12.900
 720 21.76 18.024 3.736 17.100
 206 50.8163 79.312 28.4957 56.000
 308 32.8113 40.297 7.4857 22.800
 413 24.6153 27.010 2.3947 9.700
 518 18.8067 20.313 1.5063 8.000
 619 15.8553 16.276 .4207 2.600
 720 13.7807 13.578 .2027 1.400
 206 68.1993 128.048 59.8487 87.700
 308 42.3917 49.958 7.5663 17.800
 413 31.263 31.033 .230 .700
 518 24.568 22.506 2.062 8.300
 619 20.2783 17.656 2.6223 12.900
 720 17.5813 14.525 3.0563 17.300
 308 81.6223 111.827 30.2047 37.000
 413 61.099 47.282 13.817 22.600
 518 49.1773 29.979 19.1983 39.000
 619 39.8147 21.947 17.8677 44.800
 720 33.604 17.309 16.295 48.400
 206 55.7787 144.184 88.4053 158.400
 308 35.32 52.239 16.919 47.900
 413 25.3887 31.898 6.5093 25.600
 518 20.5493 22.958 2.4087 11.700
 619 16.591 17.932 1.341 8.000
 720 14.3397 14.712 .3723 2.500
 206 122.352 197.112 74.760 61.100
 308 81.895 57.869 24.026 29.300
 413 60.3893 33.912 26.4773 43.800
 518 45.05 23.984 21.066 46.700
 619 35.4507 18.552 16.8987 47.600
 720 29.3827 15.126 14.2567 48.500
 308 81.8787 107.135 25.2563 30.800
 413 62.1517 46.423 15.7287 25.300
 518 49.4643 29.631 19.8333 40.000
 619 40.7737 21.760 19.0137 46.600
 720 35.0133 17.193 17.8203 50.800
 206 123.518 178.615 55.097 44.600
 308 82.111 56.161 25.950 31.600
 413 56.2353 33.319 22.9163 40.700
 518 41.7197 23.685 18.0347 43.200
 619 32.579 18.373 14.206 43.600
 720 26.9073 15.007 11.9003 44.200
 102 226.619 196.431 30.188 13.300
 206 108.258 57.810 50.448 46.500
 308 71.07 33.892 37.178 52.300
 413 52.505 23.973 28.532 54.300
 518 41.6317 18.546 23.0857 55.400
 619 34.541 15.122 19.419 56.200
 720 29.731 12.766 16.965 57.000
 308 84.945 141.573 56.628 66.600
 413 63.1537 51.892 11.2617 17.800
 518 50.1903 31.768 18.4223 36.700
 619 41.5333 22.891 18.6423 44.800
 720 35.281 17.891 17.390 49.200
 102 166.666 123.239 43.427 26.000
 206 79.2473 49.209 30.0383 37.900
 308 51.8303 30.742 21.0883 40.600
 413 38.622 22.353 16.269 42.100
 518 30.6023 17.561 13.0413 42.600
 619 25.4943 14.461 11.0333 43.200
 720 21.5857 12.291 9.2947 43.000
 102 250.799 841.413 590.614 235.400
 206 71.7897 74.651 2.8613 3.900
 308 38.4663 39.058 .5917 1.500
 413 26.2457 26.448 .2023 .700
 518 20.001 19.993 .008 0
 619 16.071 16.071 0 0
 720 13.4697 13.435 .0347 .200
 206 125.176 274.751 149.575 119.400
 308 62.253 63.104 .851 1.300
 413 35.945 35.645 .300 .800
 518 25.0693 24.838 .2313 .900
 619 19.3183 19.059 .2593 1.300
 720 16.8547 15.461 1.3937 8.200
 206 92.7693 143.860 51.0907 55.000
 308 60.5723 52.196 8.3763 13.800
 413 42.0947 31.882 10.2127 24.200
 518 31.776 22.950 8.826 27.700
 619 25.791 17.927 7.864 30.400
 720 22.136 14.708 7.428 33.500
 308 81.8463 207.455 125.6087 153.400
 413 60.9297 58.729 2.2007 3.600
 518 49.1637 34.206 14.9577 30.400
 619 40.3973 24.130 16.2673 40.200
 720 34.566 18.639 15.927 46.000
 102 132.225 238.250 106.025 80.100
 206 53.1113 60.959 7.8477 14.700
 308 32.7453 34.951 2.2057 6.700
 413 22.7017 24.498 1.7963 7.900
 518 17.967 18.858 .891 4.900
 619 14.844 15.329 .485 3.200
 720 12.7357 12.913 .1773 1.300
 102 138.891 954.333 815.442 587.100
 206 54.5467 75.443 20.8963 38.300
 308 32.913 39.274 6.361 19.300
 413 23.1687 26.547 3.3783 14.500
 518 18.1723 20.049 1.8767 10.300
 619 14.919 16.107 1.188 7.900
 720 12.761 13.460 .699 5.400
 720 35.9423 617.239 581.2967 1617.300
 206 49.8027 208.724 158.9213 319.100
 308 30.8333 58.830 27.9967 90.800
 413 22.2187 34.240 12.0213 54.100
 518 14.7633 24.147 9.3837 63.500
 619 13.7223 18.650 4.9277 35.900
 720 12.9823 15.191 2.2087 17.000
 102 93.3923 902.202 808.8097 866.000
 206 32.8277 75.100 42.2723 128.700
 308 20.2953 39.181 18.8857 93.000
 413 14.786 26.504 11.718 79.200
 518 11.744 20.025 8.281 70.500
 619 9.69833 16.091 6.39267 65.900
 720 8.29333 13.449 5.15567 62.100
 206 72.4583 88.865 16.4067 22.600
 308 47.6707 42.625 5.0457 10.500
 413 35.678 28.037 7.641 21.400
 518 24.9507 20.888 4.0627 16.200
 619 11.722 16.644 4.922 41.900
 720 11.3183 13.833 2.5147 22.200
 102 143.43 230.215 86.785 60.500
 206 42.892 60.420 17.528 40.800
 308 25.6687 34.773 9.1043 35.400
 413 17.5847 24.411 6.8263 38.800
 518 13.9173 18.806 4.8887 35.100
 619 10.7937 15.295 4.5013 41.700
 720 9.36967 12.888 3.51833 37.500
 518 49.2197 96.069 46.8493 95.100
 619 39.176 44.216 5.040 12.800
 720 27.5723 28.716 1.1437 4.100
 206 177.39 1322.997 1145.607 645.800
 308 108.657 77.143 31.514 29.000
 413 77.1237 39.729 37.3947 48.400
 518 60.1813 26.754 33.4273 55.500
 619 48.4417 20.167 28.2747 58.300
 720 40.3217 16.183 24.1387 59.800
 206 132.343 100.866 31.477 23.700
 308 85.0743 45.205 39.8693 46.800
 413 61.5943 29.130 32.4643 52.700
 518 48.0623 21.489 26.5733 55.200
 619 40.1777 17.023 23.1547 57.600
 720 34.077 14.094 19.983 58.600
 206 115.257 178.521 63.264 54.800
 308 57.6677 56.152 1.5157 2.600
 413 38.3637 33.315 5.0487 13.100
 518 29.3897 23.683 5.7067 19.400
 619 23.882 18.372 5.510 23.000
 720 20.1817 15.006 5.1757 25.600
 413 60.3433 152.585 92.2417 152.800
 518 49.1723 53.302 4.1297 8.300
 619 32.7693 32.291 .4783 1.400
 720 25.523 23.161 2.362 9.200
 102 246.13 390.541 144.411 58.600
 206 111.471 67.715 43.756 39.200
 308 71.4413 37.071 34.3703 48.100
 413 51.9903 25.522 26.4683 50.900
 518 40.954 19.459 21.495 52.400
 619 33.802 15.724 18.078 53.400
 720 28.9983 13.192 15.8063 54.500
 308 115.578 133.926 18.348 15.800
 413 81.3163 50.828 30.4883 37.400
 518 61.5197 31.366 30.1537 49.000
 619 49.3707 22.681 26.6897 54.000
 720 40.5513 17.763 22.7883 56.100
 206 129.413 112.961 16.452 12.700
 308 71.148 47.484 23.664 33.200
 413 49.3087 30.060 19.2487 39.000
 518 36.956 21.990 14.966 40.400
 619 30.0213 17.336 12.6853 42.200
 720 24.7613 14.308 10.4533 42.200
 308 48.082 173.618 125.536 261.000
 413 34.814 55.658 20.844 59.800
 518 27.4497 33.141 5.6913 20.700
 619 22.5237 23.595 1.0713 4.700
 720 19.2183 18.319 .8993 4.600
 206 66.508 80.250 13.742 20.600
 308 36.1513 40.538 4.3867 12.100
 413 25.422 27.118 1.696 6.600
 518 19.6867 20.374 .6873 3.400
 619 16.0877 16.316 .2283 1.400
 720 13.6383 13.606 .0323 .200
 102 96.888 105.567 8.679 8.900
 206 46.2213 46.126 .0953 .200
 308 30.658 29.510 1.148 3.700
 413 22.9293 21.694 1.2353 5.300
 518 18.318 17.152 1.166 6.300
 619 15.195 14.182 1.013 6.600
 720 13.0457 12.089 .9567 7.300
 206 53.5107 114.043 60.5323 113.100
 308 33.9337 47.674 13.7403 40.400
 413 23.684 30.136 6.452 27.200
 518 20.8827 22.031 1.1483 5.400
 619 15.1297 17.362 2.2323 14.700
 720 13.3027 14.325 1.0223 7.600
 102 120.867 99.369 21.498 17.700
 206 56.5843 44.902 11.6823 20.600
 308 36.833 29.004 7.829 21.200
 413 27.3917 21.420 5.9717 21.800
 518 21.7583 16.980 4.7783 21.900
 619 18.093 14.064 4.029 22.200
 720 15.448 12.003 3.445 22.300
 308 52.672 86.963 34.291 65.100
 413 32.664 42.183 9.519 29.100
 518 23.3433 27.845 4.5017 19.200
 619 18.1473 20.781 2.6337 14.500
 720 15.152 16.576 1.424 9.300
 518 49.6907 515.349 465.6583 937.100
 619 39.0557 70.684 31.6283 80.900
 720 20.0527 37.944 17.8913 89.200
 206 117.921 391.736 273.815 232.200
 308 72.7767 67.751 5.0257 6.900
 413 51.6597 37.082 14.5777 28.200
 518 39.1467 25.527 13.6197 34.700
 619 31.5883 19.462 12.1263 38.300
 720 26.4437 15.726 10.7177 40.500
 308 82.2933 251.535 169.2417 205.600
 413 61.105 61.794 .689 1.100
 518 49.584 35.224 14.360 28.900
 619 40.7823 24.632 16.1503 39.600
 720 35.0883 18.938 16.1503 46.000
 206 104.273 201.733 97.460 93.400
 308 62.843 58.261 4.582 7.200
 413 44.051 34.047 10.004 22.700
 518 33.6753 24.051 9.6243 28.500
 619 26.9417 18.592 8.3497 30.900
 720 22.8313 15.153 7.6783 33.600
 206 123.868 103.875 19.993 16.100
 308 82.3047 45.800 36.5047 44.300
 413 61.4027 29.376 32.0267 52.100
 518 49.1317 21.622 27.5097 55.900
 619 40.2163 17.107 23.1093 57.400
 720 33.9637 14.151 19.8127 58.300
 720 35.892 206.618 170.726 475.600
 102 187.05 192.589 5.539 2.900
 206 90.619 57.473 33.146 36.500
 308 59.3587 33.776 25.5827 43.000
 413 43.6317 23.915 19.7167 45.100
 518 34.3407 18.511 15.8297 46.000
 619 28.447 15.099 13.348 46.900
 720 23.9067 12.749 11.1577 46.600
 308 86.78 473.197 386.417 445.200
 413 63.6613 69.830 6.1687 9.600
 518 50.347 37.696 12.651 25.100
 619 40.8047 25.816 14.9887 36.700
 720 31.1123 19.630 11.4823 36.900
 102 108.102 165.001 56.899 52.600
 206 47.128 54.741 7.613 16.100
 308 28.9287 32.814 3.8853 13.400
 413 21.856 23.429 1.573 7.100
 518 17.4393 18.218 .7787 4.400
 619 14.504 14.904 .400 2.700
 720 12.347 12.609 .262 2.100
 720 36.0627 141.299 105.2363 291.800
 102 175.43 326.738 151.308 86.200
 206 122.194 65.498 56.696 46.300
 308 81.276 36.397 44.879 55.200
 413 61.4057 25.200 36.2057 58.900
 518 48.1167 19.272 28.8447 59.900
 619 40.4953 15.601 24.8943 61.400
 720 35.1177 13.105 22.0127 62.600
 102 147.845 198.873 51.028 34.500
 206 66.8337 58.020 8.8137 13.100
 308 42.774 33.964 8.810 20.500
 413 32.23 24.009 8.221 25.500
 518 24.5423 18.567 5.9753 24.300
 619 19.8797 15.136 4.7437 23.800
 720 16.0757 12.776 3.2997 20.500
 206 119.981 341.789 221.808 184.800
 308 61.4777 66.081 4.6033 7.400
 413 43.0017 36.576 6.4257 14.900
 518 33.232 25.286 7.946 23.900
 619 24.3617 19.322 5.0397 20.600
 720 17.231 15.634 1.597 9.200
 102 127.228 349.965 222.737 175.000
 206 54.198 66.381 12.183 22.400
 308 35.2197 36.668 1.4483 4.100
 413 25.28 25.330 .050 .100
 518 20.5937 19.347 1.2467 6.000
 619 16.5463 15.651 .8953 5.400
 720 14.465 13.140 1.325 9.100
 308 70.526 150.345 79.819 113.100
 413 46.344 53.026 6.682 14.400
 518 34.2357 32.190 2.0457 5.900
 619 26.539 23.109 3.430 12.900
 720 21.76 18.024 3.736 17.100
 206 50.8163 79.312 28.4957 56.000
 308 32.8113 40.297 7.4857 22.800
 413 24.6153 27.010 2.3947 9.700
 518 18.8067 20.313 1.5063 8.000
 619 15.8553 16.276 .4207 2.600
 720 13.7807 13.578 .2027 1.400
 206 68.1993 128.048 59.8487 87.700
 308 42.3917 49.958 7.5663 17.800
 413 31.263 31.033 .230 .700
 518 24.568 22.506 2.062 8.300
 619 20.2783 17.656 2.6223 12.900
 720 17.5813 14.525 3.0563 17.300
 308 81.6223 111.827 30.2047 37.000
 413 61.099 47.282 13.817 22.600
 518 49.1773 29.979 19.1983 39.000
 619 39.8147 21.947 17.8677 44.800
 720 33.604 17.309 16.295 48.400
 206 55.7787 144.184 88.4053 158.400
 308 35.32 52.239 16.919 47.900
 413 25.3887 31.898 6.5093 25.600
 518 20.5493 22.958 2.4087 11.700
 619 16.591 17.932 1.341 8.000
 720 14.3397 14.712 .3723 2.500
 206 122.352 197.112 74.760 61.100
 308 81.895 57.869 24.026 29.300
 413 60.3893 33.912 26.4773 43.800
 518 45.05 23.984 21.066 46.700
 619 35.4507 18.552 16.8987 47.600
 720 29.3827 15.126 14.2567 48.500
 308 81.8787 107.135 25.2563 30.800
 413 62.1517 46.423 15.7287 25.300
 518 49.4643 29.631 19.8333 40.000
 619 40.7737 21.760 19.0137 46.600
 720 35.0133 17.193 17.8203 50.800
 206 123.518 178.615 55.097 44.600
 308 82.111 56.161 25.950 31.600
 413 56.2353 33.319 22.9163 40.700
 518 41.7197 23.685 18.0347 43.200
 619 32.579 18.373 14.206 43.600
 720 26.9073 15.007 11.9003 44.200
 102 226.619 196.431 30.188 13.300
 206 108.258 57.810 50.448 46.500
 308 71.07 33.892 37.178 52.300
 413 52.505 23.973 28.532 54.300
 518 41.6317 18.546 23.0857 55.400
 619 34.541 15.122 19.419 56.200
 720 29.731 12.766 16.965 57.000
 308 84.945 141.573 56.628 66.600
 413 63.1537 51.892 11.2617 17.800
 518 50.1903 31.768 18.4223 36.700
 619 41.5333 22.891 18.6423 44.800
 720 35.281 17.891 17.390 49.200
 102 166.666 123.239 43.427 26.000
 206 79.2473 49.209 30.0383 37.900
 308 51.8303 30.742 21.0883 40.600
 413 38.622 22.353 16.269 42.100
 518 30.6023 17.561 13.0413 42.600
 619 25.4943 14.461 11.0333 43.200
 720 21.5857 12.291 9.2947 43.000
 102 250.799 841.413 590.614 235.400
 206 71.7897 74.651 2.8613 3.900
 308 38.4663 39.058 .5917 1.500
 413 26.2457 26.448 .2023 .700
 518 20.001 19.993 .008 0
 619 16.071 16.071 0 0
 720 13.4697 13.435 .0347 .200
 206 125.176 274.751 149.575 119.400
 308 62.253 63.104 .851 1.300
 413 35.945 35.645 .300 .800
 518 25.0693 24.838 .2313 .900
 619 19.3183 19.059 .2593 1.300
 720 16.8547 15.461 1.3937 8.200
 206 92.7693 143.860 51.0907 55.000
 308 60.5723 52.196 8.3763 13.800
 413 42.0947 31.882 10.2127 24.200
 518 31.776 22.950 8.826 27.700
 619 25.791 17.927 7.864 30.400
 720 22.136 14.708 7.428 33.500
 308 81.8463 207.455 125.6087 153.400
 413 60.9297 58.729 2.2007 3.600
 518 49.1637 34.206 14.9577 30.400
 619 40.3973 24.130 16.2673 40.200
 720 34.566 18.639 15.927 46.000
 102 132.225 238.250 106.025 80.100
 206 53.1113 60.959 7.8477 14.700
 308 32.7453 34.951 2.2057 6.700
 413 22.7017 24.498 1.7963 7.900
 518 17.967 18.858 .891 4.900
 619 14.844 15.329 .485 3.200
 720 12.7357 12.913 .1773 1.300
 102 138.891 954.333 815.442 587.100
 206 54.5467 75.443 20.8963 38.300
 308 32.913 39.274 6.361 19.300
 413 23.1687 26.547 3.3783 14.500
 518 18.1723 20.049 1.8767 10.300
 619 14.919 16.107 1.188 7.900
 720 12.761 13.460 .699 5.400
 720 35.9423 617.239 581.2967 1617.300
 206 49.8027 122.299 72.4963 145.500
 308 30.8333 34.470 3.6367 11.700
 413 22.2187 20.062 2.1567 9.700
 518 14.7633 14.148 .6153 4.100
 619 13.7223 10.927 2.7953 20.300
 720 12.9823 8.901 4.0813 31.400
 102 93.3923 528.634 435.2417 466.000
 206 32.8277 44.004 11.1763 34.000
 308 20.2953 22.957 2.6617 13.100
 413 14.786 15.529 .743 5.000
 518 11.744 11.733 .011 0
 619 9.69833 9.428 .27033 2.700
 720 8.29333 7.880 .41333 4.900
 206 72.4583 52.069 20.3893 28.100
 308 47.6707 24.976 22.6947 47.600
 413 35.678 16.428 19.250 53.900
 518 24.9507 12.239 12.7117 50.900
 619 11.722 9.752 1.970 16.800
 720 11.3183 8.105 3.2133 28.300
 102 143.43 134.892 8.538 5.900
 206 42.892 35.402 7.490 17.400
 308 25.6687 20.374 5.2947 20.600
 413 17.5847 14.303 3.2817 18.600
 518 13.9173 11.019 2.8983 20.800
 619 10.7937 8.962 1.8317 16.900
 720 9.36967 7.552 1.81767 19.300
 518 49.2197 96.069 46.8493 95.100
 619 39.176 44.216 5.040 12.800
 720 27.5723 28.716 1.1437 4.100
 206 177.39 1984.496 1807.106 1018.700
 308 108.657 115.714 7.057 6.400
 413 77.1237 59.594 17.5297 22.700
 518 60.1813 40.131 20.0503 33.300
 619 48.4417 30.251 18.1907 37.500
 720 40.3217 24.275 16.0467 39.700
 206 132.343 151.300 18.957 14.300
 308 85.0743 67.808 17.2663 20.200
 413 61.5943 43.695 17.8993 29.000
 518 48.0623 32.233 15.8293 32.900
 619 40.1777 25.535 14.6427 36.400
 720 34.077 21.141 12.936 37.900
 206 115.257 267.782 152.525 132.300
 308 57.6677 84.228 26.5603 46.000
 413 38.3637 49.973 11.6093 30.200
 518 29.3897 35.525 6.1353 20.800
 619 23.882 27.558 3.676 15.300
 720 20.1817 22.510 2.3283 11.500
 413 60.3433 228.877 168.5337 279.200
 518 49.1723 79.954 30.7817 62.500
 619 32.7693 48.437 15.6677 47.800
 720 25.523 34.742 9.219 36.100
 102 246.13 585.812 339.682 138.000
 206 111.471 101.573 9.898 8.800
 308 71.4413 55.607 15.8343 22.100
 413 51.9903 38.283 13.7073 26.300
 518 40.954 29.189 11.765 28.700
 619 33.802 23.586 10.216 30.200
 720 28.9983 19.788 9.2103 31.700
 308 115.578 200.889 85.311 73.800
 413 81.3163 76.243 5.0733 6.200
 518 61.5197 47.050 14.4697 23.500
 619 49.3707 34.022 15.3487 31.000
 720 40.5513 26.645 13.9063 34.200
 206 129.413 169.442 40.029 30.900
 308 71.148 71.226 .078 .100
 413 49.3087 45.090 4.2187 8.500
 518 36.956 32.986 3.970 10.700
 619 30.0213 26.005 4.0163 13.300
 720 24.7613 21.463 3.2983 13.300
 308 48.082 173.618 125.536 261.000
 413 34.814 55.658 20.844 59.800
 518 27.4497 33.141 5.6913 20.700
 619 22.5237 23.595 1.0713 4.700
 720 19.2183 18.319 .8993 4.600
 206 66.508 80.250 13.742 20.600
 308 36.1513 40.538 4.3867 12.100
 413 25.422 27.118 1.696 6.600
 518 19.6867 20.374 .6873 3.400
 619 16.0877 16.316 .2283 1.400
 720 13.6383 13.606 .0323 .200
 102 96.888 105.567 8.679 8.900
 206 46.2213 46.126 .0953 .200
 308 30.658 29.510 1.148 3.700
 413 22.9293 21.694 1.2353 5.300
 518 18.318 17.152 1.166 6.300
 619 15.195 14.182 1.013 6.600
 720 13.0457 12.089 .9567 7.300
 206 53.5107 114.043 60.5323 113.100
 308 33.9337 47.674 13.7403 40.400
 413 23.684 30.136 6.452 27.200
 518 20.8827 22.031 1.1483 5.400
 619 15.1297 17.362 2.2323 14.700
 720 13.3027 14.325 1.0223 7.600
 102 120.867 99.369 21.498 17.700
 206 56.5843 44.902 11.6823 20.600
 308 36.833 29.004 7.829 21.200
 413 27.3917 21.420 5.9717 21.800
 518 21.7583 16.980 4.7783 21.900
 619 18.093 14.064 4.029 22.200
 720 15.448 12.003 3.445 22.300
 308 52.672 86.963 34.291 65.100
 413 32.664 42.183 9.519 29.100
 518 23.3433 27.845 4.5017 19.200
 619 18.1473 20.781 2.6337 14.500
 720 15.152 16.576 1.424 9.300
 518 49.6907 515.349 465.6583 937.100
 619 39.0557 70.684 31.6283 80.900
 720 20.0527 37.944 17.8913 89.200
 206 117.921 391.736 273.815 232.200
 308 72.7767 67.751 5.0257 6.900
 413 51.6597 37.082 14.5777 28.200
 518 39.1467 25.527 13.6197 34.700
 619 31.5883 19.462 12.1263 38.300
 720 26.4437 15.726 10.7177 40.500
 308 82.2933 251.535 169.2417 205.600
 413 61.105 61.794 .689 1.100
 518 49.584 35.224 14.360 28.900
 619 40.7823 24.632 16.1503 39.600
 720 35.0883 18.938 16.1503 46.000
 206 104.273 201.733 97.460 93.400
 308 62.843 58.261 4.582 7.200
 413 44.051 34.047 10.004 22.700
 518 33.6753 24.051 9.6243 28.500
 619 26.9417 18.592 8.3497 30.900
 720 22.8313 15.153 7.6783 33.600
 206 123.868 103.875 19.993 16.100
 308 82.3047 45.800 36.5047 44.300
 413 61.4027 29.376 32.0267 52.100
 518 49.1317 21.622 27.5097 55.900
 619 40.2163 17.107 23.1093 57.400
 720 33.9637 14.151 19.8127 58.300
 720 35.892 206.618 170.726 475.600
 102 187.05 192.589 5.539 2.900
 206 90.619 57.473 33.146 36.500
 308 59.3587 33.776 25.5827 43.000
 413 43.6317 23.915 19.7167 45.100
 518 34.3407 18.511 15.8297 46.000
 619 28.447 15.099 13.348 46.900
 720 23.9067 12.749 11.1577 46.600
 308 86.78 473.197 386.417 445.200
 413 63.6613 69.830 6.1687 9.600
 518 50.347 37.696 12.651 25.100
 619 40.8047 25.816 14.9887 36.700
 720 31.1123 19.630 11.4823 36.900
