 102 108.102 117.800 9.698 8.900
 206 47.128 48.291 1.163 2.400
 308 28.9287 30.364 1.4353 4.900
 413 21.856 22.159 .303 1.300
 518 17.4393 17.432 .0073 0
 619 14.504 14.362 .142 .900
 720 12.347 12.216 .131 1.000
 102 259.28 777263.022 777003.742 299677.400
 206 126.05 8560.312 8434.262 6691.200
 308 86.7163 1796.489 1709.7727 1971.600
 413 62.4683 329.482 267.0137 427.400
 518 49.5073 114.409 64.9017 131.000
 619 41.958 50.966 9.008 21.400
 720 36.0627 31.536 4.5267 12.500
 102 175.43 272.465 97.035 55.300
 206 122.194 62.996 59.198 48.400
 308 81.276 35.579 45.697 56.200
 413 61.4057 24.821 36.5847 59.500
 518 48.1167 19.038 29.0787 60.400
 619 40.4953 15.441 25.0543 61.800
 720 35.1177 13.000 22.1177 62.900
 102 250.882 5130.240 4879.358 1944.800
 206 135.88 328.867 192.987 142.000
 308 92.668 107.176 14.508 15.600
 413 66.78 50.728 16.052 24.000
 518 50.7393 32.210 18.5293 36.500
 619 42.495 23.210 19.285 45.300
 720 36.4573 18.102 18.3553 50.300
 102 147.845 140.001 7.844 5.300
 206 66.8337 51.650 15.1837 22.700
 308 42.774 31.674 11.100 25.900
 413 32.23 22.814 9.416 29.200
 518 24.5423 17.858 6.6843 27.200
 619 19.8797 14.663 5.2167 26.200
 720 16.0757 12.427 3.6487 22.600
 102 248.642 4014.080 3765.438 1514.400
 206 119.981 88.064 31.917 26.600
 308 61.4777 42.378 19.0997 31.000
 413 43.0017 27.934 15.0677 35.000
 518 33.232 20.840 12.392 37.200
 619 24.3617 16.602 7.7597 31.800
 720 17.231 13.796 3.435 19.900
 102 127.228 173.178 45.950 36.100
 206 54.198 55.541 1.343 2.400
 308 35.2197 33.094 2.1257 6.000
 413 25.28 23.552 1.728 6.800
 518 20.5937 18.300 2.2937 11.100
 619 16.5463 14.950 1.5963 9.600
 720 14.465 12.649 1.816 12.500
 102 247.056 6497474.150 6497227.094 2629860.000
 206 120.586 164.495 43.909 36.400
 308 70.526 54.721 15.805 22.400
 413 46.344 32.768 13.576 29.200
 518 34.2357 23.396 10.8397 31.600
 619 26.539 18.199 8.340 31.400
 720 21.76 14.884 6.876 31.500
 102 114.224 96.092 18.132 15.800
 206 50.8163 44.195 6.6213 13.000
 308 32.8113 28.698 4.1133 12.500
 413 24.6153 21.258 3.3573 13.600
 518 18.8067 16.859 1.9477 10.300
 619 15.8553 13.980 1.8753 11.800
 720 13.7807 11.947 1.8337 13.300
 102 175.407 1341.603 1166.196 664.800
 206 68.1993 78.315 10.1157 14.800
 308 42.3917 40.030 2.3617 5.500
 413 31.263 26.869 4.394 14.000
 518 24.568 20.250 4.318 17.500
 619 20.2783 16.233 4.0453 19.900
 720 17.5813 13.539 4.0423 22.900
 102 246.935 345669.222 345422.287 139883.800
 206 125.462 791.879 666.417 531.100
 308 81.6223 82.245 .6227 .700
 413 61.099 41.041 20.058 32.800
 518 49.1773 27.344 21.8333 44.300
 619 39.8147 20.493 19.3217 48.500
 720 33.604 16.382 17.222 51.200
 102 255.88 6265819.463 6265563.583 2448633.500
 206 128.049 6180.577 6052.528 4726.700
 308 86.3823 278.166 191.7837 222.000
 413 64.6147 75.427 10.8123 16.700
 518 51.2947 39.829 11.4657 22.300
 619 41.787 26.869 14.918 35.700
 720 36.0297 20.244 15.7857 43.800
 102 140.108 364.052 223.944 159.800
 206 55.7787 66.805 11.0263 19.700
 308 35.32 36.781 1.461 4.100
 413 25.3887 25.374 .0147 0
 518 20.5493 19.382 1.1673 5.600
 619 16.591 15.673 .918 5.500
 720 14.3397 13.141 1.1987 8.300
 102 247.641 3527.639 3279.998 1324.400
 206 122.352 129.474 7.122 5.800
 308 81.895 50.188 31.707 38.700
 413 60.3893 31.109 29.2803 48.400
 518 45.05 22.528 22.522 49.900
 619 35.4507 17.680 17.7707 50.100
 720 29.3827 14.533 14.8497 50.500
 102 249.81 2535.751 2285.941 915.000
 206 124.495 156.016 31.521 25.300
 308 81.8787 54.065 27.8137 33.900
 413 62.1517 32.542 29.6097 47.600
 518 49.4643 23.298 26.1663 52.800
 619 40.7737 18.131 22.6427 55.500
 720 35.0133 14.849 20.1643 57.500
 102 246.999 4173.004 3926.005 1589.400
 206 123.518 123.371 .147 .100
 308 82.111 49.178 32.933 40.100
 413 56.2353 30.740 25.4953 45.300
 518 41.7197 22.347 19.3727 46.400
 619 32.579 17.544 15.035 46.100
 720 26.9073 14.440 12.4673 46.300
 102 226.619 137.216 89.403 39.400
 206 108.258 51.240 57.018 52.600
 308 71.07 31.511 39.559 55.600
 413 52.505 22.753 29.752 56.600
 518 41.6317 17.793 23.8387 57.200
 619 34.541 14.622 19.919 57.600
 720 29.731 12.404 17.327 58.200
 102 252.515 196189.061 195936.546 77594.000
 206 124.441 392.560 268.119 215.400
 308 84.945 73.917 11.028 12.900
 413 63.1537 38.850 24.3037 38.400
 518 50.1903 26.378 23.8123 47.400
 619 41.5333 19.919 21.6143 52.000
 720 35.281 16.020 19.261 54.500
 102 166.666 99.532 67.134 40.200
 206 79.2473 44.892 34.3553 43.300
 308 51.8303 28.998 22.8323 44.000
 413 38.622 21.422 17.200 44.500
 518 30.6023 16.973 13.6293 44.500
 619 25.4943 14.048 11.4463 44.800
 720 21.5857 11.994 9.5917 44.400
 102 250.799 271.319 20.520 8.100
 206 71.7897 72.744 .9543 1.300
 308 38.4663 38.501 .0347 0
 413 26.2457 26.173 .0727 .200
 518 20.001 19.857 .144 .700
 619 16.071 15.960 .111 .600
 720 13.4697 13.351 .1187 .800
 102 282.109 834.928 552.819 195.900
 206 125.176 128.163 2.987 2.300
 308 62.253 61.766 .487 .700
 413 35.945 35.246 .699 1.900
 518 25.0693 24.625 .4443 1.700
 619 19.3183 18.923 .3953 2.000
 720 16.8547 15.376 1.4787 8.700
 102 191.531 155.074 36.457 19.000
 206 92.7693 53.575 39.1943 42.200
 308 60.5723 32.384 28.1883 46.500
 413 42.0947 23.203 18.8917 44.800
 518 31.776 18.071 13.705 43.100
 619 25.791 14.799 10.992 42.600
 720 22.136 12.532 9.604 43.300
 102 216.011 495.697 279.686 129.400
 206 124.434 70.983 53.451 42.900
 308 81.8463 38.009 43.8373 53.500
 413 60.9297 25.948 34.9817 57.400
 518 49.1637 19.709 29.4547 59.900
 619 40.3973 15.892 24.5053 60.600
 720 34.566 13.293 21.273 61.500
 102 264.279 6695.895 6431.616 2433.600
 206 129.171 2430.976 2301.805 1781.900
 308 84.693 1666.348 1581.655 1867.500
 413 41.8453 155.648 113.8027 271.900
 518 39.3 70.172 30.872 78.500
 619 30.441 38.924 8.483 27.800
 720 16.4043 24.094 7.6897 46.800
 102 132.225 137.379 5.154 3.800
 206 53.1113 51.322 1.7893 3.300
 308 32.7453 31.511 1.2343 3.700
 413 22.7017 22.773 .0713 .300
 518 17.967 17.793 .174 .900
 619 14.844 14.622 .222 1.400
 720 12.7357 12.404 .3317 2.600
 102 138.891 169.902 31.011 22.300
 206 54.5467 55.255 .7083 1.200
 308 32.913 32.958 .045 .100
 413 23.1687 23.511 .3423 1.400
 518 18.1723 18.251 .0787 .400
 619 14.919 14.936 .017 .100
 720 12.761 12.626 .135 1.000
 102 266.546 1513146.204 1512879.658 567586.700
 206 125.842 98350.530 98224.688 78053.900
 308 85.1283 7196.059 7110.9307 8353.100
 413 66.097 2208.235 2142.138 3240.900
 518 50.445 527.794 477.349 946.200
 619 41.665 188.711 147.046 352.900
 720 35.9423 90.011 54.0687 150.400
 102 280.38 17192623.390 17192343.010 6131800.700
 206 143.573 565327.011 565183.438 393655.700
 308 91.075 78514.662 78423.587 86108.700
 413 68.09 19715.502 19647.412 28855.000
 518 54.394 6858.326 6803.932 12508.600
 619 45.1093 2934.384 2889.2747 6405.000
 720 38.5413 1449.468 1410.9267 3660.800
 102 112.99 8821.309 8708.319 7707.100
 206 49.8027 89.210 39.4073 79.100
 308 30.8333 42.651 11.8177 38.300
 413 22.2187 28.037 5.8183 26.100
 518 14.7633 20.889 6.1257 41.400
 619 13.7223 16.643 2.9207 21.200
 720 12.9823 13.831 .8487 6.500
 102 93.3923 705.413 612.0207 655.300
 206 32.8277 73.605 40.7773 124.200
 308 20.2953 38.856 18.5607 91.400
 413 14.786 26.337 11.551 78.100
 518 11.744 19.841 8.097 68.900
 619 9.69833 15.987 6.28867 64.800
 720 8.29333 13.387 5.09367 61.400
 102 144.242 216.104 71.862 49.800
 206 72.4583 59.351 13.1073 18.000
 308 47.6707 34.432 13.2387 27.700
 413 35.678 24.227 11.451 32.000
 518 24.9507 18.694 6.2567 25.000
 619 11.722 15.209 3.487 29.700
 720 11.3183 12.825 1.5067 13.300
 102 143.43 211.107 67.677 47.100
 206 42.892 58.982 16.090 37.500
 308 25.6687 34.296 8.6273 33.600
 413 17.5847 24.166 6.5813 37.400
 518 13.9173 18.644 4.7267 33.900
 619 10.7937 15.195 4.4013 40.700
 720 9.36967 12.813 3.44333 36.700
 102 288.206 19259.228 18971.022 6582.400
 206 137.144 1500.528 1363.384 994.100
 308 90.6543 378.870 288.2157 317.900
 413 62.455 245.698 183.243 293.400
 518 49.2197 419.168 369.9483 751.600
 619 39.176 238.517 199.341 508.800
 720 27.5723 66.806 39.2337 142.200
 102 371.821 461565167.288 461564795.467 124136290.100
 206 177.39 641.966 464.576 261.800
 308 108.657 74.599 34.058 31.300
 413 77.1237 38.993 38.1307 49.400
 518 60.1813 26.411 33.7703 56.100
 619 48.4417 19.987 28.4547 58.700
 720 40.3217 16.043 24.2787 60.200
 102 283.59 145.244 138.346 48.700
 206 132.343 52.346 79.997 60.400
 308 85.0743 31.920 53.1543 62.400
 413 61.5943 22.978 38.6163 62.600
 518 48.0623 17.940 30.1223 62.600
 619 40.1777 14.704 25.4737 63.400
 720 34.077 12.474 21.603 63.300
 102 369.754 504.709 134.955 36.400
 206 115.257 70.492 44.765 38.800
 308 57.6677 37.846 19.8217 34.300
 413 38.3637 25.886 12.4777 32.500
 518 29.3897 19.660 9.7297 33.100
 619 23.882 15.851 8.031 33.600
 720 20.1817 13.281 6.9007 34.100
 102 400.074 18455.101 18055.027 4512.900
 206 186.946 1964.687 1777.741 950.900
 308 118.027 107.066 10.961 9.200
 413 60.3433 46.428 13.9153 23.000
 518 49.1723 29.622 19.5503 39.700
 619 32.7693 21.735 11.0343 33.600
 720 25.523 17.178 8.345 32.600
 102 246.13 14347.960 14101.830 5729.400
 206 111.471 91.832 19.639 17.600
 308 71.4413 43.252 28.1893 39.400
 413 51.9903 28.323 23.6673 45.500
 518 40.954 21.020 19.934 48.600
 619 33.802 16.724 17.078 50.500
 720 28.9983 13.890 15.1083 52.100
 102 373.599 2617.344 2243.745 600.500
 206 185.441 85.319 100.122 53.900
 308 115.578 41.750 73.828 63.800
 413 81.3163 27.668 53.6483 65.900
 518 61.5197 20.676 40.8437 66.300
 619 49.3707 16.506 32.8647 66.500
 720 40.5513 13.726 26.8253 66.100
 102 371.039 3179.724 2808.685 756.900
 206 129.413 87.490 41.923 32.300
 308 71.148 42.324 28.824 40.500
 413 49.3087 27.893 21.4157 43.400
 518 36.956 20.807 16.149 43.600
 619 30.0213 16.588 13.4333 44.700
 720 24.7613 13.796 10.9653 44.200
 102 244.579 1466665628434894.438 1466665628434649.859 599669484475220.600
 206 123.671 974482852.945 974482729.274 787963814.600
 308 48.082 3308.476 3260.394 6780.900
 413 34.814 266.076 231.262 664.200
 518 27.4497 78.348 50.8983 185.400
 619 22.5237 45.614 23.0903 102.500
 720 19.2183 29.453 10.2347 53.200
 102 154.622 432.128 277.506 179.400
 206 66.508 84.254 17.746 26.600
 308 36.1513 41.559 5.4077 14.900
 413 25.422 27.525 2.103 8.200
 518 19.6867 20.578 .8913 4.500
 619 16.0877 16.465 .3773 2.300
 720 13.6383 13.714 .0757 .500
 102 96.888 109.936 13.048 13.400
 206 46.2213 46.899 .6777 1.400
 308 30.658 29.818 .840 2.700
 413 22.9293 21.852 1.0773 4.600
 518 18.318 17.252 1.066 5.800
 619 15.195 14.240 .955 6.200
 720 13.0457 12.134 .9117 6.900
 102 274.921 46261107.507 46260832.586 16826954.800
 206 137.223 413418.618 413281.395 301175.000
 308 91.4383 28292.893 28201.4547 30842.000
 413 68.459 4528.332 4459.873 6514.600
 518 54.7883 1174.568 1119.7797 2043.800
 619 45.7403 420.143 374.4027 818.500
 720 39.2227 189.326 150.1033 382.600
 102 108.259 145.244 36.985 34.100
 206 53.5107 52.346 1.1647 2.100
 308 33.9337 31.920 2.0137 5.900
 413 23.684 22.978 .706 2.900
 518 20.8827 17.940 2.9427 14.000
 619 15.1297 14.704 .4257 2.800
 720 13.3027 12.474 .8287 6.200
 102 120.867 108.298 12.569 10.300
 206 56.5843 46.612 9.9723 17.600
 308 36.833 29.708 7.125 19.300
 413 27.3917 21.790 5.6017 20.400
 518 21.7583 17.203 4.5553 20.900
 619 18.093 14.212 3.881 21.400
 720 15.448 12.111 3.337 21.600
 102 208.991 801.832 592.841 283.600
 206 123.537 212.131 88.594 71.700
 308 52.672 60.400 7.728 14.600
 413 32.664 34.754 2.090 6.300
 518 23.3433 24.379 1.0357 4.400
 619 18.1473 18.800 .6527 3.500
 720 15.152 15.271 .119 .700
 102 205.803 2429.009 2223.206 1080.200
 206 124.412 351.068 226.656 182.100
 308 82.648 79.433 3.215 3.800
 413 61.9777 40.386 21.5917 34.800
 518 49.6907 27.033 22.6577 45.500
 619 39.0557 20.315 18.7407 47.900
 720 20.0527 16.265 3.7877 18.800
 102 281.819 2990.080 2708.261 960.900
 206 117.921 84.090 33.831 28.600
 308 72.7767 41.477 31.2997 43.000
 413 51.6597 27.525 24.1347 46.700
 518 39.1467 20.594 18.5527 47.300
 619 31.5883 16.465 15.1233 47.800
 720 26.4437 13.691 12.7527 48.200
 102 249.674 12881.920 12632.246 5059.400
 206 124.043 107.765 16.278 13.100
 308 82.2933 46.502 35.7913 43.400
 413 61.105 29.675 31.430 51.400
 518 49.584 21.774 27.810 56.000
 619 40.7823 17.189 23.5933 57.800
 720 35.0883 14.217 20.8713 59.400
 102 239.179 3427.532 3188.353 1333.000
 206 104.273 83.927 20.346 19.500
 308 62.843 41.423 21.420 34.000
 413 44.051 27.525 16.526 37.500
 518 33.6753 20.594 13.0813 38.800
 619 26.9417 16.438 10.5037 38.900
 720 22.8313 13.691 9.1403 40.000
 102 248.35 165.150 83.200 33.500
 206 123.868 54.722 69.146 55.800
 308 82.3047 32.794 49.5107 60.100
 413 61.4027 23.429 37.9737 61.800
 518 49.1317 18.202 30.9297 62.900
 619 40.2163 14.895 25.3213 62.900
 720 33.9637 12.603 21.3607 62.800
 102 252.939 1023449.415 1023196.476 404523.000
 206 125.993 2291.793 2165.800 1718.900
 308 85.6653 189.995 104.3297 121.700
 413 63.8637 62.566 1.2977 2.000
 518 50.3387 35.733 14.6057 29.000
 619 41.5367 24.862 16.6747 40.100
 720 35.892 19.085 16.807 46.800
 102 187.05 102.891 84.159 44.900
 206 90.619 45.588 45.031 49.600
 308 59.3587 29.272 30.0867 50.600
 413 43.6317 21.565 22.0667 50.500
 518 34.3407 17.055 17.2857 50.300
 619 28.447 14.130 14.317 50.300
 720 23.9067 12.041 11.8657 49.600
 102 281.543 3254.517 2972.974 1055.900
 206 138.193 330.956 192.763 139.400
 308 86.78 109.224 22.444 25.800
 413 63.6613 55.828 7.8333 12.300
 518 50.347 37.650 12.697 25.200
 619 40.8047 27.114 13.6907 33.500
 720 31.1123 20.419 10.6933 34.300
 102 108.102 117.800 9.698 8.900
 206 47.128 48.291 1.163 2.400
 308 28.9287 30.364 1.4353 4.900
 413 21.856 22.159 .303 1.300
 518 17.4393 17.432 .0073 0
 619 14.504 14.362 .142 .900
 720 12.347 12.216 .131 1.000
 102 259.28 777263.022 777003.742 299677.400
 206 126.05 8560.312 8434.262 6691.200
 308 86.7163 1796.489 1709.7727 1971.600
 413 62.4683 329.482 267.0137 427.400
 518 49.5073 114.409 64.9017 131.000
 619 41.958 50.966 9.008 21.400
 720 36.0627 31.536 4.5267 12.500
 102 175.43 272.465 97.035 55.300
 206 122.194 62.996 59.198 48.400
 308 81.276 35.579 45.697 56.200
 413 61.4057 24.821 36.5847 59.500
 518 48.1167 19.038 29.0787 60.400
 619 40.4953 15.441 25.0543 61.800
 720 35.1177 13.000 22.1177 62.900
 102 250.882 5130.240 4879.358 1944.800
 206 135.88 328.867 192.987 142.000
 308 92.668 107.176 14.508 15.600
 413 66.78 50.728 16.052 24.000
 518 50.7393 32.210 18.5293 36.500
 619 42.495 23.210 19.285 45.300
 720 36.4573 18.102 18.3553 50.300
 102 147.845 140.001 7.844 5.300
 206 66.8337 51.650 15.1837 22.700
 308 42.774 31.674 11.100 25.900
 413 32.23 22.814 9.416 29.200
 518 24.5423 17.858 6.6843 27.200
 619 19.8797 14.663 5.2167 26.200
 720 16.0757 12.427 3.6487 22.600
 102 248.642 4014.080 3765.438 1514.400
 206 119.981 88.064 31.917 26.600
 308 61.4777 42.378 19.0997 31.000
 413 43.0017 27.934 15.0677 35.000
 518 33.232 20.840 12.392 37.200
 619 24.3617 16.602 7.7597 31.800
 720 17.231 13.796 3.435 19.900
 102 127.228 173.178 45.950 36.100
 206 54.198 55.541 1.343 2.400
 308 35.2197 33.094 2.1257 6.000
 413 25.28 23.552 1.728 6.800
 518 20.5937 18.300 2.2937 11.100
 619 16.5463 14.950 1.5963 9.600
 720 14.465 12.649 1.816 12.500
 102 247.056 6497474.150 6497227.094 2629860.000
 206 120.586 164.495 43.909 36.400
 308 70.526 54.721 15.805 22.400
 413 46.344 32.768 13.576 29.200
 518 34.2357 23.396 10.8397 31.600
 619 26.539 18.199 8.340 31.400
 720 21.76 14.884 6.876 31.500
 102 114.224 96.092 18.132 15.800
 206 50.8163 44.195 6.6213 13.000
 308 32.8113 28.698 4.1133 12.500
 413 24.6153 21.258 3.3573 13.600
 518 18.8067 16.859 1.9477 10.300
 619 15.8553 13.980 1.8753 11.800
 720 13.7807 11.947 1.8337 13.300
 102 175.407 1341.603 1166.196 664.800
 206 68.1993 78.315 10.1157 14.800
 308 42.3917 40.030 2.3617 5.500
 413 31.263 26.869 4.394 14.000
 518 24.568 20.250 4.318 17.500
 619 20.2783 16.233 4.0453 19.900
 720 17.5813 13.539 4.0423 22.900
 102 246.935 345669.222 345422.287 139883.800
 206 125.462 791.879 666.417 531.100
 308 81.6223 82.245 .6227 .700
 413 61.099 41.041 20.058 32.800
 518 49.1773 27.344 21.8333 44.300
 619 39.8147 20.493 19.3217 48.500
 720 33.604 16.382 17.222 51.200
 102 255.88 6265819.463 6265563.583 2448633.500
 206 128.049 6180.577 6052.528 4726.700
 308 86.3823 278.166 191.7837 222.000
 413 64.6147 75.427 10.8123 16.700
 518 51.2947 39.829 11.4657 22.300
 619 41.787 26.869 14.918 35.700
 720 36.0297 20.244 15.7857 43.800
 102 140.108 364.052 223.944 159.800
 206 55.7787 66.805 11.0263 19.700
 308 35.32 36.781 1.461 4.100
 413 25.3887 25.374 .0147 0
 518 20.5493 19.382 1.1673 5.600
 619 16.591 15.673 .918 5.500
 720 14.3397 13.141 1.1987 8.300
 102 247.641 3527.639 3279.998 1324.400
 206 122.352 129.474 7.122 5.800
 308 81.895 50.188 31.707 38.700
 413 60.3893 31.109 29.2803 48.400
 518 45.05 22.528 22.522 49.900
 619 35.4507 17.680 17.7707 50.100
 720 29.3827 14.533 14.8497 50.500
 102 249.81 2535.751 2285.941 915.000
 206 124.495 156.016 31.521 25.300
 308 81.8787 54.065 27.8137 33.900
 413 62.1517 32.542 29.6097 47.600
 518 49.4643 23.298 26.1663 52.800
 619 40.7737 18.131 22.6427 55.500
 720 35.0133 14.849 20.1643 57.500
 102 246.999 4173.004 3926.005 1589.400
 206 123.518 123.371 .147 .100
 308 82.111 49.178 32.933 40.100
 413 56.2353 30.740 25.4953 45.300
 518 41.7197 22.347 19.3727 46.400
 619 32.579 17.544 15.035 46.100
 720 26.9073 14.440 12.4673 46.300
 102 226.619 137.216 89.403 39.400
 206 108.258 51.240 57.018 52.600
 308 71.07 31.511 39.559 55.600
 413 52.505 22.753 29.752 56.600
 518 41.6317 17.793 23.8387 57.200
 619 34.541 14.622 19.919 57.600
 720 29.731 12.404 17.327 58.200
 102 252.515 196189.061 195936.546 77594.000
 206 124.441 392.560 268.119 215.400
 308 84.945 73.917 11.028 12.900
 413 63.1537 38.850 24.3037 38.400
 518 50.1903 26.378 23.8123 47.400
 619 41.5333 19.919 21.6143 52.000
 720 35.281 16.020 19.261 54.500
 102 166.666 99.532 67.134 40.200
 206 79.2473 44.892 34.3553 43.300
 308 51.8303 28.998 22.8323 44.000
 413 38.622 21.422 17.200 44.500
 518 30.6023 16.973 13.6293 44.500
 619 25.4943 14.048 11.4463 44.800
 720 21.5857 11.994 9.5917 44.400
 102 250.799 271.319 20.520 8.100
 206 71.7897 72.744 .9543 1.300
 308 38.4663 38.501 .0347 0
 413 26.2457 26.173 .0727 .200
 518 20.001 19.857 .144 .700
 619 16.071 15.960 .111 .600
 720 13.4697 13.351 .1187 .800
 102 282.109 834.928 552.819 195.900
 206 125.176 128.163 2.987 2.300
 308 62.253 61.766 .487 .700
 413 35.945 35.246 .699 1.900
 518 25.0693 24.625 .4443 1.700
 619 19.3183 18.923 .3953 2.000
 720 16.8547 15.376 1.4787 8.700
 102 191.531 155.074 36.457 19.000
 206 92.7693 53.575 39.1943 42.200
 308 60.5723 32.384 28.1883 46.500
 413 42.0947 23.203 18.8917 44.800
 518 31.776 18.071 13.705 43.100
 619 25.791 14.799 10.992 42.600
 720 22.136 12.532 9.604 43.300
 102 216.011 495.697 279.686 129.400
 206 124.434 70.983 53.451 42.900
 308 81.8463 38.009 43.8373 53.500
 413 60.9297 25.948 34.9817 57.400
 518 49.1637 19.709 29.4547 59.900
 619 40.3973 15.892 24.5053 60.600
 720 34.566 13.293 21.273 61.500
 102 264.279 6695.895 6431.616 2433.600
 206 129.171 2430.976 2301.805 1781.900
 308 84.693 1666.348 1581.655 1867.500
 413 41.8453 155.648 113.8027 271.900
 518 39.3 70.172 30.872 78.500
 619 30.441 38.924 8.483 27.800
 720 16.4043 24.094 7.6897 46.800
 102 132.225 137.379 5.154 3.800
 206 53.1113 51.322 1.7893 3.300
 308 32.7453 31.511 1.2343 3.700
 413 22.7017 22.773 .0713 .300
 518 17.967 17.793 .174 .900
 619 14.844 14.622 .222 1.400
 720 12.7357 12.404 .3317 2.600
 102 138.891 169.902 31.011 22.300
 206 54.5467 55.255 .7083 1.200
 308 32.913 32.958 .045 .100
 413 23.1687 23.511 .3423 1.400
 518 18.1723 18.251 .0787 .400
 619 14.919 14.936 .017 .100
 720 12.761 12.626 .135 1.000
 102 266.546 1513146.204 1512879.658 567586.700
 206 125.842 98350.530 98224.688 78053.900
 308 85.1283 7196.059 7110.9307 8353.100
 413 66.097 2208.235 2142.138 3240.900
 518 50.445 527.794 477.349 946.200
 619 41.665 188.711 147.046 352.900
 720 35.9423 90.011 54.0687 150.400
 102 280.38 17192623.390 17192343.010 6131800.700
 206 143.573 565327.011 565183.438 393655.700
 308 91.075 78514.662 78423.587 86108.700
 413 68.09 19715.502 19647.412 28855.000
 518 54.394 6858.326 6803.932 12508.600
 619 45.1093 2934.384 2889.2747 6405.000
 720 38.5413 1449.468 1410.9267 3660.800
 102 112.99 8821.309 8708.319 7707.100
 206 49.8027 89.210 39.4073 79.100
 308 30.8333 42.651 11.8177 38.300
 413 22.2187 28.037 5.8183 26.100
 518 14.7633 20.889 6.1257 41.400
 619 13.7223 16.643 2.9207 21.200
 720 12.9823 13.831 .8487 6.500
 102 93.3923 705.413 612.0207 655.300
 206 32.8277 73.605 40.7773 124.200
 308 20.2953 38.856 18.5607 91.400
 413 14.786 26.337 11.551 78.100
 518 11.744 19.841 8.097 68.900
 619 9.69833 15.987 6.28867 64.800
 720 8.29333 13.387 5.09367 61.400
 102 144.242 216.104 71.862 49.800
 206 72.4583 59.351 13.1073 18.000
 308 47.6707 34.432 13.2387 27.700
 413 35.678 24.227 11.451 32.000
 518 24.9507 18.694 6.2567 25.000
 619 11.722 15.209 3.487 29.700
 720 11.3183 12.825 1.5067 13.300
 102 143.43 211.107 67.677 47.100
 206 42.892 58.982 16.090 37.500
 308 25.6687 34.296 8.6273 33.600
 413 17.5847 24.166 6.5813 37.400
 518 13.9173 18.644 4.7267 33.900
 619 10.7937 15.195 4.4013 40.700
 720 9.36967 12.813 3.44333 36.700
 102 288.206 19259.228 18971.022 6582.400
 206 137.144 1500.528 1363.384 994.100
 308 90.6543 378.870 288.2157 317.900
 413 62.455 245.698 183.243 293.400
 518 49.2197 419.168 369.9483 751.600
 619 39.176 238.517 199.341 508.800
 720 27.5723 66.806 39.2337 142.200
 102 371.821 461565167.288 461564795.467 124136290.100
 206 177.39 641.966 464.576 261.800
 308 108.657 74.599 34.058 31.300
 413 77.1237 38.993 38.1307 49.400
 518 60.1813 26.411 33.7703 56.100
 619 48.4417 19.987 28.4547 58.700
 720 40.3217 16.043 24.2787 60.200
 102 283.59 145.244 138.346 48.700
 206 132.343 52.346 79.997 60.400
 308 85.0743 31.920 53.1543 62.400
 413 61.5943 22.978 38.6163 62.600
 518 48.0623 17.940 30.1223 62.600
 619 40.1777 14.704 25.4737 63.400
 720 34.077 12.474 21.603 63.300
 102 369.754 504.709 134.955 36.400
 206 115.257 70.492 44.765 38.800
 308 57.6677 37.846 19.8217 34.300
 413 38.3637 25.886 12.4777 32.500
 518 29.3897 19.660 9.7297 33.100
 619 23.882 15.851 8.031 33.600
 720 20.1817 13.281 6.9007 34.100
 102 400.074 18455.101 18055.027 4512.900
 206 186.946 1964.687 1777.741 950.900
 308 118.027 107.066 10.961 9.200
 413 60.3433 46.428 13.9153 23.000
 518 49.1723 29.622 19.5503 39.700
 619 32.7693 21.735 11.0343 33.600
 720 25.523 17.178 8.345 32.600
 102 246.13 14347.960 14101.830 5729.400
 206 111.471 91.832 19.639 17.600
 308 71.4413 43.252 28.1893 39.400
 413 51.9903 28.323 23.6673 45.500
 518 40.954 21.020 19.934 48.600
 619 33.802 16.724 17.078 50.500
 720 28.9983 13.890 15.1083 52.100
 102 373.599 2617.344 2243.745 600.500
 206 185.441 85.319 100.122 53.900
 308 115.578 41.750 73.828 63.800
 413 81.3163 27.668 53.6483 65.900
 518 61.5197 20.676 40.8437 66.300
 619 49.3707 16.506 32.8647 66.500
 720 40.5513 13.726 26.8253 66.100
 102 371.039 3179.724 2808.685 756.900
 206 129.413 87.490 41.923 32.300
 308 71.148 42.324 28.824 40.500
 413 49.3087 27.893 21.4157 43.400
 518 36.956 20.807 16.149 43.600
 619 30.0213 16.588 13.4333 44.700
 720 24.7613 13.796 10.9653 44.200
 102 244.579 1466665628434894.438 1466665628434649.859 599669484475220.600
 206 123.671 974482852.945 974482729.274 787963814.600
 308 48.082 3308.476 3260.394 6780.900
 413 34.814 266.076 231.262 664.200
 518 27.4497 78.348 50.8983 185.400
 619 22.5237 45.614 23.0903 102.500
 720 19.2183 29.453 10.2347 53.200
 102 154.622 432.128 277.506 179.400
 206 66.508 84.254 17.746 26.600
 308 36.1513 41.559 5.4077 14.900
 413 25.422 27.525 2.103 8.200
 518 19.6867 20.578 .8913 4.500
 619 16.0877 16.465 .3773 2.300
 720 13.6383 13.714 .0757 .500
 102 96.888 109.936 13.048 13.400
 206 46.2213 46.899 .6777 1.400
 308 30.658 29.818 .840 2.700
 413 22.9293 21.852 1.0773 4.600
 518 18.318 17.252 1.066 5.800
 619 15.195 14.240 .955 6.200
 720 13.0457 12.134 .9117 6.900
 102 274.921 46261107.507 46260832.586 16826954.800
 206 137.223 413418.618 413281.395 301175.000
 308 91.4383 28292.893 28201.4547 30842.000
 413 68.459 4528.332 4459.873 6514.600
 518 54.7883 1174.568 1119.7797 2043.800
 619 45.7403 420.143 374.4027 818.500
 720 39.2227 189.326 150.1033 382.600
 102 108.259 145.244 36.985 34.100
 206 53.5107 52.346 1.1647 2.100
 308 33.9337 31.920 2.0137 5.900
 413 23.684 22.978 .706 2.900
 518 20.8827 17.940 2.9427 14.000
 619 15.1297 14.704 .4257 2.800
 720 13.3027 12.474 .8287 6.200
 102 120.867 108.298 12.569 10.300
 206 56.5843 46.612 9.9723 17.600
 308 36.833 29.708 7.125 19.300
 413 27.3917 21.790 5.6017 20.400
 518 21.7583 17.203 4.5553 20.900
 619 18.093 14.212 3.881 21.400
 720 15.448 12.111 3.337 21.600
 102 208.991 801.832 592.841 283.600
 206 123.537 212.131 88.594 71.700
 308 52.672 60.400 7.728 14.600
 413 32.664 34.754 2.090 6.300
 518 23.3433 24.379 1.0357 4.400
 619 18.1473 18.800 .6527 3.500
 720 15.152 15.271 .119 .700
 102 205.803 2429.009 2223.206 1080.200
 206 124.412 351.068 226.656 182.100
 308 82.648 79.433 3.215 3.800
 413 61.9777 40.386 21.5917 34.800
 518 49.6907 27.033 22.6577 45.500
 619 39.0557 20.315 18.7407 47.900
 720 20.0527 16.265 3.7877 18.800
 102 281.819 2990.080 2708.261 960.900
 206 117.921 84.090 33.831 28.600
 308 72.7767 41.477 31.2997 43.000
 413 51.6597 27.525 24.1347 46.700
 518 39.1467 20.594 18.5527 47.300
 619 31.5883 16.465 15.1233 47.800
 720 26.4437 13.691 12.7527 48.200
 102 249.674 12881.920 12632.246 5059.400
 206 124.043 107.765 16.278 13.100
 308 82.2933 46.502 35.7913 43.400
 413 61.105 29.675 31.430 51.400
 518 49.584 21.774 27.810 56.000
 619 40.7823 17.189 23.5933 57.800
 720 35.0883 14.217 20.8713 59.400
 102 239.179 3427.532 3188.353 1333.000
 206 104.273 83.927 20.346 19.500
 308 62.843 41.423 21.420 34.000
 413 44.051 27.525 16.526 37.500
 518 33.6753 20.594 13.0813 38.800
 619 26.9417 16.438 10.5037 38.900
 720 22.8313 13.691 9.1403 40.000
 102 248.35 165.150 83.200 33.500
 206 123.868 54.722 69.146 55.800
 308 82.3047 32.794 49.5107 60.100
 413 61.4027 23.429 37.9737 61.800
 518 49.1317 18.202 30.9297 62.900
 619 40.2163 14.895 25.3213 62.900
 720 33.9637 12.603 21.3607 62.800
 102 252.939 1023449.415 1023196.476 404523.000
 206 125.993 2291.793 2165.800 1718.900
 308 85.6653 189.995 104.3297 121.700
 413 63.8637 62.566 1.2977 2.000
 518 50.3387 35.733 14.6057 29.000
 619 41.5367 24.862 16.6747 40.100
 720 35.892 19.085 16.807 46.800
 102 187.05 102.891 84.159 44.900
 206 90.619 45.588 45.031 49.600
 308 59.3587 29.272 30.0867 50.600
 413 43.6317 21.565 22.0667 50.500
 518 34.3407 17.055 17.2857 50.300
 619 28.447 14.130 14.317 50.300
 720 23.9067 12.041 11.8657 49.600
 102 281.543 3254.517 2972.974 1055.900
 206 138.193 330.956 192.763 139.400
 308 86.78 109.224 22.444 25.800
 413 63.6613 55.828 7.8333 12.300
 518 50.347 37.650 12.697 25.200
 619 40.8047 27.114 13.6907 33.500
 720 31.1123 20.419 10.6933 34.300
 102 108.102 117.800 9.698 8.900
 206 47.128 48.291 1.163 2.400
 308 28.9287 30.364 1.4353 4.900
 413 21.856 22.159 .303 1.300
 518 17.4393 17.432 .0073 0
 619 14.504 14.362 .142 .900
 720 12.347 12.216 .131 1.000
 102 259.28 777263.022 777003.742 299677.400
 206 126.05 8560.312 8434.262 6691.200
 308 86.7163 1796.489 1709.7727 1971.600
 413 62.4683 329.482 267.0137 427.400
 518 49.5073 114.409 64.9017 131.000
 619 41.958 50.966 9.008 21.400
 720 36.0627 31.536 4.5267 12.500
 102 175.43 272.465 97.035 55.300
 206 122.194 62.996 59.198 48.400
 308 81.276 35.579 45.697 56.200
 413 61.4057 24.821 36.5847 59.500
 518 48.1167 19.038 29.0787 60.400
 619 40.4953 15.441 25.0543 61.800
 720 35.1177 13.000 22.1177 62.900
 102 250.882 5130.240 4879.358 1944.800
 206 135.88 328.867 192.987 142.000
 308 92.668 107.176 14.508 15.600
 413 66.78 50.728 16.052 24.000
 518 50.7393 32.210 18.5293 36.500
 619 42.495 23.210 19.285 45.300
 720 36.4573 18.102 18.3553 50.300
 102 147.845 140.001 7.844 5.300
 206 66.8337 51.650 15.1837 22.700
 308 42.774 31.674 11.100 25.900
 413 32.23 22.814 9.416 29.200
 518 24.5423 17.858 6.6843 27.200
 619 19.8797 14.663 5.2167 26.200
 720 16.0757 12.427 3.6487 22.600
 102 248.642 4014.080 3765.438 1514.400
 206 119.981 88.064 31.917 26.600
 308 61.4777 42.378 19.0997 31.000
 413 43.0017 27.934 15.0677 35.000
 518 33.232 20.840 12.392 37.200
 619 24.3617 16.602 7.7597 31.800
 720 17.231 13.796 3.435 19.900
 102 127.228 173.178 45.950 36.100
 206 54.198 55.541 1.343 2.400
 308 35.2197 33.094 2.1257 6.000
 413 25.28 23.552 1.728 6.800
 518 20.5937 18.300 2.2937 11.100
 619 16.5463 14.950 1.5963 9.600
 720 14.465 12.649 1.816 12.500
 102 247.056 6497474.150 6497227.094 2629860.000
 206 120.586 164.495 43.909 36.400
 308 70.526 54.721 15.805 22.400
 413 46.344 32.768 13.576 29.200
 518 34.2357 23.396 10.8397 31.600
 619 26.539 18.199 8.340 31.400
 720 21.76 14.884 6.876 31.500
 102 114.224 96.092 18.132 15.800
 206 50.8163 44.195 6.6213 13.000
 308 32.8113 28.698 4.1133 12.500
 413 24.6153 21.258 3.3573 13.600
 518 18.8067 16.859 1.9477 10.300
 619 15.8553 13.980 1.8753 11.800
 720 13.7807 11.947 1.8337 13.300
 102 175.407 1341.603 1166.196 664.800
 206 68.1993 78.315 10.1157 14.800
 308 42.3917 40.030 2.3617 5.500
 413 31.263 26.869 4.394 14.000
 518 24.568 20.250 4.318 17.500
 619 20.2783 16.233 4.0453 19.900
 720 17.5813 13.539 4.0423 22.900
 102 246.935 345669.222 345422.287 139883.800
 206 125.462 791.879 666.417 531.100
 308 81.6223 82.245 .6227 .700
 413 61.099 41.041 20.058 32.800
 518 49.1773 27.344 21.8333 44.300
 619 39.8147 20.493 19.3217 48.500
 720 33.604 16.382 17.222 51.200
 102 255.88 6265819.463 6265563.583 2448633.500
 206 128.049 6180.577 6052.528 4726.700
 308 86.3823 278.166 191.7837 222.000
 413 64.6147 75.427 10.8123 16.700
 518 51.2947 39.829 11.4657 22.300
 619 41.787 26.869 14.918 35.700
 720 36.0297 20.244 15.7857 43.800
 102 140.108 364.052 223.944 159.800
 206 55.7787 66.805 11.0263 19.700
 308 35.32 36.781 1.461 4.100
 413 25.3887 25.374 .0147 0
 518 20.5493 19.382 1.1673 5.600
 619 16.591 15.673 .918 5.500
 720 14.3397 13.141 1.1987 8.300
 102 247.641 3527.639 3279.998 1324.400
 206 122.352 129.474 7.122 5.800
 308 81.895 50.188 31.707 38.700
 413 60.3893 31.109 29.2803 48.400
 518 45.05 22.528 22.522 49.900
 619 35.4507 17.680 17.7707 50.100
 720 29.3827 14.533 14.8497 50.500
 102 249.81 2535.751 2285.941 915.000
 206 124.495 156.016 31.521 25.300
 308 81.8787 54.065 27.8137 33.900
 413 62.1517 32.542 29.6097 47.600
 518 49.4643 23.298 26.1663 52.800
 619 40.7737 18.131 22.6427 55.500
 720 35.0133 14.849 20.1643 57.500
 102 246.999 4173.004 3926.005 1589.400
 206 123.518 123.371 .147 .100
 308 82.111 49.178 32.933 40.100
 413 56.2353 30.740 25.4953 45.300
 518 41.7197 22.347 19.3727 46.400
 619 32.579 17.544 15.035 46.100
 720 26.9073 14.440 12.4673 46.300
 102 226.619 137.216 89.403 39.400
 206 108.258 51.240 57.018 52.600
 308 71.07 31.511 39.559 55.600
 413 52.505 22.753 29.752 56.600
 518 41.6317 17.793 23.8387 57.200
 619 34.541 14.622 19.919 57.600
 720 29.731 12.404 17.327 58.200
 102 252.515 196189.061 195936.546 77594.000
 206 124.441 392.560 268.119 215.400
 308 84.945 73.917 11.028 12.900
 413 63.1537 38.850 24.3037 38.400
 518 50.1903 26.378 23.8123 47.400
 619 41.5333 19.919 21.6143 52.000
 720 35.281 16.020 19.261 54.500
 102 166.666 99.532 67.134 40.200
 206 79.2473 44.892 34.3553 43.300
 308 51.8303 28.998 22.8323 44.000
 413 38.622 21.422 17.200 44.500
 518 30.6023 16.973 13.6293 44.500
 619 25.4943 14.048 11.4463 44.800
 720 21.5857 11.994 9.5917 44.400
 102 250.799 271.319 20.520 8.100
 206 71.7897 72.744 .9543 1.300
 308 38.4663 38.501 .0347 0
 413 26.2457 26.173 .0727 .200
 518 20.001 19.857 .144 .700
 619 16.071 15.960 .111 .600
 720 13.4697 13.351 .1187 .800
 102 282.109 834.928 552.819 195.900
 206 125.176 128.163 2.987 2.300
 308 62.253 61.766 .487 .700
 413 35.945 35.246 .699 1.900
 518 25.0693 24.625 .4443 1.700
 619 19.3183 18.923 .3953 2.000
 720 16.8547 15.376 1.4787 8.700
 102 191.531 155.074 36.457 19.000
 206 92.7693 53.575 39.1943 42.200
 308 60.5723 32.384 28.1883 46.500
 413 42.0947 23.203 18.8917 44.800
 518 31.776 18.071 13.705 43.100
 619 25.791 14.799 10.992 42.600
 720 22.136 12.532 9.604 43.300
 102 216.011 495.697 279.686 129.400
 206 124.434 70.983 53.451 42.900
 308 81.8463 38.009 43.8373 53.500
 413 60.9297 25.948 34.9817 57.400
 518 49.1637 19.709 29.4547 59.900
 619 40.3973 15.892 24.5053 60.600
 720 34.566 13.293 21.273 61.500
 102 264.279 6695.895 6431.616 2433.600
 206 129.171 2430.976 2301.805 1781.900
 308 84.693 1666.348 1581.655 1867.500
 413 41.8453 155.648 113.8027 271.900
 518 39.3 70.172 30.872 78.500
 619 30.441 38.924 8.483 27.800
 720 16.4043 24.094 7.6897 46.800
 102 132.225 137.379 5.154 3.800
 206 53.1113 51.322 1.7893 3.300
 308 32.7453 31.511 1.2343 3.700
 413 22.7017 22.773 .0713 .300
 518 17.967 17.793 .174 .900
 619 14.844 14.622 .222 1.400
 720 12.7357 12.404 .3317 2.600
 102 138.891 169.902 31.011 22.300
 206 54.5467 55.255 .7083 1.200
 308 32.913 32.958 .045 .100
 413 23.1687 23.511 .3423 1.400
 518 18.1723 18.251 .0787 .400
 619 14.919 14.936 .017 .100
 720 12.761 12.626 .135 1.000
 102 266.546 1513146.204 1512879.658 567586.700
 206 125.842 98350.530 98224.688 78053.900
 308 85.1283 7196.059 7110.9307 8353.100
 413 66.097 2208.235 2142.138 3240.900
 518 50.445 527.794 477.349 946.200
 619 41.665 188.711 147.046 352.900
 720 35.9423 90.011 54.0687 150.400
 102 280.38 17192623.390 17192343.010 6131800.700
 206 143.573 565327.011 565183.438 393655.700
 308 91.075 78514.662 78423.587 86108.700
 413 68.09 19715.502 19647.412 28855.000
 518 54.394 6858.326 6803.932 12508.600
 619 45.1093 2934.384 2889.2747 6405.000
 720 38.5413 1449.468 1410.9267 3660.800
 102 112.99 5168.736 5055.746 4474.500
 206 49.8027 52.272 2.4693 4.900
 308 30.8333 24.992 5.8413 18.900
 413 22.2187 16.428 5.7907 26.000
 518 14.7633 12.240 2.5233 17.000
 619 13.7223 9.752 3.9703 28.900
 720 12.9823 8.104 4.8783 37.500
 102 93.3923 413.328 319.9357 342.500
 206 32.8277 43.128 10.3003 31.300
 308 20.2953 22.768 2.4727 12.100
 413 14.786 15.432 .646 4.300
 518 11.744 11.625 .119 1.000
 619 9.69833 9.368 .33033 3.400
 720 8.29333 7.844 .44933 5.400
 102 144.242 126.624 17.618 12.200
 206 72.4583 34.776 37.6823 52.000
 308 47.6707 20.176 27.4947 57.600
 413 35.678 14.196 21.482 60.200
 518 24.9507 10.953 13.9977 56.100
 619 11.722 8.912 2.810 23.900
 720 11.3183 7.515 3.8033 33.600
 102 143.43 123.696 19.734 13.700
 206 42.892 34.560 8.332 19.400
 308 25.6687 20.096 5.5727 21.700
 413 17.5847 14.160 3.4247 19.400
 518 13.9173 10.924 2.9933 21.500
 619 10.7937 8.904 1.8897 17.500
 720 9.36967 7.508 1.86167 19.800
 102 288.206 19259.228 18971.022 6582.400
 206 137.144 1500.528 1363.384 994.100
 308 90.6543 378.870 288.2157 317.900
 413 62.455 245.698 183.243 293.400
 518 49.2197 419.168 369.9483 751.600
 619 39.176 238.517 199.341 508.800
 720 27.5723 66.806 39.2337 142.200
 102 371.821 692347750.932 692347379.111 186204485.200
 206 177.39 962.949 785.559 442.800
 308 108.657 111.902 3.245 2.900
 413 77.1237 58.490 18.6337 24.100
 518 60.1813 39.616 20.5653 34.100
 619 48.4417 29.982 18.4597 38.100
 720 40.3217 24.066 16.2557 40.300
 102 283.59 217.866 65.724 23.100
 206 132.343 78.520 53.823 40.600
 308 85.0743 47.882 37.1923 43.700
 413 61.5943 34.467 27.1273 44.000
 518 48.0623 26.910 21.1523 44.000
 619 40.1777 22.056 18.1217 45.100
 720 34.077 18.712 15.365 45.000
 102 369.754 757.063 387.309 104.700
 206 115.257 105.738 9.519 8.200
 308 57.6677 56.770 .8977 1.500
 413 38.3637 38.830 .4663 1.200
 518 29.3897 29.491 .1013 .300
 619 23.882 23.777 .105 .400
 720 20.1817 19.923 .2587 1.200
 102 400.074 27682.652 27282.578 6819.300
 206 186.946 2947.031 2760.085 1476.400
 308 118.027 160.604 42.577 36.000
 413 60.3433 69.642 9.2987 15.400
 518 49.1723 44.433 4.7393 9.600
 619 32.7693 32.604 .1653 .500
 720 25.523 25.769 .246 .900
 102 246.13 21521.940 21275.810 8644.100
 206 111.471 137.748 26.277 23.500
 308 71.4413 64.880 6.5613 9.100
 413 51.9903 42.485 9.5053 18.200
 518 40.954 31.531 9.423 23.000
 619 33.802 25.088 8.714 25.700
 720 28.9983 20.836 8.1623 28.100
 102 373.599 3926.016 3552.417 950.800
 206 185.441 127.979 57.462 30.900
 308 115.578 62.627 52.951 45.800
 413 81.3163 41.502 39.8143 48.900
 518 61.5197 31.014 30.5057 49.500
 619 49.3707 24.760 24.6107 49.800
 720 40.5513 20.590 19.9613 49.200
 102 371.039 4769.587 4398.548 1185.400
 206 129.413 131.235 1.822 1.400
 308 71.148 63.488 7.660 10.700
 413 49.3087 41.840 7.4687 15.100
 518 36.956 31.211 5.745 15.500
 619 30.0213 24.883 5.1383 17.100
 720 24.7613 20.696 4.0653 16.400
 102 244.579 1466665628434894.438 1466665628434649.859 599669484475220.600
 206 123.671 974482852.945 974482729.274 787963814.600
 308 48.082 3308.476 3260.394 6780.900
 413 34.814 266.076 231.262 664.200
 518 27.4497 78.348 50.8983 185.400
 619 22.5237 45.614 23.0903 102.500
 720 19.2183 29.453 10.2347 53.200
 102 154.622 432.128 277.506 179.400
 206 66.508 84.254 17.746 26.600
 308 36.1513 41.559 5.4077 14.900
 413 25.422 27.525 2.103 8.200
 518 19.6867 20.578 .8913 4.500
 619 16.0877 16.465 .3773 2.300
 720 13.6383 13.714 .0757 .500
 102 96.888 109.936 13.048 13.400
 206 46.2213 46.899 .6777 1.400
 308 30.658 29.818 .840 2.700
 413 22.9293 21.852 1.0773 4.600
 518 18.318 17.252 1.066 5.800
 619 15.195 14.240 .955 6.200
 720 13.0457 12.134 .9117 6.900
 102 274.921 46261107.507 46260832.586 16826954.800
 206 137.223 413418.618 413281.395 301175.000
 308 91.4383 28292.893 28201.4547 30842.000
 413 68.459 4528.332 4459.873 6514.600
 518 54.7883 1174.568 1119.7797 2043.800
 619 45.7403 420.143 374.4027 818.500
 720 39.2227 189.326 150.1033 382.600
 102 108.259 145.244 36.985 34.100
 206 53.5107 52.346 1.1647 2.100
 308 33.9337 31.920 2.0137 5.900
 413 23.684 22.978 .706 2.900
 518 20.8827 17.940 2.9427 14.000
 619 15.1297 14.704 .4257 2.800
 720 13.3027 12.474 .8287 6.200
 102 120.867 108.298 12.569 10.300
 206 56.5843 46.612 9.9723 17.600
 308 36.833 29.708 7.125 19.300
 413 27.3917 21.790 5.6017 20.400
 518 21.7583 17.203 4.5553 20.900
 619 18.093 14.212 3.881 21.400
 720 15.448 12.111 3.337 21.600
 102 208.991 801.832 592.841 283.600
 206 123.537 212.131 88.594 71.700
 308 52.672 60.400 7.728 14.600
 413 32.664 34.754 2.090 6.300
 518 23.3433 24.379 1.0357 4.400
 619 18.1473 18.800 .6527 3.500
 720 15.152 15.271 .119 .700
 102 205.803 2429.009 2223.206 1080.200
 206 124.412 351.068 226.656 182.100
 308 82.648 79.433 3.215 3.800
 413 61.9777 40.386 21.5917 34.800
 518 49.6907 27.033 22.6577 45.500
 619 39.0557 20.315 18.7407 47.900
 720 20.0527 16.265 3.7877 18.800
 102 281.819 2990.080 2708.261 960.900
 206 117.921 84.090 33.831 28.600
 308 72.7767 41.477 31.2997 43.000
 413 51.6597 27.525 24.1347 46.700
 518 39.1467 20.594 18.5527 47.300
 619 31.5883 16.465 15.1233 47.800
 720 26.4437 13.691 12.7527 48.200
 102 249.674 12881.920 12632.246 5059.400
 206 124.043 107.765 16.278 13.100
 308 82.2933 46.502 35.7913 43.400
 413 61.105 29.675 31.430 51.400
 518 49.584 21.774 27.810 56.000
 619 40.7823 17.189 23.5933 57.800
 720 35.0883 14.217 20.8713 59.400
 102 239.179 3427.532 3188.353 1333.000
 206 104.273 83.927 20.346 19.500
 308 62.843 41.423 21.420 34.000
 413 44.051 27.525 16.526 37.500
 518 33.6753 20.594 13.0813 38.800
 619 26.9417 16.438 10.5037 38.900
 720 22.8313 13.691 9.1403 40.000
 102 248.35 165.150 83.200 33.500
 206 123.868 54.722 69.146 55.800
 308 82.3047 32.794 49.5107 60.100
 413 61.4027 23.429 37.9737 61.800
 518 49.1317 18.202 30.9297 62.900
 619 40.2163 14.895 25.3213 62.900
 720 33.9637 12.603 21.3607 62.800
 102 252.939 1023449.415 1023196.476 404523.000
 206 125.993 2291.793 2165.800 1718.900
 308 85.6653 189.995 104.3297 121.700
 413 63.8637 62.566 1.2977 2.000
 518 50.3387 35.733 14.6057 29.000
 619 41.5367 24.862 16.6747 40.100
 720 35.892 19.085 16.807 46.800
 102 187.05 102.891 84.159 44.900
 206 90.619 45.588 45.031 49.600
 308 59.3587 29.272 30.0867 50.600
 413 43.6317 21.565 22.0667 50.500
 518 34.3407 17.055 17.2857 50.300
 619 28.447 14.130 14.317 50.300
 720 23.9067 12.041 11.8657 49.600
 102 281.543 3254.517 2972.974 1055.900
 206 138.193 330.956 192.763 139.400
 308 86.78 109.224 22.444 25.800
 413 63.6613 55.828 7.8333 12.300
 518 50.347 37.650 12.697 25.200
 619 40.8047 27.114 13.6907 33.500
 720 31.1123 20.419 10.6933 34.300
