 102 108.102 103.301 4.801 4.400
 206 47.128 45.629 1.499 3.100
 308 28.9287 29.326 .3973 1.300
 413 21.856 21.565 .291 1.300
 518 17.4393 17.072 .3673 2.100
 619 14.504 14.130 .374 2.500
 720 12.347 12.041 .306 2.400
 102 259.28 1684590.592 1684331.312 649618.600
 206 126.05 17437.736 17311.686 13733.900
 308 86.7163 4257.387 4170.6707 4809.500
 413 62.4683 719.216 656.7477 1051.300
 518 49.5073 242.106 192.5987 389.000
 619 41.958 80.115 38.157 90.900
 720 36.0627 41.741 5.6783 15.700
 102 175.43 211.599 36.169 20.600
 206 122.194 58.982 63.212 51.700
 308 81.276 34.296 46.980 57.800
 413 61.4057 24.166 37.2397 60.600
 518 48.1167 18.644 29.4727 61.200
 619 40.4953 15.195 25.3003 62.400
 720 35.1177 12.813 22.3047 63.500
 102 250.882 11672.944 11422.062 4552.700
 206 135.88 614.686 478.806 352.300
 308 92.668 184.151 91.483 98.700
 413 66.78 72.949 6.169 9.200
 518 50.7393 42.369 8.3703 16.400
 619 42.495 28.329 14.166 33.300
 720 36.4573 21.168 15.2893 41.900
 102 147.845 173.506 25.661 17.300
 206 66.8337 55.623 11.2107 16.700
 308 42.774 33.122 9.652 22.500
 413 32.23 23.592 8.638 26.800
 518 24.5423 18.300 6.2423 25.400
 619 19.8797 14.963 4.9167 24.700
 720 16.0757 12.649 3.4267 21.300
 102 248.642 545516.666 545268.024 219298.400
 206 119.981 145.244 25.263 21.000
 308 61.4777 52.400 9.0777 14.700
 413 43.0017 31.948 11.0537 25.700
 518 33.232 22.970 10.262 30.800
 619 24.3617 17.940 6.4217 26.300
 720 17.231 14.709 2.522 14.600
 102 127.228 175.390 48.162 37.800
 206 54.198 55.787 1.589 2.900
 308 35.2197 33.176 2.0437 5.800
 413 25.28 23.613 1.667 6.500
 518 20.5937 18.317 2.2767 11.000
 619 16.5463 14.963 1.5833 9.500
 720 14.465 12.661 1.804 12.400
 102 247.056 592619232.378 592618985.322 239872330.600
 206 120.586 426.598 306.012 253.700
 308 70.526 69.466 1.060 1.500
 413 46.344 37.560 8.784 18.900
 518 34.2357 25.755 8.4807 24.700
 619 26.539 19.578 6.961 26.200
 720 21.76 15.809 5.951 27.300
 102 114.224 95.191 19.033 16.600
 206 50.8163 44.032 6.7843 13.300
 308 32.8113 28.616 4.1953 12.700
 413 24.6153 21.217 3.3983 13.800
 518 18.8067 16.842 1.9647 10.400
 619 15.8553 13.967 1.8883 11.900
 720 13.7807 11.936 1.8447 13.300
 102 175.407 3226.009 3050.602 1739.100
 206 68.1993 83.558 15.3587 22.500
 308 42.3917 41.368 1.0237 2.400
 413 31.263 27.484 3.779 12.000
 518 24.568 20.578 3.990 16.200
 619 20.2783 16.438 3.8403 18.900
 720 17.5813 13.679 3.9023 22.100
 102 246.935 323904.962 323658.027 131070.100
 206 125.462 757.760 632.298 503.900
 308 81.6223 81.262 .3603 .400
 413 61.099 40.796 20.303 33.200
 518 49.1773 27.213 21.9643 44.600
 619 39.8147 20.438 19.3767 48.600
 720 33.604 16.335 17.269 51.300
 102 255.88 7418359.644 7418103.764 2899055.700
 206 128.049 7118.643 6990.594 5459.300
 308 86.3823 300.366 213.9837 247.700
 413 64.6147 78.786 14.1713 21.900
 518 51.2947 40.927 10.3677 20.200
 619 41.787 27.360 14.427 34.500
 720 36.0297 20.490 15.5397 43.100
 102 140.108 17907.957 17767.849 12681.500
 206 55.7787 93.061 37.2823 66.800
 308 35.32 43.525 8.205 23.200
 413 25.3887 28.426 3.0373 11.900
 518 20.5493 21.102 .5527 2.600
 619 16.591 16.765 .174 1.000
 720 14.3397 13.925 .4147 2.800
 102 247.641 2702.786 2455.145 991.400
 206 122.352 118.005 4.347 3.500
 308 81.895 48.304 33.591 41.000
 413 60.3893 30.371 30.0183 49.700
 518 45.05 22.167 22.883 50.700
 619 35.4507 17.434 18.0167 50.800
 720 29.3827 14.370 15.0127 51.000
 102 249.81 2340.044 2090.234 836.700
 206 124.495 149.258 24.763 19.800
 308 81.8787 53.110 28.7687 35.100
 413 62.1517 32.235 29.9167 48.100
 518 49.4643 23.134 26.3303 53.200
 619 40.7737 18.035 22.7387 55.700
 720 35.0133 14.767 20.2463 57.800
 102 246.999 2949.120 2702.121 1093.900
 206 123.518 111.575 11.943 9.600
 308 82.111 47.239 34.872 42.400
 413 56.2353 29.921 26.3143 46.700
 518 41.7197 21.921 19.7987 47.400
 619 32.579 17.298 15.281 46.900
 720 26.9073 14.264 12.6433 46.900
 102 226.619 127.549 99.070 43.700
 206 108.258 49.889 58.369 53.900
 308 71.07 30.992 40.078 56.300
 413 52.505 22.466 30.039 57.200
 518 41.6317 17.629 24.0027 57.600
 619 34.541 14.499 20.042 58.000
 720 29.731 12.322 17.409 58.500
 102 252.515 209921.966 209669.451 83032.400
 206 124.441 407.797 283.356 227.700
 308 84.945 74.927 10.018 11.700
 413 63.1537 39.157 23.9967 37.900
 518 50.1903 26.460 23.7303 47.200
 619 41.5333 20.015 21.5183 51.800
 720 35.281 16.066 19.215 54.400
 102 166.666 102.645 64.021 38.400
 206 79.2473 45.547 33.7003 42.500
 308 51.8303 29.244 22.5863 43.500
 413 38.622 21.544 17.078 44.200
 518 30.6023 17.055 13.5473 44.200
 619 25.4943 14.117 11.3773 44.600
 720 21.5857 12.029 9.5567 44.200
 102 250.799 275.415 24.616 9.800
 206 71.7897 73.400 1.6103 2.200
 308 38.4663 38.665 .1987 .500
 413 26.2457 26.275 .0293 .100
 518 20.001 19.873 .128 .600
 619 16.071 16.001 .070 .400
 720 13.4697 13.351 .1187 .800
 102 282.109 855.982 573.873 203.400
 206 125.176 130.129 4.953 3.900
 308 62.253 62.694 .441 .700
 413 35.945 35.553 .392 1.000
 518 25.0693 24.772 .2973 1.100
 619 19.3183 19.004 .3143 1.600
 720 16.8547 15.434 1.4207 8.400
 102 191.531 213.319 21.788 11.300
 206 92.7693 59.187 33.5823 36.100
 308 60.5723 34.323 26.2493 43.300
 413 42.0947 24.207 17.8877 42.400
 518 31.776 18.677 13.099 41.200
 619 25.791 15.195 10.596 41.000
 720 22.136 12.825 9.311 42.000
 102 216.011 15314.042 15098.031 6989.400
 206 124.434 114.073 10.361 8.300
 308 81.8463 47.648 34.1983 41.700
 413 60.9297 30.105 30.8247 50.500
 518 49.1637 22.020 27.1437 55.200
 619 40.3973 17.339 23.0583 57.000
 720 34.566 14.311 20.255 58.500
 102 264.279 38414.254 38149.975 14435.400
 206 129.171 38956.564 38827.393 30058.900
 308 84.693 383413.594 383328.901 452609.800
 413 41.8453 3281.756 3239.9107 7742.500
 518 39.3 1686.896 1647.596 4192.300
 619 30.441 327.317 296.876 975.200
 720 16.4043 50.903 34.4987 210.300
 102 132.225 139.755 7.530 5.600
 206 53.1113 51.650 1.4613 2.700
 308 32.7453 31.674 1.0713 3.200
 413 22.7017 22.814 .1123 .400
 518 17.967 17.842 .125 .600
 619 14.844 14.663 .181 1.200
 720 12.7357 12.427 .3087 2.400
 102 138.891 196.444 57.553 41.400
 206 54.5467 57.753 3.2063 5.800
 308 32.913 33.859 .946 2.800
 413 23.1687 23.941 .7723 3.300
 518 18.1723 18.530 .3577 1.900
 619 14.919 15.113 .194 1.300
 720 12.761 12.755 .006 0
 102 266.546 1423377.285 1423110.739 533908.100
 206 125.842 91553.710 91427.868 72652.900
 308 85.1283 6733.441 6648.3127 7809.700
 413 66.097 2052.362 1986.265 3005.000
 518 50.445 496.091 445.646 883.400
 619 41.665 178.676 137.011 328.800
 720 35.9423 86.126 50.1837 139.600
 102 280.38 18149839.339 18149558.959 6473200.200
 206 143.573 596357.447 596213.874 415268.700
 308 91.075 82786.057 82694.982 90798.700
 413 68.09 20761.722 20693.632 30391.500
 518 54.394 7212.515 7158.121 13159.700
 619 45.1093 3084.649 3039.5397 6738.100
 720 38.5413 1521.868 1483.3267 3848.600
 102 112.99 133.201 20.211 17.800
 206 49.8027 50.667 .8643 1.700
 308 30.8333 31.292 .4587 1.400
 413 22.2187 22.650 .4313 1.900
 518 14.7633 17.743 2.9797 20.100
 619 13.7223 14.581 .8587 6.200
 720 12.9823 12.380 .6023 4.600
 102 93.3923 559.841 466.4487 499.400
 206 32.8277 71.393 38.5653 117.400
 308 20.2953 38.255 17.9597 88.400
 413 14.786 26.030 11.244 76.000
 518 11.744 19.677 7.933 67.500
 619 9.69833 15.892 6.19367 63.800
 720 8.29333 13.328 5.03467 60.700
 102 144.242 145.981 1.739 1.200
 206 72.4583 52.428 20.0303 27.600
 308 47.6707 31.948 15.7227 32.900
 413 35.678 22.978 12.700 35.500
 518 24.9507 17.940 7.0107 28.000
 619 11.722 14.717 2.995 25.500
 720 11.3183 12.474 1.1557 10.200
 102 143.43 216.104 72.674 50.600
 206 42.892 59.351 16.459 38.300
 308 25.6687 34.432 8.7633 34.100
 413 17.5847 24.227 6.6423 37.700
 518 13.9173 18.694 4.7767 34.300
 619 10.7937 15.209 4.4153 40.900
 720 9.36967 12.825 3.45533 36.800
 102 288.206 6475.612 6187.406 2146.800
 206 137.144 577.576 440.432 321.100
 308 90.6543 168.150 77.4957 85.400
 413 62.455 97.075 34.620 55.400
 518 49.2197 69.140 19.9203 40.400
 619 39.176 38.774 .402 1.000
 720 27.5723 26.352 1.2203 4.400
 102 371.821 975106.211 974734.390 262151.500
 206 177.39 142.704 34.686 19.500
 308 108.657 51.990 56.667 52.100
 413 77.1237 31.784 45.3397 58.700
 518 60.1813 22.904 37.2773 61.900
 619 48.4417 17.885 30.5567 63.000
 720 40.3217 14.674 25.6477 63.600
 102 283.59 222.576 61.014 21.500
 206 132.343 59.842 72.501 54.700
 308 85.0743 34.542 50.5323 59.300
 413 61.5943 24.309 37.2853 60.500
 518 48.0623 18.743 29.3193 61.000
 619 40.1777 15.250 24.9277 62.000
 720 34.077 12.848 21.229 62.200
 102 369.754 884.490 514.736 139.200
 206 115.257 75.571 39.686 34.400
 308 57.6677 39.266 18.4017 31.900
 413 38.3637 26.562 11.8017 30.700
 518 29.3897 20.037 9.3527 31.800
 619 23.882 16.096 7.786 32.600
 720 20.1817 13.445 6.7367 33.300
 102 400.074 17610.997 17210.923 4301.900
 206 186.946 1788.928 1601.982 856.900
 308 118.027 104.199 13.828 11.700
 413 60.3433 45.916 14.4273 23.900
 518 49.1723 29.409 19.7633 40.100
 619 32.7693 21.626 11.1433 34.000
 720 25.523 17.096 8.427 33.000
 102 246.13 234.045 12.085 4.900
 206 111.471 60.661 50.810 45.500
 308 71.4413 34.815 36.6263 51.200
 413 51.9903 24.432 27.5583 53.000
 518 40.954 18.825 22.129 54.000
 619 33.802 15.305 18.497 54.700
 720 28.9983 12.883 16.1153 55.500
 102 373.599 12869.058 12495.459 3344.600
 206 185.441 98.918 86.523 46.600
 308 115.578 44.754 70.824 61.200
 413 81.3163 28.958 52.3583 64.300
 518 61.5197 21.381 40.1387 65.200
 619 49.3707 16.957 32.4137 65.600
 720 40.5513 14.042 26.5093 65.300
 102 371.039 1909.719 1538.680 414.600
 206 129.413 83.230 46.183 35.600
 308 71.148 41.232 29.916 42.000
 413 49.3087 27.443 21.8657 44.300
 518 36.956 20.545 16.411 44.400
 619 30.0213 16.424 13.5973 45.200
 720 24.7613 13.679 11.0823 44.700
 102 244.579 14710316489.441 14710316244.862 6014545911.400
 206 123.671 20294.942 20171.271 16310.400
 308 48.082 140.953 92.871 193.100
 413 34.814 54.005 19.191 55.100
 518 27.4497 32.489 5.0393 18.300
 619 22.5237 23.414 .8903 3.900
 720 19.2183 18.173 1.0453 5.400
 102 154.622 372.981 218.359 141.200
 206 66.508 78.151 11.643 17.500
 308 36.1513 39.975 3.8237 10.500
 413 25.422 26.869 1.447 5.600
 518 19.6867 20.201 .5143 2.600
 619 16.0877 16.206 .1183 .700
 720 13.6383 13.539 .0993 .700
 102 96.888 98.549 1.661 1.700
 206 46.2213 44.687 1.5343 3.300
 308 30.658 28.917 1.741 5.600
 413 22.9293 21.360 1.5693 6.800
 518 18.318 16.941 1.377 7.500
 619 15.195 14.035 1.160 7.600
 720 13.0457 11.982 1.0637 8.100
 102 274.921 37324164.956 37323890.035 13576223.700
 206 137.223 335588.106 335450.883 244456.700
 308 91.4383 23139.186 23047.7477 25205.700
 413 68.459 3745.955 3677.496 5371.800
 518 54.7883 985.153 930.3647 1698.100
 619 45.7403 358.637 312.8967 684.000
 720 39.2227 164.284 125.0613 318.800
 102 108.259 3148.431 3040.172 2808.200
 206 53.5107 95.191 41.6803 77.800
 308 33.9337 44.099 10.1653 29.900
 413 23.684 28.467 4.783 20.100
 518 20.8827 21.217 .3343 1.600
 619 15.1297 16.752 1.6223 10.700
 720 13.3027 13.972 .6693 5.000
 102 120.867 96.829 24.038 19.800
 206 56.5843 44.359 12.2253 21.600
 308 36.833 28.753 8.080 21.900
 413 27.3917 21.278 6.1137 22.300
 518 21.7583 16.875 4.8833 22.400
 619 18.093 13.994 4.099 22.600
 720 15.448 11.959 3.489 22.500
 102 208.991 1152.450 943.459 451.400
 206 123.537 451.993 328.456 265.800
 308 52.672 77.412 24.740 46.900
 413 32.664 39.833 7.169 21.900
 518 23.3433 26.738 3.3947 14.500
 619 18.1473 20.165 2.0177 11.100
 720 15.152 16.183 1.031 6.800
 102 205.803 979.189 773.386 375.700
 206 124.412 140.001 15.589 12.500
 308 82.648 52.700 29.948 36.200
 413 61.9777 32.030 29.9477 48.300
 518 49.6907 23.035 26.6557 53.600
 619 39.0557 17.981 21.0747 53.900
 720 20.0527 14.732 5.3207 26.500
 102 281.819 693.043 411.224 145.900
 206 117.921 73.523 44.398 37.600
 308 72.7767 38.719 34.0577 46.700
 413 51.6597 26.275 25.3847 49.100
 518 39.1467 19.906 19.2407 49.100
 619 31.5883 16.001 15.5873 49.300
 720 26.4437 13.387 13.0567 49.300
 102 249.674 4888.985 4639.311 1858.100
 206 124.043 95.232 28.811 23.200
 308 82.2933 44.017 38.2763 46.500
 413 61.105 28.631 32.474 53.100
 518 49.584 21.217 28.367 57.200
 619 40.7823 16.847 23.9353 58.600
 720 35.0883 13.972 21.1163 60.100
 102 239.179 2375.680 2136.501 893.200
 206 104.273 81.920 22.353 21.400
 308 62.843 40.931 21.912 34.800
 413 44.051 27.299 16.752 38.000
 518 33.6753 20.480 13.1953 39.100
 619 26.9417 16.369 10.5727 39.200
 720 22.8313 13.644 9.1873 40.200
 102 248.35 164.823 83.527 33.600
 206 123.868 54.681 69.187 55.800
 308 82.3047 32.767 49.5377 60.100
 413 61.4027 23.388 38.0147 61.900
 518 49.1317 18.202 30.9297 62.900
 619 40.2163 14.881 25.3353 62.900
 720 33.9637 12.591 21.3727 62.900
 102 252.939 1492712.079 1492459.140 590047.000
 206 125.993 3107.430 2981.437 2366.300
 308 85.6653 229.151 143.4857 167.400
 413 63.8637 68.587 4.7233 7.300
 518 50.3387 37.699 12.6397 25.100
 619 41.5367 25.845 15.6917 37.700
 720 35.892 19.624 16.268 45.300
 102 187.05 102.727 84.323 45.000
 206 90.619 45.547 45.072 49.700
 308 59.3587 29.244 30.1147 50.700
 413 43.6317 21.544 22.0877 50.600
 518 34.3407 17.055 17.2857 50.300
 619 28.447 14.117 14.330 50.300
 720 23.9067 12.041 11.8657 49.600
 102 281.543 2722.283 2440.740 866.900
 206 138.193 288.563 150.370 108.800
 308 86.78 98.438 11.658 13.400
 413 63.6613 51.630 12.0313 18.800
 518 50.347 35.012 15.335 30.400
 619 40.8047 25.408 15.3967 37.700
 720 31.1123 19.437 11.6753 37.500
 102 108.102 103.301 4.801 4.400
 206 47.128 45.629 1.499 3.100
 308 28.9287 29.326 .3973 1.300
 413 21.856 21.565 .291 1.300
 518 17.4393 17.072 .3673 2.100
 619 14.504 14.130 .374 2.500
 720 12.347 12.041 .306 2.400
 102 259.28 1684590.592 1684331.312 649618.600
 206 126.05 17437.736 17311.686 13733.900
 308 86.7163 4257.387 4170.6707 4809.500
 413 62.4683 719.216 656.7477 1051.300
 518 49.5073 242.106 192.5987 389.000
 619 41.958 80.115 38.157 90.900
 720 36.0627 41.741 5.6783 15.700
 102 175.43 211.599 36.169 20.600
 206 122.194 58.982 63.212 51.700
 308 81.276 34.296 46.980 57.800
 413 61.4057 24.166 37.2397 60.600
 518 48.1167 18.644 29.4727 61.200
 619 40.4953 15.195 25.3003 62.400
 720 35.1177 12.813 22.3047 63.500
 102 250.882 11672.944 11422.062 4552.700
 206 135.88 614.686 478.806 352.300
 308 92.668 184.151 91.483 98.700
 413 66.78 72.949 6.169 9.200
 518 50.7393 42.369 8.3703 16.400
 619 42.495 28.329 14.166 33.300
 720 36.4573 21.168 15.2893 41.900
 102 147.845 173.506 25.661 17.300
 206 66.8337 55.623 11.2107 16.700
 308 42.774 33.122 9.652 22.500
 413 32.23 23.592 8.638 26.800
 518 24.5423 18.300 6.2423 25.400
 619 19.8797 14.963 4.9167 24.700
 720 16.0757 12.649 3.4267 21.300
 102 248.642 545516.666 545268.024 219298.400
 206 119.981 145.244 25.263 21.000
 308 61.4777 52.400 9.0777 14.700
 413 43.0017 31.948 11.0537 25.700
 518 33.232 22.970 10.262 30.800
 619 24.3617 17.940 6.4217 26.300
 720 17.231 14.709 2.522 14.600
 102 127.228 175.390 48.162 37.800
 206 54.198 55.787 1.589 2.900
 308 35.2197 33.176 2.0437 5.800
 413 25.28 23.613 1.667 6.500
 518 20.5937 18.317 2.2767 11.000
 619 16.5463 14.963 1.5833 9.500
 720 14.465 12.661 1.804 12.400
 102 247.056 592619232.378 592618985.322 239872330.600
 206 120.586 426.598 306.012 253.700
 308 70.526 69.466 1.060 1.500
 413 46.344 37.560 8.784 18.900
 518 34.2357 25.755 8.4807 24.700
 619 26.539 19.578 6.961 26.200
 720 21.76 15.809 5.951 27.300
 102 114.224 95.191 19.033 16.600
 206 50.8163 44.032 6.7843 13.300
 308 32.8113 28.616 4.1953 12.700
 413 24.6153 21.217 3.3983 13.800
 518 18.8067 16.842 1.9647 10.400
 619 15.8553 13.967 1.8883 11.900
 720 13.7807 11.936 1.8447 13.300
 102 175.407 3226.009 3050.602 1739.100
 206 68.1993 83.558 15.3587 22.500
 308 42.3917 41.368 1.0237 2.400
 413 31.263 27.484 3.779 12.000
 518 24.568 20.578 3.990 16.200
 619 20.2783 16.438 3.8403 18.900
 720 17.5813 13.679 3.9023 22.100
 102 246.935 323904.962 323658.027 131070.100
 206 125.462 757.760 632.298 503.900
 308 81.6223 81.262 .3603 .400
 413 61.099 40.796 20.303 33.200
 518 49.1773 27.213 21.9643 44.600
 619 39.8147 20.438 19.3767 48.600
 720 33.604 16.335 17.269 51.300
 102 255.88 7418359.644 7418103.764 2899055.700
 206 128.049 7118.643 6990.594 5459.300
 308 86.3823 300.366 213.9837 247.700
 413 64.6147 78.786 14.1713 21.900
 518 51.2947 40.927 10.3677 20.200
 619 41.787 27.360 14.427 34.500
 720 36.0297 20.490 15.5397 43.100
 102 140.108 17907.957 17767.849 12681.500
 206 55.7787 93.061 37.2823 66.800
 308 35.32 43.525 8.205 23.200
 413 25.3887 28.426 3.0373 11.900
 518 20.5493 21.102 .5527 2.600
 619 16.591 16.765 .174 1.000
 720 14.3397 13.925 .4147 2.800
 102 247.641 2702.786 2455.145 991.400
 206 122.352 118.005 4.347 3.500
 308 81.895 48.304 33.591 41.000
 413 60.3893 30.371 30.0183 49.700
 518 45.05 22.167 22.883 50.700
 619 35.4507 17.434 18.0167 50.800
 720 29.3827 14.370 15.0127 51.000
 102 249.81 2340.044 2090.234 836.700
 206 124.495 149.258 24.763 19.800
 308 81.8787 53.110 28.7687 35.100
 413 62.1517 32.235 29.9167 48.100
 518 49.4643 23.134 26.3303 53.200
 619 40.7737 18.035 22.7387 55.700
 720 35.0133 14.767 20.2463 57.800
 102 246.999 2949.120 2702.121 1093.900
 206 123.518 111.575 11.943 9.600
 308 82.111 47.239 34.872 42.400
 413 56.2353 29.921 26.3143 46.700
 518 41.7197 21.921 19.7987 47.400
 619 32.579 17.298 15.281 46.900
 720 26.9073 14.264 12.6433 46.900
 102 226.619 127.549 99.070 43.700
 206 108.258 49.889 58.369 53.900
 308 71.07 30.992 40.078 56.300
 413 52.505 22.466 30.039 57.200
 518 41.6317 17.629 24.0027 57.600
 619 34.541 14.499 20.042 58.000
 720 29.731 12.322 17.409 58.500
 102 252.515 209921.966 209669.451 83032.400
 206 124.441 407.797 283.356 227.700
 308 84.945 74.927 10.018 11.700
 413 63.1537 39.157 23.9967 37.900
 518 50.1903 26.460 23.7303 47.200
 619 41.5333 20.015 21.5183 51.800
 720 35.281 16.066 19.215 54.400
 102 166.666 102.645 64.021 38.400
 206 79.2473 45.547 33.7003 42.500
 308 51.8303 29.244 22.5863 43.500
 413 38.622 21.544 17.078 44.200
 518 30.6023 17.055 13.5473 44.200
 619 25.4943 14.117 11.3773 44.600
 720 21.5857 12.029 9.5567 44.200
 102 250.799 275.415 24.616 9.800
 206 71.7897 73.400 1.6103 2.200
 308 38.4663 38.665 .1987 .500
 413 26.2457 26.275 .0293 .100
 518 20.001 19.873 .128 .600
 619 16.071 16.001 .070 .400
 720 13.4697 13.351 .1187 .800
 102 282.109 855.982 573.873 203.400
 206 125.176 130.129 4.953 3.900
 308 62.253 62.694 .441 .700
 413 35.945 35.553 .392 1.000
 518 25.0693 24.772 .2973 1.100
 619 19.3183 19.004 .3143 1.600
 720 16.8547 15.434 1.4207 8.400
 102 191.531 213.319 21.788 11.300
 206 92.7693 59.187 33.5823 36.100
 308 60.5723 34.323 26.2493 43.300
 413 42.0947 24.207 17.8877 42.400
 518 31.776 18.677 13.099 41.200
 619 25.791 15.195 10.596 41.000
 720 22.136 12.825 9.311 42.000
 102 216.011 15314.042 15098.031 6989.400
 206 124.434 114.073 10.361 8.300
 308 81.8463 47.648 34.1983 41.700
 413 60.9297 30.105 30.8247 50.500
 518 49.1637 22.020 27.1437 55.200
 619 40.3973 17.339 23.0583 57.000
 720 34.566 14.311 20.255 58.500
 102 264.279 38414.254 38149.975 14435.400
 206 129.171 38956.564 38827.393 30058.900
 308 84.693 383413.594 383328.901 452609.800
 413 41.8453 3281.756 3239.9107 7742.500
 518 39.3 1686.896 1647.596 4192.300
 619 30.441 327.317 296.876 975.200
 720 16.4043 50.903 34.4987 210.300
 102 132.225 139.755 7.530 5.600
 206 53.1113 51.650 1.4613 2.700
 308 32.7453 31.674 1.0713 3.200
 413 22.7017 22.814 .1123 .400
 518 17.967 17.842 .125 .600
 619 14.844 14.663 .181 1.200
 720 12.7357 12.427 .3087 2.400
 102 138.891 196.444 57.553 41.400
 206 54.5467 57.753 3.2063 5.800
 308 32.913 33.859 .946 2.800
 413 23.1687 23.941 .7723 3.300
 518 18.1723 18.530 .3577 1.900
 619 14.919 15.113 .194 1.300
 720 12.761 12.755 .006 0
 102 266.546 1423377.285 1423110.739 533908.100
 206 125.842 91553.710 91427.868 72652.900
 308 85.1283 6733.441 6648.3127 7809.700
 413 66.097 2052.362 1986.265 3005.000
 518 50.445 496.091 445.646 883.400
 619 41.665 178.676 137.011 328.800
 720 35.9423 86.126 50.1837 139.600
 102 280.38 18149839.339 18149558.959 6473200.200
 206 143.573 596357.447 596213.874 415268.700
 308 91.075 82786.057 82694.982 90798.700
 413 68.09 20761.722 20693.632 30391.500
 518 54.394 7212.515 7158.121 13159.700
 619 45.1093 3084.649 3039.5397 6738.100
 720 38.5413 1521.868 1483.3267 3848.600
 102 112.99 133.201 20.211 17.800
 206 49.8027 50.667 .8643 1.700
 308 30.8333 31.292 .4587 1.400
 413 22.2187 22.650 .4313 1.900
 518 14.7633 17.743 2.9797 20.100
 619 13.7223 14.581 .8587 6.200
 720 12.9823 12.380 .6023 4.600
 102 93.3923 559.841 466.4487 499.400
 206 32.8277 71.393 38.5653 117.400
 308 20.2953 38.255 17.9597 88.400
 413 14.786 26.030 11.244 76.000
 518 11.744 19.677 7.933 67.500
 619 9.69833 15.892 6.19367 63.800
 720 8.29333 13.328 5.03467 60.700
 102 144.242 145.981 1.739 1.200
 206 72.4583 52.428 20.0303 27.600
 308 47.6707 31.948 15.7227 32.900
 413 35.678 22.978 12.700 35.500
 518 24.9507 17.940 7.0107 28.000
 619 11.722 14.717 2.995 25.500
 720 11.3183 12.474 1.1557 10.200
 102 143.43 216.104 72.674 50.600
 206 42.892 59.351 16.459 38.300
 308 25.6687 34.432 8.7633 34.100
 413 17.5847 24.227 6.6423 37.700
 518 13.9173 18.694 4.7767 34.300
 619 10.7937 15.209 4.4153 40.900
 720 9.36967 12.825 3.45533 36.800
 102 288.206 6475.612 6187.406 2146.800
 206 137.144 577.576 440.432 321.100
 308 90.6543 168.150 77.4957 85.400
 413 62.455 97.075 34.620 55.400
 518 49.2197 69.140 19.9203 40.400
 619 39.176 38.774 .402 1.000
 720 27.5723 26.352 1.2203 4.400
 102 371.821 975106.211 974734.390 262151.500
 206 177.39 142.704 34.686 19.500
 308 108.657 51.990 56.667 52.100
 413 77.1237 31.784 45.3397 58.700
 518 60.1813 22.904 37.2773 61.900
 619 48.4417 17.885 30.5567 63.000
 720 40.3217 14.674 25.6477 63.600
 102 283.59 222.576 61.014 21.500
 206 132.343 59.842 72.501 54.700
 308 85.0743 34.542 50.5323 59.300
 413 61.5943 24.309 37.2853 60.500
 518 48.0623 18.743 29.3193 61.000
 619 40.1777 15.250 24.9277 62.000
 720 34.077 12.848 21.229 62.200
 102 369.754 884.490 514.736 139.200
 206 115.257 75.571 39.686 34.400
 308 57.6677 39.266 18.4017 31.900
 413 38.3637 26.562 11.8017 30.700
 518 29.3897 20.037 9.3527 31.800
 619 23.882 16.096 7.786 32.600
 720 20.1817 13.445 6.7367 33.300
 102 400.074 17610.997 17210.923 4301.900
 206 186.946 1788.928 1601.982 856.900
 308 118.027 104.199 13.828 11.700
 413 60.3433 45.916 14.4273 23.900
 518 49.1723 29.409 19.7633 40.100
 619 32.7693 21.626 11.1433 34.000
 720 25.523 17.096 8.427 33.000
 102 246.13 234.045 12.085 4.900
 206 111.471 60.661 50.810 45.500
 308 71.4413 34.815 36.6263 51.200
 413 51.9903 24.432 27.5583 53.000
 518 40.954 18.825 22.129 54.000
 619 33.802 15.305 18.497 54.700
 720 28.9983 12.883 16.1153 55.500
 102 373.599 12869.058 12495.459 3344.600
 206 185.441 98.918 86.523 46.600
 308 115.578 44.754 70.824 61.200
 413 81.3163 28.958 52.3583 64.300
 518 61.5197 21.381 40.1387 65.200
 619 49.3707 16.957 32.4137 65.600
 720 40.5513 14.042 26.5093 65.300
 102 371.039 1909.719 1538.680 414.600
 206 129.413 83.230 46.183 35.600
 308 71.148 41.232 29.916 42.000
 413 49.3087 27.443 21.8657 44.300
 518 36.956 20.545 16.411 44.400
 619 30.0213 16.424 13.5973 45.200
 720 24.7613 13.679 11.0823 44.700
 102 244.579 14710316489.441 14710316244.862 6014545911.400
 206 123.671 20294.942 20171.271 16310.400
 308 48.082 140.953 92.871 193.100
 413 34.814 54.005 19.191 55.100
 518 27.4497 32.489 5.0393 18.300
 619 22.5237 23.414 .8903 3.900
 720 19.2183 18.173 1.0453 5.400
 102 154.622 372.981 218.359 141.200
 206 66.508 78.151 11.643 17.500
 308 36.1513 39.975 3.8237 10.500
 413 25.422 26.869 1.447 5.600
 518 19.6867 20.201 .5143 2.600
 619 16.0877 16.206 .1183 .700
 720 13.6383 13.539 .0993 .700
 102 96.888 98.549 1.661 1.700
 206 46.2213 44.687 1.5343 3.300
 308 30.658 28.917 1.741 5.600
 413 22.9293 21.360 1.5693 6.800
 518 18.318 16.941 1.377 7.500
 619 15.195 14.035 1.160 7.600
 720 13.0457 11.982 1.0637 8.100
 102 274.921 37324164.956 37323890.035 13576223.700
 206 137.223 335588.106 335450.883 244456.700
 308 91.4383 23139.186 23047.7477 25205.700
 413 68.459 3745.955 3677.496 5371.800
 518 54.7883 985.153 930.3647 1698.100
 619 45.7403 358.637 312.8967 684.000
 720 39.2227 164.284 125.0613 318.800
 102 108.259 3148.431 3040.172 2808.200
 206 53.5107 95.191 41.6803 77.800
 308 33.9337 44.099 10.1653 29.900
 413 23.684 28.467 4.783 20.100
 518 20.8827 21.217 .3343 1.600
 619 15.1297 16.752 1.6223 10.700
 720 13.3027 13.972 .6693 5.000
 102 120.867 96.829 24.038 19.800
 206 56.5843 44.359 12.2253 21.600
 308 36.833 28.753 8.080 21.900
 413 27.3917 21.278 6.1137 22.300
 518 21.7583 16.875 4.8833 22.400
 619 18.093 13.994 4.099 22.600
 720 15.448 11.959 3.489 22.500
 102 208.991 1152.450 943.459 451.400
 206 123.537 451.993 328.456 265.800
 308 52.672 77.412 24.740 46.900
 413 32.664 39.833 7.169 21.900
 518 23.3433 26.738 3.3947 14.500
 619 18.1473 20.165 2.0177 11.100
 720 15.152 16.183 1.031 6.800
 102 205.803 979.189 773.386 375.700
 206 124.412 140.001 15.589 12.500
 308 82.648 52.700 29.948 36.200
 413 61.9777 32.030 29.9477 48.300
 518 49.6907 23.035 26.6557 53.600
 619 39.0557 17.981 21.0747 53.900
 720 20.0527 14.732 5.3207 26.500
 102 281.819 693.043 411.224 145.900
 206 117.921 73.523 44.398 37.600
 308 72.7767 38.719 34.0577 46.700
 413 51.6597 26.275 25.3847 49.100
 518 39.1467 19.906 19.2407 49.100
 619 31.5883 16.001 15.5873 49.300
 720 26.4437 13.387 13.0567 49.300
 102 249.674 4888.985 4639.311 1858.100
 206 124.043 95.232 28.811 23.200
 308 82.2933 44.017 38.2763 46.500
 413 61.105 28.631 32.474 53.100
 518 49.584 21.217 28.367 57.200
 619 40.7823 16.847 23.9353 58.600
 720 35.0883 13.972 21.1163 60.100
 102 239.179 2375.680 2136.501 893.200
 206 104.273 81.920 22.353 21.400
 308 62.843 40.931 21.912 34.800
 413 44.051 27.299 16.752 38.000
 518 33.6753 20.480 13.1953 39.100
 619 26.9417 16.369 10.5727 39.200
 720 22.8313 13.644 9.1873 40.200
 102 248.35 164.823 83.527 33.600
 206 123.868 54.681 69.187 55.800
 308 82.3047 32.767 49.5377 60.100
 413 61.4027 23.388 38.0147 61.900
 518 49.1317 18.202 30.9297 62.900
 619 40.2163 14.881 25.3353 62.900
 720 33.9637 12.591 21.3727 62.900
 102 252.939 1492712.079 1492459.140 590047.000
 206 125.993 3107.430 2981.437 2366.300
 308 85.6653 229.151 143.4857 167.400
 413 63.8637 68.587 4.7233 7.300
 518 50.3387 37.699 12.6397 25.100
 619 41.5367 25.845 15.6917 37.700
 720 35.892 19.624 16.268 45.300
 102 187.05 102.727 84.323 45.000
 206 90.619 45.547 45.072 49.700
 308 59.3587 29.244 30.1147 50.700
 413 43.6317 21.544 22.0877 50.600
 518 34.3407 17.055 17.2857 50.300
 619 28.447 14.117 14.330 50.300
 720 23.9067 12.041 11.8657 49.600
 102 281.543 2722.283 2440.740 866.900
 206 138.193 288.563 150.370 108.800
 308 86.78 98.438 11.658 13.400
 413 63.6613 51.630 12.0313 18.800
 518 50.347 35.012 15.335 30.400
 619 40.8047 25.408 15.3967 37.700
 720 31.1123 19.437 11.6753 37.500
 102 108.102 103.301 4.801 4.400
 206 47.128 45.629 1.499 3.100
 308 28.9287 29.326 .3973 1.300
 413 21.856 21.565 .291 1.300
 518 17.4393 17.072 .3673 2.100
 619 14.504 14.130 .374 2.500
 720 12.347 12.041 .306 2.400
 102 259.28 1684590.592 1684331.312 649618.600
 206 126.05 17437.736 17311.686 13733.900
 308 86.7163 4257.387 4170.6707 4809.500
 413 62.4683 719.216 656.7477 1051.300
 518 49.5073 242.106 192.5987 389.000
 619 41.958 80.115 38.157 90.900
 720 36.0627 41.741 5.6783 15.700
 102 175.43 211.599 36.169 20.600
 206 122.194 58.982 63.212 51.700
 308 81.276 34.296 46.980 57.800
 413 61.4057 24.166 37.2397 60.600
 518 48.1167 18.644 29.4727 61.200
 619 40.4953 15.195 25.3003 62.400
 720 35.1177 12.813 22.3047 63.500
 102 250.882 11672.944 11422.062 4552.700
 206 135.88 614.686 478.806 352.300
 308 92.668 184.151 91.483 98.700
 413 66.78 72.949 6.169 9.200
 518 50.7393 42.369 8.3703 16.400
 619 42.495 28.329 14.166 33.300
 720 36.4573 21.168 15.2893 41.900
 102 147.845 173.506 25.661 17.300
 206 66.8337 55.623 11.2107 16.700
 308 42.774 33.122 9.652 22.500
 413 32.23 23.592 8.638 26.800
 518 24.5423 18.300 6.2423 25.400
 619 19.8797 14.963 4.9167 24.700
 720 16.0757 12.649 3.4267 21.300
 102 248.642 545516.666 545268.024 219298.400
 206 119.981 145.244 25.263 21.000
 308 61.4777 52.400 9.0777 14.700
 413 43.0017 31.948 11.0537 25.700
 518 33.232 22.970 10.262 30.800
 619 24.3617 17.940 6.4217 26.300
 720 17.231 14.709 2.522 14.600
 102 127.228 175.390 48.162 37.800
 206 54.198 55.787 1.589 2.900
 308 35.2197 33.176 2.0437 5.800
 413 25.28 23.613 1.667 6.500
 518 20.5937 18.317 2.2767 11.000
 619 16.5463 14.963 1.5833 9.500
 720 14.465 12.661 1.804 12.400
 102 247.056 592619232.378 592618985.322 239872330.600
 206 120.586 426.598 306.012 253.700
 308 70.526 69.466 1.060 1.500
 413 46.344 37.560 8.784 18.900
 518 34.2357 25.755 8.4807 24.700
 619 26.539 19.578 6.961 26.200
 720 21.76 15.809 5.951 27.300
 102 114.224 95.191 19.033 16.600
 206 50.8163 44.032 6.7843 13.300
 308 32.8113 28.616 4.1953 12.700
 413 24.6153 21.217 3.3983 13.800
 518 18.8067 16.842 1.9647 10.400
 619 15.8553 13.967 1.8883 11.900
 720 13.7807 11.936 1.8447 13.300
 102 175.407 3226.009 3050.602 1739.100
 206 68.1993 83.558 15.3587 22.500
 308 42.3917 41.368 1.0237 2.400
 413 31.263 27.484 3.779 12.000
 518 24.568 20.578 3.990 16.200
 619 20.2783 16.438 3.8403 18.900
 720 17.5813 13.679 3.9023 22.100
 102 246.935 323904.962 323658.027 131070.100
 206 125.462 757.760 632.298 503.900
 308 81.6223 81.262 .3603 .400
 413 61.099 40.796 20.303 33.200
 518 49.1773 27.213 21.9643 44.600
 619 39.8147 20.438 19.3767 48.600
 720 33.604 16.335 17.269 51.300
 102 255.88 7418359.644 7418103.764 2899055.700
 206 128.049 7118.643 6990.594 5459.300
 308 86.3823 300.366 213.9837 247.700
 413 64.6147 78.786 14.1713 21.900
 518 51.2947 40.927 10.3677 20.200
 619 41.787 27.360 14.427 34.500
 720 36.0297 20.490 15.5397 43.100
 102 140.108 17907.957 17767.849 12681.500
 206 55.7787 93.061 37.2823 66.800
 308 35.32 43.525 8.205 23.200
 413 25.3887 28.426 3.0373 11.900
 518 20.5493 21.102 .5527 2.600
 619 16.591 16.765 .174 1.000
 720 14.3397 13.925 .4147 2.800
 102 247.641 2702.786 2455.145 991.400
 206 122.352 118.005 4.347 3.500
 308 81.895 48.304 33.591 41.000
 413 60.3893 30.371 30.0183 49.700
 518 45.05 22.167 22.883 50.700
 619 35.4507 17.434 18.0167 50.800
 720 29.3827 14.370 15.0127 51.000
 102 249.81 2340.044 2090.234 836.700
 206 124.495 149.258 24.763 19.800
 308 81.8787 53.110 28.7687 35.100
 413 62.1517 32.235 29.9167 48.100
 518 49.4643 23.134 26.3303 53.200
 619 40.7737 18.035 22.7387 55.700
 720 35.0133 14.767 20.2463 57.800
 102 246.999 2949.120 2702.121 1093.900
 206 123.518 111.575 11.943 9.600
 308 82.111 47.239 34.872 42.400
 413 56.2353 29.921 26.3143 46.700
 518 41.7197 21.921 19.7987 47.400
 619 32.579 17.298 15.281 46.900
 720 26.9073 14.264 12.6433 46.900
 102 226.619 127.549 99.070 43.700
 206 108.258 49.889 58.369 53.900
 308 71.07 30.992 40.078 56.300
 413 52.505 22.466 30.039 57.200
 518 41.6317 17.629 24.0027 57.600
 619 34.541 14.499 20.042 58.000
 720 29.731 12.322 17.409 58.500
 102 252.515 209921.966 209669.451 83032.400
 206 124.441 407.797 283.356 227.700
 308 84.945 74.927 10.018 11.700
 413 63.1537 39.157 23.9967 37.900
 518 50.1903 26.460 23.7303 47.200
 619 41.5333 20.015 21.5183 51.800
 720 35.281 16.066 19.215 54.400
 102 166.666 102.645 64.021 38.400
 206 79.2473 45.547 33.7003 42.500
 308 51.8303 29.244 22.5863 43.500
 413 38.622 21.544 17.078 44.200
 518 30.6023 17.055 13.5473 44.200
 619 25.4943 14.117 11.3773 44.600
 720 21.5857 12.029 9.5567 44.200
 102 250.799 275.415 24.616 9.800
 206 71.7897 73.400 1.6103 2.200
 308 38.4663 38.665 .1987 .500
 413 26.2457 26.275 .0293 .100
 518 20.001 19.873 .128 .600
 619 16.071 16.001 .070 .400
 720 13.4697 13.351 .1187 .800
 102 282.109 855.982 573.873 203.400
 206 125.176 130.129 4.953 3.900
 308 62.253 62.694 .441 .700
 413 35.945 35.553 .392 1.000
 518 25.0693 24.772 .2973 1.100
 619 19.3183 19.004 .3143 1.600
 720 16.8547 15.434 1.4207 8.400
 102 191.531 213.319 21.788 11.300
 206 92.7693 59.187 33.5823 36.100
 308 60.5723 34.323 26.2493 43.300
 413 42.0947 24.207 17.8877 42.400
 518 31.776 18.677 13.099 41.200
 619 25.791 15.195 10.596 41.000
 720 22.136 12.825 9.311 42.000
 102 216.011 15314.042 15098.031 6989.400
 206 124.434 114.073 10.361 8.300
 308 81.8463 47.648 34.1983 41.700
 413 60.9297 30.105 30.8247 50.500
 518 49.1637 22.020 27.1437 55.200
 619 40.3973 17.339 23.0583 57.000
 720 34.566 14.311 20.255 58.500
 102 264.279 38414.254 38149.975 14435.400
 206 129.171 38956.564 38827.393 30058.900
 308 84.693 383413.594 383328.901 452609.800
 413 41.8453 3281.756 3239.9107 7742.500
 518 39.3 1686.896 1647.596 4192.300
 619 30.441 327.317 296.876 975.200
 720 16.4043 50.903 34.4987 210.300
 102 132.225 139.755 7.530 5.600
 206 53.1113 51.650 1.4613 2.700
 308 32.7453 31.674 1.0713 3.200
 413 22.7017 22.814 .1123 .400
 518 17.967 17.842 .125 .600
 619 14.844 14.663 .181 1.200
 720 12.7357 12.427 .3087 2.400
 102 138.891 196.444 57.553 41.400
 206 54.5467 57.753 3.2063 5.800
 308 32.913 33.859 .946 2.800
 413 23.1687 23.941 .7723 3.300
 518 18.1723 18.530 .3577 1.900
 619 14.919 15.113 .194 1.300
 720 12.761 12.755 .006 0
 102 266.546 1423377.285 1423110.739 533908.100
 206 125.842 91553.710 91427.868 72652.900
 308 85.1283 6733.441 6648.3127 7809.700
 413 66.097 2052.362 1986.265 3005.000
 518 50.445 496.091 445.646 883.400
 619 41.665 178.676 137.011 328.800
 720 35.9423 86.126 50.1837 139.600
 102 280.38 18149839.339 18149558.959 6473200.200
 206 143.573 596357.447 596213.874 415268.700
 308 91.075 82786.057 82694.982 90798.700
 413 68.09 20761.722 20693.632 30391.500
 518 54.394 7212.515 7158.121 13159.700
 619 45.1093 3084.649 3039.5397 6738.100
 720 38.5413 1521.868 1483.3267 3848.600
 102 112.99 78.048 34.942 30.900
 206 49.8027 29.688 20.1147 40.300
 308 30.8333 18.336 12.4973 40.500
 413 22.2187 13.272 8.9467 40.200
 518 14.7633 10.396 4.3673 29.500
 619 13.7223 8.544 5.1783 37.700
 720 12.9823 7.254 5.7283 44.100
 102 93.3923 328.032 234.6397 251.200
 206 32.8277 41.832 9.0043 27.400
 308 20.2953 22.416 2.1207 10.400
 413 14.786 15.252 .466 3.100
 518 11.744 11.529 .215 1.800
 619 9.69833 9.312 .38633 3.900
 720 8.29333 7.810 .48333 5.800
 102 144.242 85.536 58.706 40.600
 206 72.4583 30.720 41.7383 57.600
 308 47.6707 18.720 28.9507 60.700
 413 35.678 13.464 22.214 62.200
 518 24.9507 10.512 14.4387 57.800
 619 11.722 8.624 3.098 26.400
 720 11.3183 7.309 4.0093 35.400
 102 143.43 126.624 16.806 11.700
 206 42.892 34.776 8.116 18.900
 308 25.6687 20.176 5.4927 21.300
 413 17.5847 14.196 3.3887 19.200
 518 13.9173 10.953 2.9643 21.200
 619 10.7937 8.912 1.8817 17.400
 720 9.36967 7.515 1.85467 19.700
 102 288.206 6475.612 6187.406 2146.800
 206 137.144 577.576 440.432 321.100
 308 90.6543 168.150 77.4957 85.400
 413 62.455 97.075 34.620 55.400
 518 49.2197 69.140 19.9203 40.400
 619 39.176 38.774 .402 1.000
 720 27.5723 26.352 1.2203 4.400
 102 371.821 1462659.317 1462287.496 393277.200
 206 177.39 214.056 36.666 20.600
 308 108.657 77.987 30.670 28.200
 413 77.1237 47.677 29.4467 38.100
 518 60.1813 34.357 25.8243 42.900
 619 48.4417 26.828 21.6137 44.600
 720 40.3217 22.012 18.3097 45.400
 102 283.59 333.864 50.274 17.700
 206 132.343 89.763 42.580 32.100
 308 85.0743 51.814 33.2603 39.000
 413 61.5943 36.464 25.1303 40.700
 518 48.0623 28.114 19.9483 41.500
 619 40.1777 22.876 17.3017 43.000
 720 34.077 19.274 14.803 43.400
 102 369.754 1326.735 956.981 258.800
 206 115.257 113.356 1.901 1.600
 308 57.6677 58.900 1.2323 2.100
 413 38.3637 39.843 1.4793 3.800
 518 29.3897 30.056 .6663 2.200
 619 23.882 24.145 .263 1.100
 720 20.1817 20.169 .0127 0
 102 400.074 26416.496 26016.422 6502.900
 206 186.946 2683.392 2496.446 1335.300
 308 118.027 156.303 38.276 32.400
 413 60.3433 68.874 8.5307 14.100
 518 49.1723 44.113 5.0593 10.200
 619 32.7693 32.440 .3293 1.000
 720 25.523 25.646 .123 .400
 102 246.13 351.068 104.938 42.600
 206 111.471 90.992 20.479 18.300
 308 71.4413 52.224 19.2173 26.800
 413 51.9903 36.648 15.3423 29.500
 518 40.954 28.237 12.717 31.000
 619 33.802 22.958 10.844 32.000
 720 28.9983 19.326 9.6723 33.300
 102 373.599 19303.587 18929.988 5066.900
 206 185.441 148.377 37.064 19.900
 308 115.578 67.133 48.445 41.900
 413 81.3163 43.438 37.8783 46.500
 518 61.5197 32.071 29.4487 47.800
 619 49.3707 25.436 23.9347 48.400
 720 40.5513 21.064 19.4873 48.000
 102 371.039 2864.578 2493.539 672.000
 206 129.413 124.846 4.567 3.500
 308 71.148 61.849 9.299 13.000
 413 49.3087 41.164 8.1447 16.500
 518 36.956 30.818 6.138 16.600
 619 30.0213 24.637 5.3843 17.900
 720 24.7613 20.520 4.2413 17.100
 102 244.579 14710316489.441 14710316244.862 6014545911.400
 206 123.671 20294.942 20171.271 16310.400
 308 48.082 140.953 92.871 193.100
 413 34.814 54.005 19.191 55.100
 518 27.4497 32.489 5.0393 18.300
 619 22.5237 23.414 .8903 3.900
 720 19.2183 18.173 1.0453 5.400
 102 154.622 372.981 218.359 141.200
 206 66.508 78.151 11.643 17.500
 308 36.1513 39.975 3.8237 10.500
 413 25.422 26.869 1.447 5.600
 518 19.6867 20.201 .5143 2.600
 619 16.0877 16.206 .1183 .700
 720 13.6383 13.539 .0993 .700
 102 96.888 98.549 1.661 1.700
 206 46.2213 44.687 1.5343 3.300
 308 30.658 28.917 1.741 5.600
 413 22.9293 21.360 1.5693 6.800
 518 18.318 16.941 1.377 7.500
 619 15.195 14.035 1.160 7.600
 720 13.0457 11.982 1.0637 8.100
 102 274.921 37324164.956 37323890.035 13576223.700
 206 137.223 335588.106 335450.883 244456.700
 308 91.4383 23139.186 23047.7477 25205.700
 413 68.459 3745.955 3677.496 5371.800
 518 54.7883 985.153 930.3647 1698.100
 619 45.7403 358.637 312.8967 684.000
 720 39.2227 164.284 125.0613 318.800
 102 108.259 3148.431 3040.172 2808.200
 206 53.5107 95.191 41.6803 77.800
 308 33.9337 44.099 10.1653 29.900
 413 23.684 28.467 4.783 20.100
 518 20.8827 21.217 .3343 1.600
 619 15.1297 16.752 1.6223 10.700
 720 13.3027 13.972 .6693 5.000
 102 120.867 96.829 24.038 19.800
 206 56.5843 44.359 12.2253 21.600
 308 36.833 28.753 8.080 21.900
 413 27.3917 21.278 6.1137 22.300
 518 21.7583 16.875 4.8833 22.400
 619 18.093 13.994 4.099 22.600
 720 15.448 11.959 3.489 22.500
 102 208.991 1152.450 943.459 451.400
 206 123.537 451.993 328.456 265.800
 308 52.672 77.412 24.740 46.900
 413 32.664 39.833 7.169 21.900
 518 23.3433 26.738 3.3947 14.500
 619 18.1473 20.165 2.0177 11.100
 720 15.152 16.183 1.031 6.800
 102 205.803 979.189 773.386 375.700
 206 124.412 140.001 15.589 12.500
 308 82.648 52.700 29.948 36.200
 413 61.9777 32.030 29.9477 48.300
 518 49.6907 23.035 26.6557 53.600
 619 39.0557 17.981 21.0747 53.900
 720 20.0527 14.732 5.3207 26.500
 102 281.819 693.043 411.224 145.900
 206 117.921 73.523 44.398 37.600
 308 72.7767 38.719 34.0577 46.700
 413 51.6597 26.275 25.3847 49.100
 518 39.1467 19.906 19.2407 49.100
 619 31.5883 16.001 15.5873 49.300
 720 26.4437 13.387 13.0567 49.300
 102 249.674 4888.985 4639.311 1858.100
 206 124.043 95.232 28.811 23.200
 308 82.2933 44.017 38.2763 46.500
 413 61.105 28.631 32.474 53.100
 518 49.584 21.217 28.367 57.200
 619 40.7823 16.847 23.9353 58.600
 720 35.0883 13.972 21.1163 60.100
 102 239.179 2375.680 2136.501 893.200
 206 104.273 81.920 22.353 21.400
 308 62.843 40.931 21.912 34.800
 413 44.051 27.299 16.752 38.000
 518 33.6753 20.480 13.1953 39.100
 619 26.9417 16.369 10.5727 39.200
 720 22.8313 13.644 9.1873 40.200
 102 248.35 164.823 83.527 33.600
 206 123.868 54.681 69.187 55.800
 308 82.3047 32.767 49.5377 60.100
 413 61.4027 23.388 38.0147 61.900
 518 49.1317 18.202 30.9297 62.900
 619 40.2163 14.881 25.3353 62.900
 720 33.9637 12.591 21.3727 62.900
 102 252.939 1492712.079 1492459.140 590047.000
 206 125.993 3107.430 2981.437 2366.300
 308 85.6653 229.151 143.4857 167.400
 413 63.8637 68.587 4.7233 7.300
 518 50.3387 37.699 12.6397 25.100
 619 41.5367 25.845 15.6917 37.700
 720 35.892 19.624 16.268 45.300
 102 187.05 102.727 84.323 45.000
 206 90.619 45.547 45.072 49.700
 308 59.3587 29.244 30.1147 50.700
 413 43.6317 21.544 22.0877 50.600
 518 34.3407 17.055 17.2857 50.300
 619 28.447 14.117 14.330 50.300
 720 23.9067 12.041 11.8657 49.600
 102 281.543 2722.283 2440.740 866.900
 206 138.193 288.563 150.370 108.800
 308 86.78 98.438 11.658 13.400
 413 63.6613 51.630 12.0313 18.800
 518 50.347 35.012 15.335 30.400
 619 40.8047 25.408 15.3967 37.700
 720 31.1123 19.437 11.6753 37.500
