 102 108.102 134.922 26.820 24.800
 206 47.128 50.913 3.785 8.000
 308 28.9287 31.401 2.4723 8.500
 413 21.856 22.691 .835 3.800
 518 17.4393 17.760 .3207 1.800
 619 14.504 14.595 .091 .600
 720 12.347 12.392 .045 .300
 102 259.28 5993460.203 5993200.923 2311478.200
 206 126.05 57686.548 57560.498 45664.800
 308 86.7163 19296.057 19209.3407 22151.900
 413 62.4683 3233.320 3170.8517 5075.900
 518 49.5073 1492.025 1442.5177 2913.700
 619 41.958 315.179 273.221 651.100
 720 36.0627 99.291 63.2283 175.300
 102 175.43 264.847 89.417 50.900
 206 122.194 62.504 59.690 48.800
 308 81.276 35.443 45.833 56.300
 413 61.4057 24.719 36.6867 59.700
 518 48.1167 19.005 29.1117 60.500
 619 40.4953 15.414 25.0813 61.900
 720 35.1177 12.965 22.1527 63.000
 102 250.882 637045.391 636794.509 253822.300
 206 135.88 22691.758 22555.878 16599.800
 308 92.668 10551.584 10458.916 11286.400
 413 66.78 2231.644 2164.864 3241.700
 518 50.7393 1315.667 1264.9277 2492.900
 619 42.495 465.908 423.413 996.300
 720 36.4573 282.275 245.8177 674.200
 102 147.845 192.675 44.830 30.300
 206 66.8337 57.425 9.4087 14.000
 308 42.774 33.750 9.024 21.000
 413 32.23 23.879 8.351 25.900
 518 24.5423 18.497 6.0453 24.600
 619 19.8797 15.072 4.8077 24.100
 720 16.0757 12.743 3.3327 20.700
 102 248.642 11558268.764 11558020.122 4648458.400
 206 119.981 257.146 137.165 114.300
 308 61.4777 62.175 .6973 1.100
 413 43.0017 35.368 7.6337 17.700
 518 33.232 24.707 8.525 25.600
 619 24.3617 18.950 5.4117 22.200
 720 17.231 15.388 1.843 10.600
 102 127.228 330.301 203.073 159.600
 206 54.198 65.617 11.419 21.000
 308 35.2197 36.398 1.1783 3.300
 413 25.28 25.210 .070 .200
 518 20.5937 19.267 1.3267 6.400
 619 16.5463 15.591 .9553 5.700
 720 14.465 13.094 1.371 9.400
 102 247.056 398008971266.457 398008971019.401 161100710373.100
 206 120.586 30035.476 29914.890 24807.900
 308 70.526 133.717 63.191 89.500
 413 46.344 50.810 4.466 9.600
 518 34.2357 31.326 2.9097 8.400
 619 26.539 22.677 3.862 14.500
 720 21.76 17.751 4.009 18.400
 102 114.224 1373.552 1259.328 1102.500
 206 50.8163 78.438 27.6217 54.300
 308 32.8113 40.085 7.2737 22.100
 413 24.6153 26.910 2.2947 9.300
 518 18.8067 20.250 1.4433 7.600
 619 15.8553 16.233 .3777 2.300
 720 13.7807 13.539 .2417 1.700
 102 175.407 987680.931 987505.524 562979.500
 206 68.1993 122.265 54.0657 79.200
 308 42.3917 49.014 6.6223 15.600
 413 31.263 30.658 .605 1.900
 518 24.568 22.315 2.253 9.100
 619 20.2783 17.516 2.7623 13.600
 720 17.5813 14.440 3.1413 17.800
 102 246.935 940301.762 940054.827 380689.100
 206 125.462 2258.124 2132.662 1699.800
 308 81.6223 104.199 22.5767 27.600
 413 61.099 45.813 15.286 25.000
 518 49.1773 29.409 19.7683 40.100
 619 39.8147 21.626 18.1887 45.600
 720 33.604 17.096 16.508 49.100
 102 255.88 827818638.131 827818382.251 323518204.700
 206 128.049 543370.280 543242.231 424245.500
 308 86.3823 9505.518 9419.1357 10904.000
 413 64.6147 761.651 697.0363 1078.700
 518 51.2947 163.840 112.5453 219.400
 619 41.787 66.544 24.757 59.200
 720 36.0297 38.265 2.2353 6.200
 102 140.108 3948353.290 3948213.182 2817978.400
 206 55.7787 137.912 82.1333 147.200
 308 35.32 51.307 15.987 45.200
 413 25.3887 31.539 6.1503 24.200
 518 20.5493 22.773 2.2237 10.800
 619 16.591 17.817 1.226 7.300
 720 14.3397 14.627 .2873 2.000
 102 247.641 4592.435 4344.794 1754.400
 206 122.352 143.400 21.048 17.200
 308 81.895 52.209 29.686 36.200
 413 60.3893 31.846 28.5433 47.200
 518 45.05 22.937 22.113 49.000
 619 35.4507 17.912 17.5387 49.400
 720 29.3827 14.697 14.6857 49.900
 102 249.81 5825.085 5575.275 2231.800
 206 124.495 289.300 164.805 132.300
 308 81.8787 67.090 14.7887 18.000
 413 62.1517 36.823 25.3287 40.700
 518 49.4643 25.395 24.0693 48.600
 619 40.7737 19.387 21.3867 52.400
 720 35.0133 15.680 19.3333 55.200
 102 246.999 5472.010 5225.011 2115.300
 206 123.518 134.266 10.748 8.700
 308 82.111 50.843 31.268 38.000
 413 56.2353 31.354 24.8813 44.200
 518 41.7197 22.691 19.0287 45.600
 619 32.579 17.748 14.831 45.500
 720 26.9073 14.580 12.3273 45.800
 102 226.619 158.433 68.186 30.000
 206 108.258 53.944 54.314 50.100
 308 71.07 32.521 38.549 54.200
 413 52.505 23.265 29.240 55.600
 518 41.6317 18.120 23.5117 56.400
 619 34.541 14.827 19.714 57.000
 720 29.731 12.567 17.164 57.700
 102 252.515 656587.243 656334.728 259919.100
 206 124.441 819.200 694.759 558.300
 308 84.945 94.041 9.096 10.700
 413 63.1537 43.929 19.2247 30.400
 518 50.1903 28.590 21.6003 43.000
 619 41.5333 21.189 20.3443 48.900
 720 35.281 16.827 18.454 52.300
 102 166.666 116.490 50.176 30.100
 206 79.2473 48.046 31.2013 39.300
 308 51.8303 30.282 21.5483 41.500
 413 38.622 22.097 16.525 42.700
 518 30.6023 17.399 13.2033 43.100
 619 25.4943 14.349 11.1453 43.700
 720 21.5857 12.205 9.3807 43.400
 102 250.799 277.463 26.664 10.600
 206 71.7897 73.646 1.8563 2.500
 308 38.4663 38.774 .3077 .700
 413 26.2457 26.316 .0703 .200
 518 20.001 19.906 .095 .400
 619 16.071 16.014 .057 .300
 720 13.4697 13.375 .0947 .700
 102 282.109 860.323 578.214 204.900
 206 125.176 130.498 5.322 4.200
 308 62.253 62.831 .578 .900
 413 35.945 35.614 .331 .900
 518 25.0693 24.821 .2483 .900
 619 19.3183 19.032 .2863 1.400
 720 16.8547 15.434 1.4207 8.400
 102 191.531 11532.124 11340.593 5921.000
 206 92.7693 90.603 2.1663 2.300
 308 60.5723 42.979 17.5933 29.000
 413 42.0947 28.200 13.8947 33.000
 518 31.776 20.971 10.805 34.000
 619 25.791 16.683 9.108 35.300
 720 22.136 13.855 8.281 37.400
 102 216.011 20958242.406 20958026.395 9702295.800
 206 124.434 3676.651 3552.217 2854.600
 308 81.8463 102.643 20.7967 25.400
 413 60.9297 45.506 15.4237 25.300
 518 49.1637 29.245 19.9187 40.500
 619 40.3973 21.558 18.8393 46.600
 720 34.566 17.049 17.517 50.600
 102 264.279 38978.027 38713.748 14648.800
 206 129.171 39891.886 39762.715 30783.000
 308 84.693 402665.990 402581.297 475341.800
 413 41.8453 3387.576 3345.7307 7995.400
 518 39.3 1753.006 1713.706 4360.500
 619 30.441 337.338 306.897 1008.100
 720 16.4043 51.254 34.8497 212.400
 102 132.225 207.912 75.687 57.200
 206 53.1113 58.736 5.6247 10.500
 308 32.7453 34.214 1.4687 4.400
 413 22.7017 24.104 1.4023 6.100
 518 17.967 18.628 .661 3.600
 619 14.844 15.182 .338 2.200
 720 12.7357 12.801 .0653 .500
 102 138.891 446.709 307.818 221.600
 206 54.5467 69.181 14.6343 26.800
 308 32.913 37.491 4.578 13.900
 413 23.1687 25.722 2.5533 11.000
 518 18.1723 19.562 1.3897 7.600
 619 14.919 15.796 .877 5.800
 720 12.761 13.234 .473 3.700
 102 266.546 1426399.969 1426133.423 535042.100
 206 125.842 91853.864 91728.022 72891.400
 308 85.1283 6748.950 6663.8217 7827.900
 413 66.097 2059.223 1993.126 3015.400
 518 50.445 497.860 447.415 886.900
 619 41.665 179.263 137.598 330.200
 720 35.9423 86.126 50.1837 139.600
 102 280.38 7278085.242 7277804.862 2595693.200
 206 143.573 242537.308 242393.735 168829.600
 308 91.075 34213.844 34122.769 37466.600
 413 68.09 8738.856 8670.766 12734.200
 518 54.394 3098.165 3043.771 5595.700
 619 45.1093 1353.449 1308.3397 2900.300
 720 38.5413 684.215 645.6737 1675.200
 102 112.99 32711.229 32598.239 28850.500
 206 49.8027 96.583 46.7803 93.900
 308 30.8333 44.317 13.4837 43.700
 413 22.2187 28.753 6.5343 29.400
 518 14.7633 21.266 6.5027 44.000
 619 13.7223 16.888 3.1657 23.000
 720 12.9823 13.995 1.0127 7.800
 102 93.3923 761.282 667.8897 715.100
 206 32.8277 74.383 41.5553 126.500
 308 20.2953 39.020 18.7247 92.200
 413 14.786 26.439 11.653 78.800
 518 11.744 19.890 8.146 69.300
 619 9.69833 16.028 6.32967 65.200
 720 8.29333 13.398 5.10467 61.500
 102 144.242 195.461 51.219 35.500
 206 72.4583 57.671 14.7873 20.400
 308 47.6707 33.832 13.8387 29.000
 413 35.678 23.941 11.737 32.800
 518 24.9507 18.530 6.4207 25.700
 619 11.722 15.100 3.378 28.800
 720 11.3183 12.755 1.4367 12.600
 102 143.43 222.576 79.146 55.100
 206 42.892 59.842 16.950 39.500
 308 25.6687 34.542 8.8733 34.500
 413 17.5847 24.309 6.7243 38.200
 518 13.9173 18.743 4.8257 34.600
 619 10.7937 15.250 4.4563 41.200
 720 9.36967 12.848 3.47833 37.100
 102 288.206 6746.030 6457.824 2240.600
 206 137.144 597.811 460.667 335.900
 308 90.6543 172.956 82.3017 90.700
 413 62.455 100.679 38.224 61.200
 518 49.2197 72.237 23.0173 46.700
 619 39.176 39.907 .731 1.800
 720 27.5723 26.832 .7403 2.600
 102 371.821 138703114.977 138702743.156 37303633.500
 206 177.39 390.348 212.958 120.000
 308 108.657 68.265 40.392 37.100
 413 77.1237 37.232 39.8917 51.700
 518 60.1813 25.591 34.5903 57.400
 619 48.4417 19.496 28.9457 59.700
 720 40.3217 15.739 24.5827 60.900
 102 283.59 2072.576 1788.986 630.800
 206 132.343 81.100 51.243 38.700
 308 85.0743 40.740 44.3343 52.100
 413 61.5943 27.197 34.3973 55.800
 518 48.0623 20.414 27.6483 57.500
 619 40.1777 16.342 23.8357 59.300
 720 34.077 13.621 20.456 60.000
 102 369.754 1451042.160 1450672.406 392334.400
 206 115.257 133.406 18.149 15.700
 308 57.6677 50.734 6.9337 12.000
 413 38.3637 31.313 7.0507 18.300
 518 29.3897 22.659 6.7307 22.900
 619 23.882 17.748 6.134 25.600
 720 20.1817 14.568 5.6137 27.800
 102 400.074 153819.791 153419.717 38347.800
 206 186.946 324939.120 324752.174 173714.400
 308 118.027 4208.591 4090.564 3465.700
 413 60.3433 114.585 54.2417 89.800
 518 49.1723 48.316 .8563 1.700
 619 32.7693 30.405 2.3643 7.200
 720 25.523 22.046 3.477 13.600
 102 246.13 317.440 71.310 28.900
 206 111.471 65.085 46.386 41.600
 308 71.4413 36.262 35.1793 49.200
 413 51.9903 25.108 26.8823 51.700
 518 40.954 19.218 21.736 53.000
 619 33.802 15.564 18.238 53.900
 720 28.9983 13.082 15.9163 54.800
 102 373.599 61852857.057 61852483.458 16555848.200
 206 185.441 605.102 419.661 226.300
 308 115.578 73.999 41.579 35.900
 413 81.3163 38.850 42.4663 52.200
 518 61.5197 26.378 35.1417 57.100
 619 49.3707 19.919 29.4517 59.600
 720 40.5513 16.020 24.5313 60.400
 102 371.039 12912.066 12541.027 3379.900
 206 129.413 100.638 28.775 22.200
 308 71.148 45.109 26.039 36.500
 413 49.3087 29.081 20.2277 41.000
 518 36.956 21.463 15.493 41.900
 619 30.0213 16.997 13.0243 43.300
 720 24.7613 14.077 10.6843 43.100
 102 244.579 15284843112.120 15284842867.541 6249450225.700
 206 123.671 20827.422 20703.751 16740.900
 308 48.082 141.881 93.799 195.000
 413 34.814 54.108 19.294 55.400
 518 27.4497 32.555 5.1053 18.500
 619 22.5237 23.455 .9313 4.100
 720 19.2183 18.196 1.0223 5.300
 102 154.622 383.057 228.435 147.700
 206 66.508 79.216 12.708 19.100
 308 36.1513 40.249 4.0977 11.300
 413 25.422 26.972 1.550 6.000
 518 19.6867 20.267 .5803 2.900
 619 16.0877 16.260 .1723 1.000
 720 13.6383 13.574 .0643 .400
 102 96.888 103.383 6.495 6.700
 206 46.2213 45.711 .5103 1.100
 308 30.658 29.326 1.332 4.300
 413 22.9293 21.585 1.3443 5.800
 518 18.318 17.072 1.246 6.800
 619 15.195 14.130 1.065 7.000
 720 13.0457 12.041 1.0047 7.700
 102 274.921 320995966.812 320995691.891 116759247.800
 206 137.223 2748057.927 2747920.704 2002521.900
 308 91.4383 178053.360 177961.9217 194625.100
 413 68.459 26583.408 26514.949 38731.100
 518 54.7883 6321.569 6266.7807 11438.100
 619 45.7403 2029.764 1984.0237 4337.500
 720 39.2227 807.508 768.2853 1958.700
 102 108.259 6645.022 6536.763 6038.000
 206 53.5107 106.905 53.3943 99.700
 308 33.9337 46.502 12.5683 37.000
 413 23.684 29.409 5.725 24.100
 518 20.8827 21.774 .8913 4.200
 619 15.1297 17.052 1.9223 12.700
 720 13.3027 14.217 .9143 6.800
 102 120.867 98.795 22.072 18.200
 206 56.5843 44.728 11.8563 20.900
 308 36.833 28.944 7.889 21.400
 413 27.3917 21.360 6.0317 22.000
 518 21.7583 16.957 4.8013 22.000
 619 18.093 14.035 4.058 22.400
 720 15.448 11.982 3.466 22.400
 102 208.991 1307.033 1098.042 525.400
 206 123.537 626.524 502.987 407.100
 308 52.672 86.232 33.560 63.700
 413 32.664 42.045 9.381 28.700
 518 23.3433 27.787 4.4437 19.000
 619 18.1473 20.725 2.5777 14.200
 720 15.152 16.546 1.394 9.200
 102 205.803 45198.622 44992.819 21862.000
 206 124.412 52911.390 52786.978 42429.100
 308 82.648 18133.068 18050.420 21840.100
 413 61.9777 1199.165 1137.1873 1834.800
 518 49.6907 155.549 105.8583 213.000
 619 39.0557 56.646 17.5903 45.000
 720 20.0527 33.432 13.3793 66.700
 102 281.819 113224436.695 113224154.876 40176196.300
 206 117.921 269.066 151.145 128.100
 308 72.7767 62.913 9.8637 13.500
 413 51.6597 35.553 16.1067 31.100
 518 39.1467 24.772 14.3747 36.700
 619 31.5883 19.032 12.5563 39.700
 720 26.4437 15.434 11.0097 41.600
 102 249.674 28114140.037 28113890.363 11260239.400
 206 124.043 1469.562 1345.519 1084.700
 308 82.2933 94.041 11.7477 14.200
 413 61.105 43.847 17.258 28.200
 518 49.584 28.540 21.044 42.400
 619 40.7823 21.162 19.6203 48.100
 720 35.0883 16.804 18.2843 52.100
 102 239.179 59307579.719 59307340.540 24796215.600
 206 104.273 186.163 81.890 78.500
 308 62.843 56.878 5.965 9.400
 413 44.051 33.566 10.485 23.800
 518 33.6753 23.805 9.8703 29.300
 619 26.9417 18.445 8.4967 31.500
 720 22.8313 15.060 7.7713 34.000
 102 248.35 2338.406 2090.056 841.500
 206 123.868 82.739 41.129 33.200
 308 82.3047 41.177 41.1277 49.900
 413 61.4027 27.361 34.0417 55.400
 518 49.1317 20.529 28.6027 58.200
 619 40.2163 16.397 23.8193 59.200
 720 33.9637 13.667 20.2967 59.700
 102 252.939 14153137.192 14152884.253 5595374.400
 206 125.993 21919.129 21793.136 17297.100
 308 85.6653 1032.849 947.1837 1105.600
 413 63.8637 154.501 90.6373 141.900
 518 50.3387 60.178 9.8393 19.500
 619 41.5367 35.224 6.3127 15.100
 720 35.892 24.679 11.213 31.200
 102 187.05 119.357 67.693 36.100
 206 90.619 48.578 42.041 46.300
 308 59.3587 30.473 28.8857 48.600
 413 43.6317 22.200 21.4317 49.100
 518 34.3407 17.465 16.8757 49.100
 619 28.447 14.390 14.057 49.400
 720 23.9067 12.240 11.6667 48.800
 102 281.543 2776.514 2494.971 886.100
 206 138.193 292.864 154.671 111.900
 308 86.78 99.393 12.613 14.500
 413 63.6613 52.080 11.5813 18.100
 518 50.347 35.307 15.040 29.800
 619 40.8047 25.599 15.2057 37.200
 720 31.1123 19.530 11.5823 37.200
 102 108.102 134.922 26.820 24.800
 206 47.128 50.913 3.785 8.000
 308 28.9287 31.401 2.4723 8.500
 413 21.856 22.691 .835 3.800
 518 17.4393 17.760 .3207 1.800
 619 14.504 14.595 .091 .600
 720 12.347 12.392 .045 .300
 102 259.28 5993460.203 5993200.923 2311478.200
 206 126.05 57686.548 57560.498 45664.800
 308 86.7163 19296.057 19209.3407 22151.900
 413 62.4683 3233.320 3170.8517 5075.900
 518 49.5073 1492.025 1442.5177 2913.700
 619 41.958 315.179 273.221 651.100
 720 36.0627 99.291 63.2283 175.300
 102 175.43 264.847 89.417 50.900
 206 122.194 62.504 59.690 48.800
 308 81.276 35.443 45.833 56.300
 413 61.4057 24.719 36.6867 59.700
 518 48.1167 19.005 29.1117 60.500
 619 40.4953 15.414 25.0813 61.900
 720 35.1177 12.965 22.1527 63.000
 102 250.882 637045.391 636794.509 253822.300
 206 135.88 22691.758 22555.878 16599.800
 308 92.668 10551.584 10458.916 11286.400
 413 66.78 2231.644 2164.864 3241.700
 518 50.7393 1315.667 1264.9277 2492.900
 619 42.495 465.908 423.413 996.300
 720 36.4573 282.275 245.8177 674.200
 102 147.845 192.675 44.830 30.300
 206 66.8337 57.425 9.4087 14.000
 308 42.774 33.750 9.024 21.000
 413 32.23 23.879 8.351 25.900
 518 24.5423 18.497 6.0453 24.600
 619 19.8797 15.072 4.8077 24.100
 720 16.0757 12.743 3.3327 20.700
 102 248.642 11558268.764 11558020.122 4648458.400
 206 119.981 257.146 137.165 114.300
 308 61.4777 62.175 .6973 1.100
 413 43.0017 35.368 7.6337 17.700
 518 33.232 24.707 8.525 25.600
 619 24.3617 18.950 5.4117 22.200
 720 17.231 15.388 1.843 10.600
 102 127.228 330.301 203.073 159.600
 206 54.198 65.617 11.419 21.000
 308 35.2197 36.398 1.1783 3.300
 413 25.28 25.210 .070 .200
 518 20.5937 19.267 1.3267 6.400
 619 16.5463 15.591 .9553 5.700
 720 14.465 13.094 1.371 9.400
 102 247.056 398008971266.457 398008971019.401 161100710373.100
 206 120.586 30035.476 29914.890 24807.900
 308 70.526 133.717 63.191 89.500
 413 46.344 50.810 4.466 9.600
 518 34.2357 31.326 2.9097 8.400
 619 26.539 22.677 3.862 14.500
 720 21.76 17.751 4.009 18.400
 102 114.224 1373.552 1259.328 1102.500
 206 50.8163 78.438 27.6217 54.300
 308 32.8113 40.085 7.2737 22.100
 413 24.6153 26.910 2.2947 9.300
 518 18.8067 20.250 1.4433 7.600
 619 15.8553 16.233 .3777 2.300
 720 13.7807 13.539 .2417 1.700
 102 175.407 987680.931 987505.524 562979.500
 206 68.1993 122.265 54.0657 79.200
 308 42.3917 49.014 6.6223 15.600
 413 31.263 30.658 .605 1.900
 518 24.568 22.315 2.253 9.100
 619 20.2783 17.516 2.7623 13.600
 720 17.5813 14.440 3.1413 17.800
 102 246.935 940301.762 940054.827 380689.100
 206 125.462 2258.124 2132.662 1699.800
 308 81.6223 104.199 22.5767 27.600
 413 61.099 45.813 15.286 25.000
 518 49.1773 29.409 19.7683 40.100
 619 39.8147 21.626 18.1887 45.600
 720 33.604 17.096 16.508 49.100
 102 255.88 827818638.131 827818382.251 323518204.700
 206 128.049 543370.280 543242.231 424245.500
 308 86.3823 9505.518 9419.1357 10904.000
 413 64.6147 761.651 697.0363 1078.700
 518 51.2947 163.840 112.5453 219.400
 619 41.787 66.544 24.757 59.200
 720 36.0297 38.265 2.2353 6.200
 102 140.108 3948353.290 3948213.182 2817978.400
 206 55.7787 137.912 82.1333 147.200
 308 35.32 51.307 15.987 45.200
 413 25.3887 31.539 6.1503 24.200
 518 20.5493 22.773 2.2237 10.800
 619 16.591 17.817 1.226 7.300
 720 14.3397 14.627 .2873 2.000
 102 247.641 4592.435 4344.794 1754.400
 206 122.352 143.400 21.048 17.200
 308 81.895 52.209 29.686 36.200
 413 60.3893 31.846 28.5433 47.200
 518 45.05 22.937 22.113 49.000
 619 35.4507 17.912 17.5387 49.400
 720 29.3827 14.697 14.6857 49.900
 102 249.81 5825.085 5575.275 2231.800
 206 124.495 289.300 164.805 132.300
 308 81.8787 67.090 14.7887 18.000
 413 62.1517 36.823 25.3287 40.700
 518 49.4643 25.395 24.0693 48.600
 619 40.7737 19.387 21.3867 52.400
 720 35.0133 15.680 19.3333 55.200
 102 246.999 5472.010 5225.011 2115.300
 206 123.518 134.266 10.748 8.700
 308 82.111 50.843 31.268 38.000
 413 56.2353 31.354 24.8813 44.200
 518 41.7197 22.691 19.0287 45.600
 619 32.579 17.748 14.831 45.500
 720 26.9073 14.580 12.3273 45.800
 102 226.619 158.433 68.186 30.000
 206 108.258 53.944 54.314 50.100
 308 71.07 32.521 38.549 54.200
 413 52.505 23.265 29.240 55.600
 518 41.6317 18.120 23.5117 56.400
 619 34.541 14.827 19.714 57.000
 720 29.731 12.567 17.164 57.700
 102 252.515 656587.243 656334.728 259919.100
 206 124.441 819.200 694.759 558.300
 308 84.945 94.041 9.096 10.700
 413 63.1537 43.929 19.2247 30.400
 518 50.1903 28.590 21.6003 43.000
 619 41.5333 21.189 20.3443 48.900
 720 35.281 16.827 18.454 52.300
 102 166.666 116.490 50.176 30.100
 206 79.2473 48.046 31.2013 39.300
 308 51.8303 30.282 21.5483 41.500
 413 38.622 22.097 16.525 42.700
 518 30.6023 17.399 13.2033 43.100
 619 25.4943 14.349 11.1453 43.700
 720 21.5857 12.205 9.3807 43.400
 102 250.799 277.463 26.664 10.600
 206 71.7897 73.646 1.8563 2.500
 308 38.4663 38.774 .3077 .700
 413 26.2457 26.316 .0703 .200
 518 20.001 19.906 .095 .400
 619 16.071 16.014 .057 .300
 720 13.4697 13.375 .0947 .700
 102 282.109 860.323 578.214 204.900
 206 125.176 130.498 5.322 4.200
 308 62.253 62.831 .578 .900
 413 35.945 35.614 .331 .900
 518 25.0693 24.821 .2483 .900
 619 19.3183 19.032 .2863 1.400
 720 16.8547 15.434 1.4207 8.400
 102 191.531 11532.124 11340.593 5921.000
 206 92.7693 90.603 2.1663 2.300
 308 60.5723 42.979 17.5933 29.000
 413 42.0947 28.200 13.8947 33.000
 518 31.776 20.971 10.805 34.000
 619 25.791 16.683 9.108 35.300
 720 22.136 13.855 8.281 37.400
 102 216.011 20958242.406 20958026.395 9702295.800
 206 124.434 3676.651 3552.217 2854.600
 308 81.8463 102.643 20.7967 25.400
 413 60.9297 45.506 15.4237 25.300
 518 49.1637 29.245 19.9187 40.500
 619 40.3973 21.558 18.8393 46.600
 720 34.566 17.049 17.517 50.600
 102 264.279 38978.027 38713.748 14648.800
 206 129.171 39891.886 39762.715 30783.000
 308 84.693 402665.990 402581.297 475341.800
 413 41.8453 3387.576 3345.7307 7995.400
 518 39.3 1753.006 1713.706 4360.500
 619 30.441 337.338 306.897 1008.100
 720 16.4043 51.254 34.8497 212.400
 102 132.225 207.912 75.687 57.200
 206 53.1113 58.736 5.6247 10.500
 308 32.7453 34.214 1.4687 4.400
 413 22.7017 24.104 1.4023 6.100
 518 17.967 18.628 .661 3.600
 619 14.844 15.182 .338 2.200
 720 12.7357 12.801 .0653 .500
 102 138.891 446.709 307.818 221.600
 206 54.5467 69.181 14.6343 26.800
 308 32.913 37.491 4.578 13.900
 413 23.1687 25.722 2.5533 11.000
 518 18.1723 19.562 1.3897 7.600
 619 14.919 15.796 .877 5.800
 720 12.761 13.234 .473 3.700
 102 266.546 1426399.969 1426133.423 535042.100
 206 125.842 91853.864 91728.022 72891.400
 308 85.1283 6748.950 6663.8217 7827.900
 413 66.097 2059.223 1993.126 3015.400
 518 50.445 497.860 447.415 886.900
 619 41.665 179.263 137.598 330.200
 720 35.9423 86.126 50.1837 139.600
 102 280.38 7278085.242 7277804.862 2595693.200
 206 143.573 242537.308 242393.735 168829.600
 308 91.075 34213.844 34122.769 37466.600
 413 68.09 8738.856 8670.766 12734.200
 518 54.394 3098.165 3043.771 5595.700
 619 45.1093 1353.449 1308.3397 2900.300
 720 38.5413 684.215 645.6737 1675.200
 102 112.99 32711.229 32598.239 28850.500
 206 49.8027 96.583 46.7803 93.900
 308 30.8333 44.317 13.4837 43.700
 413 22.2187 28.753 6.5343 29.400
 518 14.7633 21.266 6.5027 44.000
 619 13.7223 16.888 3.1657 23.000
 720 12.9823 13.995 1.0127 7.800
 102 93.3923 761.282 667.8897 715.100
 206 32.8277 74.383 41.5553 126.500
 308 20.2953 39.020 18.7247 92.200
 413 14.786 26.439 11.653 78.800
 518 11.744 19.890 8.146 69.300
 619 9.69833 16.028 6.32967 65.200
 720 8.29333 13.398 5.10467 61.500
 102 144.242 195.461 51.219 35.500
 206 72.4583 57.671 14.7873 20.400
 308 47.6707 33.832 13.8387 29.000
 413 35.678 23.941 11.737 32.800
 518 24.9507 18.530 6.4207 25.700
 619 11.722 15.100 3.378 28.800
 720 11.3183 12.755 1.4367 12.600
 102 143.43 222.576 79.146 55.100
 206 42.892 59.842 16.950 39.500
 308 25.6687 34.542 8.8733 34.500
 413 17.5847 24.309 6.7243 38.200
 518 13.9173 18.743 4.8257 34.600
 619 10.7937 15.250 4.4563 41.200
 720 9.36967 12.848 3.47833 37.100
 102 288.206 6746.030 6457.824 2240.600
 206 137.144 597.811 460.667 335.900
 308 90.6543 172.956 82.3017 90.700
 413 62.455 100.679 38.224 61.200
 518 49.2197 72.237 23.0173 46.700
 619 39.176 39.907 .731 1.800
 720 27.5723 26.832 .7403 2.600
 102 371.821 138703114.977 138702743.156 37303633.500
 206 177.39 390.348 212.958 120.000
 308 108.657 68.265 40.392 37.100
 413 77.1237 37.232 39.8917 51.700
 518 60.1813 25.591 34.5903 57.400
 619 48.4417 19.496 28.9457 59.700
 720 40.3217 15.739 24.5827 60.900
 102 283.59 2072.576 1788.986 630.800
 206 132.343 81.100 51.243 38.700
 308 85.0743 40.740 44.3343 52.100
 413 61.5943 27.197 34.3973 55.800
 518 48.0623 20.414 27.6483 57.500
 619 40.1777 16.342 23.8357 59.300
 720 34.077 13.621 20.456 60.000
 102 369.754 1451042.160 1450672.406 392334.400
 206 115.257 133.406 18.149 15.700
 308 57.6677 50.734 6.9337 12.000
 413 38.3637 31.313 7.0507 18.300
 518 29.3897 22.659 6.7307 22.900
 619 23.882 17.748 6.134 25.600
 720 20.1817 14.568 5.6137 27.800
 102 400.074 153819.791 153419.717 38347.800
 206 186.946 324939.120 324752.174 173714.400
 308 118.027 4208.591 4090.564 3465.700
 413 60.3433 114.585 54.2417 89.800
 518 49.1723 48.316 .8563 1.700
 619 32.7693 30.405 2.3643 7.200
 720 25.523 22.046 3.477 13.600
 102 246.13 317.440 71.310 28.900
 206 111.471 65.085 46.386 41.600
 308 71.4413 36.262 35.1793 49.200
 413 51.9903 25.108 26.8823 51.700
 518 40.954 19.218 21.736 53.000
 619 33.802 15.564 18.238 53.900
 720 28.9983 13.082 15.9163 54.800
 102 373.599 61852857.057 61852483.458 16555848.200
 206 185.441 605.102 419.661 226.300
 308 115.578 73.999 41.579 35.900
 413 81.3163 38.850 42.4663 52.200
 518 61.5197 26.378 35.1417 57.100
 619 49.3707 19.919 29.4517 59.600
 720 40.5513 16.020 24.5313 60.400
 102 371.039 12912.066 12541.027 3379.900
 206 129.413 100.638 28.775 22.200
 308 71.148 45.109 26.039 36.500
 413 49.3087 29.081 20.2277 41.000
 518 36.956 21.463 15.493 41.900
 619 30.0213 16.997 13.0243 43.300
 720 24.7613 14.077 10.6843 43.100
 102 244.579 15284843112.120 15284842867.541 6249450225.700
 206 123.671 20827.422 20703.751 16740.900
 308 48.082 141.881 93.799 195.000
 413 34.814 54.108 19.294 55.400
 518 27.4497 32.555 5.1053 18.500
 619 22.5237 23.455 .9313 4.100
 720 19.2183 18.196 1.0223 5.300
 102 154.622 383.057 228.435 147.700
 206 66.508 79.216 12.708 19.100
 308 36.1513 40.249 4.0977 11.300
 413 25.422 26.972 1.550 6.000
 518 19.6867 20.267 .5803 2.900
 619 16.0877 16.260 .1723 1.000
 720 13.6383 13.574 .0643 .400
 102 96.888 103.383 6.495 6.700
 206 46.2213 45.711 .5103 1.100
 308 30.658 29.326 1.332 4.300
 413 22.9293 21.585 1.3443 5.800
 518 18.318 17.072 1.246 6.800
 619 15.195 14.130 1.065 7.000
 720 13.0457 12.041 1.0047 7.700
 102 274.921 320995966.812 320995691.891 116759247.800
 206 137.223 2748057.927 2747920.704 2002521.900
 308 91.4383 178053.360 177961.9217 194625.100
 413 68.459 26583.408 26514.949 38731.100
 518 54.7883 6321.569 6266.7807 11438.100
 619 45.7403 2029.764 1984.0237 4337.500
 720 39.2227 807.508 768.2853 1958.700
 102 108.259 6645.022 6536.763 6038.000
 206 53.5107 106.905 53.3943 99.700
 308 33.9337 46.502 12.5683 37.000
 413 23.684 29.409 5.725 24.100
 518 20.8827 21.774 .8913 4.200
 619 15.1297 17.052 1.9223 12.700
 720 13.3027 14.217 .9143 6.800
 102 120.867 98.795 22.072 18.200
 206 56.5843 44.728 11.8563 20.900
 308 36.833 28.944 7.889 21.400
 413 27.3917 21.360 6.0317 22.000
 518 21.7583 16.957 4.8013 22.000
 619 18.093 14.035 4.058 22.400
 720 15.448 11.982 3.466 22.400
 102 208.991 1307.033 1098.042 525.400
 206 123.537 626.524 502.987 407.100
 308 52.672 86.232 33.560 63.700
 413 32.664 42.045 9.381 28.700
 518 23.3433 27.787 4.4437 19.000
 619 18.1473 20.725 2.5777 14.200
 720 15.152 16.546 1.394 9.200
 102 205.803 45198.622 44992.819 21862.000
 206 124.412 52911.390 52786.978 42429.100
 308 82.648 18133.068 18050.420 21840.100
 413 61.9777 1199.165 1137.1873 1834.800
 518 49.6907 155.549 105.8583 213.000
 619 39.0557 56.646 17.5903 45.000
 720 20.0527 33.432 13.3793 66.700
 102 281.819 113224436.695 113224154.876 40176196.300
 206 117.921 269.066 151.145 128.100
 308 72.7767 62.913 9.8637 13.500
 413 51.6597 35.553 16.1067 31.100
 518 39.1467 24.772 14.3747 36.700
 619 31.5883 19.032 12.5563 39.700
 720 26.4437 15.434 11.0097 41.600
 102 249.674 28114140.037 28113890.363 11260239.400
 206 124.043 1469.562 1345.519 1084.700
 308 82.2933 94.041 11.7477 14.200
 413 61.105 43.847 17.258 28.200
 518 49.584 28.540 21.044 42.400
 619 40.7823 21.162 19.6203 48.100
 720 35.0883 16.804 18.2843 52.100
 102 239.179 59307579.719 59307340.540 24796215.600
 206 104.273 186.163 81.890 78.500
 308 62.843 56.878 5.965 9.400
 413 44.051 33.566 10.485 23.800
 518 33.6753 23.805 9.8703 29.300
 619 26.9417 18.445 8.4967 31.500
 720 22.8313 15.060 7.7713 34.000
 102 248.35 2338.406 2090.056 841.500
 206 123.868 82.739 41.129 33.200
 308 82.3047 41.177 41.1277 49.900
 413 61.4027 27.361 34.0417 55.400
 518 49.1317 20.529 28.6027 58.200
 619 40.2163 16.397 23.8193 59.200
 720 33.9637 13.667 20.2967 59.700
 102 252.939 14153137.192 14152884.253 5595374.400
 206 125.993 21919.129 21793.136 17297.100
 308 85.6653 1032.849 947.1837 1105.600
 413 63.8637 154.501 90.6373 141.900
 518 50.3387 60.178 9.8393 19.500
 619 41.5367 35.224 6.3127 15.100
 720 35.892 24.679 11.213 31.200
 102 187.05 119.357 67.693 36.100
 206 90.619 48.578 42.041 46.300
 308 59.3587 30.473 28.8857 48.600
 413 43.6317 22.200 21.4317 49.100
 518 34.3407 17.465 16.8757 49.100
 619 28.447 14.390 14.057 49.400
 720 23.9067 12.240 11.6667 48.800
 102 281.543 2776.514 2494.971 886.100
 206 138.193 292.864 154.671 111.900
 308 86.78 99.393 12.613 14.500
 413 63.6613 52.080 11.5813 18.100
 518 50.347 35.307 15.040 29.800
 619 40.8047 25.599 15.2057 37.200
 720 31.1123 19.530 11.5823 37.200
 102 108.102 134.922 26.820 24.800
 206 47.128 50.913 3.785 8.000
 308 28.9287 31.401 2.4723 8.500
 413 21.856 22.691 .835 3.800
 518 17.4393 17.760 .3207 1.800
 619 14.504 14.595 .091 .600
 720 12.347 12.392 .045 .300
 102 259.28 5993460.203 5993200.923 2311478.200
 206 126.05 57686.548 57560.498 45664.800
 308 86.7163 19296.057 19209.3407 22151.900
 413 62.4683 3233.320 3170.8517 5075.900
 518 49.5073 1492.025 1442.5177 2913.700
 619 41.958 315.179 273.221 651.100
 720 36.0627 99.291 63.2283 175.300
 102 175.43 264.847 89.417 50.900
 206 122.194 62.504 59.690 48.800
 308 81.276 35.443 45.833 56.300
 413 61.4057 24.719 36.6867 59.700
 518 48.1167 19.005 29.1117 60.500
 619 40.4953 15.414 25.0813 61.900
 720 35.1177 12.965 22.1527 63.000
 102 250.882 637045.391 636794.509 253822.300
 206 135.88 22691.758 22555.878 16599.800
 308 92.668 10551.584 10458.916 11286.400
 413 66.78 2231.644 2164.864 3241.700
 518 50.7393 1315.667 1264.9277 2492.900
 619 42.495 465.908 423.413 996.300
 720 36.4573 282.275 245.8177 674.200
 102 147.845 192.675 44.830 30.300
 206 66.8337 57.425 9.4087 14.000
 308 42.774 33.750 9.024 21.000
 413 32.23 23.879 8.351 25.900
 518 24.5423 18.497 6.0453 24.600
 619 19.8797 15.072 4.8077 24.100
 720 16.0757 12.743 3.3327 20.700
 102 248.642 11558268.764 11558020.122 4648458.400
 206 119.981 257.146 137.165 114.300
 308 61.4777 62.175 .6973 1.100
 413 43.0017 35.368 7.6337 17.700
 518 33.232 24.707 8.525 25.600
 619 24.3617 18.950 5.4117 22.200
 720 17.231 15.388 1.843 10.600
 102 127.228 330.301 203.073 159.600
 206 54.198 65.617 11.419 21.000
 308 35.2197 36.398 1.1783 3.300
 413 25.28 25.210 .070 .200
 518 20.5937 19.267 1.3267 6.400
 619 16.5463 15.591 .9553 5.700
 720 14.465 13.094 1.371 9.400
 102 247.056 398008971266.457 398008971019.401 161100710373.100
 206 120.586 30035.476 29914.890 24807.900
 308 70.526 133.717 63.191 89.500
 413 46.344 50.810 4.466 9.600
 518 34.2357 31.326 2.9097 8.400
 619 26.539 22.677 3.862 14.500
 720 21.76 17.751 4.009 18.400
 102 114.224 1373.552 1259.328 1102.500
 206 50.8163 78.438 27.6217 54.300
 308 32.8113 40.085 7.2737 22.100
 413 24.6153 26.910 2.2947 9.300
 518 18.8067 20.250 1.4433 7.600
 619 15.8553 16.233 .3777 2.300
 720 13.7807 13.539 .2417 1.700
 102 175.407 987680.931 987505.524 562979.500
 206 68.1993 122.265 54.0657 79.200
 308 42.3917 49.014 6.6223 15.600
 413 31.263 30.658 .605 1.900
 518 24.568 22.315 2.253 9.100
 619 20.2783 17.516 2.7623 13.600
 720 17.5813 14.440 3.1413 17.800
 102 246.935 940301.762 940054.827 380689.100
 206 125.462 2258.124 2132.662 1699.800
 308 81.6223 104.199 22.5767 27.600
 413 61.099 45.813 15.286 25.000
 518 49.1773 29.409 19.7683 40.100
 619 39.8147 21.626 18.1887 45.600
 720 33.604 17.096 16.508 49.100
 102 255.88 827818638.131 827818382.251 323518204.700
 206 128.049 543370.280 543242.231 424245.500
 308 86.3823 9505.518 9419.1357 10904.000
 413 64.6147 761.651 697.0363 1078.700
 518 51.2947 163.840 112.5453 219.400
 619 41.787 66.544 24.757 59.200
 720 36.0297 38.265 2.2353 6.200
 102 140.108 3948353.290 3948213.182 2817978.400
 206 55.7787 137.912 82.1333 147.200
 308 35.32 51.307 15.987 45.200
 413 25.3887 31.539 6.1503 24.200
 518 20.5493 22.773 2.2237 10.800
 619 16.591 17.817 1.226 7.300
 720 14.3397 14.627 .2873 2.000
 102 247.641 4592.435 4344.794 1754.400
 206 122.352 143.400 21.048 17.200
 308 81.895 52.209 29.686 36.200
 413 60.3893 31.846 28.5433 47.200
 518 45.05 22.937 22.113 49.000
 619 35.4507 17.912 17.5387 49.400
 720 29.3827 14.697 14.6857 49.900
 102 249.81 5825.085 5575.275 2231.800
 206 124.495 289.300 164.805 132.300
 308 81.8787 67.090 14.7887 18.000
 413 62.1517 36.823 25.3287 40.700
 518 49.4643 25.395 24.0693 48.600
 619 40.7737 19.387 21.3867 52.400
 720 35.0133 15.680 19.3333 55.200
 102 246.999 5472.010 5225.011 2115.300
 206 123.518 134.266 10.748 8.700
 308 82.111 50.843 31.268 38.000
 413 56.2353 31.354 24.8813 44.200
 518 41.7197 22.691 19.0287 45.600
 619 32.579 17.748 14.831 45.500
 720 26.9073 14.580 12.3273 45.800
 102 226.619 158.433 68.186 30.000
 206 108.258 53.944 54.314 50.100
 308 71.07 32.521 38.549 54.200
 413 52.505 23.265 29.240 55.600
 518 41.6317 18.120 23.5117 56.400
 619 34.541 14.827 19.714 57.000
 720 29.731 12.567 17.164 57.700
 102 252.515 656587.243 656334.728 259919.100
 206 124.441 819.200 694.759 558.300
 308 84.945 94.041 9.096 10.700
 413 63.1537 43.929 19.2247 30.400
 518 50.1903 28.590 21.6003 43.000
 619 41.5333 21.189 20.3443 48.900
 720 35.281 16.827 18.454 52.300
 102 166.666 116.490 50.176 30.100
 206 79.2473 48.046 31.2013 39.300
 308 51.8303 30.282 21.5483 41.500
 413 38.622 22.097 16.525 42.700
 518 30.6023 17.399 13.2033 43.100
 619 25.4943 14.349 11.1453 43.700
 720 21.5857 12.205 9.3807 43.400
 102 250.799 277.463 26.664 10.600
 206 71.7897 73.646 1.8563 2.500
 308 38.4663 38.774 .3077 .700
 413 26.2457 26.316 .0703 .200
 518 20.001 19.906 .095 .400
 619 16.071 16.014 .057 .300
 720 13.4697 13.375 .0947 .700
 102 282.109 860.323 578.214 204.900
 206 125.176 130.498 5.322 4.200
 308 62.253 62.831 .578 .900
 413 35.945 35.614 .331 .900
 518 25.0693 24.821 .2483 .900
 619 19.3183 19.032 .2863 1.400
 720 16.8547 15.434 1.4207 8.400
 102 191.531 11532.124 11340.593 5921.000
 206 92.7693 90.603 2.1663 2.300
 308 60.5723 42.979 17.5933 29.000
 413 42.0947 28.200 13.8947 33.000
 518 31.776 20.971 10.805 34.000
 619 25.791 16.683 9.108 35.300
 720 22.136 13.855 8.281 37.400
 102 216.011 20958242.406 20958026.395 9702295.800
 206 124.434 3676.651 3552.217 2854.600
 308 81.8463 102.643 20.7967 25.400
 413 60.9297 45.506 15.4237 25.300
 518 49.1637 29.245 19.9187 40.500
 619 40.3973 21.558 18.8393 46.600
 720 34.566 17.049 17.517 50.600
 102 264.279 38978.027 38713.748 14648.800
 206 129.171 39891.886 39762.715 30783.000
 308 84.693 402665.990 402581.297 475341.800
 413 41.8453 3387.576 3345.7307 7995.400
 518 39.3 1753.006 1713.706 4360.500
 619 30.441 337.338 306.897 1008.100
 720 16.4043 51.254 34.8497 212.400
 102 132.225 207.912 75.687 57.200
 206 53.1113 58.736 5.6247 10.500
 308 32.7453 34.214 1.4687 4.400
 413 22.7017 24.104 1.4023 6.100
 518 17.967 18.628 .661 3.600
 619 14.844 15.182 .338 2.200
 720 12.7357 12.801 .0653 .500
 102 138.891 446.709 307.818 221.600
 206 54.5467 69.181 14.6343 26.800
 308 32.913 37.491 4.578 13.900
 413 23.1687 25.722 2.5533 11.000
 518 18.1723 19.562 1.3897 7.600
 619 14.919 15.796 .877 5.800
 720 12.761 13.234 .473 3.700
 102 266.546 1426399.969 1426133.423 535042.100
 206 125.842 91853.864 91728.022 72891.400
 308 85.1283 6748.950 6663.8217 7827.900
 413 66.097 2059.223 1993.126 3015.400
 518 50.445 497.860 447.415 886.900
 619 41.665 179.263 137.598 330.200
 720 35.9423 86.126 50.1837 139.600
 102 280.38 7278085.242 7277804.862 2595693.200
 206 143.573 242537.308 242393.735 168829.600
 308 91.075 34213.844 34122.769 37466.600
 413 68.09 8738.856 8670.766 12734.200
 518 54.394 3098.165 3043.771 5595.700
 619 45.1093 1353.449 1308.3397 2900.300
 720 38.5413 684.215 645.6737 1675.200
 102 112.99 19166.736 19053.746 16863.200
 206 49.8027 56.592 6.7893 13.600
 308 30.8333 25.968 4.8653 15.700
 413 22.2187 16.848 5.3707 24.100
 518 14.7633 12.460 2.3033 15.600
 619 13.7223 9.896 3.8263 27.800
 720 12.9823 8.200 4.7823 36.800
 102 93.3923 446.064 352.6717 377.600
 206 32.8277 43.584 10.7563 32.700
 308 20.2953 22.864 2.5687 12.600
 413 14.786 15.492 .706 4.700
 518 11.744 11.654 .090 .700
 619 9.69833 9.392 .30633 3.100
 720 8.29333 7.851 .44233 5.300
 102 144.242 114.528 29.714 20.600
 206 72.4583 33.792 38.6663 53.300
 308 47.6707 19.824 27.8467 58.400
 413 35.678 14.028 21.650 60.600
 518 24.9507 10.857 14.0937 56.400
 619 11.722 8.848 2.874 24.500
 720 11.3183 7.474 3.8443 33.900
 102 143.43 130.416 13.014 9.000
 206 42.892 35.064 7.828 18.200
 308 25.6687 20.240 5.4287 21.100
 413 17.5847 14.244 3.3407 18.900
 518 13.9173 10.982 2.9353 21.000
 619 10.7937 8.936 1.8577 17.200
 720 9.36967 7.528 1.84167 19.600
 102 288.206 6746.030 6457.824 2240.600
 206 137.144 597.811 460.667 335.900
 308 90.6543 172.956 82.3017 90.700
 413 62.455 100.679 38.224 61.200
 518 49.2197 72.237 23.0173 46.700
 619 39.176 39.907 .731 1.800
 720 27.5723 26.832 .7403 2.600
 102 371.821 208054672.465 208054300.644 55955500.200
 206 177.39 585.523 408.133 230.000
 308 108.657 102.400 6.257 5.700
 413 77.1237 55.848 21.2757 27.500
 518 60.1813 38.387 21.7943 36.200
 619 48.4417 29.245 19.1967 39.600
 720 40.3217 23.610 16.7117 41.400
 102 283.59 3108.864 2825.274 996.200
 206 132.343 121.651 10.692 8.000
 308 85.0743 61.112 23.9623 28.100
 413 61.5943 40.796 20.7983 33.700
 518 48.0623 30.621 17.4413 36.200
 619 40.1777 24.514 15.6637 38.900
 720 34.077 20.432 13.645 40.000
 102 369.754 2176563.240 2176193.486 588551.700
 206 115.257 200.110 84.853 73.600
 308 57.6677 76.103 18.4353 31.900
 413 38.3637 46.970 8.6063 22.400
 518 29.3897 33.988 4.5983 15.600
 619 23.882 26.624 2.742 11.400
 720 20.1817 21.854 1.6723 8.200
 102 400.074 230729.687 230329.613 57571.700
 206 186.946 487408.680 487221.734 260621.600
 308 118.027 6313.041 6195.014 5248.800
 413 60.3433 171.878 111.5347 184.800
 518 49.1723 72.474 23.3017 47.300
 619 32.7693 45.608 12.8387 39.100
 720 25.523 33.071 7.548 29.500
 102 246.13 476.160 230.030 93.400
 206 111.471 97.628 13.843 12.400
 308 71.4413 54.394 17.0473 23.800
 413 51.9903 37.662 14.3283 27.500
 518 40.954 28.827 12.127 29.600
 619 33.802 23.347 10.455 30.900
 720 28.9983 19.625 9.3733 32.300
 102 373.599 92779285.585 92778911.986 24833822.300
 206 185.441 907.653 722.212 389.400
 308 115.578 111.001 4.577 3.900
 413 81.3163 58.275 23.0413 28.300
 518 61.5197 39.567 21.9527 35.600
 619 49.3707 29.880 19.4907 39.400
 720 40.5513 24.031 16.5203 40.700
 102 371.039 19368.099 18997.060 5119.900
 206 129.413 150.958 21.545 16.600
 308 71.148 67.665 3.483 4.800
 413 49.3087 43.622 5.6867 11.500
 518 36.956 32.194 4.762 12.800
 619 30.0213 25.497 4.5243 15.000
 720 24.7613 21.117 3.6443 14.700
 102 244.579 15284843112.120 15284842867.541 6249450225.700
 206 123.671 20827.422 20703.751 16740.900
 308 48.082 141.881 93.799 195.000
 413 34.814 54.108 19.294 55.400
 518 27.4497 32.555 5.1053 18.500
 619 22.5237 23.455 .9313 4.100
 720 19.2183 18.196 1.0223 5.300
 102 154.622 383.057 228.435 147.700
 206 66.508 79.216 12.708 19.100
 308 36.1513 40.249 4.0977 11.300
 413 25.422 26.972 1.550 6.000
 518 19.6867 20.267 .5803 2.900
 619 16.0877 16.260 .1723 1.000
 720 13.6383 13.574 .0643 .400
 102 96.888 103.383 6.495 6.700
 206 46.2213 45.711 .5103 1.100
 308 30.658 29.326 1.332 4.300
 413 22.9293 21.585 1.3443 5.800
 518 18.318 17.072 1.246 6.800
 619 15.195 14.130 1.065 7.000
 720 13.0457 12.041 1.0047 7.700
 102 274.921 320995966.812 320995691.891 116759247.800
 206 137.223 2748057.927 2747920.704 2002521.900
 308 91.4383 178053.360 177961.9217 194625.100
 413 68.459 26583.408 26514.949 38731.100
 518 54.7883 6321.569 6266.7807 11438.100
 619 45.7403 2029.764 1984.0237 4337.500
 720 39.2227 807.508 768.2853 1958.700
 102 108.259 6645.022 6536.763 6038.000
 206 53.5107 106.905 53.3943 99.700
 308 33.9337 46.502 12.5683 37.000
 413 23.684 29.409 5.725 24.100
 518 20.8827 21.774 .8913 4.200
 619 15.1297 17.052 1.9223 12.700
 720 13.3027 14.217 .9143 6.800
 102 120.867 98.795 22.072 18.200
 206 56.5843 44.728 11.8563 20.900
 308 36.833 28.944 7.889 21.400
 413 27.3917 21.360 6.0317 22.000
 518 21.7583 16.957 4.8013 22.000
 619 18.093 14.035 4.058 22.400
 720 15.448 11.982 3.466 22.400
 102 208.991 1307.033 1098.042 525.400
 206 123.537 626.524 502.987 407.100
 308 52.672 86.232 33.560 63.700
 413 32.664 42.045 9.381 28.700
 518 23.3433 27.787 4.4437 19.000
 619 18.1473 20.725 2.5777 14.200
 720 15.152 16.546 1.394 9.200
 102 205.803 45198.622 44992.819 21862.000
 206 124.412 52911.390 52786.978 42429.100
 308 82.648 18133.068 18050.420 21840.100
 413 61.9777 1199.165 1137.1873 1834.800
 518 49.6907 155.549 105.8583 213.000
 619 39.0557 56.646 17.5903 45.000
 720 20.0527 33.432 13.3793 66.700
 102 281.819 113224436.695 113224154.876 40176196.300
 206 117.921 269.066 151.145 128.100
 308 72.7767 62.913 9.8637 13.500
 413 51.6597 35.553 16.1067 31.100
 518 39.1467 24.772 14.3747 36.700
 619 31.5883 19.032 12.5563 39.700
 720 26.4437 15.434 11.0097 41.600
 102 249.674 28114140.037 28113890.363 11260239.400
 206 124.043 1469.562 1345.519 1084.700
 308 82.2933 94.041 11.7477 14.200
 413 61.105 43.847 17.258 28.200
 518 49.584 28.540 21.044 42.400
 619 40.7823 21.162 19.6203 48.100
 720 35.0883 16.804 18.2843 52.100
 102 239.179 59307579.719 59307340.540 24796215.600
 206 104.273 186.163 81.890 78.500
 308 62.843 56.878 5.965 9.400
 413 44.051 33.566 10.485 23.800
 518 33.6753 23.805 9.8703 29.300
 619 26.9417 18.445 8.4967 31.500
 720 22.8313 15.060 7.7713 34.000
 102 248.35 2338.406 2090.056 841.500
 206 123.868 82.739 41.129 33.200
 308 82.3047 41.177 41.1277 49.900
 413 61.4027 27.361 34.0417 55.400
 518 49.1317 20.529 28.6027 58.200
 619 40.2163 16.397 23.8193 59.200
 720 33.9637 13.667 20.2967 59.700
 102 252.939 14153137.192 14152884.253 5595374.400
 206 125.993 21919.129 21793.136 17297.100
 308 85.6653 1032.849 947.1837 1105.600
 413 63.8637 154.501 90.6373 141.900
 518 50.3387 60.178 9.8393 19.500
 619 41.5367 35.224 6.3127 15.100
 720 35.892 24.679 11.213 31.200
 102 187.05 119.357 67.693 36.100
 206 90.619 48.578 42.041 46.300
 308 59.3587 30.473 28.8857 48.600
 413 43.6317 22.200 21.4317 49.100
 518 34.3407 17.465 16.8757 49.100
 619 28.447 14.390 14.057 49.400
 720 23.9067 12.240 11.6667 48.800
 102 281.543 2776.514 2494.971 886.100
 206 138.193 292.864 154.671 111.900
 308 86.78 99.393 12.613 14.500
 413 63.6613 52.080 11.5813 18.100
 518 50.347 35.307 15.040 29.800
 619 40.8047 25.599 15.2057 37.200
 720 31.1123 19.530 11.5823 37.200
