 102 108.102 103.361 4.741 4.300
 206 47.128 45.700 1.428 3.000
 308 28.9287 29.335 .4063 1.400
 413 21.856 21.600 .256 1.100
 518 17.4393 17.093 .3463 1.900
 619 14.504 14.142 .362 2.400
 720 12.347 12.060 .287 2.300
 518 49.5073 -1793.345  
 619 41.958 85.841 43.883 104.500
 720 36.0627 41.917 5.8543 16.200
 102 175.43 211.832 36.402 20.700
 206 122.194 59.074 63.120 51.600
 308 81.276 34.323 46.953 57.700
 413 61.4057 24.188 37.2177 60.600
 518 48.1167 18.674 29.4427 61.100
 619 40.4953 15.207 25.2883 62.400
 720 35.1177 12.826 22.2917 63.400
 413 66.78 95.531 28.751 43.000
 518 50.7393 44.101 6.6383 13.000
 619 42.495 28.668 13.827 32.500
 720 36.4573 21.236 15.2213 41.700
 102 147.845 173.647 25.802 17.400
 206 66.8337 55.661 11.1727 16.700
 308 42.774 33.142 9.632 22.500
 413 32.23 23.596 8.634 26.700
 518 24.5423 18.319 6.2233 25.300
 619 19.8797 14.971 4.9087 24.600
 720 16.0757 12.658 3.4177 21.200
 206 119.981 145.682 25.701 21.400
 308 61.4777 52.434 9.0437 14.700
 413 43.0017 31.971 11.0307 25.600
 518 33.232 22.996 10.236 30.800
 619 24.3617 17.955 6.4067 26.200
 720 17.231 14.727 2.504 14.500
 102 127.228 175.432 48.204 37.800
 206 54.198 55.843 1.645 3.000
 308 35.2197 33.206 2.0137 5.700
 413 25.28 23.628 1.652 6.500
 518 20.5937 18.339 2.2547 10.900
 619 16.5463 14.984 1.5623 9.400
 720 14.465 12.667 1.798 12.400
 206 120.586 461.469 340.883 282.600
 308 70.526 69.569 .957 1.300
 413 46.344 37.620 8.724 18.800
 518 34.2357 25.781 8.4547 24.600
 619 26.539 19.609 6.930 26.100
 720 21.76 15.822 5.938 27.200
 102 114.224 95.282 18.942 16.500
 206 50.8163 44.048 6.7683 13.300
 308 32.8113 28.645 4.1663 12.600
 413 24.6153 21.224 3.3913 13.700
 518 18.8067 16.856 1.9507 10.300
 619 15.8553 13.980 1.8753 11.800
 720 13.7807 11.942 1.8387 13.300
 206 68.1993 83.701 15.5017 22.700
 308 42.3917 41.400 .9917 2.300
 413 31.263 27.501 3.762 12.000
 518 24.568 20.589 3.979 16.100
 619 20.2783 16.454 3.8243 18.800
 720 17.5813 13.701 3.8803 22.000
 206 125.462 12337.349 12211.887 9733.500
 308 81.6223 81.379 .2433 .200
 413 61.099 40.824 20.275 33.100
 518 49.1773 27.246 21.9313 44.500
 619 39.8147 20.446 19.3687 48.600
 720 33.604 16.362 17.242 51.300
 308 86.3823 -10778.947  
 413 64.6147 82.547 17.9323 27.700
 518 51.2947 41.116 10.1787 19.800
 619 41.787 27.376 14.411 34.400
 720 36.0297 20.518 15.5117 43.000
 206 55.7787 93.260 37.4813 67.100
 308 35.32 43.611 8.291 23.400
 413 25.3887 28.460 3.0713 12.000
 518 20.5493 21.122 .5727 2.700
 619 16.591 16.792 .201 1.200
 720 14.3397 13.935 .4047 2.800
 206 122.352 118.285 4.067 3.300
 308 81.895 48.400 33.495 40.800
 413 60.3893 30.424 29.9653 49.600
 518 45.05 22.185 22.865 50.700
 619 35.4507 17.457 17.9937 50.700
 720 29.3827 14.390 14.9927 51.000
 206 124.495 151.816 27.321 21.900
 308 81.8787 53.208 28.6707 35.000
 413 62.1517 32.257 29.8947 48.000
 518 49.4643 23.143 26.3213 53.200
 619 40.7737 18.045 22.7287 55.700
 720 35.0133 14.788 20.2253 57.700
 206 123.518 111.753 11.765 9.500
 308 82.111 47.269 34.842 42.400
 413 56.2353 29.973 26.2623 46.700
 518 41.7197 21.944 19.7757 47.400
 619 32.579 17.308 15.271 46.800
 720 26.9073 14.289 12.6183 46.800
 102 226.619 127.617 99.002 43.600
 206 108.258 49.892 58.366 53.900
 308 71.07 31.007 40.063 56.300
 413 52.505 22.493 30.012 57.100
 518 41.6317 17.647 23.9847 57.600
 619 34.541 14.519 20.022 57.900
 720 29.731 12.333 17.398 58.500
 206 124.441 897.458 773.017 621.100
 308 84.945 75.067 9.878 11.600
 413 63.1537 39.172 23.9817 37.900
 518 50.1903 26.500 23.6903 47.200
 619 41.5333 20.023 21.5103 51.700
 720 35.281 16.090 19.191 54.300
 102 166.666 102.728 63.938 38.300
 206 79.2473 45.575 33.6723 42.400
 308 51.8303 29.283 22.5473 43.500
 413 38.622 21.572 17.050 44.100
 518 30.6023 17.075 13.5273 44.200
 619 25.4943 14.130 11.3643 44.500
 720 21.5857 12.051 9.5347 44.100
 102 250.799 711.111 460.312 183.500
 206 71.7897 73.457 1.6673 2.300
 308 38.4663 38.729 .2627 .600
 413 26.2457 26.296 .0503 .100
 518 20.001 19.906 .095 .400
 619 16.071 16.015 .056 .300
 720 13.4697 13.396 .0737 .500
 206 125.176 269.544 144.368 115.300
 308 62.253 62.825 .572 .900
 413 35.945 35.556 .389 1.000
 518 25.0693 24.794 .2753 1.000
 619 19.3183 19.033 .2853 1.400
 720 16.8547 15.445 1.4097 8.300
 102 191.531 213.555 22.024 11.400
 206 92.7693 59.207 33.5623 36.100
 308 60.5723 34.368 26.2043 43.200
 413 42.0947 24.210 17.8847 42.400
 518 31.776 18.687 13.089 41.100
 619 25.791 15.216 10.575 41.000
 720 22.136 12.832 9.304 42.000
 206 124.434 114.260 10.174 8.100
 308 81.8463 47.712 34.1343 41.700
 413 60.9297 30.151 30.7787 50.500
 518 49.1637 22.039 27.1247 55.100
 619 40.3973 17.367 23.0303 57.000
 720 34.566 14.329 20.237 58.500
 102 132.225 139.909 7.684 5.800
 206 53.1113 51.667 1.4443 2.700
 308 32.7453 31.684 1.0613 3.200
 413 22.7017 22.847 .1453 .600
 518 17.967 17.864 .103 .500
 619 14.844 14.666 .178 1.100
 720 12.7357 12.439 .2967 2.300
 102 138.891 196.696 57.805 41.600
 206 54.5467 57.833 3.2863 6.000
 308 32.913 33.900 .987 2.900
 413 23.1687 23.977 .8083 3.400
 518 18.1723 18.548 .3757 2.000
 619 14.919 15.124 .205 1.300
 720 12.761 12.767 .006 0
 720 35.9423 475.836 439.8937 1223.800
 102 112.99 133.402 20.412 18.000
 206 49.8027 50.753 .9503 1.900
 308 30.8333 31.337 .5037 1.600
 413 22.2187 22.666 .4473 2.000
 518 14.7633 17.754 2.9907 20.200
 619 13.7223 14.591 .8687 6.300
 720 12.9823 12.385 .5973 4.600
 102 93.3923 593.279 499.8867 535.200
 206 32.8277 71.980 39.1523 119.200
 308 20.2953 38.314 18.0187 88.700
 413 14.786 26.105 11.319 76.500
 518 11.744 19.796 8.052 68.500
 619 9.69833 15.943 6.24467 64.300
 720 8.29333 13.346 5.05267 60.900
 102 144.242 146.097 1.855 1.200
 206 72.4583 52.488 19.9703 27.500
 308 47.6707 31.991 15.6797 32.800
 413 35.678 23.006 12.672 35.500
 518 24.9507 17.962 6.9887 28.000
 619 11.722 14.731 3.009 25.600
 720 11.3183 12.486 1.1677 10.300
 102 143.43 216.536 73.106 50.900
 206 42.892 59.434 16.542 38.500
 308 25.6687 34.444 8.7753 34.100
 413 17.5847 24.248 6.6633 37.800
 518 13.9173 18.710 4.7927 34.400
 619 10.7937 15.231 4.4373 41.100
 720 9.36967 12.843 3.47333 37.000
 413 62.455 771.084 708.629 1134.600
 518 49.2197 74.052 24.8323 50.400
 619 39.176 38.893 .283 .700
 720 27.5723 26.372 1.2003 4.300
 206 177.39 143.136 34.254 19.300
 308 108.657 52.101 56.556 52.000
 413 77.1237 31.846 45.2777 58.700
 518 60.1813 22.931 37.2503 61.800
 619 48.4417 17.916 30.5257 63.000
 720 40.3217 14.701 25.6207 63.500
 102 283.59 222.608 60.982 21.500
 206 132.343 59.883 72.460 54.700
 308 85.0743 34.594 50.4803 59.300
 413 61.5943 24.323 37.2713 60.500
 518 48.0623 18.754 29.3083 60.900
 619 40.1777 15.260 24.9177 62.000
 720 34.077 12.864 21.213 62.200
 102 369.754 978.967 609.213 164.700
 206 115.257 75.594 39.663 34.400
 308 57.6677 39.315 18.3527 31.800
 413 38.3637 26.565 11.7987 30.700
 518 29.3897 20.060 9.3297 31.700
 619 23.882 16.114 7.768 32.500
 720 20.1817 13.465 6.7167 33.200
 308 118.027 104.489 13.538 11.400
 413 60.3433 45.919 14.4243 23.900
 518 49.1723 29.425 19.7473 40.100
 619 32.7693 21.649 11.1203 33.900
 720 25.523 17.123 8.400 32.900
 102 246.13 234.432 11.698 4.700
 206 111.471 60.706 50.765 45.500
 308 71.4413 34.867 36.5743 51.100
 413 51.9903 24.457 27.5333 52.900
 518 40.954 18.834 22.120 54.000
 619 33.802 15.313 18.489 54.600
 720 28.9983 12.901 16.0973 55.500
 206 185.441 98.975 86.466 46.600
 308 115.578 44.821 70.757 61.200
 413 81.3163 28.970 52.3463 64.300
 518 61.5197 21.401 40.1187 65.200
 619 49.3707 16.968 32.4027 65.600
 720 40.5513 14.057 26.4943 65.300
 206 129.413 83.333 46.080 35.600
 308 71.148 41.310 29.838 41.900
 413 49.3087 27.461 21.8477 44.300
 518 36.956 20.567 16.389 44.300
 619 30.0213 16.439 13.5823 45.200
 720 24.7613 13.692 11.0693 44.700
 308 48.082 171.495 123.413 256.600
 413 34.814 55.438 20.624 59.200
 518 27.4497 33.063 5.6133 20.400
 619 22.5237 23.555 1.0313 4.500
 720 19.2183 18.295 .9233 4.800
 102 154.622 1768.566 1613.944 1043.700
 206 66.508 78.293 11.785 17.700
 308 36.1513 40.032 3.8807 10.700
 413 25.422 26.891 1.469 5.700
 518 19.6867 20.245 .5583 2.800
 619 16.0877 16.233 .1453 .900
 720 13.6383 13.548 .0903 .600
 102 96.888 98.613 1.725 1.700
 206 46.2213 44.747 1.4743 3.100
 308 30.658 28.939 1.719 5.600
 413 22.9293 21.385 1.5443 6.700
 518 18.318 16.958 1.360 7.400
 619 15.195 14.049 1.146 7.500
 720 13.0457 11.992 1.0537 8.000
 206 53.5107 95.674 42.1633 78.700
 308 33.9337 44.132 10.1983 30.000
 413 23.684 28.681 4.997 21.000
 518 20.8827 21.243 .3603 1.700
 619 15.1297 16.869 1.7393 11.400
 720 13.3027 13.988 .6853 5.100
 102 120.867 96.942 23.925 19.700
 206 56.5843 44.400 12.1843 21.500
 308 36.833 28.793 8.040 21.800
 413 27.3917 21.305 6.0867 22.200
 518 21.7583 16.908 4.8503 22.200
 619 18.093 14.015 4.078 22.500
 720 15.448 11.967 3.481 22.500
 206 123.537 1477.633 1354.096 1096.100
 308 52.672 77.616 24.944 47.300
 413 32.664 39.855 7.191 22.000
 518 23.3433 26.811 3.4677 14.800
 619 18.1473 20.200 2.0527 11.300
 720 15.152 16.204 1.052 6.900
 206 124.412 148.255 23.843 19.100
 308 82.648 52.764 29.884 36.100
 413 61.9777 32.093 29.8847 48.200
 518 49.6907 23.059 26.6317 53.500
 619 39.0557 17.994 21.0617 53.900
 720 20.0527 14.753 5.2997 26.400
 102 281.819 729.864 448.045 158.900
 206 117.921 73.653 44.268 37.500
 308 72.7767 38.783 33.9937 46.700
 413 51.6597 26.321 25.3387 49.000
 518 39.1467 19.921 19.2257 49.100
 619 31.5883 16.024 15.5643 49.200
 720 26.4437 13.402 13.0417 49.300
 206 124.043 95.388 28.655 23.100
 308 82.2933 44.071 38.2223 46.400
 413 61.105 28.655 32.450 53.100
 518 49.584 21.229 28.355 57.100
 619 40.7823 16.860 23.9223 58.600
 720 35.0883 13.982 21.1063 60.100
 206 104.273 82.044 22.229 21.300
 308 62.843 40.991 21.852 34.700
 413 44.051 27.320 16.731 37.900
 518 33.6753 20.487 13.1883 39.100
 619 26.9417 16.388 10.5537 39.100
 720 22.8313 13.656 9.1753 40.100
 102 248.35 165.028 83.322 33.500
 206 123.868 54.744 69.124 55.800
 308 82.3047 32.815 49.4897 60.100
 413 61.4027 23.429 37.9737 61.800
 518 49.1317 18.219 30.9127 62.900
 619 40.2163 14.904 25.3123 62.900
 720 33.9637 12.610 21.3537 62.800
 308 85.6653 496.124 410.4587 479.100
 413 63.8637 70.310 6.4463 10.000
 518 50.3387 37.836 12.5027 24.800
 619 41.5367 25.882 15.6547 37.600
 720 35.892 19.668 16.224 45.200
 102 187.05 102.852 84.198 45.000
 206 90.619 45.600 45.019 49.600
 308 59.3587 29.293 30.0657 50.600
 413 43.6317 21.577 22.0547 50.500
 518 34.3407 17.079 17.2617 50.200
 619 28.447 14.132 14.315 50.300
 720 23.9067 12.053 11.8537 49.500
 308 86.78 386.999 300.219 345.900
 413 63.6613 67.608 3.9467 6.100
 518 50.347 37.039 13.308 26.400
 619 40.8047 25.506 15.2987 37.400
 720 31.1123 19.450 11.6623 37.400
 102 108.102 103.361 4.741 4.300
 206 47.128 45.700 1.428 3.000
 308 28.9287 29.335 .4063 1.400
 413 21.856 21.600 .256 1.100
 518 17.4393 17.093 .3463 1.900
 619 14.504 14.142 .362 2.400
 720 12.347 12.060 .287 2.300
 518 49.5073 -1793.345  
 619 41.958 85.841 43.883 104.500
 720 36.0627 41.917 5.8543 16.200
 102 175.43 211.832 36.402 20.700
 206 122.194 59.074 63.120 51.600
 308 81.276 34.323 46.953 57.700
 413 61.4057 24.188 37.2177 60.600
 518 48.1167 18.674 29.4427 61.100
 619 40.4953 15.207 25.2883 62.400
 720 35.1177 12.826 22.2917 63.400
 413 66.78 95.531 28.751 43.000
 518 50.7393 44.101 6.6383 13.000
 619 42.495 28.668 13.827 32.500
 720 36.4573 21.236 15.2213 41.700
 102 147.845 173.647 25.802 17.400
 206 66.8337 55.661 11.1727 16.700
 308 42.774 33.142 9.632 22.500
 413 32.23 23.596 8.634 26.700
 518 24.5423 18.319 6.2233 25.300
 619 19.8797 14.971 4.9087 24.600
 720 16.0757 12.658 3.4177 21.200
 206 119.981 145.682 25.701 21.400
 308 61.4777 52.434 9.0437 14.700
 413 43.0017 31.971 11.0307 25.600
 518 33.232 22.996 10.236 30.800
 619 24.3617 17.955 6.4067 26.200
 720 17.231 14.727 2.504 14.500
 102 127.228 175.432 48.204 37.800
 206 54.198 55.843 1.645 3.000
 308 35.2197 33.206 2.0137 5.700
 413 25.28 23.628 1.652 6.500
 518 20.5937 18.339 2.2547 10.900
 619 16.5463 14.984 1.5623 9.400
 720 14.465 12.667 1.798 12.400
 206 120.586 461.469 340.883 282.600
 308 70.526 69.569 .957 1.300
 413 46.344 37.620 8.724 18.800
 518 34.2357 25.781 8.4547 24.600
 619 26.539 19.609 6.930 26.100
 720 21.76 15.822 5.938 27.200
 102 114.224 95.282 18.942 16.500
 206 50.8163 44.048 6.7683 13.300
 308 32.8113 28.645 4.1663 12.600
 413 24.6153 21.224 3.3913 13.700
 518 18.8067 16.856 1.9507 10.300
 619 15.8553 13.980 1.8753 11.800
 720 13.7807 11.942 1.8387 13.300
 206 68.1993 83.701 15.5017 22.700
 308 42.3917 41.400 .9917 2.300
 413 31.263 27.501 3.762 12.000
 518 24.568 20.589 3.979 16.100
 619 20.2783 16.454 3.8243 18.800
 720 17.5813 13.701 3.8803 22.000
 206 125.462 12337.349 12211.887 9733.500
 308 81.6223 81.379 .2433 .200
 413 61.099 40.824 20.275 33.100
 518 49.1773 27.246 21.9313 44.500
 619 39.8147 20.446 19.3687 48.600
 720 33.604 16.362 17.242 51.300
 308 86.3823 -10778.947  
 413 64.6147 82.547 17.9323 27.700
 518 51.2947 41.116 10.1787 19.800
 619 41.787 27.376 14.411 34.400
 720 36.0297 20.518 15.5117 43.000
 206 55.7787 93.260 37.4813 67.100
 308 35.32 43.611 8.291 23.400
 413 25.3887 28.460 3.0713 12.000
 518 20.5493 21.122 .5727 2.700
 619 16.591 16.792 .201 1.200
 720 14.3397 13.935 .4047 2.800
 206 122.352 118.285 4.067 3.300
 308 81.895 48.400 33.495 40.800
 413 60.3893 30.424 29.9653 49.600
 518 45.05 22.185 22.865 50.700
 619 35.4507 17.457 17.9937 50.700
 720 29.3827 14.390 14.9927 51.000
 206 124.495 151.816 27.321 21.900
 308 81.8787 53.208 28.6707 35.000
 413 62.1517 32.257 29.8947 48.000
 518 49.4643 23.143 26.3213 53.200
 619 40.7737 18.045 22.7287 55.700
 720 35.0133 14.788 20.2253 57.700
 206 123.518 111.753 11.765 9.500
 308 82.111 47.269 34.842 42.400
 413 56.2353 29.973 26.2623 46.700
 518 41.7197 21.944 19.7757 47.400
 619 32.579 17.308 15.271 46.800
 720 26.9073 14.289 12.6183 46.800
 102 226.619 127.617 99.002 43.600
 206 108.258 49.892 58.366 53.900
 308 71.07 31.007 40.063 56.300
 413 52.505 22.493 30.012 57.100
 518 41.6317 17.647 23.9847 57.600
 619 34.541 14.519 20.022 57.900
 720 29.731 12.333 17.398 58.500
 206 124.441 897.458 773.017 621.100
 308 84.945 75.067 9.878 11.600
 413 63.1537 39.172 23.9817 37.900
 518 50.1903 26.500 23.6903 47.200
 619 41.5333 20.023 21.5103 51.700
 720 35.281 16.090 19.191 54.300
 102 166.666 102.728 63.938 38.300
 206 79.2473 45.575 33.6723 42.400
 308 51.8303 29.283 22.5473 43.500
 413 38.622 21.572 17.050 44.100
 518 30.6023 17.075 13.5273 44.200
 619 25.4943 14.130 11.3643 44.500
 720 21.5857 12.051 9.5347 44.100
 102 250.799 711.111 460.312 183.500
 206 71.7897 73.457 1.6673 2.300
 308 38.4663 38.729 .2627 .600
 413 26.2457 26.296 .0503 .100
 518 20.001 19.906 .095 .400
 619 16.071 16.015 .056 .300
 720 13.4697 13.396 .0737 .500
 206 125.176 269.544 144.368 115.300
 308 62.253 62.825 .572 .900
 413 35.945 35.556 .389 1.000
 518 25.0693 24.794 .2753 1.000
 619 19.3183 19.033 .2853 1.400
 720 16.8547 15.445 1.4097 8.300
 102 191.531 213.555 22.024 11.400
 206 92.7693 59.207 33.5623 36.100
 308 60.5723 34.368 26.2043 43.200
 413 42.0947 24.210 17.8847 42.400
 518 31.776 18.687 13.089 41.100
 619 25.791 15.216 10.575 41.000
 720 22.136 12.832 9.304 42.000
 206 124.434 114.260 10.174 8.100
 308 81.8463 47.712 34.1343 41.700
 413 60.9297 30.151 30.7787 50.500
 518 49.1637 22.039 27.1247 55.100
 619 40.3973 17.367 23.0303 57.000
 720 34.566 14.329 20.237 58.500
 102 132.225 139.909 7.684 5.800
 206 53.1113 51.667 1.4443 2.700
 308 32.7453 31.684 1.0613 3.200
 413 22.7017 22.847 .1453 .600
 518 17.967 17.864 .103 .500
 619 14.844 14.666 .178 1.100
 720 12.7357 12.439 .2967 2.300
 102 138.891 196.696 57.805 41.600
 206 54.5467 57.833 3.2863 6.000
 308 32.913 33.900 .987 2.900
 413 23.1687 23.977 .8083 3.400
 518 18.1723 18.548 .3757 2.000
 619 14.919 15.124 .205 1.300
 720 12.761 12.767 .006 0
 720 35.9423 475.836 439.8937 1223.800
 102 112.99 133.402 20.412 18.000
 206 49.8027 50.753 .9503 1.900
 308 30.8333 31.337 .5037 1.600
 413 22.2187 22.666 .4473 2.000
 518 14.7633 17.754 2.9907 20.200
 619 13.7223 14.591 .8687 6.300
 720 12.9823 12.385 .5973 4.600
 102 93.3923 593.279 499.8867 535.200
 206 32.8277 71.980 39.1523 119.200
 308 20.2953 38.314 18.0187 88.700
 413 14.786 26.105 11.319 76.500
 518 11.744 19.796 8.052 68.500
 619 9.69833 15.943 6.24467 64.300
 720 8.29333 13.346 5.05267 60.900
 102 144.242 146.097 1.855 1.200
 206 72.4583 52.488 19.9703 27.500
 308 47.6707 31.991 15.6797 32.800
 413 35.678 23.006 12.672 35.500
 518 24.9507 17.962 6.9887 28.000
 619 11.722 14.731 3.009 25.600
 720 11.3183 12.486 1.1677 10.300
 102 143.43 216.536 73.106 50.900
 206 42.892 59.434 16.542 38.500
 308 25.6687 34.444 8.7753 34.100
 413 17.5847 24.248 6.6633 37.800
 518 13.9173 18.710 4.7927 34.400
 619 10.7937 15.231 4.4373 41.100
 720 9.36967 12.843 3.47333 37.000
 413 62.455 771.084 708.629 1134.600
 518 49.2197 74.052 24.8323 50.400
 619 39.176 38.893 .283 .700
 720 27.5723 26.372 1.2003 4.300
 206 177.39 143.136 34.254 19.300
 308 108.657 52.101 56.556 52.000
 413 77.1237 31.846 45.2777 58.700
 518 60.1813 22.931 37.2503 61.800
 619 48.4417 17.916 30.5257 63.000
 720 40.3217 14.701 25.6207 63.500
 102 283.59 222.608 60.982 21.500
 206 132.343 59.883 72.460 54.700
 308 85.0743 34.594 50.4803 59.300
 413 61.5943 24.323 37.2713 60.500
 518 48.0623 18.754 29.3083 60.900
 619 40.1777 15.260 24.9177 62.000
 720 34.077 12.864 21.213 62.200
 102 369.754 978.967 609.213 164.700
 206 115.257 75.594 39.663 34.400
 308 57.6677 39.315 18.3527 31.800
 413 38.3637 26.565 11.7987 30.700
 518 29.3897 20.060 9.3297 31.700
 619 23.882 16.114 7.768 32.500
 720 20.1817 13.465 6.7167 33.200
 308 118.027 104.489 13.538 11.400
 413 60.3433 45.919 14.4243 23.900
 518 49.1723 29.425 19.7473 40.100
 619 32.7693 21.649 11.1203 33.900
 720 25.523 17.123 8.400 32.900
 102 246.13 234.432 11.698 4.700
 206 111.471 60.706 50.765 45.500
 308 71.4413 34.867 36.5743 51.100
 413 51.9903 24.457 27.5333 52.900
 518 40.954 18.834 22.120 54.000
 619 33.802 15.313 18.489 54.600
 720 28.9983 12.901 16.0973 55.500
 206 185.441 98.975 86.466 46.600
 308 115.578 44.821 70.757 61.200
 413 81.3163 28.970 52.3463 64.300
 518 61.5197 21.401 40.1187 65.200
 619 49.3707 16.968 32.4027 65.600
 720 40.5513 14.057 26.4943 65.300
 206 129.413 83.333 46.080 35.600
 308 71.148 41.310 29.838 41.900
 413 49.3087 27.461 21.8477 44.300
 518 36.956 20.567 16.389 44.300
 619 30.0213 16.439 13.5823 45.200
 720 24.7613 13.692 11.0693 44.700
 308 48.082 171.495 123.413 256.600
 413 34.814 55.438 20.624 59.200
 518 27.4497 33.063 5.6133 20.400
 619 22.5237 23.555 1.0313 4.500
 720 19.2183 18.295 .9233 4.800
 102 154.622 1768.566 1613.944 1043.700
 206 66.508 78.293 11.785 17.700
 308 36.1513 40.032 3.8807 10.700
 413 25.422 26.891 1.469 5.700
 518 19.6867 20.245 .5583 2.800
 619 16.0877 16.233 .1453 .900
 720 13.6383 13.548 .0903 .600
 102 96.888 98.613 1.725 1.700
 206 46.2213 44.747 1.4743 3.100
 308 30.658 28.939 1.719 5.600
 413 22.9293 21.385 1.5443 6.700
 518 18.318 16.958 1.360 7.400
 619 15.195 14.049 1.146 7.500
 720 13.0457 11.992 1.0537 8.000
 206 53.5107 95.674 42.1633 78.700
 308 33.9337 44.132 10.1983 30.000
 413 23.684 28.681 4.997 21.000
 518 20.8827 21.243 .3603 1.700
 619 15.1297 16.869 1.7393 11.400
 720 13.3027 13.988 .6853 5.100
 102 120.867 96.942 23.925 19.700
 206 56.5843 44.400 12.1843 21.500
 308 36.833 28.793 8.040 21.800
 413 27.3917 21.305 6.0867 22.200
 518 21.7583 16.908 4.8503 22.200
 619 18.093 14.015 4.078 22.500
 720 15.448 11.967 3.481 22.500
 206 123.537 1477.633 1354.096 1096.100
 308 52.672 77.616 24.944 47.300
 413 32.664 39.855 7.191 22.000
 518 23.3433 26.811 3.4677 14.800
 619 18.1473 20.200 2.0527 11.300
 720 15.152 16.204 1.052 6.900
 206 124.412 148.255 23.843 19.100
 308 82.648 52.764 29.884 36.100
 413 61.9777 32.093 29.8847 48.200
 518 49.6907 23.059 26.6317 53.500
 619 39.0557 17.994 21.0617 53.900
 720 20.0527 14.753 5.2997 26.400
 102 281.819 729.864 448.045 158.900
 206 117.921 73.653 44.268 37.500
 308 72.7767 38.783 33.9937 46.700
 413 51.6597 26.321 25.3387 49.000
 518 39.1467 19.921 19.2257 49.100
 619 31.5883 16.024 15.5643 49.200
 720 26.4437 13.402 13.0417 49.300
 206 124.043 95.388 28.655 23.100
 308 82.2933 44.071 38.2223 46.400
 413 61.105 28.655 32.450 53.100
 518 49.584 21.229 28.355 57.100
 619 40.7823 16.860 23.9223 58.600
 720 35.0883 13.982 21.1063 60.100
 206 104.273 82.044 22.229 21.300
 308 62.843 40.991 21.852 34.700
 413 44.051 27.320 16.731 37.900
 518 33.6753 20.487 13.1883 39.100
 619 26.9417 16.388 10.5537 39.100
 720 22.8313 13.656 9.1753 40.100
 102 248.35 165.028 83.322 33.500
 206 123.868 54.744 69.124 55.800
 308 82.3047 32.815 49.4897 60.100
 413 61.4027 23.429 37.9737 61.800
 518 49.1317 18.219 30.9127 62.900
 619 40.2163 14.904 25.3123 62.900
 720 33.9637 12.610 21.3537 62.800
 308 85.6653 496.124 410.4587 479.100
 413 63.8637 70.310 6.4463 10.000
 518 50.3387 37.836 12.5027 24.800
 619 41.5367 25.882 15.6547 37.600
 720 35.892 19.668 16.224 45.200
 102 187.05 102.852 84.198 45.000
 206 90.619 45.600 45.019 49.600
 308 59.3587 29.293 30.0657 50.600
 413 43.6317 21.577 22.0547 50.500
 518 34.3407 17.079 17.2617 50.200
 619 28.447 14.132 14.315 50.300
 720 23.9067 12.053 11.8537 49.500
 308 86.78 386.999 300.219 345.900
 413 63.6613 67.608 3.9467 6.100
 518 50.347 37.039 13.308 26.400
 619 40.8047 25.506 15.2987 37.400
 720 31.1123 19.450 11.6623 37.400
 102 108.102 103.361 4.741 4.300
 206 47.128 45.700 1.428 3.000
 308 28.9287 29.335 .4063 1.400
 413 21.856 21.600 .256 1.100
 518 17.4393 17.093 .3463 1.900
 619 14.504 14.142 .362 2.400
 720 12.347 12.060 .287 2.300
 518 49.5073 -1793.345  
 619 41.958 85.841 43.883 104.500
 720 36.0627 41.917 5.8543 16.200
 102 175.43 211.832 36.402 20.700
 206 122.194 59.074 63.120 51.600
 308 81.276 34.323 46.953 57.700
 413 61.4057 24.188 37.2177 60.600
 518 48.1167 18.674 29.4427 61.100
 619 40.4953 15.207 25.2883 62.400
 720 35.1177 12.826 22.2917 63.400
 413 66.78 95.531 28.751 43.000
 518 50.7393 44.101 6.6383 13.000
 619 42.495 28.668 13.827 32.500
 720 36.4573 21.236 15.2213 41.700
 102 147.845 173.647 25.802 17.400
 206 66.8337 55.661 11.1727 16.700
 308 42.774 33.142 9.632 22.500
 413 32.23 23.596 8.634 26.700
 518 24.5423 18.319 6.2233 25.300
 619 19.8797 14.971 4.9087 24.600
 720 16.0757 12.658 3.4177 21.200
 206 119.981 145.682 25.701 21.400
 308 61.4777 52.434 9.0437 14.700
 413 43.0017 31.971 11.0307 25.600
 518 33.232 22.996 10.236 30.800
 619 24.3617 17.955 6.4067 26.200
 720 17.231 14.727 2.504 14.500
 102 127.228 175.432 48.204 37.800
 206 54.198 55.843 1.645 3.000
 308 35.2197 33.206 2.0137 5.700
 413 25.28 23.628 1.652 6.500
 518 20.5937 18.339 2.2547 10.900
 619 16.5463 14.984 1.5623 9.400
 720 14.465 12.667 1.798 12.400
 206 120.586 461.469 340.883 282.600
 308 70.526 69.569 .957 1.300
 413 46.344 37.620 8.724 18.800
 518 34.2357 25.781 8.4547 24.600
 619 26.539 19.609 6.930 26.100
 720 21.76 15.822 5.938 27.200
 102 114.224 95.282 18.942 16.500
 206 50.8163 44.048 6.7683 13.300
 308 32.8113 28.645 4.1663 12.600
 413 24.6153 21.224 3.3913 13.700
 518 18.8067 16.856 1.9507 10.300
 619 15.8553 13.980 1.8753 11.800
 720 13.7807 11.942 1.8387 13.300
 206 68.1993 83.701 15.5017 22.700
 308 42.3917 41.400 .9917 2.300
 413 31.263 27.501 3.762 12.000
 518 24.568 20.589 3.979 16.100
 619 20.2783 16.454 3.8243 18.800
 720 17.5813 13.701 3.8803 22.000
 206 125.462 12337.349 12211.887 9733.500
 308 81.6223 81.379 .2433 .200
 413 61.099 40.824 20.275 33.100
 518 49.1773 27.246 21.9313 44.500
 619 39.8147 20.446 19.3687 48.600
 720 33.604 16.362 17.242 51.300
 308 86.3823 -10778.947  
 413 64.6147 82.547 17.9323 27.700
 518 51.2947 41.116 10.1787 19.800
 619 41.787 27.376 14.411 34.400
 720 36.0297 20.518 15.5117 43.000
 206 55.7787 93.260 37.4813 67.100
 308 35.32 43.611 8.291 23.400
 413 25.3887 28.460 3.0713 12.000
 518 20.5493 21.122 .5727 2.700
 619 16.591 16.792 .201 1.200
 720 14.3397 13.935 .4047 2.800
 206 122.352 118.285 4.067 3.300
 308 81.895 48.400 33.495 40.800
 413 60.3893 30.424 29.9653 49.600
 518 45.05 22.185 22.865 50.700
 619 35.4507 17.457 17.9937 50.700
 720 29.3827 14.390 14.9927 51.000
 206 124.495 151.816 27.321 21.900
 308 81.8787 53.208 28.6707 35.000
 413 62.1517 32.257 29.8947 48.000
 518 49.4643 23.143 26.3213 53.200
 619 40.7737 18.045 22.7287 55.700
 720 35.0133 14.788 20.2253 57.700
 206 123.518 111.753 11.765 9.500
 308 82.111 47.269 34.842 42.400
 413 56.2353 29.973 26.2623 46.700
 518 41.7197 21.944 19.7757 47.400
 619 32.579 17.308 15.271 46.800
 720 26.9073 14.289 12.6183 46.800
 102 226.619 127.617 99.002 43.600
 206 108.258 49.892 58.366 53.900
 308 71.07 31.007 40.063 56.300
 413 52.505 22.493 30.012 57.100
 518 41.6317 17.647 23.9847 57.600
 619 34.541 14.519 20.022 57.900
 720 29.731 12.333 17.398 58.500
 206 124.441 897.458 773.017 621.100
 308 84.945 75.067 9.878 11.600
 413 63.1537 39.172 23.9817 37.900
 518 50.1903 26.500 23.6903 47.200
 619 41.5333 20.023 21.5103 51.700
 720 35.281 16.090 19.191 54.300
 102 166.666 102.728 63.938 38.300
 206 79.2473 45.575 33.6723 42.400
 308 51.8303 29.283 22.5473 43.500
 413 38.622 21.572 17.050 44.100
 518 30.6023 17.075 13.5273 44.200
 619 25.4943 14.130 11.3643 44.500
 720 21.5857 12.051 9.5347 44.100
 102 250.799 711.111 460.312 183.500
 206 71.7897 73.457 1.6673 2.300
 308 38.4663 38.729 .2627 .600
 413 26.2457 26.296 .0503 .100
 518 20.001 19.906 .095 .400
 619 16.071 16.015 .056 .300
 720 13.4697 13.396 .0737 .500
 206 125.176 269.544 144.368 115.300
 308 62.253 62.825 .572 .900
 413 35.945 35.556 .389 1.000
 518 25.0693 24.794 .2753 1.000
 619 19.3183 19.033 .2853 1.400
 720 16.8547 15.445 1.4097 8.300
 102 191.531 213.555 22.024 11.400
 206 92.7693 59.207 33.5623 36.100
 308 60.5723 34.368 26.2043 43.200
 413 42.0947 24.210 17.8847 42.400
 518 31.776 18.687 13.089 41.100
 619 25.791 15.216 10.575 41.000
 720 22.136 12.832 9.304 42.000
 206 124.434 114.260 10.174 8.100
 308 81.8463 47.712 34.1343 41.700
 413 60.9297 30.151 30.7787 50.500
 518 49.1637 22.039 27.1247 55.100
 619 40.3973 17.367 23.0303 57.000
 720 34.566 14.329 20.237 58.500
 102 132.225 139.909 7.684 5.800
 206 53.1113 51.667 1.4443 2.700
 308 32.7453 31.684 1.0613 3.200
 413 22.7017 22.847 .1453 .600
 518 17.967 17.864 .103 .500
 619 14.844 14.666 .178 1.100
 720 12.7357 12.439 .2967 2.300
 102 138.891 196.696 57.805 41.600
 206 54.5467 57.833 3.2863 6.000
 308 32.913 33.900 .987 2.900
 413 23.1687 23.977 .8083 3.400
 518 18.1723 18.548 .3757 2.000
 619 14.919 15.124 .205 1.300
 720 12.761 12.767 .006 0
 720 35.9423 475.836 439.8937 1223.800
 102 112.99 78.165 34.825 30.800
 206 49.8027 29.738 20.0647 40.200
 308 30.8333 18.362 12.4713 40.400
 413 22.2187 13.281 8.9377 40.200
 518 14.7633 10.402 4.3613 29.500
 619 13.7223 8.549 5.1733 37.600
 720 12.9823 7.257 5.7253 44.100
 102 93.3923 347.624 254.2317 272.200
 206 32.8277 42.176 9.3483 28.400
 308 20.2953 22.450 2.1547 10.600
 413 14.786 15.295 .509 3.400
 518 11.744 11.599 .145 1.200
 619 9.69833 9.342 .35633 3.600
 720 8.29333 7.820 .47333 5.700
 102 144.242 85.604 58.638 40.600
 206 72.4583 30.755 41.7033 57.500
 308 47.6707 18.744 28.9267 60.600
 413 35.678 13.480 22.198 62.200
 518 24.9507 10.524 14.4267 57.800
 619 11.722 8.631 3.091 26.300
 720 11.3183 7.316 4.0023 35.300
 102 143.43 126.876 16.554 11.500
 206 42.892 34.825 8.067 18.800
 308 25.6687 20.182 5.4867 21.300
 413 17.5847 14.208 3.3767 19.200
 518 13.9173 10.963 2.9543 21.200
 619 10.7937 8.924 1.8697 17.300
 720 9.36967 7.525 1.84467 19.600
 413 62.455 771.084 708.629 1134.600
 518 49.2197 74.052 24.8323 50.400
 619 39.176 38.893 .283 .700
 720 27.5723 26.372 1.2003 4.300
 206 177.39 214.705 37.315 21.000
 308 108.657 78.152 30.505 28.000
 413 77.1237 47.770 29.3537 38.000
 518 60.1813 34.397 25.7843 42.800
 619 48.4417 26.874 21.5677 44.500
 720 40.3217 22.051 18.2707 45.300
 102 283.59 333.913 50.323 17.700
 206 132.343 89.824 42.519 32.100
 308 85.0743 51.891 33.1833 39.000
 413 61.5943 36.484 25.1103 40.700
 518 48.0623 28.131 19.9313 41.400
 619 40.1777 22.891 17.2867 43.000
 720 34.077 19.296 14.781 43.300
 102 369.754 1468.451 1098.697 297.100
 206 115.257 113.391 1.866 1.600
 308 57.6677 58.972 1.3043 2.200
 413 38.3637 39.848 1.4843 3.800
 518 29.3897 30.090 .7003 2.300
 619 23.882 24.171 .289 1.200
 720 20.1817 20.198 .0163 0
 308 118.027 156.734 38.707 32.700
 413 60.3433 68.878 8.5347 14.100
 518 49.1723 44.137 5.0353 10.200
 619 32.7693 32.473 .2963 .900
 720 25.523 25.685 .162 .600
 102 246.13 351.648 105.518 42.800
 206 111.471 91.059 20.412 18.300
 308 71.4413 52.301 19.1403 26.700
 413 51.9903 36.686 15.3043 29.400
 518 40.954 28.251 12.703 31.000
 619 33.802 22.970 10.832 32.000
 720 28.9983 19.352 9.6463 33.200
 206 185.441 148.463 36.978 19.900
 308 115.578 67.232 48.346 41.800
 413 81.3163 43.456 37.8603 46.500
 518 61.5197 32.102 29.4177 47.800
 619 49.3707 25.453 23.9177 48.400
 720 40.5513 21.085 19.4663 48.000
 206 129.413 125.000 4.413 3.400
 308 71.148 61.965 9.183 12.900
 413 49.3087 41.192 8.1167 16.400
 518 36.956 30.850 6.106 16.500
 619 30.0213 24.659 5.3623 17.800
 720 24.7613 20.538 4.2233 17.000
 308 48.082 171.495 123.413 256.600
 413 34.814 55.438 20.624 59.200
 518 27.4497 33.063 5.6133 20.400
 619 22.5237 23.555 1.0313 4.500
 720 19.2183 18.295 .9233 4.800
 102 154.622 1768.566 1613.944 1043.700
 206 66.508 78.293 11.785 17.700
 308 36.1513 40.032 3.8807 10.700
 413 25.422 26.891 1.469 5.700
 518 19.6867 20.245 .5583 2.800
 619 16.0877 16.233 .1453 .900
 720 13.6383 13.548 .0903 .600
 102 96.888 98.613 1.725 1.700
 206 46.2213 44.747 1.4743 3.100
 308 30.658 28.939 1.719 5.600
 413 22.9293 21.385 1.5443 6.700
 518 18.318 16.958 1.360 7.400
 619 15.195 14.049 1.146 7.500
 720 13.0457 11.992 1.0537 8.000
 206 53.5107 95.674 42.1633 78.700
 308 33.9337 44.132 10.1983 30.000
 413 23.684 28.681 4.997 21.000
 518 20.8827 21.243 .3603 1.700
 619 15.1297 16.869 1.7393 11.400
 720 13.3027 13.988 .6853 5.100
 102 120.867 96.942 23.925 19.700
 206 56.5843 44.400 12.1843 21.500
 308 36.833 28.793 8.040 21.800
 413 27.3917 21.305 6.0867 22.200
 518 21.7583 16.908 4.8503 22.200
 619 18.093 14.015 4.078 22.500
 720 15.448 11.967 3.481 22.500
 206 123.537 1477.633 1354.096 1096.100
 308 52.672 77.616 24.944 47.300
 413 32.664 39.855 7.191 22.000
 518 23.3433 26.811 3.4677 14.800
 619 18.1473 20.200 2.0527 11.300
 720 15.152 16.204 1.052 6.900
 206 124.412 148.255 23.843 19.100
 308 82.648 52.764 29.884 36.100
 413 61.9777 32.093 29.8847 48.200
 518 49.6907 23.059 26.6317 53.500
 619 39.0557 17.994 21.0617 53.900
 720 20.0527 14.753 5.2997 26.400
 102 281.819 729.864 448.045 158.900
 206 117.921 73.653 44.268 37.500
 308 72.7767 38.783 33.9937 46.700
 413 51.6597 26.321 25.3387 49.000
 518 39.1467 19.921 19.2257 49.100
 619 31.5883 16.024 15.5643 49.200
 720 26.4437 13.402 13.0417 49.300
 206 124.043 95.388 28.655 23.100
 308 82.2933 44.071 38.2223 46.400
 413 61.105 28.655 32.450 53.100
 518 49.584 21.229 28.355 57.100
 619 40.7823 16.860 23.9223 58.600
 720 35.0883 13.982 21.1063 60.100
 206 104.273 82.044 22.229 21.300
 308 62.843 40.991 21.852 34.700
 413 44.051 27.320 16.731 37.900
 518 33.6753 20.487 13.1883 39.100
 619 26.9417 16.388 10.5537 39.100
 720 22.8313 13.656 9.1753 40.100
 102 248.35 165.028 83.322 33.500
 206 123.868 54.744 69.124 55.800
 308 82.3047 32.815 49.4897 60.100
 413 61.4027 23.429 37.9737 61.800
 518 49.1317 18.219 30.9127 62.900
 619 40.2163 14.904 25.3123 62.900
 720 33.9637 12.610 21.3537 62.800
 308 85.6653 496.124 410.4587 479.100
 413 63.8637 70.310 6.4463 10.000
 518 50.3387 37.836 12.5027 24.800
 619 41.5367 25.882 15.6547 37.600
 720 35.892 19.668 16.224 45.200
 102 187.05 102.852 84.198 45.000
 206 90.619 45.600 45.019 49.600
 308 59.3587 29.293 30.0657 50.600
 413 43.6317 21.577 22.0547 50.500
 518 34.3407 17.079 17.2617 50.200
 619 28.447 14.132 14.315 50.300
 720 23.9067 12.053 11.8537 49.500
 308 86.78 386.999 300.219 345.900
 413 63.6613 67.608 3.9467 6.100
 518 50.347 37.039 13.308 26.400
 619 40.8047 25.506 15.2987 37.400
 720 31.1123 19.450 11.6623 37.400
