 102 108.102 117.972 9.870 9.100
 206 47.128 48.347 1.219 2.500
 308 28.9287 30.403 1.4743 5.000
 413 21.856 22.174 .318 1.400
 518 17.4393 17.450 .0107 0
 619 14.504 14.386 .118 .800
 720 12.347 12.237 .110 .800
 518 49.5073 138.471 88.9637 179.600
 619 41.958 51.470 9.512 22.600
 720 36.0627 31.609 4.4537 12.300
 102 175.43 273.212 97.782 55.700
 206 122.194 63.023 59.171 48.400
 308 81.276 35.619 45.657 56.100
 413 61.4057 24.825 36.5807 59.500
 518 48.1167 19.051 29.0657 60.400
 619 40.4953 15.457 25.0383 61.800
 720 35.1177 13.003 22.1147 62.900
 308 92.668 157.417 64.749 69.800
 413 66.78 53.880 12.900 19.300
 518 50.7393 32.502 18.2373 35.900
 619 42.495 23.270 19.225 45.200
 720 36.4573 18.122 18.3353 50.200
 102 147.845 140.216 7.629 5.100
 206 66.8337 51.709 15.1247 22.600
 308 42.774 31.699 11.075 25.800
 413 32.23 22.855 9.375 29.000
 518 24.5423 17.869 6.6733 27.100
 619 19.8797 14.669 5.2107 26.200
 720 16.0757 12.441 3.6347 22.600
 206 119.981 88.086 31.895 26.500
 308 61.4777 42.445 19.0327 30.900
 413 43.0017 27.959 15.0427 34.900
 518 33.232 20.844 12.388 37.200
 619 24.3617 16.616 7.7457 31.700
 720 17.231 13.814 3.417 19.800
 102 127.228 173.383 46.155 36.200
 206 54.198 55.634 1.436 2.600
 308 35.2197 33.132 2.0877 5.900
 413 25.28 23.591 1.689 6.600
 518 20.5937 18.316 2.2777 11.000
 619 16.5463 14.969 1.5773 9.500
 720 14.465 12.656 1.809 12.500
 206 120.586 164.975 44.389 36.800
 308 70.526 54.738 15.788 22.300
 413 46.344 32.813 13.531 29.100
 518 34.2357 23.428 10.8077 31.500
 619 26.539 18.218 8.321 31.300
 720 21.76 14.903 6.857 31.500
 102 114.224 96.168 18.056 15.800
 206 50.8163 44.237 6.5793 12.900
 308 32.8113 28.725 4.0863 12.400
 413 24.6153 21.267 3.3483 13.600
 518 18.8067 16.884 1.9227 10.200
 619 15.8553 13.999 1.8563 11.700
 720 13.7807 11.955 1.8257 13.200
 102 175.407 1838.420 1663.013 948.000
 206 68.1993 78.425 10.2257 14.900
 308 42.3917 40.067 2.3247 5.400
 413 31.263 26.907 4.356 13.900
 518 24.568 20.254 4.314 17.500
 619 20.2783 16.239 4.0393 19.900
 720 17.5813 13.552 4.0293 22.900
 308 81.6223 82.480 .8577 1.000
 413 61.099 41.099 20.000 32.700
 518 49.1773 27.368 21.8093 44.300
 619 39.8147 20.514 19.3007 48.400
 720 33.604 16.406 17.198 51.100
 308 86.3823 1783.972 1697.5897 1965.200
 413 64.6147 78.323 13.7083 21.200
 518 51.2947 40.040 11.2547 21.900
 619 41.787 26.894 14.893 35.600
 720 36.0297 20.247 15.7827 43.800
 102 140.108 365.192 225.084 160.600
 206 55.7787 66.910 11.1313 19.900
 308 35.32 36.829 1.509 4.200
 413 25.3887 25.406 .0173 0
 518 20.5493 19.392 1.1573 5.600
 619 16.591 15.680 .911 5.400
 720 14.3397 13.161 1.1787 8.200
 206 122.352 129.883 7.531 6.100
 308 81.895 50.235 31.660 38.600
 413 60.3893 31.139 29.2503 48.400
 518 45.05 22.563 22.487 49.900
 619 35.4507 17.690 17.7607 50.000
 720 29.3827 14.548 14.8347 50.400
 206 124.495 159.825 35.330 28.300
 308 81.8787 54.159 27.7197 33.800
 413 62.1517 32.604 29.5477 47.500
 518 49.4643 23.322 26.1423 52.800
 619 40.7737 18.153 22.6207 55.400
 720 35.0133 14.860 20.1533 57.500
 206 123.518 123.432 .086 0
 308 82.111 49.240 32.871 40.000
 413 56.2353 30.754 25.4813 45.300
 518 41.7197 22.360 19.3597 46.400
 619 32.579 17.565 15.014 46.000
 720 26.9073 14.464 12.4433 46.200
 102 226.619 137.375 89.244 39.300
 206 108.258 51.318 56.940 52.500
 308 71.07 31.552 39.518 55.600
 413 52.505 22.778 29.727 56.600
 518 41.6317 17.822 23.8097 57.100
 619 34.541 14.638 19.903 57.600
 720 29.731 12.419 17.312 58.200
 206 124.441 787.086 662.645 532.400
 308 84.945 74.197 10.748 12.600
 413 63.1537 38.933 24.2207 38.300
 518 50.1903 26.391 23.7993 47.400
 619 41.5333 19.960 21.5733 51.900
 720 35.281 16.049 19.232 54.500
 102 166.666 99.630 67.036 40.200
 206 79.2473 44.955 34.2923 43.200
 308 51.8303 29.026 22.8043 43.900
 413 38.622 21.432 17.190 44.500
 518 30.6023 16.987 13.6153 44.400
 619 25.4943 14.070 11.4243 44.800
 720 21.5857 12.007 9.5787 44.300
 102 250.799 657.252 406.453 162.000
 206 71.7897 72.841 1.0513 1.400
 308 38.4663 38.557 .0907 .200
 413 26.2457 26.217 .0287 .100
 518 20.001 19.861 .140 .600
 619 16.071 15.985 .086 .500
 720 13.4697 13.375 .0947 .700
 206 125.176 253.339 128.163 102.300
 308 62.253 61.903 .350 .500
 413 35.945 35.259 .686 1.900
 518 25.0693 24.649 .4203 1.600
 619 19.3183 18.948 .3703 1.900
 720 16.8547 15.388 1.4667 8.700
 102 191.531 155.292 36.239 18.900
 206 92.7693 53.629 39.1403 42.100
 308 60.5723 32.411 28.1613 46.400
 413 42.0947 23.223 18.8717 44.800
 518 31.776 18.093 13.683 43.000
 619 25.791 14.820 10.971 42.500
 720 22.136 12.549 9.587 43.300
 102 216.011 533.611 317.600 147.000
 206 124.434 71.017 53.417 42.900
 308 81.8463 38.040 43.8063 53.500
 413 60.9297 25.977 34.9527 57.300
 518 49.1637 19.723 29.4407 59.800
 619 40.3973 15.895 24.5023 60.600
 720 34.566 13.312 21.254 61.400
 413 41.8453 1432.167 1390.3217 3322.500
 518 39.3 77.487 38.187 97.100
 619 30.441 39.821 9.380 30.800
 720 16.4043 26.795 10.3907 63.300
 102 132.225 137.449 5.224 3.900
 206 53.1113 51.328 1.7833 3.300
 308 32.7453 31.556 1.1893 3.600
 413 22.7017 22.780 .0783 .300
 518 17.967 17.824 .143 .700
 619 14.844 14.639 .205 1.300
 720 12.7357 12.419 .3167 2.400
 102 138.891 170.043 31.152 22.400
 206 54.5467 55.285 .7383 1.300
 308 32.913 33.008 .095 .200
 413 23.1687 23.528 .3593 1.500
 518 18.1723 18.278 .1057 .500
 619 14.919 14.944 .025 .100
 720 12.761 12.638 .123 .900
 720 35.9423 962.406 926.4637 2577.600
 206 49.8027 89.307 39.5043 79.300
 308 30.8333 42.727 11.8937 38.500
 413 22.2187 28.080 5.8613 26.300
 518 14.7633 20.912 6.1487 41.600
 619 13.7223 16.659 2.9367 21.400
 720 12.9823 13.844 .8617 6.600
 102 93.3923 800.000 706.6077 756.600
 206 32.8277 74.310 41.4823 126.300
 308 20.2953 38.964 18.6687 91.900
 413 14.786 26.405 11.619 78.500
 518 11.744 19.968 8.224 70.000
 619 9.69833 16.055 6.35667 65.500
 720 8.29333 13.424 5.13067 61.800
 102 144.242 216.353 72.111 49.900
 206 72.4583 59.420 13.0383 17.900
 308 47.6707 34.439 13.2317 27.700
 413 35.678 24.246 11.432 32.000
 518 24.9507 18.709 6.2417 25.000
 619 11.722 15.230 3.508 29.900
 720 11.3183 12.842 1.5237 13.400
 102 143.43 211.613 68.183 47.500
 206 42.892 59.057 16.165 37.600
 308 25.6687 34.317 8.6483 33.600
 413 17.5847 24.185 6.6003 37.500
 518 13.9173 18.672 4.7547 34.100
 619 10.7937 15.206 4.4123 40.800
 720 9.36967 12.825 3.45533 36.800
 619 39.176 402.674 363.498 927.800
 720 27.5723 68.071 40.4987 146.800
 206 177.39 848.384 670.994 378.200
 308 108.657 74.706 33.951 31.200
 413 77.1237 39.073 38.0507 49.300
 518 60.1813 26.455 33.7263 56.000
 619 48.4417 19.997 28.4447 58.700
 720 40.3217 16.073 24.2487 60.100
 102 283.59 145.413 138.177 48.700
 206 132.343 52.399 79.944 60.400
 308 85.0743 31.958 53.1163 62.400
 413 61.5943 22.989 38.6053 62.600
 518 48.0623 17.951 30.1113 62.600
 619 40.1777 14.724 25.4537 63.300
 720 34.077 12.481 21.596 63.300
 102 369.754 511.744 141.990 38.400
 206 115.257 70.615 44.642 38.700
 308 57.6677 37.924 19.7437 34.200
 413 38.3637 25.923 12.4407 32.400
 518 29.3897 19.691 9.6987 33.000
 619 23.882 15.875 8.007 33.500
 720 20.1817 13.298 6.8837 34.100
 308 118.027 107.303 10.724 9.000
 413 60.3433 46.454 13.8893 23.000
 518 49.1723 29.644 19.5283 39.700
 619 32.7693 21.767 11.0023 33.500
 720 25.523 17.197 8.326 32.600
 206 111.471 92.036 19.435 17.400
 308 71.4413 43.342 28.0993 39.300
 413 51.9903 28.345 23.6453 45.400
 518 40.954 21.058 19.896 48.500
 619 33.802 16.752 17.050 50.400
 720 28.9983 13.908 15.0903 52.000
 206 185.441 85.368 100.073 53.900
 308 115.578 41.804 73.774 63.800
 413 81.3163 27.679 53.6373 65.900
 518 61.5197 20.688 40.8317 66.300
 619 49.3707 16.517 32.8537 66.500
 720 40.5513 13.745 26.8063 66.100
 206 129.413 87.656 41.757 32.200
 308 71.148 42.345 28.803 40.400
 413 49.3087 27.915 21.3937 43.300
 518 36.956 20.820 16.136 43.600
 619 30.0213 16.601 13.4203 44.700
 720 24.7613 13.803 10.9583 44.200
 518 27.4497 178.864 151.4143 551.600
 619 22.5237 56.186 33.6623 149.400
 720 19.2183 33.327 14.1087 73.400
 206 66.508 84.432 17.924 26.900
 308 36.1513 41.578 5.4267 15.000
 413 25.422 27.580 2.158 8.400
 518 19.6867 20.633 .9463 4.800
 619 16.0877 16.482 .3943 2.400
 720 13.6383 13.721 .0827 .600
 102 96.888 110.048 13.160 13.500
 206 46.2213 46.961 .7397 1.600
 308 30.658 29.849 .809 2.600
 413 22.9293 21.878 1.0513 4.500
 518 18.318 17.266 1.052 5.700
 619 15.195 14.260 .935 6.100
 720 13.0457 12.146 .8997 6.800
 102 108.259 145.310 37.051 34.200
 206 53.5107 52.386 1.1247 2.100
 308 33.9337 31.953 1.9807 5.800
 413 23.684 22.986 .698 2.900
 518 20.8827 17.950 2.9327 14.000
 619 15.1297 14.723 .4067 2.600
 720 13.3027 12.480 .8227 6.100
 102 120.867 108.497 12.370 10.200
 206 56.5843 46.676 9.9083 17.500
 308 36.833 29.734 7.099 19.200
 413 27.3917 21.816 5.5757 20.300
 518 21.7583 17.228 4.5303 20.800
 619 18.093 14.234 3.859 21.300
 720 15.448 12.127 3.321 21.400
 206 123.537 230.371 106.834 86.400
 308 52.672 60.430 7.758 14.700
 413 32.664 34.776 2.112 6.400
 518 23.3433 24.412 1.0687 4.500
 619 18.1473 18.807 .6597 3.600
 720 15.152 15.296 .144 .900
 206 124.412 3029.585 2905.173 2335.100
 308 82.648 79.763 2.885 3.400
 413 61.9777 40.413 21.5647 34.700
 518 49.6907 27.062 22.6287 45.500
 619 39.0557 20.342 18.7137 47.900
 720 20.0527 16.295 3.7577 18.700
 206 117.921 84.120 33.801 28.600
 308 72.7767 41.502 31.2747 42.900
 413 51.6597 27.546 24.1137 46.600
 518 39.1467 20.614 18.5327 47.300
 619 31.5883 16.470 15.1183 47.800
 720 26.4437 13.713 12.7307 48.100
 206 124.043 107.903 16.140 13.000
 308 82.2933 46.566 35.7273 43.400
 413 61.105 29.689 31.416 51.400
 518 49.584 21.791 27.793 56.000
 619 40.7823 17.212 23.5703 57.700
 720 35.0883 14.224 20.8643 59.400
 206 104.273 84.058 20.215 19.300
 308 62.843 41.487 21.356 33.900
 413 44.051 27.540 16.511 37.400
 518 33.6753 20.611 13.0643 38.700
 619 26.9417 16.467 10.4747 38.800
 720 22.8313 13.711 9.1203 39.900
 102 248.35 165.294 83.056 33.400
 206 123.868 54.774 69.094 55.700
 308 82.3047 32.825 49.4797 60.100
 413 61.4027 23.435 37.9677 61.800
 518 49.1317 18.222 30.9097 62.900
 619 40.2163 14.906 25.3103 62.900
 720 33.9637 12.611 21.3527 62.800
 308 85.6653 283.264 197.5987 230.600
 413 63.8637 63.543 .3207 .500
 518 50.3387 35.785 14.5537 28.900
 619 41.5367 24.905 16.6317 40.000
 720 35.892 19.099 16.793 46.700
 102 187.05 102.987 84.063 44.900
 206 90.619 45.626 44.993 49.600
 308 59.3587 29.304 30.0547 50.600
 413 43.6317 21.583 22.0487 50.500
 518 34.3407 17.082 17.2587 50.200
 619 28.447 14.135 14.312 50.300
 720 23.9067 12.055 11.8517 49.500
 308 86.78 10448.979 10362.199 11940.700
 413 63.6613 81.282 17.6207 27.600
 518 50.347 40.800 9.547 18.900
 619 40.8047 27.235 13.5697 33.200
 720 31.1123 20.439 10.6733 34.300
 102 108.102 117.972 9.870 9.100
 206 47.128 48.347 1.219 2.500
 308 28.9287 30.403 1.4743 5.000
 413 21.856 22.174 .318 1.400
 518 17.4393 17.450 .0107 0
 619 14.504 14.386 .118 .800
 720 12.347 12.237 .110 .800
 518 49.5073 138.471 88.9637 179.600
 619 41.958 51.470 9.512 22.600
 720 36.0627 31.609 4.4537 12.300
 102 175.43 273.212 97.782 55.700
 206 122.194 63.023 59.171 48.400
 308 81.276 35.619 45.657 56.100
 413 61.4057 24.825 36.5807 59.500
 518 48.1167 19.051 29.0657 60.400
 619 40.4953 15.457 25.0383 61.800
 720 35.1177 13.003 22.1147 62.900
 308 92.668 157.417 64.749 69.800
 413 66.78 53.880 12.900 19.300
 518 50.7393 32.502 18.2373 35.900
 619 42.495 23.270 19.225 45.200
 720 36.4573 18.122 18.3353 50.200
 102 147.845 140.216 7.629 5.100
 206 66.8337 51.709 15.1247 22.600
 308 42.774 31.699 11.075 25.800
 413 32.23 22.855 9.375 29.000
 518 24.5423 17.869 6.6733 27.100
 619 19.8797 14.669 5.2107 26.200
 720 16.0757 12.441 3.6347 22.600
 206 119.981 88.086 31.895 26.500
 308 61.4777 42.445 19.0327 30.900
 413 43.0017 27.959 15.0427 34.900
 518 33.232 20.844 12.388 37.200
 619 24.3617 16.616 7.7457 31.700
 720 17.231 13.814 3.417 19.800
 102 127.228 173.383 46.155 36.200
 206 54.198 55.634 1.436 2.600
 308 35.2197 33.132 2.0877 5.900
 413 25.28 23.591 1.689 6.600
 518 20.5937 18.316 2.2777 11.000
 619 16.5463 14.969 1.5773 9.500
 720 14.465 12.656 1.809 12.500
 206 120.586 164.975 44.389 36.800
 308 70.526 54.738 15.788 22.300
 413 46.344 32.813 13.531 29.100
 518 34.2357 23.428 10.8077 31.500
 619 26.539 18.218 8.321 31.300
 720 21.76 14.903 6.857 31.500
 102 114.224 96.168 18.056 15.800
 206 50.8163 44.237 6.5793 12.900
 308 32.8113 28.725 4.0863 12.400
 413 24.6153 21.267 3.3483 13.600
 518 18.8067 16.884 1.9227 10.200
 619 15.8553 13.999 1.8563 11.700
 720 13.7807 11.955 1.8257 13.200
 102 175.407 1838.420 1663.013 948.000
 206 68.1993 78.425 10.2257 14.900
 308 42.3917 40.067 2.3247 5.400
 413 31.263 26.907 4.356 13.900
 518 24.568 20.254 4.314 17.500
 619 20.2783 16.239 4.0393 19.900
 720 17.5813 13.552 4.0293 22.900
 308 81.6223 82.480 .8577 1.000
 413 61.099 41.099 20.000 32.700
 518 49.1773 27.368 21.8093 44.300
 619 39.8147 20.514 19.3007 48.400
 720 33.604 16.406 17.198 51.100
 308 86.3823 1783.972 1697.5897 1965.200
 413 64.6147 78.323 13.7083 21.200
 518 51.2947 40.040 11.2547 21.900
 619 41.787 26.894 14.893 35.600
 720 36.0297 20.247 15.7827 43.800
 102 140.108 365.192 225.084 160.600
 206 55.7787 66.910 11.1313 19.900
 308 35.32 36.829 1.509 4.200
 413 25.3887 25.406 .0173 0
 518 20.5493 19.392 1.1573 5.600
 619 16.591 15.680 .911 5.400
 720 14.3397 13.161 1.1787 8.200
 206 122.352 129.883 7.531 6.100
 308 81.895 50.235 31.660 38.600
 413 60.3893 31.139 29.2503 48.400
 518 45.05 22.563 22.487 49.900
 619 35.4507 17.690 17.7607 50.000
 720 29.3827 14.548 14.8347 50.400
 206 124.495 159.825 35.330 28.300
 308 81.8787 54.159 27.7197 33.800
 413 62.1517 32.604 29.5477 47.500
 518 49.4643 23.322 26.1423 52.800
 619 40.7737 18.153 22.6207 55.400
 720 35.0133 14.860 20.1533 57.500
 206 123.518 123.432 .086 0
 308 82.111 49.240 32.871 40.000
 413 56.2353 30.754 25.4813 45.300
 518 41.7197 22.360 19.3597 46.400
 619 32.579 17.565 15.014 46.000
 720 26.9073 14.464 12.4433 46.200
 102 226.619 137.375 89.244 39.300
 206 108.258 51.318 56.940 52.500
 308 71.07 31.552 39.518 55.600
 413 52.505 22.778 29.727 56.600
 518 41.6317 17.822 23.8097 57.100
 619 34.541 14.638 19.903 57.600
 720 29.731 12.419 17.312 58.200
 206 124.441 787.086 662.645 532.400
 308 84.945 74.197 10.748 12.600
 413 63.1537 38.933 24.2207 38.300
 518 50.1903 26.391 23.7993 47.400
 619 41.5333 19.960 21.5733 51.900
 720 35.281 16.049 19.232 54.500
 102 166.666 99.630 67.036 40.200
 206 79.2473 44.955 34.2923 43.200
 308 51.8303 29.026 22.8043 43.900
 413 38.622 21.432 17.190 44.500
 518 30.6023 16.987 13.6153 44.400
 619 25.4943 14.070 11.4243 44.800
 720 21.5857 12.007 9.5787 44.300
 102 250.799 657.252 406.453 162.000
 206 71.7897 72.841 1.0513 1.400
 308 38.4663 38.557 .0907 .200
 413 26.2457 26.217 .0287 .100
 518 20.001 19.861 .140 .600
 619 16.071 15.985 .086 .500
 720 13.4697 13.375 .0947 .700
 206 125.176 253.339 128.163 102.300
 308 62.253 61.903 .350 .500
 413 35.945 35.259 .686 1.900
 518 25.0693 24.649 .4203 1.600
 619 19.3183 18.948 .3703 1.900
 720 16.8547 15.388 1.4667 8.700
 102 191.531 155.292 36.239 18.900
 206 92.7693 53.629 39.1403 42.100
 308 60.5723 32.411 28.1613 46.400
 413 42.0947 23.223 18.8717 44.800
 518 31.776 18.093 13.683 43.000
 619 25.791 14.820 10.971 42.500
 720 22.136 12.549 9.587 43.300
 102 216.011 533.611 317.600 147.000
 206 124.434 71.017 53.417 42.900
 308 81.8463 38.040 43.8063 53.500
 413 60.9297 25.977 34.9527 57.300
 518 49.1637 19.723 29.4407 59.800
 619 40.3973 15.895 24.5023 60.600
 720 34.566 13.312 21.254 61.400
 413 41.8453 1432.167 1390.3217 3322.500
 518 39.3 77.487 38.187 97.100
 619 30.441 39.821 9.380 30.800
 720 16.4043 26.795 10.3907 63.300
 102 132.225 137.449 5.224 3.900
 206 53.1113 51.328 1.7833 3.300
 308 32.7453 31.556 1.1893 3.600
 413 22.7017 22.780 .0783 .300
 518 17.967 17.824 .143 .700
 619 14.844 14.639 .205 1.300
 720 12.7357 12.419 .3167 2.400
 102 138.891 170.043 31.152 22.400
 206 54.5467 55.285 .7383 1.300
 308 32.913 33.008 .095 .200
 413 23.1687 23.528 .3593 1.500
 518 18.1723 18.278 .1057 .500
 619 14.919 14.944 .025 .100
 720 12.761 12.638 .123 .900
 720 35.9423 962.406 926.4637 2577.600
 206 49.8027 89.307 39.5043 79.300
 308 30.8333 42.727 11.8937 38.500
 413 22.2187 28.080 5.8613 26.300
 518 14.7633 20.912 6.1487 41.600
 619 13.7223 16.659 2.9367 21.400
 720 12.9823 13.844 .8617 6.600
 102 93.3923 800.000 706.6077 756.600
 206 32.8277 74.310 41.4823 126.300
 308 20.2953 38.964 18.6687 91.900
 413 14.786 26.405 11.619 78.500
 518 11.744 19.968 8.224 70.000
 619 9.69833 16.055 6.35667 65.500
 720 8.29333 13.424 5.13067 61.800
 102 144.242 216.353 72.111 49.900
 206 72.4583 59.420 13.0383 17.900
 308 47.6707 34.439 13.2317 27.700
 413 35.678 24.246 11.432 32.000
 518 24.9507 18.709 6.2417 25.000
 619 11.722 15.230 3.508 29.900
 720 11.3183 12.842 1.5237 13.400
 102 143.43 211.613 68.183 47.500
 206 42.892 59.057 16.165 37.600
 308 25.6687 34.317 8.6483 33.600
 413 17.5847 24.185 6.6003 37.500
 518 13.9173 18.672 4.7547 34.100
 619 10.7937 15.206 4.4123 40.800
 720 9.36967 12.825 3.45533 36.800
 619 39.176 402.674 363.498 927.800
 720 27.5723 68.071 40.4987 146.800
 206 177.39 848.384 670.994 378.200
 308 108.657 74.706 33.951 31.200
 413 77.1237 39.073 38.0507 49.300
 518 60.1813 26.455 33.7263 56.000
 619 48.4417 19.997 28.4447 58.700
 720 40.3217 16.073 24.2487 60.100
 102 283.59 145.413 138.177 48.700
 206 132.343 52.399 79.944 60.400
 308 85.0743 31.958 53.1163 62.400
 413 61.5943 22.989 38.6053 62.600
 518 48.0623 17.951 30.1113 62.600
 619 40.1777 14.724 25.4537 63.300
 720 34.077 12.481 21.596 63.300
 102 369.754 511.744 141.990 38.400
 206 115.257 70.615 44.642 38.700
 308 57.6677 37.924 19.7437 34.200
 413 38.3637 25.923 12.4407 32.400
 518 29.3897 19.691 9.6987 33.000
 619 23.882 15.875 8.007 33.500
 720 20.1817 13.298 6.8837 34.100
 308 118.027 107.303 10.724 9.000
 413 60.3433 46.454 13.8893 23.000
 518 49.1723 29.644 19.5283 39.700
 619 32.7693 21.767 11.0023 33.500
 720 25.523 17.197 8.326 32.600
 206 111.471 92.036 19.435 17.400
 308 71.4413 43.342 28.0993 39.300
 413 51.9903 28.345 23.6453 45.400
 518 40.954 21.058 19.896 48.500
 619 33.802 16.752 17.050 50.400
 720 28.9983 13.908 15.0903 52.000
 206 185.441 85.368 100.073 53.900
 308 115.578 41.804 73.774 63.800
 413 81.3163 27.679 53.6373 65.900
 518 61.5197 20.688 40.8317 66.300
 619 49.3707 16.517 32.8537 66.500
 720 40.5513 13.745 26.8063 66.100
 206 129.413 87.656 41.757 32.200
 308 71.148 42.345 28.803 40.400
 413 49.3087 27.915 21.3937 43.300
 518 36.956 20.820 16.136 43.600
 619 30.0213 16.601 13.4203 44.700
 720 24.7613 13.803 10.9583 44.200
 518 27.4497 178.864 151.4143 551.600
 619 22.5237 56.186 33.6623 149.400
 720 19.2183 33.327 14.1087 73.400
 206 66.508 84.432 17.924 26.900
 308 36.1513 41.578 5.4267 15.000
 413 25.422 27.580 2.158 8.400
 518 19.6867 20.633 .9463 4.800
 619 16.0877 16.482 .3943 2.400
 720 13.6383 13.721 .0827 .600
 102 96.888 110.048 13.160 13.500
 206 46.2213 46.961 .7397 1.600
 308 30.658 29.849 .809 2.600
 413 22.9293 21.878 1.0513 4.500
 518 18.318 17.266 1.052 5.700
 619 15.195 14.260 .935 6.100
 720 13.0457 12.146 .8997 6.800
 102 108.259 145.310 37.051 34.200
 206 53.5107 52.386 1.1247 2.100
 308 33.9337 31.953 1.9807 5.800
 413 23.684 22.986 .698 2.900
 518 20.8827 17.950 2.9327 14.000
 619 15.1297 14.723 .4067 2.600
 720 13.3027 12.480 .8227 6.100
 102 120.867 108.497 12.370 10.200
 206 56.5843 46.676 9.9083 17.500
 308 36.833 29.734 7.099 19.200
 413 27.3917 21.816 5.5757 20.300
 518 21.7583 17.228 4.5303 20.800
 619 18.093 14.234 3.859 21.300
 720 15.448 12.127 3.321 21.400
 206 123.537 230.371 106.834 86.400
 308 52.672 60.430 7.758 14.700
 413 32.664 34.776 2.112 6.400
 518 23.3433 24.412 1.0687 4.500
 619 18.1473 18.807 .6597 3.600
 720 15.152 15.296 .144 .900
 206 124.412 3029.585 2905.173 2335.100
 308 82.648 79.763 2.885 3.400
 413 61.9777 40.413 21.5647 34.700
 518 49.6907 27.062 22.6287 45.500
 619 39.0557 20.342 18.7137 47.900
 720 20.0527 16.295 3.7577 18.700
 206 117.921 84.120 33.801 28.600
 308 72.7767 41.502 31.2747 42.900
 413 51.6597 27.546 24.1137 46.600
 518 39.1467 20.614 18.5327 47.300
 619 31.5883 16.470 15.1183 47.800
 720 26.4437 13.713 12.7307 48.100
 206 124.043 107.903 16.140 13.000
 308 82.2933 46.566 35.7273 43.400
 413 61.105 29.689 31.416 51.400
 518 49.584 21.791 27.793 56.000
 619 40.7823 17.212 23.5703 57.700
 720 35.0883 14.224 20.8643 59.400
 206 104.273 84.058 20.215 19.300
 308 62.843 41.487 21.356 33.900
 413 44.051 27.540 16.511 37.400
 518 33.6753 20.611 13.0643 38.700
 619 26.9417 16.467 10.4747 38.800
 720 22.8313 13.711 9.1203 39.900
 102 248.35 165.294 83.056 33.400
 206 123.868 54.774 69.094 55.700
 308 82.3047 32.825 49.4797 60.100
 413 61.4027 23.435 37.9677 61.800
 518 49.1317 18.222 30.9097 62.900
 619 40.2163 14.906 25.3103 62.900
 720 33.9637 12.611 21.3527 62.800
 308 85.6653 283.264 197.5987 230.600
 413 63.8637 63.543 .3207 .500
 518 50.3387 35.785 14.5537 28.900
 619 41.5367 24.905 16.6317 40.000
 720 35.892 19.099 16.793 46.700
 102 187.05 102.987 84.063 44.900
 206 90.619 45.626 44.993 49.600
 308 59.3587 29.304 30.0547 50.600
 413 43.6317 21.583 22.0487 50.500
 518 34.3407 17.082 17.2587 50.200
 619 28.447 14.135 14.312 50.300
 720 23.9067 12.055 11.8517 49.500
 308 86.78 10448.979 10362.199 11940.700
 413 63.6613 81.282 17.6207 27.600
 518 50.347 40.800 9.547 18.900
 619 40.8047 27.235 13.5697 33.200
 720 31.1123 20.439 10.6733 34.300
 102 108.102 117.972 9.870 9.100
 206 47.128 48.347 1.219 2.500
 308 28.9287 30.403 1.4743 5.000
 413 21.856 22.174 .318 1.400
 518 17.4393 17.450 .0107 0
 619 14.504 14.386 .118 .800
 720 12.347 12.237 .110 .800
 518 49.5073 138.471 88.9637 179.600
 619 41.958 51.470 9.512 22.600
 720 36.0627 31.609 4.4537 12.300
 102 175.43 273.212 97.782 55.700
 206 122.194 63.023 59.171 48.400
 308 81.276 35.619 45.657 56.100
 413 61.4057 24.825 36.5807 59.500
 518 48.1167 19.051 29.0657 60.400
 619 40.4953 15.457 25.0383 61.800
 720 35.1177 13.003 22.1147 62.900
 308 92.668 157.417 64.749 69.800
 413 66.78 53.880 12.900 19.300
 518 50.7393 32.502 18.2373 35.900
 619 42.495 23.270 19.225 45.200
 720 36.4573 18.122 18.3353 50.200
 102 147.845 140.216 7.629 5.100
 206 66.8337 51.709 15.1247 22.600
 308 42.774 31.699 11.075 25.800
 413 32.23 22.855 9.375 29.000
 518 24.5423 17.869 6.6733 27.100
 619 19.8797 14.669 5.2107 26.200
 720 16.0757 12.441 3.6347 22.600
 206 119.981 88.086 31.895 26.500
 308 61.4777 42.445 19.0327 30.900
 413 43.0017 27.959 15.0427 34.900
 518 33.232 20.844 12.388 37.200
 619 24.3617 16.616 7.7457 31.700
 720 17.231 13.814 3.417 19.800
 102 127.228 173.383 46.155 36.200
 206 54.198 55.634 1.436 2.600
 308 35.2197 33.132 2.0877 5.900
 413 25.28 23.591 1.689 6.600
 518 20.5937 18.316 2.2777 11.000
 619 16.5463 14.969 1.5773 9.500
 720 14.465 12.656 1.809 12.500
 206 120.586 164.975 44.389 36.800
 308 70.526 54.738 15.788 22.300
 413 46.344 32.813 13.531 29.100
 518 34.2357 23.428 10.8077 31.500
 619 26.539 18.218 8.321 31.300
 720 21.76 14.903 6.857 31.500
 102 114.224 96.168 18.056 15.800
 206 50.8163 44.237 6.5793 12.900
 308 32.8113 28.725 4.0863 12.400
 413 24.6153 21.267 3.3483 13.600
 518 18.8067 16.884 1.9227 10.200
 619 15.8553 13.999 1.8563 11.700
 720 13.7807 11.955 1.8257 13.200
 102 175.407 1838.420 1663.013 948.000
 206 68.1993 78.425 10.2257 14.900
 308 42.3917 40.067 2.3247 5.400
 413 31.263 26.907 4.356 13.900
 518 24.568 20.254 4.314 17.500
 619 20.2783 16.239 4.0393 19.900
 720 17.5813 13.552 4.0293 22.900
 308 81.6223 82.480 .8577 1.000
 413 61.099 41.099 20.000 32.700
 518 49.1773 27.368 21.8093 44.300
 619 39.8147 20.514 19.3007 48.400
 720 33.604 16.406 17.198 51.100
 308 86.3823 1783.972 1697.5897 1965.200
 413 64.6147 78.323 13.7083 21.200
 518 51.2947 40.040 11.2547 21.900
 619 41.787 26.894 14.893 35.600
 720 36.0297 20.247 15.7827 43.800
 102 140.108 365.192 225.084 160.600
 206 55.7787 66.910 11.1313 19.900
 308 35.32 36.829 1.509 4.200
 413 25.3887 25.406 .0173 0
 518 20.5493 19.392 1.1573 5.600
 619 16.591 15.680 .911 5.400
 720 14.3397 13.161 1.1787 8.200
 206 122.352 129.883 7.531 6.100
 308 81.895 50.235 31.660 38.600
 413 60.3893 31.139 29.2503 48.400
 518 45.05 22.563 22.487 49.900
 619 35.4507 17.690 17.7607 50.000
 720 29.3827 14.548 14.8347 50.400
 206 124.495 159.825 35.330 28.300
 308 81.8787 54.159 27.7197 33.800
 413 62.1517 32.604 29.5477 47.500
 518 49.4643 23.322 26.1423 52.800
 619 40.7737 18.153 22.6207 55.400
 720 35.0133 14.860 20.1533 57.500
 206 123.518 123.432 .086 0
 308 82.111 49.240 32.871 40.000
 413 56.2353 30.754 25.4813 45.300
 518 41.7197 22.360 19.3597 46.400
 619 32.579 17.565 15.014 46.000
 720 26.9073 14.464 12.4433 46.200
 102 226.619 137.375 89.244 39.300
 206 108.258 51.318 56.940 52.500
 308 71.07 31.552 39.518 55.600
 413 52.505 22.778 29.727 56.600
 518 41.6317 17.822 23.8097 57.100
 619 34.541 14.638 19.903 57.600
 720 29.731 12.419 17.312 58.200
 206 124.441 787.086 662.645 532.400
 308 84.945 74.197 10.748 12.600
 413 63.1537 38.933 24.2207 38.300
 518 50.1903 26.391 23.7993 47.400
 619 41.5333 19.960 21.5733 51.900
 720 35.281 16.049 19.232 54.500
 102 166.666 99.630 67.036 40.200
 206 79.2473 44.955 34.2923 43.200
 308 51.8303 29.026 22.8043 43.900
 413 38.622 21.432 17.190 44.500
 518 30.6023 16.987 13.6153 44.400
 619 25.4943 14.070 11.4243 44.800
 720 21.5857 12.007 9.5787 44.300
 102 250.799 657.252 406.453 162.000
 206 71.7897 72.841 1.0513 1.400
 308 38.4663 38.557 .0907 .200
 413 26.2457 26.217 .0287 .100
 518 20.001 19.861 .140 .600
 619 16.071 15.985 .086 .500
 720 13.4697 13.375 .0947 .700
 206 125.176 253.339 128.163 102.300
 308 62.253 61.903 .350 .500
 413 35.945 35.259 .686 1.900
 518 25.0693 24.649 .4203 1.600
 619 19.3183 18.948 .3703 1.900
 720 16.8547 15.388 1.4667 8.700
 102 191.531 155.292 36.239 18.900
 206 92.7693 53.629 39.1403 42.100
 308 60.5723 32.411 28.1613 46.400
 413 42.0947 23.223 18.8717 44.800
 518 31.776 18.093 13.683 43.000
 619 25.791 14.820 10.971 42.500
 720 22.136 12.549 9.587 43.300
 102 216.011 533.611 317.600 147.000
 206 124.434 71.017 53.417 42.900
 308 81.8463 38.040 43.8063 53.500
 413 60.9297 25.977 34.9527 57.300
 518 49.1637 19.723 29.4407 59.800
 619 40.3973 15.895 24.5023 60.600
 720 34.566 13.312 21.254 61.400
 413 41.8453 1432.167 1390.3217 3322.500
 518 39.3 77.487 38.187 97.100
 619 30.441 39.821 9.380 30.800
 720 16.4043 26.795 10.3907 63.300
 102 132.225 137.449 5.224 3.900
 206 53.1113 51.328 1.7833 3.300
 308 32.7453 31.556 1.1893 3.600
 413 22.7017 22.780 .0783 .300
 518 17.967 17.824 .143 .700
 619 14.844 14.639 .205 1.300
 720 12.7357 12.419 .3167 2.400
 102 138.891 170.043 31.152 22.400
 206 54.5467 55.285 .7383 1.300
 308 32.913 33.008 .095 .200
 413 23.1687 23.528 .3593 1.500
 518 18.1723 18.278 .1057 .500
 619 14.919 14.944 .025 .100
 720 12.761 12.638 .123 .900
 720 35.9423 962.406 926.4637 2577.600
 206 49.8027 52.328 2.5253 5.000
 308 30.8333 25.035 5.7983 18.800
 413 22.2187 16.453 5.7657 25.900
 518 14.7633 12.253 2.5103 17.000
 619 13.7223 9.761 3.9613 28.800
 720 12.9823 8.111 4.8713 37.500
 102 93.3923 468.750 375.3577 401.900
 206 32.8277 43.541 10.7133 32.600
 308 20.2953 22.831 2.5357 12.400
 413 14.786 15.471 .685 4.600
 518 11.744 11.700 .044 .300
 619 9.69833 9.407 .29133 3.000
 720 8.29333 7.865 .42833 5.100
 102 144.242 126.769 17.473 12.100
 206 72.4583 34.816 37.6423 51.900
 308 47.6707 20.179 27.4917 57.600
 413 35.678 14.206 21.472 60.100
 518 24.9507 10.962 13.9887 56.000
 619 11.722 8.924 2.798 23.800
 720 11.3183 7.525 3.7933 33.500
 102 143.43 123.992 19.438 13.500
 206 42.892 34.604 8.288 19.300
 308 25.6687 20.107 5.5617 21.600
 413 17.5847 14.171 3.4137 19.400
 518 13.9173 10.941 2.9763 21.300
 619 10.7937 8.910 1.8837 17.400
 720 9.36967 7.515 1.85467 19.700
 619 39.176 402.674 363.498 927.800
 720 27.5723 68.071 40.4987 146.800
 206 177.39 1272.576 1095.186 617.300
 308 108.657 112.059 3.402 3.100
 413 77.1237 58.610 18.5137 24.000
 518 60.1813 39.682 20.4993 34.000
 619 48.4417 29.995 18.4467 38.000
 720 40.3217 24.110 16.2117 40.200
 102 283.59 218.119 65.471 23.000
 206 132.343 78.599 53.744 40.600
 308 85.0743 47.937 37.1373 43.600
 413 61.5943 34.484 27.1103 44.000
 518 48.0623 26.927 21.1353 43.900
 619 40.1777 22.087 18.0907 45.000
 720 34.077 18.722 15.355 45.000
 102 369.754 767.616 397.862 107.600
 206 115.257 105.923 9.334 8.000
 308 57.6677 56.886 .7817 1.300
 413 38.3637 38.885 .5213 1.300
 518 29.3897 29.537 .1473 .500
 619 23.882 23.813 .069 .200
 720 20.1817 19.947 .2347 1.100
 308 118.027 160.955 42.928 36.300
 413 60.3433 69.681 9.3377 15.400
 518 49.1723 44.466 4.7063 9.500
 619 32.7693 32.650 .1193 .300
 720 25.523 25.796 .273 1.000
 206 111.471 138.055 26.584 23.800
 308 71.4413 65.013 6.4283 8.900
 413 51.9903 42.517 9.4733 18.200
 518 40.954 31.588 9.366 22.800
 619 33.802 25.128 8.674 25.600
 720 28.9983 20.862 8.1363 28.000
 206 185.441 128.053 57.388 30.900
 308 115.578 62.706 52.872 45.700
 413 81.3163 41.519 39.7973 48.900
 518 61.5197 31.033 30.4867 49.500
 619 49.3707 24.776 24.5947 49.800
 720 40.5513 20.618 19.9333 49.100
 206 129.413 131.484 2.071 1.600
 308 71.148 63.518 7.630 10.700
 413 49.3087 41.873 7.4357 15.000
 518 36.956 31.230 5.726 15.400
 619 30.0213 24.901 5.1203 17.000
 720 24.7613 20.705 4.0563 16.300
 518 27.4497 178.864 151.4143 551.600
 619 22.5237 56.186 33.6623 149.400
 720 19.2183 33.327 14.1087 73.400
 206 66.508 84.432 17.924 26.900
 308 36.1513 41.578 5.4267 15.000
 413 25.422 27.580 2.158 8.400
 518 19.6867 20.633 .9463 4.800
 619 16.0877 16.482 .3943 2.400
 720 13.6383 13.721 .0827 .600
 102 96.888 110.048 13.160 13.500
 206 46.2213 46.961 .7397 1.600
 308 30.658 29.849 .809 2.600
 413 22.9293 21.878 1.0513 4.500
 518 18.318 17.266 1.052 5.700
 619 15.195 14.260 .935 6.100
 720 13.0457 12.146 .8997 6.800
 102 108.259 145.310 37.051 34.200
 206 53.5107 52.386 1.1247 2.100
 308 33.9337 31.953 1.9807 5.800
 413 23.684 22.986 .698 2.900
 518 20.8827 17.950 2.9327 14.000
 619 15.1297 14.723 .4067 2.600
 720 13.3027 12.480 .8227 6.100
 102 120.867 108.497 12.370 10.200
 206 56.5843 46.676 9.9083 17.500
 308 36.833 29.734 7.099 19.200
 413 27.3917 21.816 5.5757 20.300
 518 21.7583 17.228 4.5303 20.800
 619 18.093 14.234 3.859 21.300
 720 15.448 12.127 3.321 21.400
 206 123.537 230.371 106.834 86.400
 308 52.672 60.430 7.758 14.700
 413 32.664 34.776 2.112 6.400
 518 23.3433 24.412 1.0687 4.500
 619 18.1473 18.807 .6597 3.600
 720 15.152 15.296 .144 .900
 206 124.412 3029.585 2905.173 2335.100
 308 82.648 79.763 2.885 3.400
 413 61.9777 40.413 21.5647 34.700
 518 49.6907 27.062 22.6287 45.500
 619 39.0557 20.342 18.7137 47.900
 720 20.0527 16.295 3.7577 18.700
 206 117.921 84.120 33.801 28.600
 308 72.7767 41.502 31.2747 42.900
 413 51.6597 27.546 24.1137 46.600
 518 39.1467 20.614 18.5327 47.300
 619 31.5883 16.470 15.1183 47.800
 720 26.4437 13.713 12.7307 48.100
 206 124.043 107.903 16.140 13.000
 308 82.2933 46.566 35.7273 43.400
 413 61.105 29.689 31.416 51.400
 518 49.584 21.791 27.793 56.000
 619 40.7823 17.212 23.5703 57.700
 720 35.0883 14.224 20.8643 59.400
 206 104.273 84.058 20.215 19.300
 308 62.843 41.487 21.356 33.900
 413 44.051 27.540 16.511 37.400
 518 33.6753 20.611 13.0643 38.700
 619 26.9417 16.467 10.4747 38.800
 720 22.8313 13.711 9.1203 39.900
 102 248.35 165.294 83.056 33.400
 206 123.868 54.774 69.094 55.700
 308 82.3047 32.825 49.4797 60.100
 413 61.4027 23.435 37.9677 61.800
 518 49.1317 18.222 30.9097 62.900
 619 40.2163 14.906 25.3103 62.900
 720 33.9637 12.611 21.3527 62.800
 308 85.6653 283.264 197.5987 230.600
 413 63.8637 63.543 .3207 .500
 518 50.3387 35.785 14.5537 28.900
 619 41.5367 24.905 16.6317 40.000
 720 35.892 19.099 16.793 46.700
 102 187.05 102.987 84.063 44.900
 206 90.619 45.626 44.993 49.600
 308 59.3587 29.304 30.0547 50.600
 413 43.6317 21.583 22.0487 50.500
 518 34.3407 17.082 17.2587 50.200
 619 28.447 14.135 14.312 50.300
 720 23.9067 12.055 11.8517 49.500
 308 86.78 10448.979 10362.199 11940.700
 413 63.6613 81.282 17.6207 27.600
 518 50.347 40.800 9.547 18.900
 619 40.8047 27.235 13.5697 33.200
 720 31.1123 20.439 10.6733 34.300
