 102 108.102 119.180 11.078 10.200
 206 47.128 48.549 1.421 3.000
 308 28.9287 30.483 1.5543 5.300
 413 21.856 22.216 .360 1.600
 518 17.4393 17.476 .0367 .200
 619 14.504 14.403 .101 .600
 720 12.347 12.249 .098 .700
 518 49.5073 220.927 171.4197 346.200
 619 41.958 59.760 17.802 42.400
 720 36.0627 34.553 1.5097 4.100
 102 175.43 302.332 126.902 72.300
 206 122.194 64.455 57.739 47.200
 308 81.276 36.072 45.204 55.600
 413 61.4057 25.044 36.3617 59.200
 518 48.1167 19.180 28.9367 60.100
 619 40.4953 15.541 24.9543 61.600
 720 35.1177 13.063 22.0547 62.800
 308 92.668 202.131 109.463 118.100
 413 66.78 58.294 8.486 12.700
 518 50.7393 34.058 16.6813 32.800
 619 42.495 24.056 18.439 43.300
 720 36.4573 18.595 17.8623 48.900
 102 147.845 159.427 11.582 7.800
 206 66.8337 54.114 12.7197 19.000
 308 42.774 32.587 10.187 23.800
 413 32.23 23.313 8.917 27.600
 518 24.5423 18.148 6.3943 26.000
 619 19.8797 14.857 5.0227 25.200
 720 16.0757 12.576 3.4997 21.700
 206 119.981 97.971 22.010 18.300
 308 61.4777 44.614 16.8637 27.400
 413 43.0017 28.884 14.1177 32.800
 518 33.232 21.354 11.878 35.700
 619 24.3617 16.939 7.4227 30.400
 720 17.231 14.036 3.195 18.500
 102 127.228 243.693 116.465 91.500
 206 54.198 61.310 7.112 13.100
 308 35.2197 35.066 .1537 .400
 413 25.28 24.555 .725 2.800
 518 20.5937 18.892 1.7017 8.200
 619 16.5463 15.351 1.1953 7.200
 720 14.465 12.928 1.537 10.600
 206 120.586 700.889 580.303 481.200
 308 70.526 73.347 2.821 3.900
 413 46.344 38.698 7.646 16.400
 518 34.2357 26.282 7.9537 23.200
 619 26.539 19.898 6.641 25.000
 720 21.76 16.009 5.751 26.400
 102 114.224 136.642 22.418 19.600
 206 50.8163 51.215 .3987 .700
 308 32.8113 31.513 1.2983 3.900
 413 24.6153 22.758 1.8573 7.500
 518 18.8067 17.810 .9967 5.200
 619 15.8553 14.629 1.2263 7.700
 720 13.7807 12.413 1.3677 9.900
 206 68.1993 91.838 23.6387 34.600
 308 42.3917 43.298 .9063 2.100
 413 31.263 28.326 2.937 9.300
 518 24.568 21.048 3.520 14.300
 619 20.2783 16.745 3.5333 17.400
 720 17.5813 13.903 3.6783 20.900
 308 81.6223 87.260 5.6377 6.900
 413 61.099 42.252 18.847 30.800
 518 49.1773 27.875 21.3023 43.300
 619 39.8147 20.798 19.0167 47.700
 720 33.604 16.587 17.017 50.600
 308 86.3823 -4740.740  
 413 64.6147 83.360 18.7453 29.000
 518 51.2947 41.316 9.9787 19.400
 619 41.787 27.464 14.323 34.200
 720 36.0297 20.568 15.4617 42.900
 206 55.7787 127.189 71.4103 128.000
 308 35.32 49.827 14.507 41.000
 413 25.3887 30.982 5.5933 22.000
 518 20.5493 22.480 1.9307 9.300
 619 16.591 17.639 1.048 6.300
 720 14.3397 14.514 .1743 1.200
 206 122.352 137.578 15.226 12.400
 308 81.895 51.346 30.549 37.300
 413 60.3893 31.563 28.8263 47.700
 518 45.05 22.784 22.266 49.400
 619 35.4507 17.826 17.6247 49.700
 720 29.3827 14.640 14.7427 50.100
 206 124.495 172.768 48.273 38.700
 308 81.8787 55.570 26.3087 32.100
 413 62.1517 33.110 29.0417 46.700
 518 49.4643 23.579 25.8853 52.300
 619 40.7737 18.309 22.4647 55.000
 720 35.0133 14.964 20.0493 57.200
 206 123.518 128.578 5.060 4.000
 308 82.111 50.039 32.072 39.000
 413 56.2353 31.064 25.1713 44.700
 518 41.7197 22.523 19.1967 46.000
 619 32.579 17.666 14.913 45.700
 720 26.9073 14.532 12.3753 45.900
 102 226.619 143.096 83.523 36.800
 206 108.258 52.096 56.162 51.800
 308 71.07 31.844 39.226 55.100
 413 52.505 22.930 29.575 56.300
 518 41.6317 17.915 23.7167 56.900
 619 34.541 14.700 19.841 57.400
 720 29.731 12.464 17.267 58.000
 206 124.441 989.371 864.930 695.000
 308 84.945 75.655 9.290 10.900
 413 63.1537 39.331 23.8227 37.700
 518 50.1903 26.573 23.6173 47.000
 619 41.5333 20.064 21.4693 51.600
 720 35.281 16.117 19.164 54.300
 102 166.666 100.648 66.018 39.600
 206 79.2473 45.161 34.0863 43.000
 308 51.8303 29.112 22.7183 43.800
 413 38.622 21.479 17.143 44.300
 518 30.6023 17.017 13.5853 44.300
 619 25.4943 14.090 11.4043 44.700
 720 21.5857 12.022 9.5637 44.300
 102 250.799 677.696 426.897 170.200
 206 71.7897 73.085 1.2953 1.800
 308 38.4663 38.625 .1587 .400
 413 26.2457 26.249 .0033 0
 518 20.001 19.879 .122 .600
 619 16.071 15.997 .074 .400
 720 13.4697 13.383 .0867 .600
 206 125.176 256.128 130.952 104.600
 308 62.253 62.068 .185 .200
 413 35.945 35.312 .633 1.700
 518 25.0693 24.675 .3943 1.500
 619 19.3183 18.963 .3553 1.800
 720 16.8547 15.398 1.4567 8.600
 102 191.531 175.282 16.249 8.400
 206 92.7693 55.828 36.9413 39.800
 308 60.5723 33.201 27.3713 45.100
 413 42.0947 23.626 18.4687 43.800
 518 31.776 18.337 13.439 42.200
 619 25.791 14.983 10.808 41.900
 720 22.136 12.666 9.470 42.700
 206 124.434 78.890 45.544 36.600
 308 81.8463 40.188 41.6583 50.800
 413 60.9297 26.961 33.9687 55.700
 518 49.1637 20.285 28.8787 58.700
 619 40.3973 16.259 24.1383 59.700
 720 34.566 13.566 21.000 60.700
 518 39.3 -1796.491  
 619 30.441 85.834 55.393 181.900
 720 16.4043 41.915 25.5107 155.500
 102 132.225 150.876 18.651 14.100
 206 53.1113 53.092 .0193 0
 308 32.7453 32.214 .5313 1.600
 413 22.7017 23.121 .4193 1.800
 518 17.967 18.032 .065 .300
 619 14.844 14.779 .065 .400
 720 12.7357 12.520 .2157 1.600
 102 138.891 205.292 66.401 47.800
 206 54.5467 58.554 4.0073 7.300
 308 32.913 34.146 1.233 3.700
 413 23.1687 24.100 .9313 4.000
 518 18.1723 18.622 .4497 2.400
 619 14.919 15.173 .254 1.700
 720 12.761 12.801 .040 .300
 720 35.9423 903.795 867.8527 2414.500
 206 49.8027 99.147 49.3443 99.000
 308 30.8333 44.857 14.0237 45.400
 413 22.2187 28.985 6.7663 30.400
 518 14.7633 21.410 6.6467 45.000
 619 13.7223 16.973 3.2507 23.600
 720 12.9823 14.060 1.0777 8.300
 206 32.8277 81.828 49.0003 149.200
 308 20.2953 40.937 20.6417 101.700
 413 14.786 27.296 12.510 84.600
 518 11.744 20.474 8.730 74.300
 619 9.69833 16.380 6.68167 68.800
 720 8.29333 13.650 5.35667 64.500
 102 144.242 228.163 83.921 58.100
 206 72.4583 60.277 12.1813 16.800
 308 47.6707 34.725 12.9457 27.100
 413 35.678 24.387 11.291 31.600
 518 24.9507 18.793 6.1577 24.600
 619 11.722 15.286 3.564 30.400
 720 11.3183 12.882 1.5637 13.800
 102 143.43 217.640 74.210 51.700
 206 42.892 59.517 16.625 38.700
 308 25.6687 34.472 8.8033 34.200
 413 17.5847 24.262 6.6773 37.900
 518 13.9173 18.718 4.8007 34.400
 619 10.7937 15.236 4.4423 41.100
 720 9.36967 12.847 3.47733 37.100
 619 39.176 466.302 427.126 1090.200
 720 27.5723 69.678 42.1057 152.700
 308 108.657 87.245 21.412 19.700
 413 77.1237 42.249 34.8747 45.200
 518 60.1813 27.873 32.3083 53.600
 619 48.4417 20.797 27.6447 57.000
 720 40.3217 16.586 23.7357 58.800
 102 283.59 178.646 104.944 37.000
 206 132.343 56.164 76.179 57.500
 308 85.0743 33.320 51.7543 60.800
 413 61.5943 23.686 37.9083 61.500
 518 48.0623 18.373 29.6893 61.700
 619 40.1777 15.007 25.1707 62.600
 720 34.077 12.683 21.394 62.700
 206 115.257 81.205 34.052 29.500
 308 57.6677 40.780 16.8877 29.200
 413 38.3637 27.226 11.1377 29.000
 518 29.3897 20.435 8.9547 30.400
 619 23.882 16.355 7.527 31.500
 720 20.1817 13.633 6.5487 32.400
 308 118.027 237.421 119.394 101.100
 413 60.3433 60.905 .5617 .900
 518 49.1723 34.933 14.2393 28.900
 619 32.7693 24.489 8.2803 25.200
 720 25.523 18.853 6.670 26.100
 206 111.471 95.898 15.573 13.900
 308 71.4413 44.179 27.2623 38.100
 413 51.9903 28.701 23.2893 44.700
 518 40.954 21.254 19.700 48.100
 619 33.802 16.875 16.927 50.000
 720 28.9983 13.993 15.0053 51.700
 206 185.441 101.275 84.166 45.300
 308 115.578 45.287 70.291 60.800
 413 81.3163 29.164 52.1523 64.100
 518 61.5197 21.507 40.0127 65.000
 619 49.3707 17.035 32.3357 65.400
 720 40.5513 14.102 26.4493 65.200
 206 129.413 94.143 35.270 27.200
 308 71.148 43.803 27.345 38.400
 413 49.3087 28.541 20.7677 42.100
 518 36.956 21.167 15.789 42.700
 619 30.0213 16.820 13.2013 43.900
 720 24.7613 13.955 10.8063 43.600
 518 27.4497 179.680 152.2303 554.500
 619 22.5237 56.266 33.7423 149.800
 720 19.2183 33.356 14.1377 73.500
 206 66.508 85.862 19.354 29.100
 308 36.1513 41.922 5.7707 15.900
 413 25.422 27.731 2.309 9.000
 518 19.6867 20.717 1.0303 5.200
 619 16.0877 16.535 .4473 2.700
 720 13.6383 13.758 .1197 .800
 102 96.888 114.811 17.923 18.400
 206 46.2213 47.808 1.5867 3.400
 308 30.658 30.189 .469 1.500
 413 22.9293 22.059 .8703 3.700
 518 18.318 17.379 .939 5.100
 619 15.195 14.337 .858 5.600
 720 13.0457 12.202 .8437 6.400
 206 53.5107 115.994 62.4833 116.700
 308 33.9337 48.012 14.0783 41.400
 413 23.684 30.270 6.586 27.800
 518 20.8827 22.103 1.2203 5.800
 619 15.1297 17.406 2.2763 15.000
 720 13.3027 14.356 1.0533 7.900
 102 120.867 109.682 11.185 9.200
 206 56.5843 46.895 9.6893 17.100
 308 36.833 29.822 7.011 19.000
 413 27.3917 21.863 5.5287 20.100
 518 21.7583 17.257 4.5013 20.600
 619 18.093 14.254 3.839 21.200
 720 15.448 12.141 3.307 21.400
 206 123.537 707.671 584.134 472.800
 308 52.672 73.420 20.748 39.300
 413 32.664 38.718 6.054 18.500
 518 23.3433 26.292 2.9487 12.600
 619 18.1473 19.903 1.7557 9.600
 720 15.152 16.013 .861 5.600
 308 82.648 203.457 120.809 146.100
 413 61.9777 58.404 3.5737 5.700
 518 49.6907 34.095 15.5957 31.300
 619 39.0557 24.075 14.9807 38.300
 720 20.0527 18.607 1.4457 7.200
 206 117.921 103.486 14.435 12.200
 308 72.7767 45.724 27.0527 37.100
 413 51.6597 29.345 22.3147 43.100
 518 39.1467 21.605 17.5417 44.800
 619 31.5883 17.096 14.4923 45.800
 720 26.4437 14.144 12.2997 46.500
 206 124.043 140.988 16.945 13.600
 308 82.2933 51.813 30.4803 37.000
 413 61.105 31.739 29.366 48.000
 518 49.584 22.876 26.708 53.800
 619 40.7823 17.882 22.9003 56.100
 720 35.0883 14.678 20.4103 58.100
 206 104.273 109.261 4.988 4.700
 308 62.843 46.817 16.026 25.500
 413 44.051 29.791 14.260 32.300
 518 33.6753 21.846 11.8293 35.100
 619 26.9417 17.247 9.6947 35.900
 720 22.8313 14.247 8.5843 37.500
 102 248.35 188.269 60.081 24.100
 206 123.868 57.082 66.786 53.900
 308 82.3047 33.641 48.6637 59.100
 413 61.4027 23.847 37.5557 61.100
 518 49.1317 18.470 30.6617 62.400
 619 40.2163 15.072 25.1443 62.500
 720 33.9637 12.730 21.2337 62.500
 308 85.6653 630.153 544.4877 635.500
 413 63.8637 72.495 8.6313 13.500
 518 50.3387 38.460 11.8787 23.500
 619 41.5367 26.172 15.3647 36.900
 720 35.892 19.835 16.057 44.700
 102 187.05 104.767 82.283 43.900
 206 90.619 45.972 44.647 49.200
 308 59.3587 29.447 29.9117 50.300
 413 43.6317 21.660 21.9717 50.300
 518 34.3407 17.131 17.2097 50.100
 619 28.447 14.168 14.279 50.100
 720 23.9067 12.079 11.8277 49.400
 413 63.6613 90.547 26.8857 42.200
 518 50.347 43.008 7.339 14.500
 619 40.8047 28.202 12.6027 30.800
 720 31.1123 20.979 10.1333 32.500
 102 108.102 119.180 11.078 10.200
 206 47.128 48.549 1.421 3.000
 308 28.9287 30.483 1.5543 5.300
 413 21.856 22.216 .360 1.600
 518 17.4393 17.476 .0367 .200
 619 14.504 14.403 .101 .600
 720 12.347 12.249 .098 .700
 518 49.5073 220.927 171.4197 346.200
 619 41.958 59.760 17.802 42.400
 720 36.0627 34.553 1.5097 4.100
 102 175.43 302.332 126.902 72.300
 206 122.194 64.455 57.739 47.200
 308 81.276 36.072 45.204 55.600
 413 61.4057 25.044 36.3617 59.200
 518 48.1167 19.180 28.9367 60.100
 619 40.4953 15.541 24.9543 61.600
 720 35.1177 13.063 22.0547 62.800
 308 92.668 202.131 109.463 118.100
 413 66.78 58.294 8.486 12.700
 518 50.7393 34.058 16.6813 32.800
 619 42.495 24.056 18.439 43.300
 720 36.4573 18.595 17.8623 48.900
 102 147.845 159.427 11.582 7.800
 206 66.8337 54.114 12.7197 19.000
 308 42.774 32.587 10.187 23.800
 413 32.23 23.313 8.917 27.600
 518 24.5423 18.148 6.3943 26.000
 619 19.8797 14.857 5.0227 25.200
 720 16.0757 12.576 3.4997 21.700
 206 119.981 97.971 22.010 18.300
 308 61.4777 44.614 16.8637 27.400
 413 43.0017 28.884 14.1177 32.800
 518 33.232 21.354 11.878 35.700
 619 24.3617 16.939 7.4227 30.400
 720 17.231 14.036 3.195 18.500
 102 127.228 243.693 116.465 91.500
 206 54.198 61.310 7.112 13.100
 308 35.2197 35.066 .1537 .400
 413 25.28 24.555 .725 2.800
 518 20.5937 18.892 1.7017 8.200
 619 16.5463 15.351 1.1953 7.200
 720 14.465 12.928 1.537 10.600
 206 120.586 700.889 580.303 481.200
 308 70.526 73.347 2.821 3.900
 413 46.344 38.698 7.646 16.400
 518 34.2357 26.282 7.9537 23.200
 619 26.539 19.898 6.641 25.000
 720 21.76 16.009 5.751 26.400
 102 114.224 136.642 22.418 19.600
 206 50.8163 51.215 .3987 .700
 308 32.8113 31.513 1.2983 3.900
 413 24.6153 22.758 1.8573 7.500
 518 18.8067 17.810 .9967 5.200
 619 15.8553 14.629 1.2263 7.700
 720 13.7807 12.413 1.3677 9.900
 206 68.1993 91.838 23.6387 34.600
 308 42.3917 43.298 .9063 2.100
 413 31.263 28.326 2.937 9.300
 518 24.568 21.048 3.520 14.300
 619 20.2783 16.745 3.5333 17.400
 720 17.5813 13.903 3.6783 20.900
 308 81.6223 87.260 5.6377 6.900
 413 61.099 42.252 18.847 30.800
 518 49.1773 27.875 21.3023 43.300
 619 39.8147 20.798 19.0167 47.700
 720 33.604 16.587 17.017 50.600
 308 86.3823 -4740.740  
 413 64.6147 83.360 18.7453 29.000
 518 51.2947 41.316 9.9787 19.400
 619 41.787 27.464 14.323 34.200
 720 36.0297 20.568 15.4617 42.900
 206 55.7787 127.189 71.4103 128.000
 308 35.32 49.827 14.507 41.000
 413 25.3887 30.982 5.5933 22.000
 518 20.5493 22.480 1.9307 9.300
 619 16.591 17.639 1.048 6.300
 720 14.3397 14.514 .1743 1.200
 206 122.352 137.578 15.226 12.400
 308 81.895 51.346 30.549 37.300
 413 60.3893 31.563 28.8263 47.700
 518 45.05 22.784 22.266 49.400
 619 35.4507 17.826 17.6247 49.700
 720 29.3827 14.640 14.7427 50.100
 206 124.495 172.768 48.273 38.700
 308 81.8787 55.570 26.3087 32.100
 413 62.1517 33.110 29.0417 46.700
 518 49.4643 23.579 25.8853 52.300
 619 40.7737 18.309 22.4647 55.000
 720 35.0133 14.964 20.0493 57.200
 206 123.518 128.578 5.060 4.000
 308 82.111 50.039 32.072 39.000
 413 56.2353 31.064 25.1713 44.700
 518 41.7197 22.523 19.1967 46.000
 619 32.579 17.666 14.913 45.700
 720 26.9073 14.532 12.3753 45.900
 102 226.619 143.096 83.523 36.800
 206 108.258 52.096 56.162 51.800
 308 71.07 31.844 39.226 55.100
 413 52.505 22.930 29.575 56.300
 518 41.6317 17.915 23.7167 56.900
 619 34.541 14.700 19.841 57.400
 720 29.731 12.464 17.267 58.000
 206 124.441 989.371 864.930 695.000
 308 84.945 75.655 9.290 10.900
 413 63.1537 39.331 23.8227 37.700
 518 50.1903 26.573 23.6173 47.000
 619 41.5333 20.064 21.4693 51.600
 720 35.281 16.117 19.164 54.300
 102 166.666 100.648 66.018 39.600
 206 79.2473 45.161 34.0863 43.000
 308 51.8303 29.112 22.7183 43.800
 413 38.622 21.479 17.143 44.300
 518 30.6023 17.017 13.5853 44.300
 619 25.4943 14.090 11.4043 44.700
 720 21.5857 12.022 9.5637 44.300
 102 250.799 677.696 426.897 170.200
 206 71.7897 73.085 1.2953 1.800
 308 38.4663 38.625 .1587 .400
 413 26.2457 26.249 .0033 0
 518 20.001 19.879 .122 .600
 619 16.071 15.997 .074 .400
 720 13.4697 13.383 .0867 .600
 206 125.176 256.128 130.952 104.600
 308 62.253 62.068 .185 .200
 413 35.945 35.312 .633 1.700
 518 25.0693 24.675 .3943 1.500
 619 19.3183 18.963 .3553 1.800
 720 16.8547 15.398 1.4567 8.600
 102 191.531 175.282 16.249 8.400
 206 92.7693 55.828 36.9413 39.800
 308 60.5723 33.201 27.3713 45.100
 413 42.0947 23.626 18.4687 43.800
 518 31.776 18.337 13.439 42.200
 619 25.791 14.983 10.808 41.900
 720 22.136 12.666 9.470 42.700
 206 124.434 78.890 45.544 36.600
 308 81.8463 40.188 41.6583 50.800
 413 60.9297 26.961 33.9687 55.700
 518 49.1637 20.285 28.8787 58.700
 619 40.3973 16.259 24.1383 59.700
 720 34.566 13.566 21.000 60.700
 518 39.3 -1796.491  
 619 30.441 85.834 55.393 181.900
 720 16.4043 41.915 25.5107 155.500
 102 132.225 150.876 18.651 14.100
 206 53.1113 53.092 .0193 0
 308 32.7453 32.214 .5313 1.600
 413 22.7017 23.121 .4193 1.800
 518 17.967 18.032 .065 .300
 619 14.844 14.779 .065 .400
 720 12.7357 12.520 .2157 1.600
 102 138.891 205.292 66.401 47.800
 206 54.5467 58.554 4.0073 7.300
 308 32.913 34.146 1.233 3.700
 413 23.1687 24.100 .9313 4.000
 518 18.1723 18.622 .4497 2.400
 619 14.919 15.173 .254 1.700
 720 12.761 12.801 .040 .300
 720 35.9423 903.795 867.8527 2414.500
 206 49.8027 99.147 49.3443 99.000
 308 30.8333 44.857 14.0237 45.400
 413 22.2187 28.985 6.7663 30.400
 518 14.7633 21.410 6.6467 45.000
 619 13.7223 16.973 3.2507 23.600
 720 12.9823 14.060 1.0777 8.300
 206 32.8277 81.828 49.0003 149.200
 308 20.2953 40.937 20.6417 101.700
 413 14.786 27.296 12.510 84.600
 518 11.744 20.474 8.730 74.300
 619 9.69833 16.380 6.68167 68.800
 720 8.29333 13.650 5.35667 64.500
 102 144.242 228.163 83.921 58.100
 206 72.4583 60.277 12.1813 16.800
 308 47.6707 34.725 12.9457 27.100
 413 35.678 24.387 11.291 31.600
 518 24.9507 18.793 6.1577 24.600
 619 11.722 15.286 3.564 30.400
 720 11.3183 12.882 1.5637 13.800
 102 143.43 217.640 74.210 51.700
 206 42.892 59.517 16.625 38.700
 308 25.6687 34.472 8.8033 34.200
 413 17.5847 24.262 6.6773 37.900
 518 13.9173 18.718 4.8007 34.400
 619 10.7937 15.236 4.4423 41.100
 720 9.36967 12.847 3.47733 37.100
 619 39.176 466.302 427.126 1090.200
 720 27.5723 69.678 42.1057 152.700
 308 108.657 87.245 21.412 19.700
 413 77.1237 42.249 34.8747 45.200
 518 60.1813 27.873 32.3083 53.600
 619 48.4417 20.797 27.6447 57.000
 720 40.3217 16.586 23.7357 58.800
 102 283.59 178.646 104.944 37.000
 206 132.343 56.164 76.179 57.500
 308 85.0743 33.320 51.7543 60.800
 413 61.5943 23.686 37.9083 61.500
 518 48.0623 18.373 29.6893 61.700
 619 40.1777 15.007 25.1707 62.600
 720 34.077 12.683 21.394 62.700
 206 115.257 81.205 34.052 29.500
 308 57.6677 40.780 16.8877 29.200
 413 38.3637 27.226 11.1377 29.000
 518 29.3897 20.435 8.9547 30.400
 619 23.882 16.355 7.527 31.500
 720 20.1817 13.633 6.5487 32.400
 308 118.027 237.421 119.394 101.100
 413 60.3433 60.905 .5617 .900
 518 49.1723 34.933 14.2393 28.900
 619 32.7693 24.489 8.2803 25.200
 720 25.523 18.853 6.670 26.100
 206 111.471 95.898 15.573 13.900
 308 71.4413 44.179 27.2623 38.100
 413 51.9903 28.701 23.2893 44.700
 518 40.954 21.254 19.700 48.100
 619 33.802 16.875 16.927 50.000
 720 28.9983 13.993 15.0053 51.700
 206 185.441 101.275 84.166 45.300
 308 115.578 45.287 70.291 60.800
 413 81.3163 29.164 52.1523 64.100
 518 61.5197 21.507 40.0127 65.000
 619 49.3707 17.035 32.3357 65.400
 720 40.5513 14.102 26.4493 65.200
 206 129.413 94.143 35.270 27.200
 308 71.148 43.803 27.345 38.400
 413 49.3087 28.541 20.7677 42.100
 518 36.956 21.167 15.789 42.700
 619 30.0213 16.820 13.2013 43.900
 720 24.7613 13.955 10.8063 43.600
 518 27.4497 179.680 152.2303 554.500
 619 22.5237 56.266 33.7423 149.800
 720 19.2183 33.356 14.1377 73.500
 206 66.508 85.862 19.354 29.100
 308 36.1513 41.922 5.7707 15.900
 413 25.422 27.731 2.309 9.000
 518 19.6867 20.717 1.0303 5.200
 619 16.0877 16.535 .4473 2.700
 720 13.6383 13.758 .1197 .800
 102 96.888 114.811 17.923 18.400
 206 46.2213 47.808 1.5867 3.400
 308 30.658 30.189 .469 1.500
 413 22.9293 22.059 .8703 3.700
 518 18.318 17.379 .939 5.100
 619 15.195 14.337 .858 5.600
 720 13.0457 12.202 .8437 6.400
 206 53.5107 115.994 62.4833 116.700
 308 33.9337 48.012 14.0783 41.400
 413 23.684 30.270 6.586 27.800
 518 20.8827 22.103 1.2203 5.800
 619 15.1297 17.406 2.2763 15.000
 720 13.3027 14.356 1.0533 7.900
 102 120.867 109.682 11.185 9.200
 206 56.5843 46.895 9.6893 17.100
 308 36.833 29.822 7.011 19.000
 413 27.3917 21.863 5.5287 20.100
 518 21.7583 17.257 4.5013 20.600
 619 18.093 14.254 3.839 21.200
 720 15.448 12.141 3.307 21.400
 206 123.537 707.671 584.134 472.800
 308 52.672 73.420 20.748 39.300
 413 32.664 38.718 6.054 18.500
 518 23.3433 26.292 2.9487 12.600
 619 18.1473 19.903 1.7557 9.600
 720 15.152 16.013 .861 5.600
 308 82.648 203.457 120.809 146.100
 413 61.9777 58.404 3.5737 5.700
 518 49.6907 34.095 15.5957 31.300
 619 39.0557 24.075 14.9807 38.300
 720 20.0527 18.607 1.4457 7.200
 206 117.921 103.486 14.435 12.200
 308 72.7767 45.724 27.0527 37.100
 413 51.6597 29.345 22.3147 43.100
 518 39.1467 21.605 17.5417 44.800
 619 31.5883 17.096 14.4923 45.800
 720 26.4437 14.144 12.2997 46.500
 206 124.043 140.988 16.945 13.600
 308 82.2933 51.813 30.4803 37.000
 413 61.105 31.739 29.366 48.000
 518 49.584 22.876 26.708 53.800
 619 40.7823 17.882 22.9003 56.100
 720 35.0883 14.678 20.4103 58.100
 206 104.273 109.261 4.988 4.700
 308 62.843 46.817 16.026 25.500
 413 44.051 29.791 14.260 32.300
 518 33.6753 21.846 11.8293 35.100
 619 26.9417 17.247 9.6947 35.900
 720 22.8313 14.247 8.5843 37.500
 102 248.35 188.269 60.081 24.100
 206 123.868 57.082 66.786 53.900
 308 82.3047 33.641 48.6637 59.100
 413 61.4027 23.847 37.5557 61.100
 518 49.1317 18.470 30.6617 62.400
 619 40.2163 15.072 25.1443 62.500
 720 33.9637 12.730 21.2337 62.500
 308 85.6653 630.153 544.4877 635.500
 413 63.8637 72.495 8.6313 13.500
 518 50.3387 38.460 11.8787 23.500
 619 41.5367 26.172 15.3647 36.900
 720 35.892 19.835 16.057 44.700
 102 187.05 104.767 82.283 43.900
 206 90.619 45.972 44.647 49.200
 308 59.3587 29.447 29.9117 50.300
 413 43.6317 21.660 21.9717 50.300
 518 34.3407 17.131 17.2097 50.100
 619 28.447 14.168 14.279 50.100
 720 23.9067 12.079 11.8277 49.400
 413 63.6613 90.547 26.8857 42.200
 518 50.347 43.008 7.339 14.500
 619 40.8047 28.202 12.6027 30.800
 720 31.1123 20.979 10.1333 32.500
 102 108.102 119.180 11.078 10.200
 206 47.128 48.549 1.421 3.000
 308 28.9287 30.483 1.5543 5.300
 413 21.856 22.216 .360 1.600
 518 17.4393 17.476 .0367 .200
 619 14.504 14.403 .101 .600
 720 12.347 12.249 .098 .700
 518 49.5073 220.927 171.4197 346.200
 619 41.958 59.760 17.802 42.400
 720 36.0627 34.553 1.5097 4.100
 102 175.43 302.332 126.902 72.300
 206 122.194 64.455 57.739 47.200
 308 81.276 36.072 45.204 55.600
 413 61.4057 25.044 36.3617 59.200
 518 48.1167 19.180 28.9367 60.100
 619 40.4953 15.541 24.9543 61.600
 720 35.1177 13.063 22.0547 62.800
 308 92.668 202.131 109.463 118.100
 413 66.78 58.294 8.486 12.700
 518 50.7393 34.058 16.6813 32.800
 619 42.495 24.056 18.439 43.300
 720 36.4573 18.595 17.8623 48.900
 102 147.845 159.427 11.582 7.800
 206 66.8337 54.114 12.7197 19.000
 308 42.774 32.587 10.187 23.800
 413 32.23 23.313 8.917 27.600
 518 24.5423 18.148 6.3943 26.000
 619 19.8797 14.857 5.0227 25.200
 720 16.0757 12.576 3.4997 21.700
 206 119.981 97.971 22.010 18.300
 308 61.4777 44.614 16.8637 27.400
 413 43.0017 28.884 14.1177 32.800
 518 33.232 21.354 11.878 35.700
 619 24.3617 16.939 7.4227 30.400
 720 17.231 14.036 3.195 18.500
 102 127.228 243.693 116.465 91.500
 206 54.198 61.310 7.112 13.100
 308 35.2197 35.066 .1537 .400
 413 25.28 24.555 .725 2.800
 518 20.5937 18.892 1.7017 8.200
 619 16.5463 15.351 1.1953 7.200
 720 14.465 12.928 1.537 10.600
 206 120.586 700.889 580.303 481.200
 308 70.526 73.347 2.821 3.900
 413 46.344 38.698 7.646 16.400
 518 34.2357 26.282 7.9537 23.200
 619 26.539 19.898 6.641 25.000
 720 21.76 16.009 5.751 26.400
 102 114.224 136.642 22.418 19.600
 206 50.8163 51.215 .3987 .700
 308 32.8113 31.513 1.2983 3.900
 413 24.6153 22.758 1.8573 7.500
 518 18.8067 17.810 .9967 5.200
 619 15.8553 14.629 1.2263 7.700
 720 13.7807 12.413 1.3677 9.900
 206 68.1993 91.838 23.6387 34.600
 308 42.3917 43.298 .9063 2.100
 413 31.263 28.326 2.937 9.300
 518 24.568 21.048 3.520 14.300
 619 20.2783 16.745 3.5333 17.400
 720 17.5813 13.903 3.6783 20.900
 308 81.6223 87.260 5.6377 6.900
 413 61.099 42.252 18.847 30.800
 518 49.1773 27.875 21.3023 43.300
 619 39.8147 20.798 19.0167 47.700
 720 33.604 16.587 17.017 50.600
 308 86.3823 -4740.740  
 413 64.6147 83.360 18.7453 29.000
 518 51.2947 41.316 9.9787 19.400
 619 41.787 27.464 14.323 34.200
 720 36.0297 20.568 15.4617 42.900
 206 55.7787 127.189 71.4103 128.000
 308 35.32 49.827 14.507 41.000
 413 25.3887 30.982 5.5933 22.000
 518 20.5493 22.480 1.9307 9.300
 619 16.591 17.639 1.048 6.300
 720 14.3397 14.514 .1743 1.200
 206 122.352 137.578 15.226 12.400
 308 81.895 51.346 30.549 37.300
 413 60.3893 31.563 28.8263 47.700
 518 45.05 22.784 22.266 49.400
 619 35.4507 17.826 17.6247 49.700
 720 29.3827 14.640 14.7427 50.100
 206 124.495 172.768 48.273 38.700
 308 81.8787 55.570 26.3087 32.100
 413 62.1517 33.110 29.0417 46.700
 518 49.4643 23.579 25.8853 52.300
 619 40.7737 18.309 22.4647 55.000
 720 35.0133 14.964 20.0493 57.200
 206 123.518 128.578 5.060 4.000
 308 82.111 50.039 32.072 39.000
 413 56.2353 31.064 25.1713 44.700
 518 41.7197 22.523 19.1967 46.000
 619 32.579 17.666 14.913 45.700
 720 26.9073 14.532 12.3753 45.900
 102 226.619 143.096 83.523 36.800
 206 108.258 52.096 56.162 51.800
 308 71.07 31.844 39.226 55.100
 413 52.505 22.930 29.575 56.300
 518 41.6317 17.915 23.7167 56.900
 619 34.541 14.700 19.841 57.400
 720 29.731 12.464 17.267 58.000
 206 124.441 989.371 864.930 695.000
 308 84.945 75.655 9.290 10.900
 413 63.1537 39.331 23.8227 37.700
 518 50.1903 26.573 23.6173 47.000
 619 41.5333 20.064 21.4693 51.600
 720 35.281 16.117 19.164 54.300
 102 166.666 100.648 66.018 39.600
 206 79.2473 45.161 34.0863 43.000
 308 51.8303 29.112 22.7183 43.800
 413 38.622 21.479 17.143 44.300
 518 30.6023 17.017 13.5853 44.300
 619 25.4943 14.090 11.4043 44.700
 720 21.5857 12.022 9.5637 44.300
 102 250.799 677.696 426.897 170.200
 206 71.7897 73.085 1.2953 1.800
 308 38.4663 38.625 .1587 .400
 413 26.2457 26.249 .0033 0
 518 20.001 19.879 .122 .600
 619 16.071 15.997 .074 .400
 720 13.4697 13.383 .0867 .600
 206 125.176 256.128 130.952 104.600
 308 62.253 62.068 .185 .200
 413 35.945 35.312 .633 1.700
 518 25.0693 24.675 .3943 1.500
 619 19.3183 18.963 .3553 1.800
 720 16.8547 15.398 1.4567 8.600
 102 191.531 175.282 16.249 8.400
 206 92.7693 55.828 36.9413 39.800
 308 60.5723 33.201 27.3713 45.100
 413 42.0947 23.626 18.4687 43.800
 518 31.776 18.337 13.439 42.200
 619 25.791 14.983 10.808 41.900
 720 22.136 12.666 9.470 42.700
 206 124.434 78.890 45.544 36.600
 308 81.8463 40.188 41.6583 50.800
 413 60.9297 26.961 33.9687 55.700
 518 49.1637 20.285 28.8787 58.700
 619 40.3973 16.259 24.1383 59.700
 720 34.566 13.566 21.000 60.700
 518 39.3 -1796.491  
 619 30.441 85.834 55.393 181.900
 720 16.4043 41.915 25.5107 155.500
 102 132.225 150.876 18.651 14.100
 206 53.1113 53.092 .0193 0
 308 32.7453 32.214 .5313 1.600
 413 22.7017 23.121 .4193 1.800
 518 17.967 18.032 .065 .300
 619 14.844 14.779 .065 .400
 720 12.7357 12.520 .2157 1.600
 102 138.891 205.292 66.401 47.800
 206 54.5467 58.554 4.0073 7.300
 308 32.913 34.146 1.233 3.700
 413 23.1687 24.100 .9313 4.000
 518 18.1723 18.622 .4497 2.400
 619 14.919 15.173 .254 1.700
 720 12.761 12.801 .040 .300
 720 35.9423 903.795 867.8527 2414.500
 206 49.8027 58.094 8.2913 16.600
 308 30.8333 26.283 4.5503 14.700
 413 22.2187 16.983 5.2357 23.500
 518 14.7633 12.544 2.2193 15.000
 619 13.7223 9.945 3.7773 27.500
 720 12.9823 8.238 4.7443 36.500
 206 32.8277 47.946 15.1183 46.000
 308 20.2953 23.986 3.6907 18.100
 413 14.786 15.994 1.208 8.100
 518 11.744 11.996 .252 2.100
 619 9.69833 9.597 .10133 1.000
 720 8.29333 7.998 .29533 3.500
 102 144.242 133.689 10.553 7.300
 206 72.4583 35.319 37.1393 51.200
 308 47.6707 20.347 27.3237 57.300
 413 35.678 14.289 21.389 59.900
 518 24.9507 11.011 13.9397 55.800
 619 11.722 8.956 2.766 23.500
 720 11.3183 7.548 3.7703 33.300
 102 143.43 127.523 15.907 11.000
 206 42.892 34.873 8.019 18.600
 308 25.6687 20.198 5.4707 21.300
 413 17.5847 14.216 3.3687 19.100
 518 13.9173 10.967 2.9503 21.100
 619 10.7937 8.927 1.8667 17.200
 720 9.36967 7.527 1.84267 19.600
 619 39.176 466.302 427.126 1090.200
 720 27.5723 69.678 42.1057 152.700
 308 108.657 130.868 22.211 20.400
 413 77.1237 63.374 13.7497 17.800
 518 60.1813 41.810 18.3713 30.500
 619 48.4417 31.196 17.2457 35.600
 720 40.3217 24.879 15.4427 38.200
 102 283.59 267.969 15.621 5.500
 206 132.343 84.247 48.096 36.300
 308 85.0743 49.980 35.0943 41.200
 413 61.5943 35.529 26.0653 42.300
 518 48.0623 27.560 20.5023 42.600
 619 40.1777 22.511 17.6667 43.900
 720 34.077 19.025 15.052 44.100
 206 115.257 121.808 6.551 5.600
 308 57.6677 61.170 3.5023 6.000
 413 38.3637 40.840 2.4763 6.400
 518 29.3897 30.652 1.2623 4.200
 619 23.882 24.532 .650 2.700
 720 20.1817 20.450 .2683 1.300
 308 118.027 356.132 238.105 201.700
 413 60.3433 91.357 31.0137 51.300
 518 49.1723 52.399 3.2267 6.500
 619 32.7693 36.734 3.9647 12.000
 720 25.523 28.280 2.757 10.800
 206 111.471 143.847 32.376 29.000
 308 71.4413 66.269 5.1723 7.200
 413 51.9903 43.051 8.9393 17.100
 518 40.954 31.881 9.073 22.100
 619 33.802 25.313 8.489 25.100
 720 28.9983 20.989 8.0093 27.600
 206 185.441 151.913 33.528 18.000
 308 115.578 67.931 47.647 41.200
 413 81.3163 43.746 37.5703 46.200
 518 61.5197 32.261 29.2587 47.500
 619 49.3707 25.552 23.8187 48.200
 720 40.5513 21.153 19.3983 47.800
 206 129.413 141.215 11.802 9.100
 308 71.148 65.705 5.443 7.600
 413 49.3087 42.812 6.4967 13.100
 518 36.956 31.750 5.206 14.000
 619 30.0213 25.231 4.7903 15.900
 720 24.7613 20.932 3.8293 15.400
 518 27.4497 179.680 152.2303 554.500
 619 22.5237 56.266 33.7423 149.800
 720 19.2183 33.356 14.1377 73.500
 206 66.508 85.862 19.354 29.100
 308 36.1513 41.922 5.7707 15.900
 413 25.422 27.731 2.309 9.000
 518 19.6867 20.717 1.0303 5.200
 619 16.0877 16.535 .4473 2.700
 720 13.6383 13.758 .1197 .800
 102 96.888 114.811 17.923 18.400
 206 46.2213 47.808 1.5867 3.400
 308 30.658 30.189 .469 1.500
 413 22.9293 22.059 .8703 3.700
 518 18.318 17.379 .939 5.100
 619 15.195 14.337 .858 5.600
 720 13.0457 12.202 .8437 6.400
 206 53.5107 115.994 62.4833 116.700
 308 33.9337 48.012 14.0783 41.400
 413 23.684 30.270 6.586 27.800
 518 20.8827 22.103 1.2203 5.800
 619 15.1297 17.406 2.2763 15.000
 720 13.3027 14.356 1.0533 7.900
 102 120.867 109.682 11.185 9.200
 206 56.5843 46.895 9.6893 17.100
 308 36.833 29.822 7.011 19.000
 413 27.3917 21.863 5.5287 20.100
 518 21.7583 17.257 4.5013 20.600
 619 18.093 14.254 3.839 21.200
 720 15.448 12.141 3.307 21.400
 206 123.537 707.671 584.134 472.800
 308 52.672 73.420 20.748 39.300
 413 32.664 38.718 6.054 18.500
 518 23.3433 26.292 2.9487 12.600
 619 18.1473 19.903 1.7557 9.600
 720 15.152 16.013 .861 5.600
 308 82.648 203.457 120.809 146.100
 413 61.9777 58.404 3.5737 5.700
 518 49.6907 34.095 15.5957 31.300
 619 39.0557 24.075 14.9807 38.300
 720 20.0527 18.607 1.4457 7.200
 206 117.921 103.486 14.435 12.200
 308 72.7767 45.724 27.0527 37.100
 413 51.6597 29.345 22.3147 43.100
 518 39.1467 21.605 17.5417 44.800
 619 31.5883 17.096 14.4923 45.800
 720 26.4437 14.144 12.2997 46.500
 206 124.043 140.988 16.945 13.600
 308 82.2933 51.813 30.4803 37.000
 413 61.105 31.739 29.366 48.000
 518 49.584 22.876 26.708 53.800
 619 40.7823 17.882 22.9003 56.100
 720 35.0883 14.678 20.4103 58.100
 206 104.273 109.261 4.988 4.700
 308 62.843 46.817 16.026 25.500
 413 44.051 29.791 14.260 32.300
 518 33.6753 21.846 11.8293 35.100
 619 26.9417 17.247 9.6947 35.900
 720 22.8313 14.247 8.5843 37.500
 102 248.35 188.269 60.081 24.100
 206 123.868 57.082 66.786 53.900
 308 82.3047 33.641 48.6637 59.100
 413 61.4027 23.847 37.5557 61.100
 518 49.1317 18.470 30.6617 62.400
 619 40.2163 15.072 25.1443 62.500
 720 33.9637 12.730 21.2337 62.500
 308 85.6653 630.153 544.4877 635.500
 413 63.8637 72.495 8.6313 13.500
 518 50.3387 38.460 11.8787 23.500
 619 41.5367 26.172 15.3647 36.900
 720 35.892 19.835 16.057 44.700
 102 187.05 104.767 82.283 43.900
 206 90.619 45.972 44.647 49.200
 308 59.3587 29.447 29.9117 50.300
 413 43.6317 21.660 21.9717 50.300
 518 34.3407 17.131 17.2097 50.100
 619 28.447 14.168 14.279 50.100
 720 23.9067 12.079 11.8277 49.400
 413 63.6613 90.547 26.8857 42.200
 518 50.347 43.008 7.339 14.500
 619 40.8047 28.202 12.6027 30.800
 720 31.1123 20.979 10.1333 32.500
