 102 108.102 135.003 26.901 24.800
 206 47.128 50.983 3.855 8.100
 308 28.9287 31.425 2.4963 8.600
 413 21.856 22.712 .856 3.900
 518 17.4393 17.782 .3427 1.900
 619 14.504 14.610 .106 .700
 720 12.347 12.399 .052 .400
 720 36.0627 114.336 78.2733 217.000
 102 175.43 265.629 90.199 51.400
 206 122.194 62.610 59.584 48.700
 308 81.276 35.487 45.789 56.300
 413 61.4057 24.761 36.6447 59.600
 518 48.1167 19.014 29.1027 60.400
 619 40.4953 15.432 25.0633 61.800
 720 35.1177 12.985 22.1327 63.000
 102 147.845 192.952 45.107 30.500
 206 66.8337 57.505 9.3287 13.900
 308 42.774 33.787 8.987 21.000
 413 32.23 23.921 8.309 25.700
 518 24.5423 18.514 6.0283 24.500
 619 19.8797 15.101 4.7787 24.000
 720 16.0757 12.751 3.3247 20.600
 206 119.981 260.096 140.115 116.700
 308 61.4777 62.298 .8203 1.300
 413 43.0017 35.387 7.6147 17.700
 518 33.232 24.712 8.520 25.600
 619 24.3617 18.985 5.3767 22.000
 720 17.231 15.413 1.818 10.500
 102 127.228 331.177 203.949 160.300
 206 54.198 65.674 11.476 21.100
 308 35.2197 36.451 1.2313 3.400
 413 25.28 25.226 .054 .200
 518 20.5937 19.287 1.3067 6.300
 619 16.5463 15.611 .9353 5.600
 720 14.465 13.112 1.353 9.300
 308 70.526 133.996 63.470 89.900
 413 46.344 50.839 4.495 9.600
 518 34.2357 31.370 2.8657 8.300
 619 26.539 22.683 3.856 14.500
 720 21.76 17.764 3.996 18.300
 102 114.224 1914.018 1799.794 1575.600
 206 50.8163 78.557 27.7407 54.500
 308 32.8113 40.101 7.2897 22.200
 413 24.6153 26.922 2.3067 9.300
 518 18.8067 20.263 1.4563 7.700
 619 15.8553 16.244 .3887 2.400
 720 13.7807 13.556 .2247 1.600
 206 68.1993 122.590 54.3907 79.700
 308 42.3917 49.105 6.7133 15.800
 413 31.263 30.701 .562 1.700
 518 24.568 22.332 2.236 9.100
 619 20.2783 17.548 2.7303 13.400
 720 17.5813 14.452 3.1293 17.700
 308 81.6223 104.372 22.7497 27.800
 413 61.099 45.896 15.203 24.800
 518 49.1773 29.415 19.7623 40.100
 619 39.8147 21.644 18.1707 45.600
 720 33.604 17.120 16.484 49.000
 518 51.2947 853.333 802.0383 1563.500
 619 41.787 74.744 32.957 78.800
 720 36.0297 39.083 3.0533 8.400
 206 55.7787 138.135 82.3563 147.600
 308 35.32 51.423 16.103 45.500
 413 25.3887 31.592 6.2033 24.400
 518 20.5493 22.799 2.2497 10.900
 619 16.591 17.835 1.244 7.400
 720 14.3397 14.646 .3063 2.100
 206 122.352 144.083 21.731 17.700
 308 81.895 52.226 29.669 36.200
 413 60.3893 31.893 28.4963 47.100
 518 45.05 22.956 22.094 49.000
 619 35.4507 17.931 17.5197 49.400
 720 29.3827 14.711 14.6717 49.900
 206 124.495 371.418 246.923 198.300
 308 81.8787 67.116 14.7627 18.000
 413 62.1517 36.891 25.2607 40.600
 518 49.4643 25.436 24.0283 48.500
 619 40.7737 19.409 21.3647 52.300
 720 35.0133 15.691 19.3223 55.100
 206 123.518 134.577 11.059 8.900
 308 82.111 50.922 31.189 37.900
 413 56.2353 31.402 24.8333 44.100
 518 41.7197 22.700 19.0197 45.500
 619 32.579 17.775 14.804 45.400
 720 26.9073 14.605 12.3023 45.700
 102 226.619 158.636 67.983 29.900
 206 108.258 54.022 54.236 50.000
 308 71.07 32.554 38.516 54.100
 413 52.505 23.296 29.209 55.600
 518 41.6317 18.138 23.4937 56.400
 619 34.541 14.850 19.691 57.000
 720 29.731 12.571 17.160 57.700
 308 84.945 95.096 10.151 11.900
 413 63.1537 44.008 19.1457 30.300
 518 50.1903 28.628 21.5623 42.900
 619 41.5333 21.214 20.3193 48.900
 720 35.281 16.850 18.431 52.200
 102 166.666 116.641 50.025 30.000
 206 79.2473 48.122 31.1253 39.200
 308 51.8303 30.314 21.5163 41.500
 413 38.622 22.126 16.496 42.700
 518 30.6023 17.421 13.1813 43.000
 619 25.4943 14.366 11.1283 43.600
 720 21.5857 12.222 9.3637 43.300
 102 250.799 743.645 492.846 196.500
 206 71.7897 73.791 2.0013 2.700
 308 38.4663 38.821 .3547 .900
 413 26.2457 26.339 .0933 .300
 518 20.001 19.931 .070 .300
 619 16.071 16.030 .041 .200
 720 13.4697 13.407 .0627 .400
 206 125.176 273.577 148.401 118.500
 308 62.253 63.042 .789 1.200
 413 35.945 35.626 .319 .800
 518 25.0693 24.828 .2413 .900
 619 19.3183 19.053 .2653 1.300
 720 16.8547 15.458 1.3967 8.200
 206 92.7693 90.796 1.9733 2.100
 308 60.5723 43.065 17.5073 28.900
 413 42.0947 28.226 13.8687 32.900
 518 31.776 20.993 10.783 33.900
 619 25.791 16.710 9.081 35.200
 720 22.136 13.879 8.257 37.300
 308 81.8463 102.904 21.0577 25.700
 413 60.9297 45.610 15.3197 25.100
 518 49.1637 29.298 19.8657 40.400
 619 40.3973 21.580 18.8173 46.500
 720 34.566 17.080 17.486 50.500
 102 132.225 207.918 75.693 57.200
 206 53.1113 58.766 5.6547 10.600
 308 32.7453 34.218 1.4727 4.400
 413 22.7017 24.136 1.4343 6.300
 518 17.967 18.643 .676 3.700
 619 14.844 15.187 .343 2.300
 720 12.7357 12.812 .0763 .500
 102 138.891 448.140 309.249 222.600
 206 54.5467 69.259 14.7123 26.900
 308 32.913 37.529 4.616 14.000
 413 23.1687 25.738 2.5693 11.000
 518 18.1723 19.584 1.4117 7.700
 619 14.919 15.806 .887 5.900
 720 12.761 13.249 .488 3.800
 720 35.9423 483.703 447.7607 1245.700
 206 49.8027 96.813 47.0103 94.300
 308 30.8333 44.373 13.5397 43.900
 413 22.2187 28.782 6.5633 29.500
 518 14.7633 21.299 6.5357 44.200
 619 13.7223 16.904 3.1817 23.100
 720 12.9823 14.012 1.0297 7.900
 102 93.3923 892.763 799.3707 855.900
 206 32.8277 75.034 42.2063 128.500
 308 20.2953 39.163 18.8677 92.900
 413 14.786 26.496 11.710 79.100
 518 11.744 20.020 8.276 70.400
 619 9.69833 16.088 6.38967 65.800
 720 8.29333 13.447 5.15367 62.100
 102 144.242 195.643 51.401 35.600
 206 72.4583 57.742 14.7163 20.300
 308 47.6707 33.869 13.8017 28.900
 413 35.678 23.962 11.716 32.800
 518 24.9507 18.539 6.4117 25.600
 619 11.722 15.117 3.395 28.900
 720 11.3183 12.762 1.4437 12.700
 102 143.43 222.899 79.469 55.400
 206 42.892 59.904 17.012 39.600
 308 25.6687 34.601 8.9323 34.700
 413 17.5847 24.326 6.7413 38.300
 518 13.9173 18.756 4.8387 34.700
 619 10.7937 15.262 4.4683 41.300
 720 9.36967 12.865 3.49533 37.300
 413 62.455 1768.566 1706.111 2731.700
 518 49.2197 78.293 29.0733 59.000
 619 39.176 40.032 .856 2.100
 720 27.5723 26.891 .6813 2.400
 206 177.39 411.741 234.351 132.100
 308 108.657 68.325 40.332 37.100
 413 77.1237 37.253 39.8707 51.600
 518 60.1813 25.608 34.5733 57.400
 619 48.4417 19.509 28.9327 59.700
 720 40.3217 15.756 24.5657 60.900
 206 132.343 81.173 51.170 38.600
 308 85.0743 40.772 44.3023 52.000
 413 61.5943 27.223 34.3713 55.800
 518 48.0623 20.433 27.6293 57.400
 619 40.1777 16.353 23.8247 59.200
 720 34.077 13.632 20.445 59.900
 206 115.257 133.716 18.459 16.000
 308 57.6677 50.798 6.8697 11.900
 413 38.3637 31.355 7.0087 18.200
 518 29.3897 22.675 6.7147 22.800
 619 23.882 17.759 6.123 25.600
 720 20.1817 14.595 5.5867 27.600
 413 60.3433 118.395 58.0517 96.200
 518 49.1723 48.418 .7543 1.500
 619 32.7693 30.431 2.3383 7.100
 720 25.523 22.188 3.335 13.000
 102 246.13 317.913 71.783 29.100
 206 111.471 65.135 46.336 41.500
 308 71.4413 36.285 35.1563 49.200
 413 51.9903 25.146 26.8443 51.600
 518 40.954 19.240 21.714 53.000
 619 33.802 15.581 18.221 53.900
 720 28.9983 13.091 15.9073 54.800
 206 185.441 786.482 601.041 324.100
 308 115.578 74.192 41.386 35.800
 413 81.3163 38.932 42.3843 52.100
 518 61.5197 26.390 35.1297 57.100
 619 49.3707 19.960 29.4107 59.500
 720 40.5513 16.049 24.5023 60.400
 206 129.413 100.757 28.656 22.100
 308 71.148 45.183 25.965 36.400
 413 49.3087 29.121 20.1877 40.900
 518 36.956 21.484 15.472 41.800
 619 30.0213 17.020 13.0013 43.300
 720 24.7613 14.092 10.6693 43.000
 308 48.082 173.383 125.301 260.500
 413 34.814 55.634 20.820 59.800
 518 27.4497 33.132 5.6823 20.700
 619 22.5237 23.591 1.0673 4.700
 720 19.2183 18.316 .9023 4.600
 206 66.508 79.238 12.730 19.100
 308 36.1513 40.278 4.1267 11.400
 413 25.422 27.002 1.580 6.200
 518 19.6867 20.308 .6213 3.100
 619 16.0877 16.273 .1853 1.100
 720 13.6383 13.576 .0623 .400
 102 96.888 103.507 6.619 6.800
 206 46.2213 45.728 .4933 1.000
 308 30.658 29.346 1.312 4.200
 413 22.9293 21.606 1.3233 5.700
 518 18.318 17.097 1.221 6.600
 619 15.195 14.145 1.050 6.900
 720 13.0457 12.062 .9837 7.500
 206 53.5107 107.937 54.4263 101.700
 308 33.9337 46.572 12.6383 37.200
 413 23.684 29.692 6.008 25.300
 518 20.8827 21.793 .9103 4.300
 619 15.1297 17.213 2.0833 13.700
 720 13.3027 14.224 .9213 6.900
 102 120.867 98.898 21.969 18.100
 206 56.5843 44.806 11.7783 20.800
 308 36.833 28.964 7.869 21.300
 413 27.3917 21.398 5.9937 21.800
 518 21.7583 16.966 4.7923 22.000
 619 18.093 14.055 4.038 22.300
 720 15.448 11.997 3.451 22.300
 308 52.672 86.764 34.092 64.700
 413 32.664 42.136 9.472 28.900
 518 23.3433 27.824 4.4807 19.100
 619 18.1473 20.769 2.6217 14.400
 720 15.152 16.569 1.417 9.300
 518 49.6907 184.737 135.0463 271.700
 619 39.0557 56.753 17.6973 45.300
 720 20.0527 33.526 13.4733 67.100
 206 117.921 272.703 154.782 131.200
 308 72.7767 62.996 9.7807 13.400
 413 51.6597 35.611 16.0487 31.000
 518 39.1467 24.821 14.3257 36.500
 619 31.5883 19.049 12.5393 39.600
 720 26.4437 15.455 10.9887 41.500
 308 82.2933 94.473 12.1797 14.800
 413 61.105 43.875 17.230 28.100
 518 49.584 28.572 21.012 42.300
 619 40.7823 21.183 19.5993 48.000
 720 35.0883 16.831 18.2573 52.000
 206 104.273 186.929 82.656 79.200
 308 62.843 56.958 5.885 9.300
 413 44.051 33.598 10.453 23.700
 518 33.6753 23.826 9.8493 29.200
 619 26.9417 18.457 8.4847 31.400
 720 22.8313 15.063 7.7683 34.000
 206 123.868 82.894 40.974 33.000
 308 82.3047 41.202 41.1027 49.900
 413 61.4027 27.414 33.9887 55.300
 518 49.1317 20.540 28.5917 58.100
 619 40.2163 16.422 23.7943 59.100
 720 33.9637 13.680 20.2837 59.700
 413 63.8637 262.496 198.6323 311.000
 518 50.3387 62.435 12.0963 24.000
 619 41.5367 35.431 6.1057 14.600
 720 35.892 24.733 11.159 31.000
 102 187.05 119.556 67.494 36.000
 206 90.619 48.611 42.008 46.300
 308 59.3587 30.507 28.8517 48.600
 413 43.6317 22.229 21.4027 49.000
 518 34.3407 17.484 16.8567 49.000
 619 28.447 14.409 14.038 49.300
 720 23.9067 12.253 11.6537 48.700
 308 86.78 431.885 345.105 397.600
 413 63.6613 68.858 5.1967 8.100
 518 50.347 37.411 12.936 25.600
 619 40.8047 25.682 15.1227 37.000
 720 31.1123 19.552 11.5603 37.100
 102 108.102 135.003 26.901 24.800
 206 47.128 50.983 3.855 8.100
 308 28.9287 31.425 2.4963 8.600
 413 21.856 22.712 .856 3.900
 518 17.4393 17.782 .3427 1.900
 619 14.504 14.610 .106 .700
 720 12.347 12.399 .052 .400
 720 36.0627 114.336 78.2733 217.000
 102 175.43 265.629 90.199 51.400
 206 122.194 62.610 59.584 48.700
 308 81.276 35.487 45.789 56.300
 413 61.4057 24.761 36.6447 59.600
 518 48.1167 19.014 29.1027 60.400
 619 40.4953 15.432 25.0633 61.800
 720 35.1177 12.985 22.1327 63.000
 102 147.845 192.952 45.107 30.500
 206 66.8337 57.505 9.3287 13.900
 308 42.774 33.787 8.987 21.000
 413 32.23 23.921 8.309 25.700
 518 24.5423 18.514 6.0283 24.500
 619 19.8797 15.101 4.7787 24.000
 720 16.0757 12.751 3.3247 20.600
 206 119.981 260.096 140.115 116.700
 308 61.4777 62.298 .8203 1.300
 413 43.0017 35.387 7.6147 17.700
 518 33.232 24.712 8.520 25.600
 619 24.3617 18.985 5.3767 22.000
 720 17.231 15.413 1.818 10.500
 102 127.228 331.177 203.949 160.300
 206 54.198 65.674 11.476 21.100
 308 35.2197 36.451 1.2313 3.400
 413 25.28 25.226 .054 .200
 518 20.5937 19.287 1.3067 6.300
 619 16.5463 15.611 .9353 5.600
 720 14.465 13.112 1.353 9.300
 308 70.526 133.996 63.470 89.900
 413 46.344 50.839 4.495 9.600
 518 34.2357 31.370 2.8657 8.300
 619 26.539 22.683 3.856 14.500
 720 21.76 17.764 3.996 18.300
 102 114.224 1914.018 1799.794 1575.600
 206 50.8163 78.557 27.7407 54.500
 308 32.8113 40.101 7.2897 22.200
 413 24.6153 26.922 2.3067 9.300
 518 18.8067 20.263 1.4563 7.700
 619 15.8553 16.244 .3887 2.400
 720 13.7807 13.556 .2247 1.600
 206 68.1993 122.590 54.3907 79.700
 308 42.3917 49.105 6.7133 15.800
 413 31.263 30.701 .562 1.700
 518 24.568 22.332 2.236 9.100
 619 20.2783 17.548 2.7303 13.400
 720 17.5813 14.452 3.1293 17.700
 308 81.6223 104.372 22.7497 27.800
 413 61.099 45.896 15.203 24.800
 518 49.1773 29.415 19.7623 40.100
 619 39.8147 21.644 18.1707 45.600
 720 33.604 17.120 16.484 49.000
 518 51.2947 853.333 802.0383 1563.500
 619 41.787 74.744 32.957 78.800
 720 36.0297 39.083 3.0533 8.400
 206 55.7787 138.135 82.3563 147.600
 308 35.32 51.423 16.103 45.500
 413 25.3887 31.592 6.2033 24.400
 518 20.5493 22.799 2.2497 10.900
 619 16.591 17.835 1.244 7.400
 720 14.3397 14.646 .3063 2.100
 206 122.352 144.083 21.731 17.700
 308 81.895 52.226 29.669 36.200
 413 60.3893 31.893 28.4963 47.100
 518 45.05 22.956 22.094 49.000
 619 35.4507 17.931 17.5197 49.400
 720 29.3827 14.711 14.6717 49.900
 206 124.495 371.418 246.923 198.300
 308 81.8787 67.116 14.7627 18.000
 413 62.1517 36.891 25.2607 40.600
 518 49.4643 25.436 24.0283 48.500
 619 40.7737 19.409 21.3647 52.300
 720 35.0133 15.691 19.3223 55.100
 206 123.518 134.577 11.059 8.900
 308 82.111 50.922 31.189 37.900
 413 56.2353 31.402 24.8333 44.100
 518 41.7197 22.700 19.0197 45.500
 619 32.579 17.775 14.804 45.400
 720 26.9073 14.605 12.3023 45.700
 102 226.619 158.636 67.983 29.900
 206 108.258 54.022 54.236 50.000
 308 71.07 32.554 38.516 54.100
 413 52.505 23.296 29.209 55.600
 518 41.6317 18.138 23.4937 56.400
 619 34.541 14.850 19.691 57.000
 720 29.731 12.571 17.160 57.700
 308 84.945 95.096 10.151 11.900
 413 63.1537 44.008 19.1457 30.300
 518 50.1903 28.628 21.5623 42.900
 619 41.5333 21.214 20.3193 48.900
 720 35.281 16.850 18.431 52.200
 102 166.666 116.641 50.025 30.000
 206 79.2473 48.122 31.1253 39.200
 308 51.8303 30.314 21.5163 41.500
 413 38.622 22.126 16.496 42.700
 518 30.6023 17.421 13.1813 43.000
 619 25.4943 14.366 11.1283 43.600
 720 21.5857 12.222 9.3637 43.300
 102 250.799 743.645 492.846 196.500
 206 71.7897 73.791 2.0013 2.700
 308 38.4663 38.821 .3547 .900
 413 26.2457 26.339 .0933 .300
 518 20.001 19.931 .070 .300
 619 16.071 16.030 .041 .200
 720 13.4697 13.407 .0627 .400
 206 125.176 273.577 148.401 118.500
 308 62.253 63.042 .789 1.200
 413 35.945 35.626 .319 .800
 518 25.0693 24.828 .2413 .900
 619 19.3183 19.053 .2653 1.300
 720 16.8547 15.458 1.3967 8.200
 206 92.7693 90.796 1.9733 2.100
 308 60.5723 43.065 17.5073 28.900
 413 42.0947 28.226 13.8687 32.900
 518 31.776 20.993 10.783 33.900
 619 25.791 16.710 9.081 35.200
 720 22.136 13.879 8.257 37.300
 308 81.8463 102.904 21.0577 25.700
 413 60.9297 45.610 15.3197 25.100
 518 49.1637 29.298 19.8657 40.400
 619 40.3973 21.580 18.8173 46.500
 720 34.566 17.080 17.486 50.500
 102 132.225 207.918 75.693 57.200
 206 53.1113 58.766 5.6547 10.600
 308 32.7453 34.218 1.4727 4.400
 413 22.7017 24.136 1.4343 6.300
 518 17.967 18.643 .676 3.700
 619 14.844 15.187 .343 2.300
 720 12.7357 12.812 .0763 .500
 102 138.891 448.140 309.249 222.600
 206 54.5467 69.259 14.7123 26.900
 308 32.913 37.529 4.616 14.000
 413 23.1687 25.738 2.5693 11.000
 518 18.1723 19.584 1.4117 7.700
 619 14.919 15.806 .887 5.900
 720 12.761 13.249 .488 3.800
 720 35.9423 483.703 447.7607 1245.700
 206 49.8027 96.813 47.0103 94.300
 308 30.8333 44.373 13.5397 43.900
 413 22.2187 28.782 6.5633 29.500
 518 14.7633 21.299 6.5357 44.200
 619 13.7223 16.904 3.1817 23.100
 720 12.9823 14.012 1.0297 7.900
 102 93.3923 892.763 799.3707 855.900
 206 32.8277 75.034 42.2063 128.500
 308 20.2953 39.163 18.8677 92.900
 413 14.786 26.496 11.710 79.100
 518 11.744 20.020 8.276 70.400
 619 9.69833 16.088 6.38967 65.800
 720 8.29333 13.447 5.15367 62.100
 102 144.242 195.643 51.401 35.600
 206 72.4583 57.742 14.7163 20.300
 308 47.6707 33.869 13.8017 28.900
 413 35.678 23.962 11.716 32.800
 518 24.9507 18.539 6.4117 25.600
 619 11.722 15.117 3.395 28.900
 720 11.3183 12.762 1.4437 12.700
 102 143.43 222.899 79.469 55.400
 206 42.892 59.904 17.012 39.600
 308 25.6687 34.601 8.9323 34.700
 413 17.5847 24.326 6.7413 38.300
 518 13.9173 18.756 4.8387 34.700
 619 10.7937 15.262 4.4683 41.300
 720 9.36967 12.865 3.49533 37.300
 413 62.455 1768.566 1706.111 2731.700
 518 49.2197 78.293 29.0733 59.000
 619 39.176 40.032 .856 2.100
 720 27.5723 26.891 .6813 2.400
 206 177.39 411.741 234.351 132.100
 308 108.657 68.325 40.332 37.100
 413 77.1237 37.253 39.8707 51.600
 518 60.1813 25.608 34.5733 57.400
 619 48.4417 19.509 28.9327 59.700
 720 40.3217 15.756 24.5657 60.900
 206 132.343 81.173 51.170 38.600
 308 85.0743 40.772 44.3023 52.000
 413 61.5943 27.223 34.3713 55.800
 518 48.0623 20.433 27.6293 57.400
 619 40.1777 16.353 23.8247 59.200
 720 34.077 13.632 20.445 59.900
 206 115.257 133.716 18.459 16.000
 308 57.6677 50.798 6.8697 11.900
 413 38.3637 31.355 7.0087 18.200
 518 29.3897 22.675 6.7147 22.800
 619 23.882 17.759 6.123 25.600
 720 20.1817 14.595 5.5867 27.600
 413 60.3433 118.395 58.0517 96.200
 518 49.1723 48.418 .7543 1.500
 619 32.7693 30.431 2.3383 7.100
 720 25.523 22.188 3.335 13.000
 102 246.13 317.913 71.783 29.100
 206 111.471 65.135 46.336 41.500
 308 71.4413 36.285 35.1563 49.200
 413 51.9903 25.146 26.8443 51.600
 518 40.954 19.240 21.714 53.000
 619 33.802 15.581 18.221 53.900
 720 28.9983 13.091 15.9073 54.800
 206 185.441 786.482 601.041 324.100
 308 115.578 74.192 41.386 35.800
 413 81.3163 38.932 42.3843 52.100
 518 61.5197 26.390 35.1297 57.100
 619 49.3707 19.960 29.4107 59.500
 720 40.5513 16.049 24.5023 60.400
 206 129.413 100.757 28.656 22.100
 308 71.148 45.183 25.965 36.400
 413 49.3087 29.121 20.1877 40.900
 518 36.956 21.484 15.472 41.800
 619 30.0213 17.020 13.0013 43.300
 720 24.7613 14.092 10.6693 43.000
 308 48.082 173.383 125.301 260.500
 413 34.814 55.634 20.820 59.800
 518 27.4497 33.132 5.6823 20.700
 619 22.5237 23.591 1.0673 4.700
 720 19.2183 18.316 .9023 4.600
 206 66.508 79.238 12.730 19.100
 308 36.1513 40.278 4.1267 11.400
 413 25.422 27.002 1.580 6.200
 518 19.6867 20.308 .6213 3.100
 619 16.0877 16.273 .1853 1.100
 720 13.6383 13.576 .0623 .400
 102 96.888 103.507 6.619 6.800
 206 46.2213 45.728 .4933 1.000
 308 30.658 29.346 1.312 4.200
 413 22.9293 21.606 1.3233 5.700
 518 18.318 17.097 1.221 6.600
 619 15.195 14.145 1.050 6.900
 720 13.0457 12.062 .9837 7.500
 206 53.5107 107.937 54.4263 101.700
 308 33.9337 46.572 12.6383 37.200
 413 23.684 29.692 6.008 25.300
 518 20.8827 21.793 .9103 4.300
 619 15.1297 17.213 2.0833 13.700
 720 13.3027 14.224 .9213 6.900
 102 120.867 98.898 21.969 18.100
 206 56.5843 44.806 11.7783 20.800
 308 36.833 28.964 7.869 21.300
 413 27.3917 21.398 5.9937 21.800
 518 21.7583 16.966 4.7923 22.000
 619 18.093 14.055 4.038 22.300
 720 15.448 11.997 3.451 22.300
 308 52.672 86.764 34.092 64.700
 413 32.664 42.136 9.472 28.900
 518 23.3433 27.824 4.4807 19.100
 619 18.1473 20.769 2.6217 14.400
 720 15.152 16.569 1.417 9.300
 518 49.6907 184.737 135.0463 271.700
 619 39.0557 56.753 17.6973 45.300
 720 20.0527 33.526 13.4733 67.100
 206 117.921 272.703 154.782 131.200
 308 72.7767 62.996 9.7807 13.400
 413 51.6597 35.611 16.0487 31.000
 518 39.1467 24.821 14.3257 36.500
 619 31.5883 19.049 12.5393 39.600
 720 26.4437 15.455 10.9887 41.500
 308 82.2933 94.473 12.1797 14.800
 413 61.105 43.875 17.230 28.100
 518 49.584 28.572 21.012 42.300
 619 40.7823 21.183 19.5993 48.000
 720 35.0883 16.831 18.2573 52.000
 206 104.273 186.929 82.656 79.200
 308 62.843 56.958 5.885 9.300
 413 44.051 33.598 10.453 23.700
 518 33.6753 23.826 9.8493 29.200
 619 26.9417 18.457 8.4847 31.400
 720 22.8313 15.063 7.7683 34.000
 206 123.868 82.894 40.974 33.000
 308 82.3047 41.202 41.1027 49.900
 413 61.4027 27.414 33.9887 55.300
 518 49.1317 20.540 28.5917 58.100
 619 40.2163 16.422 23.7943 59.100
 720 33.9637 13.680 20.2837 59.700
 413 63.8637 262.496 198.6323 311.000
 518 50.3387 62.435 12.0963 24.000
 619 41.5367 35.431 6.1057 14.600
 720 35.892 24.733 11.159 31.000
 102 187.05 119.556 67.494 36.000
 206 90.619 48.611 42.008 46.300
 308 59.3587 30.507 28.8517 48.600
 413 43.6317 22.229 21.4027 49.000
 518 34.3407 17.484 16.8567 49.000
 619 28.447 14.409 14.038 49.300
 720 23.9067 12.253 11.6537 48.700
 308 86.78 431.885 345.105 397.600
 413 63.6613 68.858 5.1967 8.100
 518 50.347 37.411 12.936 25.600
 619 40.8047 25.682 15.1227 37.000
 720 31.1123 19.552 11.5603 37.100
 102 108.102 135.003 26.901 24.800
 206 47.128 50.983 3.855 8.100
 308 28.9287 31.425 2.4963 8.600
 413 21.856 22.712 .856 3.900
 518 17.4393 17.782 .3427 1.900
 619 14.504 14.610 .106 .700
 720 12.347 12.399 .052 .400
 720 36.0627 114.336 78.2733 217.000
 102 175.43 265.629 90.199 51.400
 206 122.194 62.610 59.584 48.700
 308 81.276 35.487 45.789 56.300
 413 61.4057 24.761 36.6447 59.600
 518 48.1167 19.014 29.1027 60.400
 619 40.4953 15.432 25.0633 61.800
 720 35.1177 12.985 22.1327 63.000
 102 147.845 192.952 45.107 30.500
 206 66.8337 57.505 9.3287 13.900
 308 42.774 33.787 8.987 21.000
 413 32.23 23.921 8.309 25.700
 518 24.5423 18.514 6.0283 24.500
 619 19.8797 15.101 4.7787 24.000
 720 16.0757 12.751 3.3247 20.600
 206 119.981 260.096 140.115 116.700
 308 61.4777 62.298 .8203 1.300
 413 43.0017 35.387 7.6147 17.700
 518 33.232 24.712 8.520 25.600
 619 24.3617 18.985 5.3767 22.000
 720 17.231 15.413 1.818 10.500
 102 127.228 331.177 203.949 160.300
 206 54.198 65.674 11.476 21.100
 308 35.2197 36.451 1.2313 3.400
 413 25.28 25.226 .054 .200
 518 20.5937 19.287 1.3067 6.300
 619 16.5463 15.611 .9353 5.600
 720 14.465 13.112 1.353 9.300
 308 70.526 133.996 63.470 89.900
 413 46.344 50.839 4.495 9.600
 518 34.2357 31.370 2.8657 8.300
 619 26.539 22.683 3.856 14.500
 720 21.76 17.764 3.996 18.300
 102 114.224 1914.018 1799.794 1575.600
 206 50.8163 78.557 27.7407 54.500
 308 32.8113 40.101 7.2897 22.200
 413 24.6153 26.922 2.3067 9.300
 518 18.8067 20.263 1.4563 7.700
 619 15.8553 16.244 .3887 2.400
 720 13.7807 13.556 .2247 1.600
 206 68.1993 122.590 54.3907 79.700
 308 42.3917 49.105 6.7133 15.800
 413 31.263 30.701 .562 1.700
 518 24.568 22.332 2.236 9.100
 619 20.2783 17.548 2.7303 13.400
 720 17.5813 14.452 3.1293 17.700
 308 81.6223 104.372 22.7497 27.800
 413 61.099 45.896 15.203 24.800
 518 49.1773 29.415 19.7623 40.100
 619 39.8147 21.644 18.1707 45.600
 720 33.604 17.120 16.484 49.000
 518 51.2947 853.333 802.0383 1563.500
 619 41.787 74.744 32.957 78.800
 720 36.0297 39.083 3.0533 8.400
 206 55.7787 138.135 82.3563 147.600
 308 35.32 51.423 16.103 45.500
 413 25.3887 31.592 6.2033 24.400
 518 20.5493 22.799 2.2497 10.900
 619 16.591 17.835 1.244 7.400
 720 14.3397 14.646 .3063 2.100
 206 122.352 144.083 21.731 17.700
 308 81.895 52.226 29.669 36.200
 413 60.3893 31.893 28.4963 47.100
 518 45.05 22.956 22.094 49.000
 619 35.4507 17.931 17.5197 49.400
 720 29.3827 14.711 14.6717 49.900
 206 124.495 371.418 246.923 198.300
 308 81.8787 67.116 14.7627 18.000
 413 62.1517 36.891 25.2607 40.600
 518 49.4643 25.436 24.0283 48.500
 619 40.7737 19.409 21.3647 52.300
 720 35.0133 15.691 19.3223 55.100
 206 123.518 134.577 11.059 8.900
 308 82.111 50.922 31.189 37.900
 413 56.2353 31.402 24.8333 44.100
 518 41.7197 22.700 19.0197 45.500
 619 32.579 17.775 14.804 45.400
 720 26.9073 14.605 12.3023 45.700
 102 226.619 158.636 67.983 29.900
 206 108.258 54.022 54.236 50.000
 308 71.07 32.554 38.516 54.100
 413 52.505 23.296 29.209 55.600
 518 41.6317 18.138 23.4937 56.400
 619 34.541 14.850 19.691 57.000
 720 29.731 12.571 17.160 57.700
 308 84.945 95.096 10.151 11.900
 413 63.1537 44.008 19.1457 30.300
 518 50.1903 28.628 21.5623 42.900
 619 41.5333 21.214 20.3193 48.900
 720 35.281 16.850 18.431 52.200
 102 166.666 116.641 50.025 30.000
 206 79.2473 48.122 31.1253 39.200
 308 51.8303 30.314 21.5163 41.500
 413 38.622 22.126 16.496 42.700
 518 30.6023 17.421 13.1813 43.000
 619 25.4943 14.366 11.1283 43.600
 720 21.5857 12.222 9.3637 43.300
 102 250.799 743.645 492.846 196.500
 206 71.7897 73.791 2.0013 2.700
 308 38.4663 38.821 .3547 .900
 413 26.2457 26.339 .0933 .300
 518 20.001 19.931 .070 .300
 619 16.071 16.030 .041 .200
 720 13.4697 13.407 .0627 .400
 206 125.176 273.577 148.401 118.500
 308 62.253 63.042 .789 1.200
 413 35.945 35.626 .319 .800
 518 25.0693 24.828 .2413 .900
 619 19.3183 19.053 .2653 1.300
 720 16.8547 15.458 1.3967 8.200
 206 92.7693 90.796 1.9733 2.100
 308 60.5723 43.065 17.5073 28.900
 413 42.0947 28.226 13.8687 32.900
 518 31.776 20.993 10.783 33.900
 619 25.791 16.710 9.081 35.200
 720 22.136 13.879 8.257 37.300
 308 81.8463 102.904 21.0577 25.700
 413 60.9297 45.610 15.3197 25.100
 518 49.1637 29.298 19.8657 40.400
 619 40.3973 21.580 18.8173 46.500
 720 34.566 17.080 17.486 50.500
 102 132.225 207.918 75.693 57.200
 206 53.1113 58.766 5.6547 10.600
 308 32.7453 34.218 1.4727 4.400
 413 22.7017 24.136 1.4343 6.300
 518 17.967 18.643 .676 3.700
 619 14.844 15.187 .343 2.300
 720 12.7357 12.812 .0763 .500
 102 138.891 448.140 309.249 222.600
 206 54.5467 69.259 14.7123 26.900
 308 32.913 37.529 4.616 14.000
 413 23.1687 25.738 2.5693 11.000
 518 18.1723 19.584 1.4117 7.700
 619 14.919 15.806 .887 5.900
 720 12.761 13.249 .488 3.800
 720 35.9423 483.703 447.7607 1245.700
 206 49.8027 56.726 6.9233 13.900
 308 30.8333 25.999 4.8343 15.600
 413 22.2187 16.864 5.3547 24.000
 518 14.7633 12.479 2.2843 15.400
 619 13.7223 9.904 3.8183 27.800
 720 12.9823 8.210 4.7723 36.700
 102 93.3923 523.103 429.7107 460.100
 206 32.8277 43.965 11.1373 33.900
 308 20.2953 22.947 2.6517 13.000
 413 14.786 15.525 .739 4.900
 518 11.744 11.730 .014 .100
 619 9.69833 9.426 .27233 2.800
 720 8.29333 7.879 .41433 4.900
 102 144.242 114.635 29.607 20.500
 206 72.4583 33.833 38.6253 53.300
 308 47.6707 19.845 27.8257 58.300
 413 35.678 14.040 21.638 60.600
 518 24.9507 10.862 14.0887 56.400
 619 11.722 8.858 2.864 24.400
 720 11.3183 7.478 3.8403 33.900
 102 143.43 130.605 12.825 8.900
 206 42.892 35.100 7.792 18.100
 308 25.6687 20.274 5.3947 21.000
 413 17.5847 14.253 3.3317 18.900
 518 13.9173 10.990 2.9273 21.000
 619 10.7937 8.942 1.8517 17.100
 720 9.36967 7.538 1.83167 19.500
 413 62.455 1768.566 1706.111 2731.700
 518 49.2197 78.293 29.0733 59.000
 619 39.176 40.032 .856 2.100
 720 27.5723 26.891 .6813 2.400
 206 177.39 617.611 440.221 248.100
 308 108.657 102.488 6.169 5.600
 413 77.1237 55.880 21.2437 27.500
 518 60.1813 38.412 21.7693 36.100
 619 48.4417 29.264 19.1777 39.500
 720 40.3217 23.635 16.6867 41.300
 206 132.343 121.759 10.584 7.900
 308 85.0743 61.158 23.9163 28.100
 413 61.5943 40.834 20.7603 33.700
 518 48.0623 30.649 17.4133 36.200
 619 40.1777 24.530 15.6477 38.900
 720 34.077 20.448 13.629 39.900
 206 115.257 200.574 85.317 74.000
 308 57.6677 76.198 18.5303 32.100
 413 38.3637 47.032 8.6683 22.500
 518 29.3897 34.013 4.6233 15.700
 619 23.882 26.639 2.757 11.500
 720 20.1817 21.893 1.7113 8.400
 413 60.3433 177.592 117.2487 194.300
 518 49.1723 72.627 23.4547 47.600
 619 32.7693 45.647 12.8777 39.200
 720 25.523 33.283 7.760 30.400
 102 246.13 476.870 230.740 93.700
 206 111.471 97.703 13.768 12.300
 308 71.4413 54.427 17.0143 23.800
 413 51.9903 37.720 14.2703 27.400
 518 40.954 28.860 12.094 29.500
 619 33.802 23.371 10.431 30.800
 720 28.9983 19.636 9.3623 32.200
 206 185.441 1179.723 994.282 536.100
 308 115.578 111.288 4.290 3.700
 413 81.3163 58.398 22.9183 28.100
 518 61.5197 39.585 21.9347 35.600
 619 49.3707 29.940 19.4307 39.300
 720 40.5513 24.074 16.4773 40.600
 206 129.413 151.136 21.723 16.700
 308 71.148 67.775 3.373 4.700
 413 49.3087 43.682 5.6267 11.400
 518 36.956 32.226 4.730 12.700
 619 30.0213 25.530 4.4913 14.900
 720 24.7613 21.138 3.6233 14.600
 308 48.082 173.383 125.301 260.500
 413 34.814 55.634 20.820 59.800
 518 27.4497 33.132 5.6823 20.700
 619 22.5237 23.591 1.0673 4.700
 720 19.2183 18.316 .9023 4.600
 206 66.508 79.238 12.730 19.100
 308 36.1513 40.278 4.1267 11.400
 413 25.422 27.002 1.580 6.200
 518 19.6867 20.308 .6213 3.100
 619 16.0877 16.273 .1853 1.100
 720 13.6383 13.576 .0623 .400
 102 96.888 103.507 6.619 6.800
 206 46.2213 45.728 .4933 1.000
 308 30.658 29.346 1.312 4.200
 413 22.9293 21.606 1.3233 5.700
 518 18.318 17.097 1.221 6.600
 619 15.195 14.145 1.050 6.900
 720 13.0457 12.062 .9837 7.500
 206 53.5107 107.937 54.4263 101.700
 308 33.9337 46.572 12.6383 37.200
 413 23.684 29.692 6.008 25.300
 518 20.8827 21.793 .9103 4.300
 619 15.1297 17.213 2.0833 13.700
 720 13.3027 14.224 .9213 6.900
 102 120.867 98.898 21.969 18.100
 206 56.5843 44.806 11.7783 20.800
 308 36.833 28.964 7.869 21.300
 413 27.3917 21.398 5.9937 21.800
 518 21.7583 16.966 4.7923 22.000
 619 18.093 14.055 4.038 22.300
 720 15.448 11.997 3.451 22.300
 308 52.672 86.764 34.092 64.700
 413 32.664 42.136 9.472 28.900
 518 23.3433 27.824 4.4807 19.100
 619 18.1473 20.769 2.6217 14.400
 720 15.152 16.569 1.417 9.300
 518 49.6907 184.737 135.0463 271.700
 619 39.0557 56.753 17.6973 45.300
 720 20.0527 33.526 13.4733 67.100
 206 117.921 272.703 154.782 131.200
 308 72.7767 62.996 9.7807 13.400
 413 51.6597 35.611 16.0487 31.000
 518 39.1467 24.821 14.3257 36.500
 619 31.5883 19.049 12.5393 39.600
 720 26.4437 15.455 10.9887 41.500
 308 82.2933 94.473 12.1797 14.800
 413 61.105 43.875 17.230 28.100
 518 49.584 28.572 21.012 42.300
 619 40.7823 21.183 19.5993 48.000
 720 35.0883 16.831 18.2573 52.000
 206 104.273 186.929 82.656 79.200
 308 62.843 56.958 5.885 9.300
 413 44.051 33.598 10.453 23.700
 518 33.6753 23.826 9.8493 29.200
 619 26.9417 18.457 8.4847 31.400
 720 22.8313 15.063 7.7683 34.000
 206 123.868 82.894 40.974 33.000
 308 82.3047 41.202 41.1027 49.900
 413 61.4027 27.414 33.9887 55.300
 518 49.1317 20.540 28.5917 58.100
 619 40.2163 16.422 23.7943 59.100
 720 33.9637 13.680 20.2837 59.700
 413 63.8637 262.496 198.6323 311.000
 518 50.3387 62.435 12.0963 24.000
 619 41.5367 35.431 6.1057 14.600
 720 35.892 24.733 11.159 31.000
 102 187.05 119.556 67.494 36.000
 206 90.619 48.611 42.008 46.300
 308 59.3587 30.507 28.8517 48.600
 413 43.6317 22.229 21.4027 49.000
 518 34.3407 17.484 16.8567 49.000
 619 28.447 14.409 14.038 49.300
 720 23.9067 12.253 11.6537 48.700
 308 86.78 431.885 345.105 397.600
 413 63.6613 68.858 5.1967 8.100
 518 50.347 37.411 12.936 25.600
 619 40.8047 25.682 15.1227 37.000
 720 31.1123 19.552 11.5603 37.100
