 102 108.102 103.956 4.146 3.800
 206 47.128 45.793 1.335 2.800
 308 28.9287 29.353 .4243 1.400
 413 21.856 21.606 .250 1.100
 518 17.4393 17.088 .3513 2.000
 619 14.504 14.144 .360 2.400
 720 12.347 12.053 .294 2.300
 102 259.28 2398408.622 2398149.342 924926.400
 206 126.05 24283.381 24157.331 19164.800
 308 86.7163 6437.334 6350.6177 7323.400
 413 62.4683 1069.342 1006.8737 1611.800
 518 49.5073 374.554 325.0467 656.500
 619 41.958 107.408 65.450 155.900
 720 36.0627 49.698 13.6353 37.800
 102 175.43 223.150 47.720 27.200
 206 122.194 59.842 62.352 51.000
 308 81.276 34.596 46.680 57.400
 413 61.4057 24.309 37.0967 60.400
 518 48.1167 18.743 29.3737 61.000
 619 40.4953 15.250 25.2453 62.300
 720 35.1177 12.848 22.2697 63.400
 102 250.882 30809.784 30558.902 12180.500
 206 135.88 1381.867 1245.987 916.900
 308 92.668 413.057 320.389 345.700
 413 66.78 131.215 64.435 96.400
 518 50.7393 68.550 17.8107 35.100
 619 42.495 40.180 2.315 5.400
 720 36.4573 27.897 8.5603 23.400
 102 147.845 183.255 35.410 23.900
 206 66.8337 56.565 10.2687 15.300
 308 42.774 33.449 9.325 21.800
 413 32.23 23.756 8.474 26.200
 518 24.5423 18.399 6.1433 25.000
 619 19.8797 15.031 4.8487 24.300
 720 16.0757 12.696 3.3797 21.000
 102 248.642 1617333.616 1617084.974 650366.700
 206 119.981 171.376 51.395 42.800
 308 61.4777 55.376 6.1017 9.900
 413 43.0017 33.013 9.9887 23.200
 518 33.232 23.527 9.705 29.200
 619 24.3617 18.267 6.0947 25.000
 720 17.231 14.943 2.288 13.200
 102 127.228 265.093 137.865 108.300
 206 54.198 62.504 8.306 15.300
 308 35.2197 35.443 .2233 .600
 413 25.28 24.719 .561 2.200
 518 20.5937 19.005 1.5887 7.700
 619 16.5463 15.414 1.1323 6.800
 720 14.465 12.965 1.500 10.300
 102 247.056 40069846157.885 40069845910.829 16218932513.600
 206 120.586 4321.730 4201.144 3483.900
 308 70.526 98.929 28.403 40.200
 413 46.344 44.810 1.534 3.300
 518 34.2357 28.934 5.3017 15.400
 619 26.539 21.394 5.145 19.300
 720 21.76 16.956 4.804 22.000
 102 114.224 161.546 47.322 41.400
 206 50.8163 54.312 3.4957 6.800
 308 32.8113 32.657 .1543 .400
 413 24.6153 23.347 1.2683 5.100
 518 18.8067 18.153 .6537 3.400
 619 15.8553 14.868 .9873 6.200
 720 13.7807 12.579 1.2017 8.700
 102 175.407 199571.701 199396.294 113676.300
 206 68.1993 108.625 40.4257 59.200
 308 42.3917 46.665 4.2733 10.000
 413 31.263 29.716 1.547 4.900
 518 24.568 21.807 2.761 11.200
 619 20.2783 17.216 3.0623 15.100
 720 17.5813 14.229 3.3523 19.000
 102 246.935 665974.210 665727.275 269596.100
 206 125.462 1530.716 1405.254 1120.000
 308 81.6223 95.134 13.5117 16.500
 413 61.099 44.032 17.067 27.900
 518 49.1773 28.639 20.5383 41.700
 619 39.8147 21.189 18.6257 46.700
 720 33.604 16.827 16.777 49.900
 102 255.88 9290523.525 9290267.645 3630712.600
 206 128.049 8641.536 8513.487 6648.600
 308 86.3823 342.362 255.9797 296.300
 413 64.6147 83.763 19.1483 29.600
 518 51.2947 42.385 8.9097 17.300
 619 41.787 28.029 13.758 32.900
 720 36.0297 20.852 15.1777 42.100
 102 140.108 677545.820 677405.712 483488.200
 206 55.7787 118.702 62.9233 112.800
 308 35.32 48.495 13.175 37.300
 413 25.3887 30.412 5.0233 19.700
 518 20.5493 22.200 1.6507 8.000
 619 16.591 17.448 .857 5.100
 720 14.3397 14.393 .0533 .300
 102 247.641 2846.064 2598.423 1049.200
 206 122.352 120.094 2.258 1.800
 308 81.895 48.659 33.236 40.500
 413 60.3893 30.515 29.8743 49.400
 518 45.05 22.216 22.834 50.600
 619 35.4507 17.475 17.9757 50.700
 720 29.3827 14.405 14.9777 50.900
 102 249.81 2666.741 2416.931 967.500
 206 124.495 161.177 36.682 29.400
 308 81.8787 54.721 27.1577 33.100
 413 62.1517 32.808 29.3437 47.200
 518 49.4643 23.396 26.0683 52.700
 619 40.7737 18.199 22.5747 55.300
 720 35.0133 14.884 20.1293 57.400
 102 246.999 3240.837 2993.838 1212.000
 206 123.518 114.401 9.117 7.300
 308 82.111 47.730 34.381 41.800
 413 56.2353 30.146 26.0893 46.300
 518 41.7197 22.036 19.6837 47.100
 619 32.579 17.366 15.213 46.600
 720 26.9073 14.311 12.5963 46.800
 102 226.619 131.072 95.547 42.100
 206 108.258 50.380 57.878 53.400
 308 71.07 31.183 39.887 56.100
 413 52.505 22.568 29.937 57.000
 518 41.6317 17.711 23.9207 57.400
 619 34.541 14.554 19.987 57.800
 720 29.731 12.345 17.386 58.400
 102 252.515 272802.611 272550.096 107934.200
 206 124.441 471.982 347.541 279.200
 308 84.945 78.532 6.413 7.500
 413 63.1537 40.058 23.0957 36.500
 518 50.1903 26.902 23.2883 46.400
 619 41.5333 20.247 21.2863 51.200
 720 35.281 16.218 19.063 54.000
 102 166.666 104.202 62.464 37.400
 206 79.2473 45.834 33.4133 42.100
 308 51.8303 29.381 22.4493 43.300
 413 38.622 21.606 17.016 44.000
 518 30.6023 17.088 13.5143 44.100
 619 25.4943 14.144 11.3503 44.500
 720 21.5857 12.053 9.5327 44.100
 102 250.799 275.906 25.107 10.000
 206 71.7897 73.523 1.7333 2.400
 308 38.4663 38.719 .2527 .600
 413 26.2457 26.275 .0293 .100
 518 20.001 19.906 .095 .400
 619 16.071 16.001 .070 .400
 720 13.4697 13.351 .1187 .800
 102 282.109 859.258 577.149 204.500
 206 125.176 130.457 5.281 4.200
 308 62.253 62.831 .578 .900
 413 35.945 35.553 .392 1.000
 518 25.0693 24.772 .2973 1.100
 619 19.3183 19.032 .2863 1.400
 720 16.8547 15.434 1.4207 8.400
 102 191.531 325.058 133.527 69.700
 206 92.7693 65.413 27.3563 29.400
 308 60.5723 36.344 24.2283 39.900
 413 42.0947 25.190 16.9047 40.100
 518 31.776 19.251 12.525 39.400
 619 25.791 15.578 10.213 39.500
 720 22.136 13.082 9.054 40.900
 102 216.011 126650.204 126434.193 58531.300
 206 124.434 169.779 45.345 36.400
 308 81.8463 55.267 26.5793 32.400
 413 60.9297 32.972 27.9577 45.800
 518 49.1637 23.494 25.6697 52.200
 619 40.3973 18.267 22.1303 54.700
 720 34.566 14.943 19.623 56.700
 102 264.279 38636.093 38371.814 14519.400
 206 129.171 39348.183 39219.012 30362.000
 308 84.693 390717.403 390632.710 461233.700
 413 41.8453 3323.719 3281.8737 7842.800
 518 39.3 1711.423 1672.123 4254.700
 619 30.441 331.604 301.163 989.300
 720 16.4043 50.962 34.5577 210.600
 102 132.225 159.662 27.437 20.700
 206 53.1113 54.108 .9967 1.800
 308 32.7453 32.576 .1693 .500
 413 22.7017 23.285 .5833 2.500
 518 17.967 18.137 .170 .900
 619 14.844 14.854 .010 0
 720 12.7357 12.567 .1687 1.300
 102 138.891 240.189 101.298 72.900
 206 54.5467 61.030 6.4833 11.800
 308 32.913 34.951 2.038 6.100
 413 23.1687 24.494 1.3253 5.700
 518 18.1723 18.841 .6687 3.600
 619 14.919 15.318 .399 2.600
 720 12.761 12.907 .146 1.100
 102 266.546 1418351.001 1418084.455 532022.400
 206 125.842 91254.374 91128.532 72415.000
 308 85.1283 6717.958 6632.8297 7791.500
 413 66.097 2045.521 1979.424 2994.700
 518 50.445 494.256 443.811 879.700
 619 41.665 178.676 137.011 328.800
 720 35.9423 85.962 50.0197 139.100
 102 280.38 14251878.809 14251598.429 5082958.200
 206 143.573 469794.283 469650.710 327116.300
 308 91.075 65452.127 65361.052 71766.100
 413 68.09 16492.666 16424.576 24121.800
 518 54.394 5758.124 5703.730 10485.900
 619 45.1093 2471.698 2426.5887 5379.300
 720 38.5413 1227.060 1188.5187 3083.700
 102 112.99 165.478 52.488 46.400
 206 49.8027 54.722 4.9193 9.800
 308 30.8333 32.794 1.9607 6.300
 413 22.2187 23.429 1.2103 5.400
 518 14.7633 18.219 3.4557 23.400
 619 13.7223 14.895 1.1727 8.500
 720 12.9823 12.603 .3793 2.900
 102 93.3923 715.325 621.9327 665.900
 206 32.8277 73.728 40.9003 124.500
 308 20.2953 38.856 18.5607 91.400
 413 14.786 26.337 11.551 78.100
 518 11.744 19.841 8.097 68.900
 619 9.69833 15.987 6.28867 64.800
 720 8.29333 13.387 5.09367 61.400
 102 144.242 162.201 17.959 12.400
 206 72.4583 54.394 18.0643 24.900
 308 47.6707 32.685 14.9857 31.400
 413 35.678 23.347 12.331 34.500
 518 24.9507 18.169 6.7817 27.100
 619 11.722 14.868 3.146 26.800
 720 11.3183 12.579 1.2607 11.100
 102 143.43 220.200 76.770 53.500
 206 42.892 59.678 16.786 39.100
 308 25.6687 34.514 8.8453 34.400
 413 17.5847 24.289 6.7043 38.100
 518 13.9173 18.710 4.7927 34.400
 619 10.7937 15.236 4.4423 41.100
 720 9.36967 12.837 3.46733 37.000
 102 288.206 6538.035 6249.829 2168.500
 206 137.144 582.287 445.143 324.500
 308 90.6543 169.324 78.6697 86.700
 413 62.455 98.119 35.664 57.100
 518 49.2197 69.943 20.7233 42.100
 619 39.176 39.115 .061 .100
 720 27.5723 26.469 1.1033 4.000
 102 371.821 11258276.823 11257905.002 3027775.400
 206 177.39 205.619 28.229 15.900
 308 108.657 58.571 50.086 46.000
 413 77.1237 34.119 43.0047 55.700
 518 60.1813 24.084 36.0973 59.900
 619 48.4417 18.622 29.8197 61.500
 720 40.3217 15.177 25.1447 62.300
 102 283.59 292.536 8.946 3.100
 206 132.343 63.979 68.364 51.600
 308 85.0743 35.907 49.1673 57.700
 413 61.5943 24.965 36.6293 59.400
 518 48.0623 19.136 28.9263 60.100
 619 40.1777 15.509 24.6687 61.300
 720 34.077 13.024 21.053 61.700
 102 369.754 4982.702 4612.948 1247.500
 206 115.257 86.753 28.504 24.700
 308 57.6677 42.133 15.5347 26.900
 413 38.3637 27.811 10.5527 27.500
 518 29.3897 20.758 8.6317 29.300
 619 23.882 16.561 7.321 30.600
 720 20.1817 13.773 6.4087 31.700
 102 400.074 29684.531 29284.457 7319.700
 206 186.946 5443.624 5256.678 2811.800
 308 118.027 147.288 29.261 24.700
 413 60.3433 52.633 7.7103 12.700
 518 49.1723 32.047 17.1253 34.800
 619 32.7693 23.018 9.7513 29.700
 720 25.523 17.974 7.549 29.500
 102 246.13 252.805 6.675 2.700
 206 111.471 61.849 49.622 44.500
 308 71.4413 35.224 36.2173 50.600
 413 51.9903 24.637 27.3533 52.600
 518 40.954 18.939 22.015 53.700
 619 33.802 15.373 18.429 54.500
 720 28.9983 12.942 16.0563 55.300
 102 373.599 33421.312 33047.713 8845.700
 206 185.441 108.625 76.816 41.400
 308 115.578 46.665 68.913 59.600
 413 81.3163 29.716 51.6003 63.400
 518 61.5197 21.807 39.7127 64.500
 619 49.3707 17.216 32.1547 65.100
 720 40.5513 14.229 26.3223 64.900
 102 371.039 3357.491 2986.452 804.800
 206 129.413 88.064 41.349 31.900
 308 71.148 42.378 28.770 40.400
 413 49.3087 27.934 21.3747 43.300
 518 36.956 20.840 16.116 43.600
 619 30.0213 16.602 13.4193 44.600
 720 24.7613 13.796 10.9653 44.200
 102 244.579 14937617589.125 14937617344.546 6107481568.100
 206 123.671 20559.544 20435.873 16524.300
 308 48.082 141.499 93.417 194.200
 413 34.814 54.108 19.294 55.400
 518 27.4497 32.489 5.0393 18.300
 619 22.5237 23.414 .8903 3.900
 720 19.2183 18.173 1.0453 5.400
 102 154.622 377.159 222.537 143.900
 206 66.508 78.438 11.930 17.900
 308 36.1513 40.085 3.9337 10.800
 413 25.422 26.910 1.488 5.800
 518 19.6867 20.217 .5303 2.600
 619 16.0877 16.233 .1453 .900
 720 13.6383 13.539 .0993 .700
 102 96.888 100.188 3.300 3.400
 206 46.2213 45.056 1.1653 2.500
 308 30.658 29.053 1.605 5.200
 413 22.9293 21.442 1.4873 6.400
 518 18.318 16.990 1.328 7.200
 619 15.195 14.062 1.133 7.400
 720 13.0457 12.006 1.0397 7.900
 102 274.921 153241009.684 153240734.763 55739916.100
 206 137.223 1331340.820 1331203.597 970102.300
 308 91.4383 87696.686 87605.2477 95808.000
 413 68.459 13393.715 13325.256 19464.500
 518 54.7883 3265.855 3211.0667 5860.800
 619 45.7403 1084.662 1038.9217 2271.300
 720 39.2227 448.912 409.6893 1044.500
 102 108.259 3715.153 3606.894 3331.700
 206 53.5107 97.566 44.0553 82.300
 308 33.9337 44.590 10.6563 31.400
 413 23.684 28.672 4.988 21.000
 518 20.8827 21.348 .4653 2.200
 619 15.1297 16.820 1.6903 11.100
 720 13.3027 14.030 .7273 5.400
 102 120.867 97.484 23.383 19.300
 206 56.5843 44.482 12.1023 21.300
 308 36.833 28.807 8.026 21.700
 413 27.3917 21.319 6.0727 22.100
 518 21.7583 16.924 4.8343 22.200
 619 18.093 14.007 4.086 22.500
 720 15.448 11.959 3.489 22.500
 102 208.991 1210.777 1001.786 479.300
 206 123.537 514.908 391.371 316.800
 308 52.672 80.525 27.853 52.800
 413 32.664 40.632 7.968 24.300
 518 23.3433 27.131 3.7877 16.200
 619 18.1473 20.383 2.2357 12.300
 720 15.152 16.312 1.160 7.600
 102 205.803 3828.858 3623.055 1760.400
 206 124.412 644.710 520.298 418.200
 308 82.648 110.097 27.449 33.200
 413 61.9777 47.288 14.6897 23.700
 518 49.6907 29.999 19.6917 39.600
 619 39.0557 21.940 17.1157 43.800
 720 20.0527 17.307 2.7457 13.600
 102 281.819 40619.048 40337.229 14313.100
 206 117.921 101.376 16.545 14.000
 308 72.7767 45.273 27.5037 37.700
 413 51.6597 29.163 22.4967 43.500
 518 39.1467 21.495 17.6517 45.000
 619 31.5883 17.011 14.5773 46.100
 720 26.4437 14.089 12.3547 46.700
 102 249.674 37481.676 37232.002 14912.200
 206 124.043 125.624 1.581 1.200
 308 82.2933 49.533 32.7603 39.800
 413 61.105 30.883 30.222 49.400
 518 49.584 22.396 27.188 54.800
 619 40.7823 17.585 23.1973 56.800
 720 35.0883 14.475 20.6133 58.700
 102 239.179 1489991.106 1489751.927 622860.600
 206 104.273 126.402 22.129 21.200
 308 62.843 49.724 13.119 20.800
 413 44.051 30.924 13.127 29.700
 518 33.6753 22.429 11.2463 33.300
 619 26.9417 17.612 9.3297 34.600
 720 22.8313 14.498 8.3333 36.400
 102 248.35 192.675 55.675 22.400
 206 123.868 57.425 66.443 53.600
 308 82.3047 33.750 48.5547 58.900
 413 61.4027 23.879 37.5237 61.100
 518 49.1317 18.497 30.6347 62.300
 619 40.2163 15.072 25.1443 62.500
 720 33.9637 12.743 21.2207 62.400
 102 252.939 2566398.033 2566145.094 1014531.200
 206 125.993 4869.079 4743.086 3764.500
 308 85.6653 308.148 222.4827 259.700
 413 63.8637 79.810 15.9463 24.900
 518 50.3387 41.238 9.1007 18.000
 619 41.5367 27.469 14.0677 33.800
 720 35.892 20.560 15.332 42.700
 102 187.05 105.512 81.538 43.500
 206 90.619 46.120 44.499 49.100
 308 59.3587 29.463 29.8957 50.300
 413 43.6317 21.688 21.9437 50.200
 518 34.3407 17.137 17.2037 50.000
 619 28.447 14.171 14.276 50.100
 720 23.9067 12.088 11.8187 49.400
 102 281.543 2744.401 2462.858 874.700
 206 138.193 290.078 151.885 109.900
 308 86.78 98.765 11.985 13.800
 413 63.6613 51.834 11.8273 18.500
 518 50.347 35.143 15.204 30.100
 619 40.8047 25.503 15.3017 37.400
 720 31.1123 19.460 11.6523 37.400
 102 108.102 103.956 4.146 3.800
 206 47.128 45.793 1.335 2.800
 308 28.9287 29.353 .4243 1.400
 413 21.856 21.606 .250 1.100
 518 17.4393 17.088 .3513 2.000
 619 14.504 14.144 .360 2.400
 720 12.347 12.053 .294 2.300
 102 259.28 2398408.622 2398149.342 924926.400
 206 126.05 24283.381 24157.331 19164.800
 308 86.7163 6437.334 6350.6177 7323.400
 413 62.4683 1069.342 1006.8737 1611.800
 518 49.5073 374.554 325.0467 656.500
 619 41.958 107.408 65.450 155.900
 720 36.0627 49.698 13.6353 37.800
 102 175.43 223.150 47.720 27.200
 206 122.194 59.842 62.352 51.000
 308 81.276 34.596 46.680 57.400
 413 61.4057 24.309 37.0967 60.400
 518 48.1167 18.743 29.3737 61.000
 619 40.4953 15.250 25.2453 62.300
 720 35.1177 12.848 22.2697 63.400
 102 250.882 30809.784 30558.902 12180.500
 206 135.88 1381.867 1245.987 916.900
 308 92.668 413.057 320.389 345.700
 413 66.78 131.215 64.435 96.400
 518 50.7393 68.550 17.8107 35.100
 619 42.495 40.180 2.315 5.400
 720 36.4573 27.897 8.5603 23.400
 102 147.845 183.255 35.410 23.900
 206 66.8337 56.565 10.2687 15.300
 308 42.774 33.449 9.325 21.800
 413 32.23 23.756 8.474 26.200
 518 24.5423 18.399 6.1433 25.000
 619 19.8797 15.031 4.8487 24.300
 720 16.0757 12.696 3.3797 21.000
 102 248.642 1617333.616 1617084.974 650366.700
 206 119.981 171.376 51.395 42.800
 308 61.4777 55.376 6.1017 9.900
 413 43.0017 33.013 9.9887 23.200
 518 33.232 23.527 9.705 29.200
 619 24.3617 18.267 6.0947 25.000
 720 17.231 14.943 2.288 13.200
 102 127.228 265.093 137.865 108.300
 206 54.198 62.504 8.306 15.300
 308 35.2197 35.443 .2233 .600
 413 25.28 24.719 .561 2.200
 518 20.5937 19.005 1.5887 7.700
 619 16.5463 15.414 1.1323 6.800
 720 14.465 12.965 1.500 10.300
 102 247.056 40069846157.885 40069845910.829 16218932513.600
 206 120.586 4321.730 4201.144 3483.900
 308 70.526 98.929 28.403 40.200
 413 46.344 44.810 1.534 3.300
 518 34.2357 28.934 5.3017 15.400
 619 26.539 21.394 5.145 19.300
 720 21.76 16.956 4.804 22.000
 102 114.224 161.546 47.322 41.400
 206 50.8163 54.312 3.4957 6.800
 308 32.8113 32.657 .1543 .400
 413 24.6153 23.347 1.2683 5.100
 518 18.8067 18.153 .6537 3.400
 619 15.8553 14.868 .9873 6.200
 720 13.7807 12.579 1.2017 8.700
 102 175.407 199571.701 199396.294 113676.300
 206 68.1993 108.625 40.4257 59.200
 308 42.3917 46.665 4.2733 10.000
 413 31.263 29.716 1.547 4.900
 518 24.568 21.807 2.761 11.200
 619 20.2783 17.216 3.0623 15.100
 720 17.5813 14.229 3.3523 19.000
 102 246.935 665974.210 665727.275 269596.100
 206 125.462 1530.716 1405.254 1120.000
 308 81.6223 95.134 13.5117 16.500
 413 61.099 44.032 17.067 27.900
 518 49.1773 28.639 20.5383 41.700
 619 39.8147 21.189 18.6257 46.700
 720 33.604 16.827 16.777 49.900
 102 255.88 9290523.525 9290267.645 3630712.600
 206 128.049 8641.536 8513.487 6648.600
 308 86.3823 342.362 255.9797 296.300
 413 64.6147 83.763 19.1483 29.600
 518 51.2947 42.385 8.9097 17.300
 619 41.787 28.029 13.758 32.900
 720 36.0297 20.852 15.1777 42.100
 102 140.108 677545.820 677405.712 483488.200
 206 55.7787 118.702 62.9233 112.800
 308 35.32 48.495 13.175 37.300
 413 25.3887 30.412 5.0233 19.700
 518 20.5493 22.200 1.6507 8.000
 619 16.591 17.448 .857 5.100
 720 14.3397 14.393 .0533 .300
 102 247.641 2846.064 2598.423 1049.200
 206 122.352 120.094 2.258 1.800
 308 81.895 48.659 33.236 40.500
 413 60.3893 30.515 29.8743 49.400
 518 45.05 22.216 22.834 50.600
 619 35.4507 17.475 17.9757 50.700
 720 29.3827 14.405 14.9777 50.900
 102 249.81 2666.741 2416.931 967.500
 206 124.495 161.177 36.682 29.400
 308 81.8787 54.721 27.1577 33.100
 413 62.1517 32.808 29.3437 47.200
 518 49.4643 23.396 26.0683 52.700
 619 40.7737 18.199 22.5747 55.300
 720 35.0133 14.884 20.1293 57.400
 102 246.999 3240.837 2993.838 1212.000
 206 123.518 114.401 9.117 7.300
 308 82.111 47.730 34.381 41.800
 413 56.2353 30.146 26.0893 46.300
 518 41.7197 22.036 19.6837 47.100
 619 32.579 17.366 15.213 46.600
 720 26.9073 14.311 12.5963 46.800
 102 226.619 131.072 95.547 42.100
 206 108.258 50.380 57.878 53.400
 308 71.07 31.183 39.887 56.100
 413 52.505 22.568 29.937 57.000
 518 41.6317 17.711 23.9207 57.400
 619 34.541 14.554 19.987 57.800
 720 29.731 12.345 17.386 58.400
 102 252.515 272802.611 272550.096 107934.200
 206 124.441 471.982 347.541 279.200
 308 84.945 78.532 6.413 7.500
 413 63.1537 40.058 23.0957 36.500
 518 50.1903 26.902 23.2883 46.400
 619 41.5333 20.247 21.2863 51.200
 720 35.281 16.218 19.063 54.000
 102 166.666 104.202 62.464 37.400
 206 79.2473 45.834 33.4133 42.100
 308 51.8303 29.381 22.4493 43.300
 413 38.622 21.606 17.016 44.000
 518 30.6023 17.088 13.5143 44.100
 619 25.4943 14.144 11.3503 44.500
 720 21.5857 12.053 9.5327 44.100
 102 250.799 275.906 25.107 10.000
 206 71.7897 73.523 1.7333 2.400
 308 38.4663 38.719 .2527 .600
 413 26.2457 26.275 .0293 .100
 518 20.001 19.906 .095 .400
 619 16.071 16.001 .070 .400
 720 13.4697 13.351 .1187 .800
 102 282.109 859.258 577.149 204.500
 206 125.176 130.457 5.281 4.200
 308 62.253 62.831 .578 .900
 413 35.945 35.553 .392 1.000
 518 25.0693 24.772 .2973 1.100
 619 19.3183 19.032 .2863 1.400
 720 16.8547 15.434 1.4207 8.400
 102 191.531 325.058 133.527 69.700
 206 92.7693 65.413 27.3563 29.400
 308 60.5723 36.344 24.2283 39.900
 413 42.0947 25.190 16.9047 40.100
 518 31.776 19.251 12.525 39.400
 619 25.791 15.578 10.213 39.500
 720 22.136 13.082 9.054 40.900
 102 216.011 126650.204 126434.193 58531.300
 206 124.434 169.779 45.345 36.400
 308 81.8463 55.267 26.5793 32.400
 413 60.9297 32.972 27.9577 45.800
 518 49.1637 23.494 25.6697 52.200
 619 40.3973 18.267 22.1303 54.700
 720 34.566 14.943 19.623 56.700
 102 264.279 38636.093 38371.814 14519.400
 206 129.171 39348.183 39219.012 30362.000
 308 84.693 390717.403 390632.710 461233.700
 413 41.8453 3323.719 3281.8737 7842.800
 518 39.3 1711.423 1672.123 4254.700
 619 30.441 331.604 301.163 989.300
 720 16.4043 50.962 34.5577 210.600
 102 132.225 159.662 27.437 20.700
 206 53.1113 54.108 .9967 1.800
 308 32.7453 32.576 .1693 .500
 413 22.7017 23.285 .5833 2.500
 518 17.967 18.137 .170 .900
 619 14.844 14.854 .010 0
 720 12.7357 12.567 .1687 1.300
 102 138.891 240.189 101.298 72.900
 206 54.5467 61.030 6.4833 11.800
 308 32.913 34.951 2.038 6.100
 413 23.1687 24.494 1.3253 5.700
 518 18.1723 18.841 .6687 3.600
 619 14.919 15.318 .399 2.600
 720 12.761 12.907 .146 1.100
 102 266.546 1418351.001 1418084.455 532022.400
 206 125.842 91254.374 91128.532 72415.000
 308 85.1283 6717.958 6632.8297 7791.500
 413 66.097 2045.521 1979.424 2994.700
 518 50.445 494.256 443.811 879.700
 619 41.665 178.676 137.011 328.800
 720 35.9423 85.962 50.0197 139.100
 102 280.38 14251878.809 14251598.429 5082958.200
 206 143.573 469794.283 469650.710 327116.300
 308 91.075 65452.127 65361.052 71766.100
 413 68.09 16492.666 16424.576 24121.800
 518 54.394 5758.124 5703.730 10485.900
 619 45.1093 2471.698 2426.5887 5379.300
 720 38.5413 1227.060 1188.5187 3083.700
 102 112.99 165.478 52.488 46.400
 206 49.8027 54.722 4.9193 9.800
 308 30.8333 32.794 1.9607 6.300
 413 22.2187 23.429 1.2103 5.400
 518 14.7633 18.219 3.4557 23.400
 619 13.7223 14.895 1.1727 8.500
 720 12.9823 12.603 .3793 2.900
 102 93.3923 715.325 621.9327 665.900
 206 32.8277 73.728 40.9003 124.500
 308 20.2953 38.856 18.5607 91.400
 413 14.786 26.337 11.551 78.100
 518 11.744 19.841 8.097 68.900
 619 9.69833 15.987 6.28867 64.800
 720 8.29333 13.387 5.09367 61.400
 102 144.242 162.201 17.959 12.400
 206 72.4583 54.394 18.0643 24.900
 308 47.6707 32.685 14.9857 31.400
 413 35.678 23.347 12.331 34.500
 518 24.9507 18.169 6.7817 27.100
 619 11.722 14.868 3.146 26.800
 720 11.3183 12.579 1.2607 11.100
 102 143.43 220.200 76.770 53.500
 206 42.892 59.678 16.786 39.100
 308 25.6687 34.514 8.8453 34.400
 413 17.5847 24.289 6.7043 38.100
 518 13.9173 18.710 4.7927 34.400
 619 10.7937 15.236 4.4423 41.100
 720 9.36967 12.837 3.46733 37.000
 102 288.206 6538.035 6249.829 2168.500
 206 137.144 582.287 445.143 324.500
 308 90.6543 169.324 78.6697 86.700
 413 62.455 98.119 35.664 57.100
 518 49.2197 69.943 20.7233 42.100
 619 39.176 39.115 .061 .100
 720 27.5723 26.469 1.1033 4.000
 102 371.821 11258276.823 11257905.002 3027775.400
 206 177.39 205.619 28.229 15.900
 308 108.657 58.571 50.086 46.000
 413 77.1237 34.119 43.0047 55.700
 518 60.1813 24.084 36.0973 59.900
 619 48.4417 18.622 29.8197 61.500
 720 40.3217 15.177 25.1447 62.300
 102 283.59 292.536 8.946 3.100
 206 132.343 63.979 68.364 51.600
 308 85.0743 35.907 49.1673 57.700
 413 61.5943 24.965 36.6293 59.400
 518 48.0623 19.136 28.9263 60.100
 619 40.1777 15.509 24.6687 61.300
 720 34.077 13.024 21.053 61.700
 102 369.754 4982.702 4612.948 1247.500
 206 115.257 86.753 28.504 24.700
 308 57.6677 42.133 15.5347 26.900
 413 38.3637 27.811 10.5527 27.500
 518 29.3897 20.758 8.6317 29.300
 619 23.882 16.561 7.321 30.600
 720 20.1817 13.773 6.4087 31.700
 102 400.074 29684.531 29284.457 7319.700
 206 186.946 5443.624 5256.678 2811.800
 308 118.027 147.288 29.261 24.700
 413 60.3433 52.633 7.7103 12.700
 518 49.1723 32.047 17.1253 34.800
 619 32.7693 23.018 9.7513 29.700
 720 25.523 17.974 7.549 29.500
 102 246.13 252.805 6.675 2.700
 206 111.471 61.849 49.622 44.500
 308 71.4413 35.224 36.2173 50.600
 413 51.9903 24.637 27.3533 52.600
 518 40.954 18.939 22.015 53.700
 619 33.802 15.373 18.429 54.500
 720 28.9983 12.942 16.0563 55.300
 102 373.599 33421.312 33047.713 8845.700
 206 185.441 108.625 76.816 41.400
 308 115.578 46.665 68.913 59.600
 413 81.3163 29.716 51.6003 63.400
 518 61.5197 21.807 39.7127 64.500
 619 49.3707 17.216 32.1547 65.100
 720 40.5513 14.229 26.3223 64.900
 102 371.039 3357.491 2986.452 804.800
 206 129.413 88.064 41.349 31.900
 308 71.148 42.378 28.770 40.400
 413 49.3087 27.934 21.3747 43.300
 518 36.956 20.840 16.116 43.600
 619 30.0213 16.602 13.4193 44.600
 720 24.7613 13.796 10.9653 44.200
 102 244.579 14937617589.125 14937617344.546 6107481568.100
 206 123.671 20559.544 20435.873 16524.300
 308 48.082 141.499 93.417 194.200
 413 34.814 54.108 19.294 55.400
 518 27.4497 32.489 5.0393 18.300
 619 22.5237 23.414 .8903 3.900
 720 19.2183 18.173 1.0453 5.400
 102 154.622 377.159 222.537 143.900
 206 66.508 78.438 11.930 17.900
 308 36.1513 40.085 3.9337 10.800
 413 25.422 26.910 1.488 5.800
 518 19.6867 20.217 .5303 2.600
 619 16.0877 16.233 .1453 .900
 720 13.6383 13.539 .0993 .700
 102 96.888 100.188 3.300 3.400
 206 46.2213 45.056 1.1653 2.500
 308 30.658 29.053 1.605 5.200
 413 22.9293 21.442 1.4873 6.400
 518 18.318 16.990 1.328 7.200
 619 15.195 14.062 1.133 7.400
 720 13.0457 12.006 1.0397 7.900
 102 274.921 153241009.684 153240734.763 55739916.100
 206 137.223 1331340.820 1331203.597 970102.300
 308 91.4383 87696.686 87605.2477 95808.000
 413 68.459 13393.715 13325.256 19464.500
 518 54.7883 3265.855 3211.0667 5860.800
 619 45.7403 1084.662 1038.9217 2271.300
 720 39.2227 448.912 409.6893 1044.500
 102 108.259 3715.153 3606.894 3331.700
 206 53.5107 97.566 44.0553 82.300
 308 33.9337 44.590 10.6563 31.400
 413 23.684 28.672 4.988 21.000
 518 20.8827 21.348 .4653 2.200
 619 15.1297 16.820 1.6903 11.100
 720 13.3027 14.030 .7273 5.400
 102 120.867 97.484 23.383 19.300
 206 56.5843 44.482 12.1023 21.300
 308 36.833 28.807 8.026 21.700
 413 27.3917 21.319 6.0727 22.100
 518 21.7583 16.924 4.8343 22.200
 619 18.093 14.007 4.086 22.500
 720 15.448 11.959 3.489 22.500
 102 208.991 1210.777 1001.786 479.300
 206 123.537 514.908 391.371 316.800
 308 52.672 80.525 27.853 52.800
 413 32.664 40.632 7.968 24.300
 518 23.3433 27.131 3.7877 16.200
 619 18.1473 20.383 2.2357 12.300
 720 15.152 16.312 1.160 7.600
 102 205.803 3828.858 3623.055 1760.400
 206 124.412 644.710 520.298 418.200
 308 82.648 110.097 27.449 33.200
 413 61.9777 47.288 14.6897 23.700
 518 49.6907 29.999 19.6917 39.600
 619 39.0557 21.940 17.1157 43.800
 720 20.0527 17.307 2.7457 13.600
 102 281.819 40619.048 40337.229 14313.100
 206 117.921 101.376 16.545 14.000
 308 72.7767 45.273 27.5037 37.700
 413 51.6597 29.163 22.4967 43.500
 518 39.1467 21.495 17.6517 45.000
 619 31.5883 17.011 14.5773 46.100
 720 26.4437 14.089 12.3547 46.700
 102 249.674 37481.676 37232.002 14912.200
 206 124.043 125.624 1.581 1.200
 308 82.2933 49.533 32.7603 39.800
 413 61.105 30.883 30.222 49.400
 518 49.584 22.396 27.188 54.800
 619 40.7823 17.585 23.1973 56.800
 720 35.0883 14.475 20.6133 58.700
 102 239.179 1489991.106 1489751.927 622860.600
 206 104.273 126.402 22.129 21.200
 308 62.843 49.724 13.119 20.800
 413 44.051 30.924 13.127 29.700
 518 33.6753 22.429 11.2463 33.300
 619 26.9417 17.612 9.3297 34.600
 720 22.8313 14.498 8.3333 36.400
 102 248.35 192.675 55.675 22.400
 206 123.868 57.425 66.443 53.600
 308 82.3047 33.750 48.5547 58.900
 413 61.4027 23.879 37.5237 61.100
 518 49.1317 18.497 30.6347 62.300
 619 40.2163 15.072 25.1443 62.500
 720 33.9637 12.743 21.2207 62.400
 102 252.939 2566398.033 2566145.094 1014531.200
 206 125.993 4869.079 4743.086 3764.500
 308 85.6653 308.148 222.4827 259.700
 413 63.8637 79.810 15.9463 24.900
 518 50.3387 41.238 9.1007 18.000
 619 41.5367 27.469 14.0677 33.800
 720 35.892 20.560 15.332 42.700
 102 187.05 105.512 81.538 43.500
 206 90.619 46.120 44.499 49.100
 308 59.3587 29.463 29.8957 50.300
 413 43.6317 21.688 21.9437 50.200
 518 34.3407 17.137 17.2037 50.000
 619 28.447 14.171 14.276 50.100
 720 23.9067 12.088 11.8187 49.400
 102 281.543 2744.401 2462.858 874.700
 206 138.193 290.078 151.885 109.900
 308 86.78 98.765 11.985 13.800
 413 63.6613 51.834 11.8273 18.500
 518 50.347 35.143 15.204 30.100
 619 40.8047 25.503 15.3017 37.400
 720 31.1123 19.460 11.6523 37.400
 102 108.102 103.956 4.146 3.800
 206 47.128 45.793 1.335 2.800
 308 28.9287 29.353 .4243 1.400
 413 21.856 21.606 .250 1.100
 518 17.4393 17.088 .3513 2.000
 619 14.504 14.144 .360 2.400
 720 12.347 12.053 .294 2.300
 102 259.28 2398408.622 2398149.342 924926.400
 206 126.05 24283.381 24157.331 19164.800
 308 86.7163 6437.334 6350.6177 7323.400
 413 62.4683 1069.342 1006.8737 1611.800
 518 49.5073 374.554 325.0467 656.500
 619 41.958 107.408 65.450 155.900
 720 36.0627 49.698 13.6353 37.800
 102 175.43 223.150 47.720 27.200
 206 122.194 59.842 62.352 51.000
 308 81.276 34.596 46.680 57.400
 413 61.4057 24.309 37.0967 60.400
 518 48.1167 18.743 29.3737 61.000
 619 40.4953 15.250 25.2453 62.300
 720 35.1177 12.848 22.2697 63.400
 102 250.882 30809.784 30558.902 12180.500
 206 135.88 1381.867 1245.987 916.900
 308 92.668 413.057 320.389 345.700
 413 66.78 131.215 64.435 96.400
 518 50.7393 68.550 17.8107 35.100
 619 42.495 40.180 2.315 5.400
 720 36.4573 27.897 8.5603 23.400
 102 147.845 183.255 35.410 23.900
 206 66.8337 56.565 10.2687 15.300
 308 42.774 33.449 9.325 21.800
 413 32.23 23.756 8.474 26.200
 518 24.5423 18.399 6.1433 25.000
 619 19.8797 15.031 4.8487 24.300
 720 16.0757 12.696 3.3797 21.000
 102 248.642 1617333.616 1617084.974 650366.700
 206 119.981 171.376 51.395 42.800
 308 61.4777 55.376 6.1017 9.900
 413 43.0017 33.013 9.9887 23.200
 518 33.232 23.527 9.705 29.200
 619 24.3617 18.267 6.0947 25.000
 720 17.231 14.943 2.288 13.200
 102 127.228 265.093 137.865 108.300
 206 54.198 62.504 8.306 15.300
 308 35.2197 35.443 .2233 .600
 413 25.28 24.719 .561 2.200
 518 20.5937 19.005 1.5887 7.700
 619 16.5463 15.414 1.1323 6.800
 720 14.465 12.965 1.500 10.300
 102 247.056 40069846157.885 40069845910.829 16218932513.600
 206 120.586 4321.730 4201.144 3483.900
 308 70.526 98.929 28.403 40.200
 413 46.344 44.810 1.534 3.300
 518 34.2357 28.934 5.3017 15.400
 619 26.539 21.394 5.145 19.300
 720 21.76 16.956 4.804 22.000
 102 114.224 161.546 47.322 41.400
 206 50.8163 54.312 3.4957 6.800
 308 32.8113 32.657 .1543 .400
 413 24.6153 23.347 1.2683 5.100
 518 18.8067 18.153 .6537 3.400
 619 15.8553 14.868 .9873 6.200
 720 13.7807 12.579 1.2017 8.700
 102 175.407 199571.701 199396.294 113676.300
 206 68.1993 108.625 40.4257 59.200
 308 42.3917 46.665 4.2733 10.000
 413 31.263 29.716 1.547 4.900
 518 24.568 21.807 2.761 11.200
 619 20.2783 17.216 3.0623 15.100
 720 17.5813 14.229 3.3523 19.000
 102 246.935 665974.210 665727.275 269596.100
 206 125.462 1530.716 1405.254 1120.000
 308 81.6223 95.134 13.5117 16.500
 413 61.099 44.032 17.067 27.900
 518 49.1773 28.639 20.5383 41.700
 619 39.8147 21.189 18.6257 46.700
 720 33.604 16.827 16.777 49.900
 102 255.88 9290523.525 9290267.645 3630712.600
 206 128.049 8641.536 8513.487 6648.600
 308 86.3823 342.362 255.9797 296.300
 413 64.6147 83.763 19.1483 29.600
 518 51.2947 42.385 8.9097 17.300
 619 41.787 28.029 13.758 32.900
 720 36.0297 20.852 15.1777 42.100
 102 140.108 677545.820 677405.712 483488.200
 206 55.7787 118.702 62.9233 112.800
 308 35.32 48.495 13.175 37.300
 413 25.3887 30.412 5.0233 19.700
 518 20.5493 22.200 1.6507 8.000
 619 16.591 17.448 .857 5.100
 720 14.3397 14.393 .0533 .300
 102 247.641 2846.064 2598.423 1049.200
 206 122.352 120.094 2.258 1.800
 308 81.895 48.659 33.236 40.500
 413 60.3893 30.515 29.8743 49.400
 518 45.05 22.216 22.834 50.600
 619 35.4507 17.475 17.9757 50.700
 720 29.3827 14.405 14.9777 50.900
 102 249.81 2666.741 2416.931 967.500
 206 124.495 161.177 36.682 29.400
 308 81.8787 54.721 27.1577 33.100
 413 62.1517 32.808 29.3437 47.200
 518 49.4643 23.396 26.0683 52.700
 619 40.7737 18.199 22.5747 55.300
 720 35.0133 14.884 20.1293 57.400
 102 246.999 3240.837 2993.838 1212.000
 206 123.518 114.401 9.117 7.300
 308 82.111 47.730 34.381 41.800
 413 56.2353 30.146 26.0893 46.300
 518 41.7197 22.036 19.6837 47.100
 619 32.579 17.366 15.213 46.600
 720 26.9073 14.311 12.5963 46.800
 102 226.619 131.072 95.547 42.100
 206 108.258 50.380 57.878 53.400
 308 71.07 31.183 39.887 56.100
 413 52.505 22.568 29.937 57.000
 518 41.6317 17.711 23.9207 57.400
 619 34.541 14.554 19.987 57.800
 720 29.731 12.345 17.386 58.400
 102 252.515 272802.611 272550.096 107934.200
 206 124.441 471.982 347.541 279.200
 308 84.945 78.532 6.413 7.500
 413 63.1537 40.058 23.0957 36.500
 518 50.1903 26.902 23.2883 46.400
 619 41.5333 20.247 21.2863 51.200
 720 35.281 16.218 19.063 54.000
 102 166.666 104.202 62.464 37.400
 206 79.2473 45.834 33.4133 42.100
 308 51.8303 29.381 22.4493 43.300
 413 38.622 21.606 17.016 44.000
 518 30.6023 17.088 13.5143 44.100
 619 25.4943 14.144 11.3503 44.500
 720 21.5857 12.053 9.5327 44.100
 102 250.799 275.906 25.107 10.000
 206 71.7897 73.523 1.7333 2.400
 308 38.4663 38.719 .2527 .600
 413 26.2457 26.275 .0293 .100
 518 20.001 19.906 .095 .400
 619 16.071 16.001 .070 .400
 720 13.4697 13.351 .1187 .800
 102 282.109 859.258 577.149 204.500
 206 125.176 130.457 5.281 4.200
 308 62.253 62.831 .578 .900
 413 35.945 35.553 .392 1.000
 518 25.0693 24.772 .2973 1.100
 619 19.3183 19.032 .2863 1.400
 720 16.8547 15.434 1.4207 8.400
 102 191.531 325.058 133.527 69.700
 206 92.7693 65.413 27.3563 29.400
 308 60.5723 36.344 24.2283 39.900
 413 42.0947 25.190 16.9047 40.100
 518 31.776 19.251 12.525 39.400
 619 25.791 15.578 10.213 39.500
 720 22.136 13.082 9.054 40.900
 102 216.011 126650.204 126434.193 58531.300
 206 124.434 169.779 45.345 36.400
 308 81.8463 55.267 26.5793 32.400
 413 60.9297 32.972 27.9577 45.800
 518 49.1637 23.494 25.6697 52.200
 619 40.3973 18.267 22.1303 54.700
 720 34.566 14.943 19.623 56.700
 102 264.279 38636.093 38371.814 14519.400
 206 129.171 39348.183 39219.012 30362.000
 308 84.693 390717.403 390632.710 461233.700
 413 41.8453 3323.719 3281.8737 7842.800
 518 39.3 1711.423 1672.123 4254.700
 619 30.441 331.604 301.163 989.300
 720 16.4043 50.962 34.5577 210.600
 102 132.225 159.662 27.437 20.700
 206 53.1113 54.108 .9967 1.800
 308 32.7453 32.576 .1693 .500
 413 22.7017 23.285 .5833 2.500
 518 17.967 18.137 .170 .900
 619 14.844 14.854 .010 0
 720 12.7357 12.567 .1687 1.300
 102 138.891 240.189 101.298 72.900
 206 54.5467 61.030 6.4833 11.800
 308 32.913 34.951 2.038 6.100
 413 23.1687 24.494 1.3253 5.700
 518 18.1723 18.841 .6687 3.600
 619 14.919 15.318 .399 2.600
 720 12.761 12.907 .146 1.100
 102 266.546 1418351.001 1418084.455 532022.400
 206 125.842 91254.374 91128.532 72415.000
 308 85.1283 6717.958 6632.8297 7791.500
 413 66.097 2045.521 1979.424 2994.700
 518 50.445 494.256 443.811 879.700
 619 41.665 178.676 137.011 328.800
 720 35.9423 85.962 50.0197 139.100
 102 280.38 14251878.809 14251598.429 5082958.200
 206 143.573 469794.283 469650.710 327116.300
 308 91.075 65452.127 65361.052 71766.100
 413 68.09 16492.666 16424.576 24121.800
 518 54.394 5758.124 5703.730 10485.900
 619 45.1093 2471.698 2426.5887 5379.300
 720 38.5413 1227.060 1188.5187 3083.700
 102 112.99 96.960 16.030 14.100
 206 49.8027 32.064 17.7387 35.600
 308 30.8333 19.216 11.6173 37.600
 413 22.2187 13.728 8.4907 38.200
 518 14.7633 10.675 4.0883 27.600
 619 13.7223 8.728 4.9943 36.300
 720 12.9823 7.384 5.5983 43.100
 102 93.3923 419.136 325.7437 348.700
 206 32.8277 43.200 10.3723 31.500
 308 20.2953 22.768 2.4727 12.100
 413 14.786 15.432 .646 4.300
 518 11.744 11.625 .119 1.000
 619 9.69833 9.368 .33033 3.400
 720 8.29333 7.844 .44933 5.400
 102 144.242 95.040 49.202 34.100
 206 72.4583 31.872 40.5863 56.000
 308 47.6707 19.152 28.5187 59.800
 413 35.678 13.680 21.998 61.600
 518 24.9507 10.646 14.3047 57.300
 619 11.722 8.712 3.010 25.600
 720 11.3183 7.371 3.9473 34.800
 102 143.43 129.024 14.406 10.000
 206 42.892 34.968 7.924 18.400
 308 25.6687 20.224 5.4447 21.200
 413 17.5847 14.232 3.3527 19.000
 518 13.9173 10.963 2.9543 21.200
 619 10.7937 8.928 1.8657 17.200
 720 9.36967 7.522 1.84767 19.700
 102 288.206 6538.035 6249.829 2168.500
 206 137.144 582.287 445.143 324.500
 308 90.6543 169.324 78.6697 86.700
 413 62.455 98.119 35.664 57.100
 518 49.2197 69.943 20.7233 42.100
 619 39.176 39.115 .061 .100
 720 27.5723 26.469 1.1033 4.000
 102 371.821 16887415.234 16887043.413 4541713.100
 206 177.39 308.428 131.038 73.800
 308 108.657 87.859 20.798 19.100
 413 77.1237 51.179 25.9447 33.600
 518 60.1813 36.126 24.0553 39.900
 619 48.4417 27.934 20.5077 42.300
 720 40.3217 22.767 17.5547 43.500
 102 283.59 438.804 155.214 54.700
 206 132.343 95.969 36.374 27.400
 308 85.0743 53.862 31.2123 36.600
 413 61.5943 37.447 24.1473 39.200
 518 48.0623 28.704 19.3583 40.200
 619 40.1777 23.265 16.9127 42.000
 720 34.077 19.537 14.540 42.600
 102 369.754 7474.053 7104.299 1921.300
 206 115.257 130.129 14.872 12.900
 308 57.6677 63.201 5.5333 9.500
 413 38.3637 41.717 3.3533 8.700
 518 29.3897 31.137 1.7473 5.900
 619 23.882 24.842 .960 4.000
 720 20.1817 20.661 .4793 2.300
 102 400.074 44526.796 44126.722 11029.600
 206 186.946 8165.437 7978.491 4267.800
 308 118.027 220.938 102.911 87.100
 413 60.3433 78.950 18.6067 30.800
 518 49.1723 48.070 1.1023 2.200
 619 32.7693 34.529 1.7597 5.300
 720 25.523 26.962 1.439 5.600
 102 246.13 379.207 133.077 54.000
 206 111.471 92.774 18.697 16.700
 308 71.4413 52.838 18.6033 26.000
 413 51.9903 36.956 15.0343 28.900
 518 40.954 28.409 12.545 30.600
 619 33.802 23.060 10.742 31.700
 720 28.9983 19.414 9.5843 33.000
 102 373.599 50131.968 49758.369 13318.600
 206 185.441 162.938 22.503 12.100
 308 115.578 70.000 45.578 39.400
 413 81.3163 44.574 36.7423 45.100
 518 61.5197 32.710 28.8097 46.800
 619 49.3707 25.825 23.5457 47.600
 720 40.5513 21.345 19.2063 47.300
 102 371.039 5036.236 4665.197 1257.300
 206 129.413 132.096 2.683 2.000
 308 71.148 63.569 7.579 10.600
 413 49.3087 41.902 7.4067 15.000
 518 36.956 31.260 5.696 15.400
 619 30.0213 24.903 5.1183 17.000
 720 24.7613 20.696 4.0653 16.400
 102 244.579 14937617589.125 14937617344.546 6107481568.100
 206 123.671 20559.544 20435.873 16524.300
 308 48.082 141.499 93.417 194.200
 413 34.814 54.108 19.294 55.400
 518 27.4497 32.489 5.0393 18.300
 619 22.5237 23.414 .8903 3.900
 720 19.2183 18.173 1.0453 5.400
 102 154.622 377.159 222.537 143.900
 206 66.508 78.438 11.930 17.900
 308 36.1513 40.085 3.9337 10.800
 413 25.422 26.910 1.488 5.800
 518 19.6867 20.217 .5303 2.600
 619 16.0877 16.233 .1453 .900
 720 13.6383 13.539 .0993 .700
 102 96.888 100.188 3.300 3.400
 206 46.2213 45.056 1.1653 2.500
 308 30.658 29.053 1.605 5.200
 413 22.9293 21.442 1.4873 6.400
 518 18.318 16.990 1.328 7.200
 619 15.195 14.062 1.133 7.400
 720 13.0457 12.006 1.0397 7.900
 102 274.921 153241009.684 153240734.763 55739916.100
 206 137.223 1331340.820 1331203.597 970102.300
 308 91.4383 87696.686 87605.2477 95808.000
 413 68.459 13393.715 13325.256 19464.500
 518 54.7883 3265.855 3211.0667 5860.800
 619 45.7403 1084.662 1038.9217 2271.300
 720 39.2227 448.912 409.6893 1044.500
 102 108.259 3715.153 3606.894 3331.700
 206 53.5107 97.566 44.0553 82.300
 308 33.9337 44.590 10.6563 31.400
 413 23.684 28.672 4.988 21.000
 518 20.8827 21.348 .4653 2.200
 619 15.1297 16.820 1.6903 11.100
 720 13.3027 14.030 .7273 5.400
 102 120.867 97.484 23.383 19.300
 206 56.5843 44.482 12.1023 21.300
 308 36.833 28.807 8.026 21.700
 413 27.3917 21.319 6.0727 22.100
 518 21.7583 16.924 4.8343 22.200
 619 18.093 14.007 4.086 22.500
 720 15.448 11.959 3.489 22.500
 102 208.991 1210.777 1001.786 479.300
 206 123.537 514.908 391.371 316.800
 308 52.672 80.525 27.853 52.800
 413 32.664 40.632 7.968 24.300
 518 23.3433 27.131 3.7877 16.200
 619 18.1473 20.383 2.2357 12.300
 720 15.152 16.312 1.160 7.600
 102 205.803 3828.858 3623.055 1760.400
 206 124.412 644.710 520.298 418.200
 308 82.648 110.097 27.449 33.200
 413 61.9777 47.288 14.6897 23.700
 518 49.6907 29.999 19.6917 39.600
 619 39.0557 21.940 17.1157 43.800
 720 20.0527 17.307 2.7457 13.600
 102 281.819 40619.048 40337.229 14313.100
 206 117.921 101.376 16.545 14.000
 308 72.7767 45.273 27.5037 37.700
 413 51.6597 29.163 22.4967 43.500
 518 39.1467 21.495 17.6517 45.000
 619 31.5883 17.011 14.5773 46.100
 720 26.4437 14.089 12.3547 46.700
 102 249.674 37481.676 37232.002 14912.200
 206 124.043 125.624 1.581 1.200
 308 82.2933 49.533 32.7603 39.800
 413 61.105 30.883 30.222 49.400
 518 49.584 22.396 27.188 54.800
 619 40.7823 17.585 23.1973 56.800
 720 35.0883 14.475 20.6133 58.700
 102 239.179 1489991.106 1489751.927 622860.600
 206 104.273 126.402 22.129 21.200
 308 62.843 49.724 13.119 20.800
 413 44.051 30.924 13.127 29.700
 518 33.6753 22.429 11.2463 33.300
 619 26.9417 17.612 9.3297 34.600
 720 22.8313 14.498 8.3333 36.400
 102 248.35 192.675 55.675 22.400
 206 123.868 57.425 66.443 53.600
 308 82.3047 33.750 48.5547 58.900
 413 61.4027 23.879 37.5237 61.100
 518 49.1317 18.497 30.6347 62.300
 619 40.2163 15.072 25.1443 62.500
 720 33.9637 12.743 21.2207 62.400
 102 252.939 2566398.033 2566145.094 1014531.200
 206 125.993 4869.079 4743.086 3764.500
 308 85.6653 308.148 222.4827 259.700
 413 63.8637 79.810 15.9463 24.900
 518 50.3387 41.238 9.1007 18.000
 619 41.5367 27.469 14.0677 33.800
 720 35.892 20.560 15.332 42.700
 102 187.05 105.512 81.538 43.500
 206 90.619 46.120 44.499 49.100
 308 59.3587 29.463 29.8957 50.300
 413 43.6317 21.688 21.9437 50.200
 518 34.3407 17.137 17.2037 50.000
 619 28.447 14.171 14.276 50.100
 720 23.9067 12.088 11.8187 49.400
 102 281.543 2744.401 2462.858 874.700
 206 138.193 290.078 151.885 109.900
 308 86.78 98.765 11.985 13.800
 413 63.6613 51.834 11.8273 18.500
 518 50.347 35.143 15.204 30.100
 619 40.8047 25.503 15.3017 37.400
 720 31.1123 19.460 11.6523 37.400
