 102 108.102 104.043 4.059 3.700
 206 47.128 45.832 1.296 2.700
 308 28.9287 29.389 .4603 1.500
 413 21.856 21.629 .227 1.000
 518 17.4393 17.111 .3283 1.800
 619 14.504 14.154 .350 2.400
 720 12.347 12.069 .278 2.200
 619 41.958 128.869 86.911 207.100
 720 36.0627 50.083 14.0203 38.800
 102 175.43 223.239 47.809 27.200
 206 122.194 59.928 62.266 50.900
 308 81.276 34.609 46.667 57.400
 413 61.4057 24.330 37.0757 60.300
 518 48.1167 18.759 29.3577 61.000
 619 40.4953 15.263 25.2323 62.300
 720 35.1177 12.866 22.2517 63.300
 518 50.7393 91.838 41.0987 80.900
 619 42.495 43.298 .803 1.800
 720 36.4573 28.326 8.1313 22.300
 102 147.845 183.381 35.536 24.000
 206 66.8337 56.624 10.2097 15.200
 308 42.774 33.481 9.293 21.700
 413 32.23 23.767 8.463 26.200
 518 24.5423 18.422 6.1203 24.900
 619 19.8797 15.040 4.8397 24.300
 720 16.0757 12.707 3.3687 20.900
 206 119.981 171.438 51.457 42.800
 308 61.4777 55.432 6.0457 9.800
 413 43.0017 33.061 9.9407 23.100
 518 33.232 23.554 9.678 29.100
 619 24.3617 18.294 6.0677 24.900
 720 17.231 14.954 2.277 13.200
 102 127.228 265.284 138.056 108.500
 206 54.198 62.591 8.393 15.400
 308 35.2197 35.481 .2613 .700
 413 25.28 24.758 .522 2.000
 518 20.5937 19.012 1.5817 7.600
 619 16.5463 15.430 1.1163 6.700
 720 14.465 12.985 1.480 10.200
 308 70.526 98.965 28.439 40.300
 413 46.344 44.819 1.525 3.200
 518 34.2357 28.969 5.2667 15.300
 619 26.539 21.401 5.138 19.300
 720 21.76 16.968 4.792 22.000
 102 114.224 161.846 47.622 41.600
 206 50.8163 54.389 3.5727 7.000
 308 32.8113 32.687 .1243 .300
 413 24.6153 23.364 1.2513 5.000
 518 18.8067 18.179 .6277 3.300
 619 15.8553 14.877 .9783 6.100
 720 13.7807 12.591 1.1897 8.600
 206 68.1993 108.843 40.6437 59.500
 308 42.3917 46.740 4.3483 10.200
 413 31.263 29.760 1.503 4.800
 518 24.568 21.829 2.739 11.100
 619 20.2783 17.236 3.0423 15.000
 720 17.5813 14.240 3.3413 19.000
 308 81.6223 95.371 13.7487 16.800
 413 61.099 44.067 17.032 27.800
 518 49.1773 28.653 20.5243 41.700
 619 39.8147 21.228 18.5867 46.600
 720 33.604 16.859 16.745 49.800
 413 64.6147 88.973 24.3583 37.600
 518 51.2947 42.650 8.6447 16.800
 619 41.787 28.047 13.740 32.800
 720 36.0297 20.894 15.1357 42.000
 206 55.7787 118.986 63.2073 113.300
 308 35.32 48.517 13.197 37.300
 413 25.3887 30.470 5.0813 20.000
 518 20.5493 22.209 1.6597 8.000
 619 16.591 17.472 .881 5.300
 720 14.3397 14.401 .0613 .400
 206 122.352 120.413 1.939 1.500
 308 81.895 48.752 33.143 40.400
 413 60.3893 30.563 29.8263 49.300
 518 45.05 22.258 22.792 50.500
 619 35.4507 17.503 17.9477 50.600
 720 29.3827 14.421 14.9617 50.900
 206 124.495 165.401 40.906 32.800
 308 81.8787 54.785 27.0937 33.000
 413 62.1517 32.829 29.3227 47.100
 518 49.4643 23.437 26.0273 52.600
 619 40.7737 18.223 22.5507 55.300
 720 35.0133 14.907 20.1063 57.400
 206 123.518 114.592 8.926 7.200
 308 82.111 47.770 34.341 41.800
 413 56.2353 30.174 26.0613 46.300
 518 41.7197 22.051 19.6687 47.100
 619 32.579 17.374 15.205 46.600
 720 26.9073 14.334 12.5733 46.700
 102 226.619 131.097 95.522 42.100
 206 108.258 50.416 57.842 53.400
 308 71.07 31.209 39.861 56.000
 413 52.505 22.599 29.906 56.900
 518 41.6317 17.712 23.9197 57.400
 619 34.541 14.563 19.978 57.800
 720 29.731 12.365 17.366 58.400
 206 124.441 2007.843 1883.402 1513.400
 308 84.945 78.708 6.237 7.300
 413 63.1537 40.141 23.0127 36.400
 518 50.1903 26.940 23.2503 46.300
 619 41.5333 20.273 21.2603 51.100
 720 35.281 16.251 19.030 53.900
 102 166.666 104.330 62.336 37.400
 206 79.2473 45.888 33.3593 42.000
 308 51.8303 29.412 22.4183 43.200
 413 38.622 21.642 16.980 43.900
 518 30.6023 17.119 13.4833 44.000
 619 25.4943 14.160 11.3343 44.400
 720 21.5857 12.073 9.5127 44.000
 102 250.799 722.653 471.854 188.100
 206 71.7897 73.579 1.7893 2.400
 308 38.4663 38.762 .2957 .700
 413 26.2457 26.312 .0663 .200
 518 20.001 19.915 .086 .400
 619 16.071 16.020 .051 .300
 720 13.4697 13.400 .0697 .500
 206 125.176 272.412 147.236 117.600
 308 62.253 62.980 .727 1.100
 413 35.945 35.606 .339 .900
 518 25.0693 24.818 .2513 1.000
 619 19.3183 19.047 .2713 1.400
 720 16.8547 15.454 1.4007 8.300
 102 191.531 325.907 134.376 70.100
 206 92.7693 65.464 27.3053 29.400
 308 60.5723 36.386 24.1863 39.900
 413 42.0947 25.195 16.8997 40.100
 518 31.776 19.269 12.507 39.300
 619 25.791 15.599 10.192 39.500
 720 22.136 13.104 9.032 40.800
 206 124.434 170.524 46.090 37.000
 308 81.8463 55.336 26.5103 32.300
 413 60.9297 33.026 27.9037 45.700
 518 49.1637 23.537 25.6267 52.100
 619 40.3973 18.284 22.1133 54.700
 720 34.566 14.947 19.619 56.700
 102 132.225 159.800 27.575 20.800
 206 53.1113 54.156 1.0447 1.900
 308 32.7453 32.603 .1423 .400
 413 22.7017 23.321 .6193 2.700
 518 17.967 18.153 .186 1.000
 619 14.844 14.860 .016 .100
 720 12.7357 12.578 .1577 1.200
 102 138.891 240.658 101.767 73.200
 206 54.5467 61.116 6.5693 12.000
 308 32.913 35.002 2.089 6.300
 413 23.1687 24.524 1.3553 5.800
 518 18.1723 18.873 .7007 3.800
 619 14.919 15.339 .420 2.800
 720 12.761 12.920 .159 1.200
 720 35.9423 461.261 425.3187 1183.300
 102 112.99 165.615 52.625 46.500
 206 49.8027 54.809 5.0063 10.000
 308 30.8333 32.838 2.0047 6.500
 413 22.2187 23.441 1.2223 5.500
 518 14.7633 18.226 3.4627 23.400
 619 13.7223 14.909 1.1867 8.600
 720 12.9823 12.613 .3693 2.800
 102 93.3923 812.698 719.3057 770.100
 206 32.8277 74.418 41.5903 126.600
 308 20.2953 38.994 18.6987 92.100
 413 14.786 26.418 11.632 78.600
 518 11.744 19.976 8.232 70.000
 619 9.69833 16.060 6.36167 65.500
 720 8.29333 13.427 5.13367 61.900
 102 144.242 162.230 17.988 12.400
 206 72.4583 54.433 18.0253 24.800
 308 47.6707 32.703 14.9677 31.300
 413 35.678 23.372 12.306 34.400
 518 24.9507 18.184 6.7667 27.100
 619 11.722 14.881 3.159 26.900
 720 11.3183 12.593 1.2747 11.200
 102 143.43 220.309 76.879 53.600
 206 42.892 59.715 16.823 39.200
 308 25.6687 34.538 8.8693 34.500
 413 17.5847 24.295 6.7103 38.100
 518 13.9173 18.738 4.8207 34.600
 619 10.7937 15.249 4.4553 41.200
 720 9.36967 12.856 3.48633 37.200
 413 62.455 886.580 824.125 1319.500
 518 49.2197 74.990 25.7703 52.300
 619 39.176 39.151 .025 0
 720 27.5723 26.490 1.0823 3.900
 206 177.39 206.785 29.395 16.500
 308 108.657 58.675 49.982 45.900
 413 77.1237 34.188 42.9357 55.600
 518 60.1813 24.121 36.0603 59.900
 619 48.4417 18.634 29.8077 61.500
 720 40.3217 15.181 25.1407 62.300
 102 283.59 292.989 9.399 3.300
 206 132.343 64.020 68.323 51.600
 308 85.0743 35.936 49.1383 57.700
 413 61.5943 24.978 36.6163 59.400
 518 48.0623 19.141 28.9213 60.100
 619 40.1777 15.516 24.6617 61.300
 720 34.077 13.045 21.032 61.700
 206 115.257 86.926 28.331 24.500
 308 57.6677 42.174 15.4937 26.800
 413 38.3637 27.841 10.5227 27.400
 518 29.3897 20.779 8.6107 29.200
 619 23.882 16.574 7.308 30.600
 720 20.1817 13.785 6.3967 31.600
 308 118.027 148.298 30.271 25.600
 413 60.3433 52.769 7.5743 12.500
 518 49.1723 32.095 17.0773 34.700
 619 32.7693 23.060 9.7093 29.600
 720 25.523 17.994 7.529 29.400
 102 246.13 252.964 6.834 2.700
 206 111.471 61.880 49.591 44.400
 308 71.4413 35.251 36.1903 50.600
 413 51.9903 24.646 27.3443 52.500
 518 40.954 18.946 22.008 53.700
 619 33.802 15.387 18.415 54.400
 720 28.9983 12.954 16.0443 55.300
 206 185.441 108.774 76.667 41.300
 308 115.578 46.728 68.850 59.500
 413 81.3163 29.755 51.5613 63.400
 518 61.5197 21.827 39.6927 64.500
 619 49.3707 17.234 32.1367 65.000
 720 40.5513 14.239 26.3123 64.800
 206 129.413 88.108 41.305 31.900
 308 71.148 42.450 28.698 40.300
 413 49.3087 27.961 21.3477 43.200
 518 36.956 20.846 16.110 43.500
 619 30.0213 16.617 13.4043 44.600
 720 24.7613 13.815 10.9463 44.200
 308 48.082 172.216 124.134 258.100
 413 34.814 55.513 20.699 59.400
 518 27.4497 33.089 5.6393 20.500
 619 22.5237 23.569 1.0453 4.600
 720 19.2183 18.303 .9153 4.700
 102 154.622 1939.393 1784.771 1154.200
 206 66.508 78.599 12.091 18.100
 308 36.1513 40.112 3.9607 10.900
 413 25.422 26.927 1.505 5.900
 518 19.6867 20.265 .5783 2.900
 619 16.0877 16.246 .1583 .900
 720 13.6383 13.557 .0813 .500
 102 96.888 100.323 3.435 3.500
 206 46.2213 45.096 1.1253 2.400
 308 30.658 29.085 1.573 5.100
 413 22.9293 21.464 1.4653 6.300
 518 18.318 17.007 1.311 7.100
 619 15.195 14.083 1.112 7.300
 720 13.0457 12.017 1.0287 7.800
 206 53.5107 98.121 44.6103 83.300
 308 33.9337 44.645 10.7113 31.500
 413 23.684 28.897 5.213 22.000
 518 20.8827 21.361 .4783 2.200
 619 15.1297 16.943 1.8133 11.900
 720 13.3027 14.039 .7363 5.500
 102 120.867 97.579 23.288 19.200
 206 56.5843 44.533 12.0513 21.200
 308 36.833 28.849 7.984 21.600
 413 27.3917 21.336 6.0557 22.100
 518 21.7583 16.927 4.8313 22.200
 619 18.093 14.028 4.065 22.400
 720 15.448 11.977 3.471 22.400
 206 123.537 6440.251 6316.714 5113.200
 308 52.672 80.891 28.219 53.500
 413 32.664 40.701 8.037 24.600
 518 23.3433 27.191 3.8477 16.400
 619 18.1473 20.415 2.2677 12.400
 720 15.152 16.342 1.190 7.800
 308 82.648 112.478 29.830 36.000
 413 61.9777 47.398 14.5797 23.500
 518 49.6907 30.025 19.6657 39.500
 619 39.0557 21.972 17.0837 43.700
 720 20.0527 17.325 2.7277 13.600
 206 117.921 101.436 16.485 13.900
 308 72.7767 45.319 27.4577 37.700
 413 51.6597 29.177 22.4827 43.500
 518 39.1467 21.514 17.6327 45.000
 619 31.5883 17.039 14.5493 46.000
 720 26.4437 14.105 12.3387 46.600
 206 124.043 125.829 1.786 1.400
 308 82.2933 49.617 32.6763 39.700
 413 61.105 30.901 30.204 49.400
 518 49.584 22.437 27.147 54.700
 619 40.7823 17.613 23.1693 56.800
 720 35.0883 14.496 20.5923 58.600
 206 104.273 126.654 22.381 21.400
 308 62.843 49.744 13.099 20.800
 413 44.051 30.950 13.101 29.700
 518 33.6753 22.463 11.2123 33.200
 619 26.9417 17.629 9.3127 34.500
 720 22.8313 14.507 8.3243 36.400
 102 248.35 193.098 55.252 22.200
 206 123.868 57.518 66.350 53.500
 308 82.3047 33.792 48.5127 58.900
 413 61.4027 23.923 37.4797 61.000
 518 49.1317 18.516 30.6157 62.300
 619 40.2163 15.102 25.1143 62.400
 720 33.9637 12.751 21.2127 62.400
 308 85.6653 -3849.624  
 413 63.8637 83.701 19.8373 31.000
 518 50.3387 41.400 8.9387 17.700
 619 41.5367 27.501 14.0357 33.700
 720 35.892 20.589 15.303 42.600
 102 187.05 105.610 81.440 43.500
 206 90.619 46.134 44.485 49.000
 308 59.3587 29.513 29.8457 50.200
 413 43.6317 21.696 21.9357 50.200
 518 34.3407 17.153 17.1877 50.000
 619 28.447 14.183 14.264 50.100
 720 23.9067 12.090 11.8167 49.400
 308 86.78 404.743 317.963 366.400
 413 63.6613 68.130 4.4687 7.000
 518 50.347 37.195 13.152 26.100
 619 40.8047 25.580 15.2247 37.300
 720 31.1123 19.493 11.6193 37.300
 102 108.102 104.043 4.059 3.700
 206 47.128 45.832 1.296 2.700
 308 28.9287 29.389 .4603 1.500
 413 21.856 21.629 .227 1.000
 518 17.4393 17.111 .3283 1.800
 619 14.504 14.154 .350 2.400
 720 12.347 12.069 .278 2.200
 619 41.958 128.869 86.911 207.100
 720 36.0627 50.083 14.0203 38.800
 102 175.43 223.239 47.809 27.200
 206 122.194 59.928 62.266 50.900
 308 81.276 34.609 46.667 57.400
 413 61.4057 24.330 37.0757 60.300
 518 48.1167 18.759 29.3577 61.000
 619 40.4953 15.263 25.2323 62.300
 720 35.1177 12.866 22.2517 63.300
 518 50.7393 91.838 41.0987 80.900
 619 42.495 43.298 .803 1.800
 720 36.4573 28.326 8.1313 22.300
 102 147.845 183.381 35.536 24.000
 206 66.8337 56.624 10.2097 15.200
 308 42.774 33.481 9.293 21.700
 413 32.23 23.767 8.463 26.200
 518 24.5423 18.422 6.1203 24.900
 619 19.8797 15.040 4.8397 24.300
 720 16.0757 12.707 3.3687 20.900
 206 119.981 171.438 51.457 42.800
 308 61.4777 55.432 6.0457 9.800
 413 43.0017 33.061 9.9407 23.100
 518 33.232 23.554 9.678 29.100
 619 24.3617 18.294 6.0677 24.900
 720 17.231 14.954 2.277 13.200
 102 127.228 265.284 138.056 108.500
 206 54.198 62.591 8.393 15.400
 308 35.2197 35.481 .2613 .700
 413 25.28 24.758 .522 2.000
 518 20.5937 19.012 1.5817 7.600
 619 16.5463 15.430 1.1163 6.700
 720 14.465 12.985 1.480 10.200
 308 70.526 98.965 28.439 40.300
 413 46.344 44.819 1.525 3.200
 518 34.2357 28.969 5.2667 15.300
 619 26.539 21.401 5.138 19.300
 720 21.76 16.968 4.792 22.000
 102 114.224 161.846 47.622 41.600
 206 50.8163 54.389 3.5727 7.000
 308 32.8113 32.687 .1243 .300
 413 24.6153 23.364 1.2513 5.000
 518 18.8067 18.179 .6277 3.300
 619 15.8553 14.877 .9783 6.100
 720 13.7807 12.591 1.1897 8.600
 206 68.1993 108.843 40.6437 59.500
 308 42.3917 46.740 4.3483 10.200
 413 31.263 29.760 1.503 4.800
 518 24.568 21.829 2.739 11.100
 619 20.2783 17.236 3.0423 15.000
 720 17.5813 14.240 3.3413 19.000
 308 81.6223 95.371 13.7487 16.800
 413 61.099 44.067 17.032 27.800
 518 49.1773 28.653 20.5243 41.700
 619 39.8147 21.228 18.5867 46.600
 720 33.604 16.859 16.745 49.800
 413 64.6147 88.973 24.3583 37.600
 518 51.2947 42.650 8.6447 16.800
 619 41.787 28.047 13.740 32.800
 720 36.0297 20.894 15.1357 42.000
 206 55.7787 118.986 63.2073 113.300
 308 35.32 48.517 13.197 37.300
 413 25.3887 30.470 5.0813 20.000
 518 20.5493 22.209 1.6597 8.000
 619 16.591 17.472 .881 5.300
 720 14.3397 14.401 .0613 .400
 206 122.352 120.413 1.939 1.500
 308 81.895 48.752 33.143 40.400
 413 60.3893 30.563 29.8263 49.300
 518 45.05 22.258 22.792 50.500
 619 35.4507 17.503 17.9477 50.600
 720 29.3827 14.421 14.9617 50.900
 206 124.495 165.401 40.906 32.800
 308 81.8787 54.785 27.0937 33.000
 413 62.1517 32.829 29.3227 47.100
 518 49.4643 23.437 26.0273 52.600
 619 40.7737 18.223 22.5507 55.300
 720 35.0133 14.907 20.1063 57.400
 206 123.518 114.592 8.926 7.200
 308 82.111 47.770 34.341 41.800
 413 56.2353 30.174 26.0613 46.300
 518 41.7197 22.051 19.6687 47.100
 619 32.579 17.374 15.205 46.600
 720 26.9073 14.334 12.5733 46.700
 102 226.619 131.097 95.522 42.100
 206 108.258 50.416 57.842 53.400
 308 71.07 31.209 39.861 56.000
 413 52.505 22.599 29.906 56.900
 518 41.6317 17.712 23.9197 57.400
 619 34.541 14.563 19.978 57.800
 720 29.731 12.365 17.366 58.400
 206 124.441 2007.843 1883.402 1513.400
 308 84.945 78.708 6.237 7.300
 413 63.1537 40.141 23.0127 36.400
 518 50.1903 26.940 23.2503 46.300
 619 41.5333 20.273 21.2603 51.100
 720 35.281 16.251 19.030 53.900
 102 166.666 104.330 62.336 37.400
 206 79.2473 45.888 33.3593 42.000
 308 51.8303 29.412 22.4183 43.200
 413 38.622 21.642 16.980 43.900
 518 30.6023 17.119 13.4833 44.000
 619 25.4943 14.160 11.3343 44.400
 720 21.5857 12.073 9.5127 44.000
 102 250.799 722.653 471.854 188.100
 206 71.7897 73.579 1.7893 2.400
 308 38.4663 38.762 .2957 .700
 413 26.2457 26.312 .0663 .200
 518 20.001 19.915 .086 .400
 619 16.071 16.020 .051 .300
 720 13.4697 13.400 .0697 .500
 206 125.176 272.412 147.236 117.600
 308 62.253 62.980 .727 1.100
 413 35.945 35.606 .339 .900
 518 25.0693 24.818 .2513 1.000
 619 19.3183 19.047 .2713 1.400
 720 16.8547 15.454 1.4007 8.300
 102 191.531 325.907 134.376 70.100
 206 92.7693 65.464 27.3053 29.400
 308 60.5723 36.386 24.1863 39.900
 413 42.0947 25.195 16.8997 40.100
 518 31.776 19.269 12.507 39.300
 619 25.791 15.599 10.192 39.500
 720 22.136 13.104 9.032 40.800
 206 124.434 170.524 46.090 37.000
 308 81.8463 55.336 26.5103 32.300
 413 60.9297 33.026 27.9037 45.700
 518 49.1637 23.537 25.6267 52.100
 619 40.3973 18.284 22.1133 54.700
 720 34.566 14.947 19.619 56.700
 102 132.225 159.800 27.575 20.800
 206 53.1113 54.156 1.0447 1.900
 308 32.7453 32.603 .1423 .400
 413 22.7017 23.321 .6193 2.700
 518 17.967 18.153 .186 1.000
 619 14.844 14.860 .016 .100
 720 12.7357 12.578 .1577 1.200
 102 138.891 240.658 101.767 73.200
 206 54.5467 61.116 6.5693 12.000
 308 32.913 35.002 2.089 6.300
 413 23.1687 24.524 1.3553 5.800
 518 18.1723 18.873 .7007 3.800
 619 14.919 15.339 .420 2.800
 720 12.761 12.920 .159 1.200
 720 35.9423 461.261 425.3187 1183.300
 102 112.99 165.615 52.625 46.500
 206 49.8027 54.809 5.0063 10.000
 308 30.8333 32.838 2.0047 6.500
 413 22.2187 23.441 1.2223 5.500
 518 14.7633 18.226 3.4627 23.400
 619 13.7223 14.909 1.1867 8.600
 720 12.9823 12.613 .3693 2.800
 102 93.3923 812.698 719.3057 770.100
 206 32.8277 74.418 41.5903 126.600
 308 20.2953 38.994 18.6987 92.100
 413 14.786 26.418 11.632 78.600
 518 11.744 19.976 8.232 70.000
 619 9.69833 16.060 6.36167 65.500
 720 8.29333 13.427 5.13367 61.900
 102 144.242 162.230 17.988 12.400
 206 72.4583 54.433 18.0253 24.800
 308 47.6707 32.703 14.9677 31.300
 413 35.678 23.372 12.306 34.400
 518 24.9507 18.184 6.7667 27.100
 619 11.722 14.881 3.159 26.900
 720 11.3183 12.593 1.2747 11.200
 102 143.43 220.309 76.879 53.600
 206 42.892 59.715 16.823 39.200
 308 25.6687 34.538 8.8693 34.500
 413 17.5847 24.295 6.7103 38.100
 518 13.9173 18.738 4.8207 34.600
 619 10.7937 15.249 4.4553 41.200
 720 9.36967 12.856 3.48633 37.200
 413 62.455 886.580 824.125 1319.500
 518 49.2197 74.990 25.7703 52.300
 619 39.176 39.151 .025 0
 720 27.5723 26.490 1.0823 3.900
 206 177.39 206.785 29.395 16.500
 308 108.657 58.675 49.982 45.900
 413 77.1237 34.188 42.9357 55.600
 518 60.1813 24.121 36.0603 59.900
 619 48.4417 18.634 29.8077 61.500
 720 40.3217 15.181 25.1407 62.300
 102 283.59 292.989 9.399 3.300
 206 132.343 64.020 68.323 51.600
 308 85.0743 35.936 49.1383 57.700
 413 61.5943 24.978 36.6163 59.400
 518 48.0623 19.141 28.9213 60.100
 619 40.1777 15.516 24.6617 61.300
 720 34.077 13.045 21.032 61.700
 206 115.257 86.926 28.331 24.500
 308 57.6677 42.174 15.4937 26.800
 413 38.3637 27.841 10.5227 27.400
 518 29.3897 20.779 8.6107 29.200
 619 23.882 16.574 7.308 30.600
 720 20.1817 13.785 6.3967 31.600
 308 118.027 148.298 30.271 25.600
 413 60.3433 52.769 7.5743 12.500
 518 49.1723 32.095 17.0773 34.700
 619 32.7693 23.060 9.7093 29.600
 720 25.523 17.994 7.529 29.400
 102 246.13 252.964 6.834 2.700
 206 111.471 61.880 49.591 44.400
 308 71.4413 35.251 36.1903 50.600
 413 51.9903 24.646 27.3443 52.500
 518 40.954 18.946 22.008 53.700
 619 33.802 15.387 18.415 54.400
 720 28.9983 12.954 16.0443 55.300
 206 185.441 108.774 76.667 41.300
 308 115.578 46.728 68.850 59.500
 413 81.3163 29.755 51.5613 63.400
 518 61.5197 21.827 39.6927 64.500
 619 49.3707 17.234 32.1367 65.000
 720 40.5513 14.239 26.3123 64.800
 206 129.413 88.108 41.305 31.900
 308 71.148 42.450 28.698 40.300
 413 49.3087 27.961 21.3477 43.200
 518 36.956 20.846 16.110 43.500
 619 30.0213 16.617 13.4043 44.600
 720 24.7613 13.815 10.9463 44.200
 308 48.082 172.216 124.134 258.100
 413 34.814 55.513 20.699 59.400
 518 27.4497 33.089 5.6393 20.500
 619 22.5237 23.569 1.0453 4.600
 720 19.2183 18.303 .9153 4.700
 102 154.622 1939.393 1784.771 1154.200
 206 66.508 78.599 12.091 18.100
 308 36.1513 40.112 3.9607 10.900
 413 25.422 26.927 1.505 5.900
 518 19.6867 20.265 .5783 2.900
 619 16.0877 16.246 .1583 .900
 720 13.6383 13.557 .0813 .500
 102 96.888 100.323 3.435 3.500
 206 46.2213 45.096 1.1253 2.400
 308 30.658 29.085 1.573 5.100
 413 22.9293 21.464 1.4653 6.300
 518 18.318 17.007 1.311 7.100
 619 15.195 14.083 1.112 7.300
 720 13.0457 12.017 1.0287 7.800
 206 53.5107 98.121 44.6103 83.300
 308 33.9337 44.645 10.7113 31.500
 413 23.684 28.897 5.213 22.000
 518 20.8827 21.361 .4783 2.200
 619 15.1297 16.943 1.8133 11.900
 720 13.3027 14.039 .7363 5.500
 102 120.867 97.579 23.288 19.200
 206 56.5843 44.533 12.0513 21.200
 308 36.833 28.849 7.984 21.600
 413 27.3917 21.336 6.0557 22.100
 518 21.7583 16.927 4.8313 22.200
 619 18.093 14.028 4.065 22.400
 720 15.448 11.977 3.471 22.400
 206 123.537 6440.251 6316.714 5113.200
 308 52.672 80.891 28.219 53.500
 413 32.664 40.701 8.037 24.600
 518 23.3433 27.191 3.8477 16.400
 619 18.1473 20.415 2.2677 12.400
 720 15.152 16.342 1.190 7.800
 308 82.648 112.478 29.830 36.000
 413 61.9777 47.398 14.5797 23.500
 518 49.6907 30.025 19.6657 39.500
 619 39.0557 21.972 17.0837 43.700
 720 20.0527 17.325 2.7277 13.600
 206 117.921 101.436 16.485 13.900
 308 72.7767 45.319 27.4577 37.700
 413 51.6597 29.177 22.4827 43.500
 518 39.1467 21.514 17.6327 45.000
 619 31.5883 17.039 14.5493 46.000
 720 26.4437 14.105 12.3387 46.600
 206 124.043 125.829 1.786 1.400
 308 82.2933 49.617 32.6763 39.700
 413 61.105 30.901 30.204 49.400
 518 49.584 22.437 27.147 54.700
 619 40.7823 17.613 23.1693 56.800
 720 35.0883 14.496 20.5923 58.600
 206 104.273 126.654 22.381 21.400
 308 62.843 49.744 13.099 20.800
 413 44.051 30.950 13.101 29.700
 518 33.6753 22.463 11.2123 33.200
 619 26.9417 17.629 9.3127 34.500
 720 22.8313 14.507 8.3243 36.400
 102 248.35 193.098 55.252 22.200
 206 123.868 57.518 66.350 53.500
 308 82.3047 33.792 48.5127 58.900
 413 61.4027 23.923 37.4797 61.000
 518 49.1317 18.516 30.6157 62.300
 619 40.2163 15.102 25.1143 62.400
 720 33.9637 12.751 21.2127 62.400
 308 85.6653 -3849.624  
 413 63.8637 83.701 19.8373 31.000
 518 50.3387 41.400 8.9387 17.700
 619 41.5367 27.501 14.0357 33.700
 720 35.892 20.589 15.303 42.600
 102 187.05 105.610 81.440 43.500
 206 90.619 46.134 44.485 49.000
 308 59.3587 29.513 29.8457 50.200
 413 43.6317 21.696 21.9357 50.200
 518 34.3407 17.153 17.1877 50.000
 619 28.447 14.183 14.264 50.100
 720 23.9067 12.090 11.8167 49.400
 308 86.78 404.743 317.963 366.400
 413 63.6613 68.130 4.4687 7.000
 518 50.347 37.195 13.152 26.100
 619 40.8047 25.580 15.2247 37.300
 720 31.1123 19.493 11.6193 37.300
 102 108.102 104.043 4.059 3.700
 206 47.128 45.832 1.296 2.700
 308 28.9287 29.389 .4603 1.500
 413 21.856 21.629 .227 1.000
 518 17.4393 17.111 .3283 1.800
 619 14.504 14.154 .350 2.400
 720 12.347 12.069 .278 2.200
 619 41.958 128.869 86.911 207.100
 720 36.0627 50.083 14.0203 38.800
 102 175.43 223.239 47.809 27.200
 206 122.194 59.928 62.266 50.900
 308 81.276 34.609 46.667 57.400
 413 61.4057 24.330 37.0757 60.300
 518 48.1167 18.759 29.3577 61.000
 619 40.4953 15.263 25.2323 62.300
 720 35.1177 12.866 22.2517 63.300
 518 50.7393 91.838 41.0987 80.900
 619 42.495 43.298 .803 1.800
 720 36.4573 28.326 8.1313 22.300
 102 147.845 183.381 35.536 24.000
 206 66.8337 56.624 10.2097 15.200
 308 42.774 33.481 9.293 21.700
 413 32.23 23.767 8.463 26.200
 518 24.5423 18.422 6.1203 24.900
 619 19.8797 15.040 4.8397 24.300
 720 16.0757 12.707 3.3687 20.900
 206 119.981 171.438 51.457 42.800
 308 61.4777 55.432 6.0457 9.800
 413 43.0017 33.061 9.9407 23.100
 518 33.232 23.554 9.678 29.100
 619 24.3617 18.294 6.0677 24.900
 720 17.231 14.954 2.277 13.200
 102 127.228 265.284 138.056 108.500
 206 54.198 62.591 8.393 15.400
 308 35.2197 35.481 .2613 .700
 413 25.28 24.758 .522 2.000
 518 20.5937 19.012 1.5817 7.600
 619 16.5463 15.430 1.1163 6.700
 720 14.465 12.985 1.480 10.200
 308 70.526 98.965 28.439 40.300
 413 46.344 44.819 1.525 3.200
 518 34.2357 28.969 5.2667 15.300
 619 26.539 21.401 5.138 19.300
 720 21.76 16.968 4.792 22.000
 102 114.224 161.846 47.622 41.600
 206 50.8163 54.389 3.5727 7.000
 308 32.8113 32.687 .1243 .300
 413 24.6153 23.364 1.2513 5.000
 518 18.8067 18.179 .6277 3.300
 619 15.8553 14.877 .9783 6.100
 720 13.7807 12.591 1.1897 8.600
 206 68.1993 108.843 40.6437 59.500
 308 42.3917 46.740 4.3483 10.200
 413 31.263 29.760 1.503 4.800
 518 24.568 21.829 2.739 11.100
 619 20.2783 17.236 3.0423 15.000
 720 17.5813 14.240 3.3413 19.000
 308 81.6223 95.371 13.7487 16.800
 413 61.099 44.067 17.032 27.800
 518 49.1773 28.653 20.5243 41.700
 619 39.8147 21.228 18.5867 46.600
 720 33.604 16.859 16.745 49.800
 413 64.6147 88.973 24.3583 37.600
 518 51.2947 42.650 8.6447 16.800
 619 41.787 28.047 13.740 32.800
 720 36.0297 20.894 15.1357 42.000
 206 55.7787 118.986 63.2073 113.300
 308 35.32 48.517 13.197 37.300
 413 25.3887 30.470 5.0813 20.000
 518 20.5493 22.209 1.6597 8.000
 619 16.591 17.472 .881 5.300
 720 14.3397 14.401 .0613 .400
 206 122.352 120.413 1.939 1.500
 308 81.895 48.752 33.143 40.400
 413 60.3893 30.563 29.8263 49.300
 518 45.05 22.258 22.792 50.500
 619 35.4507 17.503 17.9477 50.600
 720 29.3827 14.421 14.9617 50.900
 206 124.495 165.401 40.906 32.800
 308 81.8787 54.785 27.0937 33.000
 413 62.1517 32.829 29.3227 47.100
 518 49.4643 23.437 26.0273 52.600
 619 40.7737 18.223 22.5507 55.300
 720 35.0133 14.907 20.1063 57.400
 206 123.518 114.592 8.926 7.200
 308 82.111 47.770 34.341 41.800
 413 56.2353 30.174 26.0613 46.300
 518 41.7197 22.051 19.6687 47.100
 619 32.579 17.374 15.205 46.600
 720 26.9073 14.334 12.5733 46.700
 102 226.619 131.097 95.522 42.100
 206 108.258 50.416 57.842 53.400
 308 71.07 31.209 39.861 56.000
 413 52.505 22.599 29.906 56.900
 518 41.6317 17.712 23.9197 57.400
 619 34.541 14.563 19.978 57.800
 720 29.731 12.365 17.366 58.400
 206 124.441 2007.843 1883.402 1513.400
 308 84.945 78.708 6.237 7.300
 413 63.1537 40.141 23.0127 36.400
 518 50.1903 26.940 23.2503 46.300
 619 41.5333 20.273 21.2603 51.100
 720 35.281 16.251 19.030 53.900
 102 166.666 104.330 62.336 37.400
 206 79.2473 45.888 33.3593 42.000
 308 51.8303 29.412 22.4183 43.200
 413 38.622 21.642 16.980 43.900
 518 30.6023 17.119 13.4833 44.000
 619 25.4943 14.160 11.3343 44.400
 720 21.5857 12.073 9.5127 44.000
 102 250.799 722.653 471.854 188.100
 206 71.7897 73.579 1.7893 2.400
 308 38.4663 38.762 .2957 .700
 413 26.2457 26.312 .0663 .200
 518 20.001 19.915 .086 .400
 619 16.071 16.020 .051 .300
 720 13.4697 13.400 .0697 .500
 206 125.176 272.412 147.236 117.600
 308 62.253 62.980 .727 1.100
 413 35.945 35.606 .339 .900
 518 25.0693 24.818 .2513 1.000
 619 19.3183 19.047 .2713 1.400
 720 16.8547 15.454 1.4007 8.300
 102 191.531 325.907 134.376 70.100
 206 92.7693 65.464 27.3053 29.400
 308 60.5723 36.386 24.1863 39.900
 413 42.0947 25.195 16.8997 40.100
 518 31.776 19.269 12.507 39.300
 619 25.791 15.599 10.192 39.500
 720 22.136 13.104 9.032 40.800
 206 124.434 170.524 46.090 37.000
 308 81.8463 55.336 26.5103 32.300
 413 60.9297 33.026 27.9037 45.700
 518 49.1637 23.537 25.6267 52.100
 619 40.3973 18.284 22.1133 54.700
 720 34.566 14.947 19.619 56.700
 102 132.225 159.800 27.575 20.800
 206 53.1113 54.156 1.0447 1.900
 308 32.7453 32.603 .1423 .400
 413 22.7017 23.321 .6193 2.700
 518 17.967 18.153 .186 1.000
 619 14.844 14.860 .016 .100
 720 12.7357 12.578 .1577 1.200
 102 138.891 240.658 101.767 73.200
 206 54.5467 61.116 6.5693 12.000
 308 32.913 35.002 2.089 6.300
 413 23.1687 24.524 1.3553 5.800
 518 18.1723 18.873 .7007 3.800
 619 14.919 15.339 .420 2.800
 720 12.761 12.920 .159 1.200
 720 35.9423 461.261 425.3187 1183.300
 102 112.99 97.040 15.950 14.100
 206 49.8027 32.114 17.6887 35.500
 308 30.8333 19.241 11.5923 37.500
 413 22.2187 13.735 8.4837 38.100
 518 14.7633 10.679 4.0843 27.600
 619 13.7223 8.735 4.9873 36.300
 720 12.9823 7.390 5.5923 43.000
 102 93.3923 476.190 382.7977 409.800
 206 32.8277 43.604 10.7763 32.800
 308 20.2953 22.848 2.5527 12.500
 413 14.786 15.479 .693 4.600
 518 11.744 11.705 .039 .300
 619 9.69833 9.410 .28833 2.900
 720 8.29333 7.867 .42633 5.100
 102 144.242 95.057 49.185 34.000
 206 72.4583 31.894 40.5643 55.900
 308 47.6707 19.161 28.5097 59.800
 413 35.678 13.694 21.984 61.600
 518 24.9507 10.654 14.2967 57.200
 619 11.722 8.719 3.003 25.600
 720 11.3183 7.378 3.9403 34.800
 102 143.43 129.087 14.343 10.000
 206 42.892 34.989 7.903 18.400
 308 25.6687 20.237 5.4317 21.100
 413 17.5847 14.235 3.3497 19.000
 518 13.9173 10.979 2.9383 21.100
 619 10.7937 8.935 1.8587 17.200
 720 9.36967 7.533 1.83667 19.600
 413 62.455 886.580 824.125 1319.500
 518 49.2197 74.990 25.7703 52.300
 619 39.176 39.151 .025 0
 720 27.5723 26.490 1.0823 3.900
 206 177.39 310.177 132.787 74.800
 308 108.657 88.012 20.645 19.000
 413 77.1237 51.282 25.8417 33.500
 518 60.1813 36.182 23.9993 39.800
 619 48.4417 27.951 20.4907 42.200
 720 40.3217 22.771 17.5507 43.500
 102 283.59 439.484 155.894 54.900
 206 132.343 96.030 36.313 27.400
 308 85.0743 53.904 31.1703 36.600
 413 61.5943 37.467 24.1273 39.100
 518 48.0623 28.712 19.3503 40.200
 619 40.1777 23.274 16.9037 42.000
 720 34.077 19.568 14.509 42.500
 206 115.257 130.390 15.133 13.100
 308 57.6677 63.261 5.5933 9.600
 413 38.3637 41.761 3.3973 8.800
 518 29.3897 31.168 1.7783 6.000
 619 23.882 24.862 .980 4.100
 720 20.1817 20.678 .4963 2.400
 308 118.027 222.447 104.420 88.400
 413 60.3433 79.154 18.8107 31.100
 518 49.1723 48.142 1.0303 2.000
 619 32.7693 34.590 1.8207 5.500
 720 25.523 26.992 1.469 5.700
 102 246.13 379.446 133.316 54.100
 206 111.471 92.820 18.651 16.700
 308 71.4413 52.877 18.5643 25.900
 413 51.9903 36.969 15.0213 28.800
 518 40.954 28.419 12.535 30.600
 619 33.802 23.081 10.721 31.700
 720 28.9983 19.431 9.5673 32.900
 206 185.441 163.161 22.280 12.000
 308 115.578 70.092 45.486 39.300
 413 81.3163 44.632 36.6843 45.100
 518 61.5197 32.740 28.7797 46.700
 619 49.3707 25.852 23.5187 47.600
 720 40.5513 21.358 19.1933 47.300
 206 129.413 132.163 2.750 2.100
 308 71.148 63.676 7.472 10.500
 413 49.3087 41.942 7.3667 14.900
 518 36.956 31.269 5.687 15.300
 619 30.0213 24.926 5.0953 16.900
 720 24.7613 20.722 4.0393 16.300
 308 48.082 172.216 124.134 258.100
 413 34.814 55.513 20.699 59.400
 518 27.4497 33.089 5.6393 20.500
 619 22.5237 23.569 1.0453 4.600
 720 19.2183 18.303 .9153 4.700
 102 154.622 1939.393 1784.771 1154.200
 206 66.508 78.599 12.091 18.100
 308 36.1513 40.112 3.9607 10.900
 413 25.422 26.927 1.505 5.900
 518 19.6867 20.265 .5783 2.900
 619 16.0877 16.246 .1583 .900
 720 13.6383 13.557 .0813 .500
 102 96.888 100.323 3.435 3.500
 206 46.2213 45.096 1.1253 2.400
 308 30.658 29.085 1.573 5.100
 413 22.9293 21.464 1.4653 6.300
 518 18.318 17.007 1.311 7.100
 619 15.195 14.083 1.112 7.300
 720 13.0457 12.017 1.0287 7.800
 206 53.5107 98.121 44.6103 83.300
 308 33.9337 44.645 10.7113 31.500
 413 23.684 28.897 5.213 22.000
 518 20.8827 21.361 .4783 2.200
 619 15.1297 16.943 1.8133 11.900
 720 13.3027 14.039 .7363 5.500
 102 120.867 97.579 23.288 19.200
 206 56.5843 44.533 12.0513 21.200
 308 36.833 28.849 7.984 21.600
 413 27.3917 21.336 6.0557 22.100
 518 21.7583 16.927 4.8313 22.200
 619 18.093 14.028 4.065 22.400
 720 15.448 11.977 3.471 22.400
 206 123.537 6440.251 6316.714 5113.200
 308 52.672 80.891 28.219 53.500
 413 32.664 40.701 8.037 24.600
 518 23.3433 27.191 3.8477 16.400
 619 18.1473 20.415 2.2677 12.400
 720 15.152 16.342 1.190 7.800
 308 82.648 112.478 29.830 36.000
 413 61.9777 47.398 14.5797 23.500
 518 49.6907 30.025 19.6657 39.500
 619 39.0557 21.972 17.0837 43.700
 720 20.0527 17.325 2.7277 13.600
 206 117.921 101.436 16.485 13.900
 308 72.7767 45.319 27.4577 37.700
 413 51.6597 29.177 22.4827 43.500
 518 39.1467 21.514 17.6327 45.000
 619 31.5883 17.039 14.5493 46.000
 720 26.4437 14.105 12.3387 46.600
 206 124.043 125.829 1.786 1.400
 308 82.2933 49.617 32.6763 39.700
 413 61.105 30.901 30.204 49.400
 518 49.584 22.437 27.147 54.700
 619 40.7823 17.613 23.1693 56.800
 720 35.0883 14.496 20.5923 58.600
 206 104.273 126.654 22.381 21.400
 308 62.843 49.744 13.099 20.800
 413 44.051 30.950 13.101 29.700
 518 33.6753 22.463 11.2123 33.200
 619 26.9417 17.629 9.3127 34.500
 720 22.8313 14.507 8.3243 36.400
 102 248.35 193.098 55.252 22.200
 206 123.868 57.518 66.350 53.500
 308 82.3047 33.792 48.5127 58.900
 413 61.4027 23.923 37.4797 61.000
 518 49.1317 18.516 30.6157 62.300
 619 40.2163 15.102 25.1143 62.400
 720 33.9637 12.751 21.2127 62.400
 308 85.6653 -3849.624  
 413 63.8637 83.701 19.8373 31.000
 518 50.3387 41.400 8.9387 17.700
 619 41.5367 27.501 14.0357 33.700
 720 35.892 20.589 15.303 42.600
 102 187.05 105.610 81.440 43.500
 206 90.619 46.134 44.485 49.000
 308 59.3587 29.513 29.8457 50.200
 413 43.6317 21.696 21.9357 50.200
 518 34.3407 17.153 17.1877 50.000
 619 28.447 14.183 14.264 50.100
 720 23.9067 12.090 11.8167 49.400
 308 86.78 404.743 317.963 366.400
 413 63.6613 68.130 4.4687 7.000
 518 50.347 37.195 13.152 26.100
 619 40.8047 25.580 15.2247 37.300
 720 31.1123 19.493 11.6193 37.300
