 102 108.102 164.823 56.721 52.400
 206 47.128 54.681 7.553 16.000
 308 28.9287 32.767 3.8383 13.200
 413 21.856 23.388 1.532 7.000
 518 17.4393 18.202 .7627 4.300
 619 14.504 14.881 .377 2.500
 720 12.347 12.591 .244 1.900
 102 259.28 6794146.119 6793886.839 2620289.500
 206 126.05 65069.752 64943.702 51522.100
 308 86.7163 22522.425 22435.7087 25872.500
 413 62.4683 3806.044 3743.5757 5992.700
 518 49.5073 1852.194 1802.6867 3641.200
 619 41.958 380.713 338.755 807.300
 720 36.0627 113.907 77.8443 215.800
 102 175.43 324.075 148.645 84.700
 206 122.194 65.413 56.781 46.400
 308 81.276 36.344 44.932 55.200
 413 61.4057 25.190 36.2157 58.900
 518 48.1167 19.251 28.8657 59.900
 619 40.4953 15.578 24.9173 61.500
 720 35.1177 13.094 22.0237 62.700
 102 250.882 732413.788 732162.906 291835.500
 206 135.88 25947.013 25811.133 18995.500
 308 92.668 12430.510 12337.842 13314.000
 413 66.78 2605.568 2538.788 3801.700
 518 50.7393 1571.553 1520.8137 2997.300
 619 42.495 548.673 506.178 1191.100
 720 36.4573 335.402 298.9447 819.900
 102 147.845 198.819 50.974 34.400
 206 66.8337 57.999 8.8347 13.200
 308 42.774 33.941 8.833 20.600
 413 32.23 24.002 8.228 25.500
 518 24.5423 18.546 5.9963 24.400
 619 19.8797 15.127 4.7527 23.900
 720 16.0757 12.766 3.3097 20.500
 102 248.642 27155219.496 27154970.854 10921312.900
 206 119.981 332.103 212.122 176.700
 308 61.4777 65.943 4.4653 7.200
 413 43.0017 36.556 6.4457 14.900
 518 33.232 25.280 7.952 23.900
 619 24.3617 19.305 5.0567 20.700
 720 17.231 15.622 1.609 9.300
 102 127.228 348.569 221.341 173.900
 206 54.198 66.273 12.075 22.200
 308 35.2197 36.644 1.4243 4.000
 413 25.28 25.313 .033 .100
 518 20.5937 19.333 1.2607 6.100
 619 16.5463 15.632 .9143 5.500
 720 14.465 13.129 1.336 9.200
 102 247.056 779589279345.213 779589279098.157 315551647844.200
 206 120.586 55279.738 55159.152 45742.500
 308 70.526 149.718 79.192 112.200
 413 46.344 52.899 6.555 14.100
 518 34.2357 32.178 2.0577 6.000
 619 26.539 23.100 3.439 12.900
 720 21.76 17.997 3.763 17.200
 102 114.224 1546.485 1432.261 1253.900
 206 50.8163 79.216 28.3997 55.800
 308 32.8113 40.249 7.4377 22.600
 413 24.6153 26.972 2.3567 9.500
 518 18.8067 20.299 1.4923 7.900
 619 15.8553 16.260 .4047 2.500
 720 13.7807 13.574 .2067 1.400
 102 175.407 1696904.970 1696729.563 967310.000
 206 68.1993 128.000 59.8007 87.600
 308 42.3917 49.915 7.5233 17.700
 413 31.263 31.027 .236 .700
 518 24.568 22.495 2.073 8.400
 619 20.2783 17.626 2.6523 13.000
 720 17.5813 14.510 3.0713 17.400
 102 246.935 1191263.846 1191016.911 482320.000
 206 125.462 2994.667 2869.205 2286.900
 308 81.6223 111.326 29.7037 36.300
 413 61.099 47.185 13.914 22.700
 518 49.1773 29.949 19.2283 39.000
 619 39.8147 21.913 17.9017 44.900
 720 33.604 17.283 16.321 48.500
 102 255.88 455221300766.228 455221300510.348 177904213111.700
 206 128.049 252365702.389 252365574.340 197085158.200
 308 86.3823 3375558.709 3375472.3267 3907597.100
 413 64.6147 169181.880 169117.2653 261731.800
 518 51.2947 17879.302 17828.0073 34756.000
 619 41.787 3104.159 3062.372 7328.500
 720 36.0297 785.730 749.7003 2080.700
 102 140.108 6200814.387 6200674.279 4425638.900
 206 55.7787 143.687 87.9083 157.600
 308 35.32 52.209 16.889 47.800
 413 25.3887 31.846 6.4573 25.400
 518 20.5493 22.937 2.3877 11.600
 619 16.591 17.912 1.321 7.900
 720 14.3397 14.697 .3573 2.400
 102 247.641 8665.497 8417.856 3399.200
 206 122.352 193.945 71.593 58.500
 308 81.895 57.834 24.061 29.300
 413 60.3893 33.894 26.4953 43.800
 518 45.05 23.937 21.113 46.800
 619 35.4507 18.540 16.9107 47.700
 720 29.3827 15.107 14.2757 48.500
 102 249.81 18412.093 18162.283 7270.400
 206 124.495 1124.802 1000.307 803.400
 308 81.8787 106.438 24.5593 29.900
 413 62.1517 46.325 15.8267 25.400
 518 49.4643 29.622 19.8423 40.100
 619 40.7737 21.735 19.0387 46.600
 720 35.0133 17.178 17.8353 50.900
 102 246.999 11282.923 11035.924 4468.000
 206 123.518 177.192 53.674 43.400
 308 82.111 56.059 26.052 31.700
 413 56.2353 33.300 22.9353 40.700
 518 41.7197 23.674 18.0457 43.200
 619 32.579 18.349 14.230 43.600
 720 26.9073 15.001 11.9063 44.200
 102 226.619 195.952 30.667 13.500
 206 108.258 57.753 50.505 46.600
 308 71.07 33.859 37.211 52.300
 413 52.505 23.941 28.564 54.400
 518 41.6317 18.530 23.1017 55.400
 619 34.541 15.113 19.428 56.200
 720 29.731 12.755 16.976 57.000
 102 252.515 2337343.897 2337091.382 925525.700
 206 124.441 2129.510 2005.069 1611.200
 308 84.945 134.536 49.591 58.300
 413 63.1537 51.834 11.3197 17.900
 518 50.1903 31.735 18.4553 36.700
 619 41.5333 22.868 18.6653 44.900
 720 35.281 17.857 17.424 49.300
 102 166.666 123.125 43.541 26.100
 206 79.2473 49.152 30.0953 37.900
 308 51.8303 30.691 21.1393 40.700
 413 38.622 22.323 16.299 42.200
 518 30.6023 17.547 13.0553 42.600
 619 25.4943 14.444 11.0503 43.300
 720 21.5857 12.275 9.3107 43.100
 102 250.799 283.361 32.562 12.900
 206 71.7897 74.588 2.7983 3.800
 308 38.4663 38.992 .5257 1.300
 413 26.2457 26.419 .1733 .600
 518 20.001 19.955 .046 .200
 619 16.071 16.055 .016 0
 720 13.4697 13.387 .0827 .600
 102 282.109 861.306 579.197 205.300
 206 125.176 130.498 5.322 4.200
 308 62.253 62.994 .741 1.100
 413 35.945 35.614 .331 .900
 518 25.0693 24.821 .2483 .900
 619 19.3183 19.032 .2863 1.400
 720 16.8547 15.458 1.3967 8.200
 102 191.531 6090500.505 6090308.974 3179803.200
 206 92.7693 143.687 50.9177 54.800
 308 60.5723 52.099 8.4733 13.900
 413 42.0947 31.846 10.2487 24.300
 518 31.776 22.937 8.839 27.800
 619 25.791 17.912 7.879 30.500
 720 22.136 14.697 7.439 33.600
 102 216.011 229529469.173 229529253.162 106258131.800
 206 124.434 76250.808 76126.374 61178.100
 308 81.8463 203.129 121.2827 148.100
 413 60.9297 58.675 2.2547 3.700
 518 49.1637 34.193 14.9707 30.400
 619 40.3973 24.111 16.2863 40.300
 720 34.566 18.629 15.937 46.100
 102 264.279 40289.566 40025.287 15145.000
 206 129.171 42127.605 41998.434 32513.800
 308 84.693 448805.921 448721.228 529820.900
 413 41.8453 3631.165 3589.3197 8577.500
 518 39.3 1901.707 1862.407 4738.900
 619 30.441 358.363 327.922 1077.200
 720 16.4043 52.261 35.8567 218.500
 102 132.225 238.059 105.834 80.000
 206 53.1113 60.948 7.8367 14.700
 308 32.7453 34.897 2.1517 6.500
 413 22.7017 24.494 1.7923 7.800
 518 17.967 18.841 .874 4.800
 619 14.844 15.318 .474 3.100
 720 12.7357 12.895 .1593 1.200
 102 138.891 883.015 744.124 535.700
 206 54.5467 75.407 20.8603 38.200
 308 32.913 39.211 6.298 19.100
 413 23.1687 26.521 3.3523 14.400
 518 18.1723 20.021 1.8487 10.100
 619 14.919 16.096 1.177 7.800
 720 12.761 13.445 .684 5.300
 102 266.546 1464104.222 1463837.676 549187.600
 206 125.842 94592.573 94466.731 75067.700
 308 85.1283 6953.500 6868.3717 8068.200
 413 66.097 2121.953 2055.856 3110.300
 518 50.445 510.754 460.309 912.400
 619 41.665 183.264 141.599 339.800
 720 35.9423 88.069 52.1267 145.000
 102 280.38 11624038.400 11623758.020 4145715.800
 206 143.573 384427.376 384283.803 267657.400
 308 91.075 53742.358 53651.283 58908.900
 413 68.09 13588.725 13520.635 19857.000
 518 54.394 4765.401 4711.007 8660.800
 619 45.1093 2055.431 2010.3217 4456.500
 720 38.5413 1025.411 986.8697 2560.500
 102 112.99 127251004.047 127250891.057 112621374.500
 206 49.8027 207.708 157.9053 317.000
 308 30.8333 58.707 27.8737 90.400
 413 22.2187 34.181 11.9623 53.800
 518 14.7633 24.117 9.3537 63.300
 619 13.7223 18.622 4.8997 35.700
 720 12.9823 15.177 2.1947 16.900
 102 93.3923 766.935 673.5427 721.100
 206 32.8277 74.383 41.5553 126.500
 308 20.2953 39.074 18.7787 92.500
 413 14.786 26.439 11.653 78.800
 518 11.744 19.890 8.146 69.300
 619 9.69833 16.028 6.32967 65.200
 720 8.29333 13.398 5.10467 61.500
 102 144.242 4858.429 4714.187 3268.200
 206 72.4583 88.842 16.3837 22.600
 308 47.6707 42.597 5.0737 10.600
 413 35.678 27.996 7.682 21.500
 518 24.9507 20.856 4.0947 16.400
 619 11.722 16.629 4.907 41.800
 720 11.3183 13.831 2.5127 22.200
 102 143.43 230.031 86.601 60.300
 206 42.892 60.375 17.483 40.700
 308 25.6687 34.733 9.0643 35.300
 413 17.5847 24.391 6.8063 38.700
 518 13.9173 18.776 4.8587 34.900
 619 10.7937 15.277 4.4833 41.500
 720 9.36967 12.883 3.51333 37.400
 102 288.206 7672.791 7384.585 2562.200
 206 137.144 666.746 529.602 386.100
 308 90.6543 189.203 98.5487 108.700
 413 62.455 109.793 47.338 75.700
 518 49.2197 83.640 34.4203 69.900
 619 39.176 44.181 5.005 12.700
 720 27.5723 28.669 1.0967 3.900
 102 371.821 688141255.065 688140883.244 185073162.400
 206 177.39 791.429 614.039 346.100
 308 108.657 77.112 31.545 29.000
 413 77.1237 39.669 37.4547 48.500
 518 60.1813 26.722 33.4593 55.500
 619 48.4417 20.165 28.2767 58.300
 720 40.3217 16.160 24.1617 59.900
 102 283.59 62747.607 62464.017 22026.100
 206 132.343 100.638 31.705 23.900
 308 85.0743 45.109 39.9653 46.900
 413 61.5943 29.081 32.5133 52.700
 518 48.0623 21.463 26.5993 55.300
 619 40.1777 16.997 23.1807 57.600
 720 34.077 14.077 20.000 58.600
 102 369.754 17818052.444 17817682.690 4818793.700
 206 115.257 178.053 62.796 54.400
 308 57.6677 56.059 1.6087 2.700
 413 38.3637 33.259 5.1047 13.300
 518 29.3897 23.674 5.7157 19.400
 619 23.882 18.322 5.560 23.200
 720 20.1817 14.966 5.2157 25.800
 102 400.074 198618.726 198218.652 49545.400
 206 186.946 630164.684 629977.738 336983.800
 308 118.027 11112.832 10994.805 9315.400
 413 60.3433 140.615 80.2717 133.000
 518 49.1723 53.182 4.0097 8.100
 619 32.7693 32.275 .4943 1.500
 720 25.523 22.959 2.564 10.000
 102 246.13 389.693 143.563 58.300
 206 111.471 67.665 43.806 39.200
 308 71.4413 37.026 34.4153 48.100
 413 51.9903 25.497 26.4933 50.900
 518 40.954 19.447 21.507 52.500
 619 33.802 15.700 18.102 53.500
 720 28.9983 13.176 15.8223 54.500
 102 373.599 5125323048.386 5125322674.787 1371878049.600
 206 185.441 30035.476 29850.035 16096.700
 308 115.578 133.717 18.139 15.600
 413 81.3163 50.810 30.5063 37.500
 518 61.5197 31.326 30.1937 49.000
 619 49.3707 22.677 26.6937 54.000
 720 40.5513 17.751 22.8003 56.200
 102 371.039 37634.703 37263.664 10043.000
 206 129.413 112.803 16.610 12.800
 308 71.148 47.403 23.745 33.300
 413 49.3087 30.023 19.2857 39.100
 518 36.956 21.954 15.002 40.500
 619 30.0213 17.325 12.6963 42.200
 720 24.7613 14.299 10.4623 42.200
 102 244.579 15402281258.106 15402281013.527 6297466672.700
 206 123.671 21098.864 20975.193 16960.400
 308 48.082 141.881 93.799 195.000
 413 34.814 54.251 19.437 55.800
 518 27.4497 32.555 5.1053 18.500
 619 22.5237 23.455 .9313 4.100
 720 19.2183 18.196 1.0223 5.300
 102 154.622 393.953 239.331 154.700
 206 66.508 80.117 13.609 20.400
 308 36.1513 40.494 4.3427 12.000
 413 25.422 27.074 1.652 6.400
 518 19.6867 20.316 .6293 3.100
 619 16.0877 16.301 .2133 1.300
 720 13.6383 13.586 .0523 .300
 102 96.888 105.512 8.624 8.900
 206 46.2213 46.120 .1013 .200
 308 30.658 29.463 1.195 3.800
 413 22.9293 21.688 1.2413 5.400
 518 18.318 17.137 1.181 6.400
 619 15.195 14.171 1.024 6.700
 720 13.0457 12.088 .9577 7.300
 102 274.921 378699115.642 378698840.721 137748240.600
 206 137.223 3234258.206 3234120.983 2356835.900
 308 91.4383 208731.187 208639.7487 228175.400
 413 68.459 31045.693 30977.234 45249.300
 518 54.7883 7338.229 7283.4407 13293.700
 619 45.7403 2345.325 2299.5847 5027.400
 720 39.2227 924.680 885.4573 2257.500
 102 108.259 9048.801 8940.542 8258.400
 206 53.5107 112.517 59.0063 110.200
 308 33.9337 47.648 13.7143 40.400
 413 23.684 29.798 6.114 25.800
 518 20.8827 22.020 1.1373 5.400
 619 15.1297 17.189 2.0593 13.600
 720 13.3027 14.311 1.0083 7.500
 102 120.867 99.287 21.580 17.800
 206 56.5843 44.851 11.7333 20.700
 308 36.833 28.971 7.862 21.300
 413 27.3917 21.381 6.0107 21.900
 518 21.7583 16.973 4.7853 21.900
 619 18.093 14.048 4.045 22.300
 720 15.448 11.994 3.454 22.300
 102 208.991 1311.457 1102.466 527.500
 206 123.537 635.576 512.039 414.400
 308 52.672 86.505 33.833 64.200
 413 32.664 42.127 9.463 28.900
 518 23.3433 27.787 4.4437 19.000
 619 18.1473 20.752 2.6047 14.300
 720 15.152 16.570 1.418 9.300
 102 205.803 56683.560 56477.757 27442.600
 206 124.412 82083.717 81959.305 65877.300
 308 82.648 35903.758 35821.110 43341.700
 413 61.9777 2393.907 2331.9293 3762.500
 518 49.6907 245.235 195.5443 393.500
 619 39.0557 70.299 31.2433 79.900
 720 20.0527 37.832 17.7793 88.600
 102 281.819 388992781.189 388992499.370 138029195.800
 206 117.921 374.456 256.535 217.500
 308 72.7767 67.582 5.1947 7.100
 413 51.6597 37.027 14.6327 28.300
 518 39.1467 25.509 13.6377 34.800
 619 31.5883 19.441 12.1473 38.400
 720 26.4437 15.704 10.7397 40.600
 102 249.674 894083985.244 894083735.570 358100457.200
 206 124.043 30163.312 30039.269 24216.800
 308 82.2933 225.711 143.4177 174.200
 413 61.105 61.685 .580 .900
 518 49.584 35.143 14.441 29.100
 619 40.7823 24.589 16.1933 39.700
 720 35.0883 18.933 16.1553 46.000
 102 239.179 101062992.609 101062753.430 42254024.500
 206 104.273 200.581 96.308 92.300
 308 62.843 58.216 4.627 7.300
 413 44.051 34.017 10.034 22.700
 518 33.6753 24.018 9.6573 28.600
 619 26.9417 18.568 8.3737 31.000
 720 22.8313 15.130 7.7013 33.700
 102 248.35 46139.146 45890.796 18478.200
 206 123.868 103.669 20.199 16.300
 308 82.3047 45.737 36.5677 44.400
 413 61.4027 29.327 32.0757 52.200
 518 49.1317 21.610 27.5217 56.000
 619 40.2163 17.079 23.1373 57.500
 720 33.9637 14.147 19.8167 58.300
 102 252.939 2303468571.525 2303468318.586 910681357.300
 206 125.993 2734612.152 2734486.159 2170347.600
 308 85.6653 133493.927 133408.2617 155731.900
 413 63.8637 7744.163 7680.2993 12026.000
 518 50.3387 1034.125 983.7863 1954.300
 619 41.5367 252.990 211.4533 509.000
 720 35.892 97.711 61.819 172.200
 102 187.05 192.266 5.216 2.700
 206 90.619 57.425 33.194 36.600
 308 59.3587 33.750 25.6087 43.100
 413 43.6317 23.879 19.7527 45.200
 518 34.3407 18.481 15.8597 46.100
 619 28.447 15.072 13.375 47.000
 720 23.9067 12.743 11.1637 46.600
 102 281.543 2816.491 2534.948 900.300
 206 138.193 296.140 157.947 114.200
 308 86.78 100.267 13.487 15.500
 413 63.6613 52.367 11.2943 17.700
 518 50.347 35.504 14.843 29.400
 619 40.8047 25.749 15.0557 36.800
 720 31.1123 19.600 11.5123 37.000
 102 108.102 164.823 56.721 52.400
 206 47.128 54.681 7.553 16.000
 308 28.9287 32.767 3.8383 13.200
 413 21.856 23.388 1.532 7.000
 518 17.4393 18.202 .7627 4.300
 619 14.504 14.881 .377 2.500
 720 12.347 12.591 .244 1.900
 102 259.28 6794146.119 6793886.839 2620289.500
 206 126.05 65069.752 64943.702 51522.100
 308 86.7163 22522.425 22435.7087 25872.500
 413 62.4683 3806.044 3743.5757 5992.700
 518 49.5073 1852.194 1802.6867 3641.200
 619 41.958 380.713 338.755 807.300
 720 36.0627 113.907 77.8443 215.800
 102 175.43 324.075 148.645 84.700
 206 122.194 65.413 56.781 46.400
 308 81.276 36.344 44.932 55.200
 413 61.4057 25.190 36.2157 58.900
 518 48.1167 19.251 28.8657 59.900
 619 40.4953 15.578 24.9173 61.500
 720 35.1177 13.094 22.0237 62.700
 102 250.882 732413.788 732162.906 291835.500
 206 135.88 25947.013 25811.133 18995.500
 308 92.668 12430.510 12337.842 13314.000
 413 66.78 2605.568 2538.788 3801.700
 518 50.7393 1571.553 1520.8137 2997.300
 619 42.495 548.673 506.178 1191.100
 720 36.4573 335.402 298.9447 819.900
 102 147.845 198.819 50.974 34.400
 206 66.8337 57.999 8.8347 13.200
 308 42.774 33.941 8.833 20.600
 413 32.23 24.002 8.228 25.500
 518 24.5423 18.546 5.9963 24.400
 619 19.8797 15.127 4.7527 23.900
 720 16.0757 12.766 3.3097 20.500
 102 248.642 27155219.496 27154970.854 10921312.900
 206 119.981 332.103 212.122 176.700
 308 61.4777 65.943 4.4653 7.200
 413 43.0017 36.556 6.4457 14.900
 518 33.232 25.280 7.952 23.900
 619 24.3617 19.305 5.0567 20.700
 720 17.231 15.622 1.609 9.300
 102 127.228 348.569 221.341 173.900
 206 54.198 66.273 12.075 22.200
 308 35.2197 36.644 1.4243 4.000
 413 25.28 25.313 .033 .100
 518 20.5937 19.333 1.2607 6.100
 619 16.5463 15.632 .9143 5.500
 720 14.465 13.129 1.336 9.200
 102 247.056 779589279345.213 779589279098.157 315551647844.200
 206 120.586 55279.738 55159.152 45742.500
 308 70.526 149.718 79.192 112.200
 413 46.344 52.899 6.555 14.100
 518 34.2357 32.178 2.0577 6.000
 619 26.539 23.100 3.439 12.900
 720 21.76 17.997 3.763 17.200
 102 114.224 1546.485 1432.261 1253.900
 206 50.8163 79.216 28.3997 55.800
 308 32.8113 40.249 7.4377 22.600
 413 24.6153 26.972 2.3567 9.500
 518 18.8067 20.299 1.4923 7.900
 619 15.8553 16.260 .4047 2.500
 720 13.7807 13.574 .2067 1.400
 102 175.407 1696904.970 1696729.563 967310.000
 206 68.1993 128.000 59.8007 87.600
 308 42.3917 49.915 7.5233 17.700
 413 31.263 31.027 .236 .700
 518 24.568 22.495 2.073 8.400
 619 20.2783 17.626 2.6523 13.000
 720 17.5813 14.510 3.0713 17.400
 102 246.935 1191263.846 1191016.911 482320.000
 206 125.462 2994.667 2869.205 2286.900
 308 81.6223 111.326 29.7037 36.300
 413 61.099 47.185 13.914 22.700
 518 49.1773 29.949 19.2283 39.000
 619 39.8147 21.913 17.9017 44.900
 720 33.604 17.283 16.321 48.500
 102 255.88 455221300766.228 455221300510.348 177904213111.700
 206 128.049 252365702.389 252365574.340 197085158.200
 308 86.3823 3375558.709 3375472.3267 3907597.100
 413 64.6147 169181.880 169117.2653 261731.800
 518 51.2947 17879.302 17828.0073 34756.000
 619 41.787 3104.159 3062.372 7328.500
 720 36.0297 785.730 749.7003 2080.700
 102 140.108 6200814.387 6200674.279 4425638.900
 206 55.7787 143.687 87.9083 157.600
 308 35.32 52.209 16.889 47.800
 413 25.3887 31.846 6.4573 25.400
 518 20.5493 22.937 2.3877 11.600
 619 16.591 17.912 1.321 7.900
 720 14.3397 14.697 .3573 2.400
 102 247.641 8665.497 8417.856 3399.200
 206 122.352 193.945 71.593 58.500
 308 81.895 57.834 24.061 29.300
 413 60.3893 33.894 26.4953 43.800
 518 45.05 23.937 21.113 46.800
 619 35.4507 18.540 16.9107 47.700
 720 29.3827 15.107 14.2757 48.500
 102 249.81 18412.093 18162.283 7270.400
 206 124.495 1124.802 1000.307 803.400
 308 81.8787 106.438 24.5593 29.900
 413 62.1517 46.325 15.8267 25.400
 518 49.4643 29.622 19.8423 40.100
 619 40.7737 21.735 19.0387 46.600
 720 35.0133 17.178 17.8353 50.900
 102 246.999 11282.923 11035.924 4468.000
 206 123.518 177.192 53.674 43.400
 308 82.111 56.059 26.052 31.700
 413 56.2353 33.300 22.9353 40.700
 518 41.7197 23.674 18.0457 43.200
 619 32.579 18.349 14.230 43.600
 720 26.9073 15.001 11.9063 44.200
 102 226.619 195.952 30.667 13.500
 206 108.258 57.753 50.505 46.600
 308 71.07 33.859 37.211 52.300
 413 52.505 23.941 28.564 54.400
 518 41.6317 18.530 23.1017 55.400
 619 34.541 15.113 19.428 56.200
 720 29.731 12.755 16.976 57.000
 102 252.515 2337343.897 2337091.382 925525.700
 206 124.441 2129.510 2005.069 1611.200
 308 84.945 134.536 49.591 58.300
 413 63.1537 51.834 11.3197 17.900
 518 50.1903 31.735 18.4553 36.700
 619 41.5333 22.868 18.6653 44.900
 720 35.281 17.857 17.424 49.300
 102 166.666 123.125 43.541 26.100
 206 79.2473 49.152 30.0953 37.900
 308 51.8303 30.691 21.1393 40.700
 413 38.622 22.323 16.299 42.200
 518 30.6023 17.547 13.0553 42.600
 619 25.4943 14.444 11.0503 43.300
 720 21.5857 12.275 9.3107 43.100
 102 250.799 283.361 32.562 12.900
 206 71.7897 74.588 2.7983 3.800
 308 38.4663 38.992 .5257 1.300
 413 26.2457 26.419 .1733 .600
 518 20.001 19.955 .046 .200
 619 16.071 16.055 .016 0
 720 13.4697 13.387 .0827 .600
 102 282.109 861.306 579.197 205.300
 206 125.176 130.498 5.322 4.200
 308 62.253 62.994 .741 1.100
 413 35.945 35.614 .331 .900
 518 25.0693 24.821 .2483 .900
 619 19.3183 19.032 .2863 1.400
 720 16.8547 15.458 1.3967 8.200
 102 191.531 6090500.505 6090308.974 3179803.200
 206 92.7693 143.687 50.9177 54.800
 308 60.5723 52.099 8.4733 13.900
 413 42.0947 31.846 10.2487 24.300
 518 31.776 22.937 8.839 27.800
 619 25.791 17.912 7.879 30.500
 720 22.136 14.697 7.439 33.600
 102 216.011 229529469.173 229529253.162 106258131.800
 206 124.434 76250.808 76126.374 61178.100
 308 81.8463 203.129 121.2827 148.100
 413 60.9297 58.675 2.2547 3.700
 518 49.1637 34.193 14.9707 30.400
 619 40.3973 24.111 16.2863 40.300
 720 34.566 18.629 15.937 46.100
 102 264.279 40289.566 40025.287 15145.000
 206 129.171 42127.605 41998.434 32513.800
 308 84.693 448805.921 448721.228 529820.900
 413 41.8453 3631.165 3589.3197 8577.500
 518 39.3 1901.707 1862.407 4738.900
 619 30.441 358.363 327.922 1077.200
 720 16.4043 52.261 35.8567 218.500
 102 132.225 238.059 105.834 80.000
 206 53.1113 60.948 7.8367 14.700
 308 32.7453 34.897 2.1517 6.500
 413 22.7017 24.494 1.7923 7.800
 518 17.967 18.841 .874 4.800
 619 14.844 15.318 .474 3.100
 720 12.7357 12.895 .1593 1.200
 102 138.891 883.015 744.124 535.700
 206 54.5467 75.407 20.8603 38.200
 308 32.913 39.211 6.298 19.100
 413 23.1687 26.521 3.3523 14.400
 518 18.1723 20.021 1.8487 10.100
 619 14.919 16.096 1.177 7.800
 720 12.761 13.445 .684 5.300
 102 266.546 1464104.222 1463837.676 549187.600
 206 125.842 94592.573 94466.731 75067.700
 308 85.1283 6953.500 6868.3717 8068.200
 413 66.097 2121.953 2055.856 3110.300
 518 50.445 510.754 460.309 912.400
 619 41.665 183.264 141.599 339.800
 720 35.9423 88.069 52.1267 145.000
 102 280.38 11624038.400 11623758.020 4145715.800
 206 143.573 384427.376 384283.803 267657.400
 308 91.075 53742.358 53651.283 58908.900
 413 68.09 13588.725 13520.635 19857.000
 518 54.394 4765.401 4711.007 8660.800
 619 45.1093 2055.431 2010.3217 4456.500
 720 38.5413 1025.411 986.8697 2560.500
 102 112.99 127251004.047 127250891.057 112621374.500
 206 49.8027 207.708 157.9053 317.000
 308 30.8333 58.707 27.8737 90.400
 413 22.2187 34.181 11.9623 53.800
 518 14.7633 24.117 9.3537 63.300
 619 13.7223 18.622 4.8997 35.700
 720 12.9823 15.177 2.1947 16.900
 102 93.3923 766.935 673.5427 721.100
 206 32.8277 74.383 41.5553 126.500
 308 20.2953 39.074 18.7787 92.500
 413 14.786 26.439 11.653 78.800
 518 11.744 19.890 8.146 69.300
 619 9.69833 16.028 6.32967 65.200
 720 8.29333 13.398 5.10467 61.500
 102 144.242 4858.429 4714.187 3268.200
 206 72.4583 88.842 16.3837 22.600
 308 47.6707 42.597 5.0737 10.600
 413 35.678 27.996 7.682 21.500
 518 24.9507 20.856 4.0947 16.400
 619 11.722 16.629 4.907 41.800
 720 11.3183 13.831 2.5127 22.200
 102 143.43 230.031 86.601 60.300
 206 42.892 60.375 17.483 40.700
 308 25.6687 34.733 9.0643 35.300
 413 17.5847 24.391 6.8063 38.700
 518 13.9173 18.776 4.8587 34.900
 619 10.7937 15.277 4.4833 41.500
 720 9.36967 12.883 3.51333 37.400
 102 288.206 7672.791 7384.585 2562.200
 206 137.144 666.746 529.602 386.100
 308 90.6543 189.203 98.5487 108.700
 413 62.455 109.793 47.338 75.700
 518 49.2197 83.640 34.4203 69.900
 619 39.176 44.181 5.005 12.700
 720 27.5723 28.669 1.0967 3.900
 102 371.821 688141255.065 688140883.244 185073162.400
 206 177.39 791.429 614.039 346.100
 308 108.657 77.112 31.545 29.000
 413 77.1237 39.669 37.4547 48.500
 518 60.1813 26.722 33.4593 55.500
 619 48.4417 20.165 28.2767 58.300
 720 40.3217 16.160 24.1617 59.900
 102 283.59 62747.607 62464.017 22026.100
 206 132.343 100.638 31.705 23.900
 308 85.0743 45.109 39.9653 46.900
 413 61.5943 29.081 32.5133 52.700
 518 48.0623 21.463 26.5993 55.300
 619 40.1777 16.997 23.1807 57.600
 720 34.077 14.077 20.000 58.600
 102 369.754 17818052.444 17817682.690 4818793.700
 206 115.257 178.053 62.796 54.400
 308 57.6677 56.059 1.6087 2.700
 413 38.3637 33.259 5.1047 13.300
 518 29.3897 23.674 5.7157 19.400
 619 23.882 18.322 5.560 23.200
 720 20.1817 14.966 5.2157 25.800
 102 400.074 198618.726 198218.652 49545.400
 206 186.946 630164.684 629977.738 336983.800
 308 118.027 11112.832 10994.805 9315.400
 413 60.3433 140.615 80.2717 133.000
 518 49.1723 53.182 4.0097 8.100
 619 32.7693 32.275 .4943 1.500
 720 25.523 22.959 2.564 10.000
 102 246.13 389.693 143.563 58.300
 206 111.471 67.665 43.806 39.200
 308 71.4413 37.026 34.4153 48.100
 413 51.9903 25.497 26.4933 50.900
 518 40.954 19.447 21.507 52.500
 619 33.802 15.700 18.102 53.500
 720 28.9983 13.176 15.8223 54.500
 102 373.599 5125323048.386 5125322674.787 1371878049.600
 206 185.441 30035.476 29850.035 16096.700
 308 115.578 133.717 18.139 15.600
 413 81.3163 50.810 30.5063 37.500
 518 61.5197 31.326 30.1937 49.000
 619 49.3707 22.677 26.6937 54.000
 720 40.5513 17.751 22.8003 56.200
 102 371.039 37634.703 37263.664 10043.000
 206 129.413 112.803 16.610 12.800
 308 71.148 47.403 23.745 33.300
 413 49.3087 30.023 19.2857 39.100
 518 36.956 21.954 15.002 40.500
 619 30.0213 17.325 12.6963 42.200
 720 24.7613 14.299 10.4623 42.200
 102 244.579 15402281258.106 15402281013.527 6297466672.700
 206 123.671 21098.864 20975.193 16960.400
 308 48.082 141.881 93.799 195.000
 413 34.814 54.251 19.437 55.800
 518 27.4497 32.555 5.1053 18.500
 619 22.5237 23.455 .9313 4.100
 720 19.2183 18.196 1.0223 5.300
 102 154.622 393.953 239.331 154.700
 206 66.508 80.117 13.609 20.400
 308 36.1513 40.494 4.3427 12.000
 413 25.422 27.074 1.652 6.400
 518 19.6867 20.316 .6293 3.100
 619 16.0877 16.301 .2133 1.300
 720 13.6383 13.586 .0523 .300
 102 96.888 105.512 8.624 8.900
 206 46.2213 46.120 .1013 .200
 308 30.658 29.463 1.195 3.800
 413 22.9293 21.688 1.2413 5.400
 518 18.318 17.137 1.181 6.400
 619 15.195 14.171 1.024 6.700
 720 13.0457 12.088 .9577 7.300
 102 274.921 378699115.642 378698840.721 137748240.600
 206 137.223 3234258.206 3234120.983 2356835.900
 308 91.4383 208731.187 208639.7487 228175.400
 413 68.459 31045.693 30977.234 45249.300
 518 54.7883 7338.229 7283.4407 13293.700
 619 45.7403 2345.325 2299.5847 5027.400
 720 39.2227 924.680 885.4573 2257.500
 102 108.259 9048.801 8940.542 8258.400
 206 53.5107 112.517 59.0063 110.200
 308 33.9337 47.648 13.7143 40.400
 413 23.684 29.798 6.114 25.800
 518 20.8827 22.020 1.1373 5.400
 619 15.1297 17.189 2.0593 13.600
 720 13.3027 14.311 1.0083 7.500
 102 120.867 99.287 21.580 17.800
 206 56.5843 44.851 11.7333 20.700
 308 36.833 28.971 7.862 21.300
 413 27.3917 21.381 6.0107 21.900
 518 21.7583 16.973 4.7853 21.900
 619 18.093 14.048 4.045 22.300
 720 15.448 11.994 3.454 22.300
 102 208.991 1311.457 1102.466 527.500
 206 123.537 635.576 512.039 414.400
 308 52.672 86.505 33.833 64.200
 413 32.664 42.127 9.463 28.900
 518 23.3433 27.787 4.4437 19.000
 619 18.1473 20.752 2.6047 14.300
 720 15.152 16.570 1.418 9.300
 102 205.803 56683.560 56477.757 27442.600
 206 124.412 82083.717 81959.305 65877.300
 308 82.648 35903.758 35821.110 43341.700
 413 61.9777 2393.907 2331.9293 3762.500
 518 49.6907 245.235 195.5443 393.500
 619 39.0557 70.299 31.2433 79.900
 720 20.0527 37.832 17.7793 88.600
 102 281.819 388992781.189 388992499.370 138029195.800
 206 117.921 374.456 256.535 217.500
 308 72.7767 67.582 5.1947 7.100
 413 51.6597 37.027 14.6327 28.300
 518 39.1467 25.509 13.6377 34.800
 619 31.5883 19.441 12.1473 38.400
 720 26.4437 15.704 10.7397 40.600
 102 249.674 894083985.244 894083735.570 358100457.200
 206 124.043 30163.312 30039.269 24216.800
 308 82.2933 225.711 143.4177 174.200
 413 61.105 61.685 .580 .900
 518 49.584 35.143 14.441 29.100
 619 40.7823 24.589 16.1933 39.700
 720 35.0883 18.933 16.1553 46.000
 102 239.179 101062992.609 101062753.430 42254024.500
 206 104.273 200.581 96.308 92.300
 308 62.843 58.216 4.627 7.300
 413 44.051 34.017 10.034 22.700
 518 33.6753 24.018 9.6573 28.600
 619 26.9417 18.568 8.3737 31.000
 720 22.8313 15.130 7.7013 33.700
 102 248.35 46139.146 45890.796 18478.200
 206 123.868 103.669 20.199 16.300
 308 82.3047 45.737 36.5677 44.400
 413 61.4027 29.327 32.0757 52.200
 518 49.1317 21.610 27.5217 56.000
 619 40.2163 17.079 23.1373 57.500
 720 33.9637 14.147 19.8167 58.300
 102 252.939 2303468571.525 2303468318.586 910681357.300
 206 125.993 2734612.152 2734486.159 2170347.600
 308 85.6653 133493.927 133408.2617 155731.900
 413 63.8637 7744.163 7680.2993 12026.000
 518 50.3387 1034.125 983.7863 1954.300
 619 41.5367 252.990 211.4533 509.000
 720 35.892 97.711 61.819 172.200
 102 187.05 192.266 5.216 2.700
 206 90.619 57.425 33.194 36.600
 308 59.3587 33.750 25.6087 43.100
 413 43.6317 23.879 19.7527 45.200
 518 34.3407 18.481 15.8597 46.100
 619 28.447 15.072 13.375 47.000
 720 23.9067 12.743 11.1637 46.600
 102 281.543 2816.491 2534.948 900.300
 206 138.193 296.140 157.947 114.200
 308 86.78 100.267 13.487 15.500
 413 63.6613 52.367 11.2943 17.700
 518 50.347 35.504 14.843 29.400
 619 40.8047 25.749 15.0557 36.800
 720 31.1123 19.600 11.5123 37.000
 102 108.102 164.823 56.721 52.400
 206 47.128 54.681 7.553 16.000
 308 28.9287 32.767 3.8383 13.200
 413 21.856 23.388 1.532 7.000
 518 17.4393 18.202 .7627 4.300
 619 14.504 14.881 .377 2.500
 720 12.347 12.591 .244 1.900
 102 259.28 6794146.119 6793886.839 2620289.500
 206 126.05 65069.752 64943.702 51522.100
 308 86.7163 22522.425 22435.7087 25872.500
 413 62.4683 3806.044 3743.5757 5992.700
 518 49.5073 1852.194 1802.6867 3641.200
 619 41.958 380.713 338.755 807.300
 720 36.0627 113.907 77.8443 215.800
 102 175.43 324.075 148.645 84.700
 206 122.194 65.413 56.781 46.400
 308 81.276 36.344 44.932 55.200
 413 61.4057 25.190 36.2157 58.900
 518 48.1167 19.251 28.8657 59.900
 619 40.4953 15.578 24.9173 61.500
 720 35.1177 13.094 22.0237 62.700
 102 250.882 732413.788 732162.906 291835.500
 206 135.88 25947.013 25811.133 18995.500
 308 92.668 12430.510 12337.842 13314.000
 413 66.78 2605.568 2538.788 3801.700
 518 50.7393 1571.553 1520.8137 2997.300
 619 42.495 548.673 506.178 1191.100
 720 36.4573 335.402 298.9447 819.900
 102 147.845 198.819 50.974 34.400
 206 66.8337 57.999 8.8347 13.200
 308 42.774 33.941 8.833 20.600
 413 32.23 24.002 8.228 25.500
 518 24.5423 18.546 5.9963 24.400
 619 19.8797 15.127 4.7527 23.900
 720 16.0757 12.766 3.3097 20.500
 102 248.642 27155219.496 27154970.854 10921312.900
 206 119.981 332.103 212.122 176.700
 308 61.4777 65.943 4.4653 7.200
 413 43.0017 36.556 6.4457 14.900
 518 33.232 25.280 7.952 23.900
 619 24.3617 19.305 5.0567 20.700
 720 17.231 15.622 1.609 9.300
 102 127.228 348.569 221.341 173.900
 206 54.198 66.273 12.075 22.200
 308 35.2197 36.644 1.4243 4.000
 413 25.28 25.313 .033 .100
 518 20.5937 19.333 1.2607 6.100
 619 16.5463 15.632 .9143 5.500
 720 14.465 13.129 1.336 9.200
 102 247.056 779589279345.213 779589279098.157 315551647844.200
 206 120.586 55279.738 55159.152 45742.500
 308 70.526 149.718 79.192 112.200
 413 46.344 52.899 6.555 14.100
 518 34.2357 32.178 2.0577 6.000
 619 26.539 23.100 3.439 12.900
 720 21.76 17.997 3.763 17.200
 102 114.224 1546.485 1432.261 1253.900
 206 50.8163 79.216 28.3997 55.800
 308 32.8113 40.249 7.4377 22.600
 413 24.6153 26.972 2.3567 9.500
 518 18.8067 20.299 1.4923 7.900
 619 15.8553 16.260 .4047 2.500
 720 13.7807 13.574 .2067 1.400
 102 175.407 1696904.970 1696729.563 967310.000
 206 68.1993 128.000 59.8007 87.600
 308 42.3917 49.915 7.5233 17.700
 413 31.263 31.027 .236 .700
 518 24.568 22.495 2.073 8.400
 619 20.2783 17.626 2.6523 13.000
 720 17.5813 14.510 3.0713 17.400
 102 246.935 1191263.846 1191016.911 482320.000
 206 125.462 2994.667 2869.205 2286.900
 308 81.6223 111.326 29.7037 36.300
 413 61.099 47.185 13.914 22.700
 518 49.1773 29.949 19.2283 39.000
 619 39.8147 21.913 17.9017 44.900
 720 33.604 17.283 16.321 48.500
 102 255.88 455221300766.228 455221300510.348 177904213111.700
 206 128.049 252365702.389 252365574.340 197085158.200
 308 86.3823 3375558.709 3375472.3267 3907597.100
 413 64.6147 169181.880 169117.2653 261731.800
 518 51.2947 17879.302 17828.0073 34756.000
 619 41.787 3104.159 3062.372 7328.500
 720 36.0297 785.730 749.7003 2080.700
 102 140.108 6200814.387 6200674.279 4425638.900
 206 55.7787 143.687 87.9083 157.600
 308 35.32 52.209 16.889 47.800
 413 25.3887 31.846 6.4573 25.400
 518 20.5493 22.937 2.3877 11.600
 619 16.591 17.912 1.321 7.900
 720 14.3397 14.697 .3573 2.400
 102 247.641 8665.497 8417.856 3399.200
 206 122.352 193.945 71.593 58.500
 308 81.895 57.834 24.061 29.300
 413 60.3893 33.894 26.4953 43.800
 518 45.05 23.937 21.113 46.800
 619 35.4507 18.540 16.9107 47.700
 720 29.3827 15.107 14.2757 48.500
 102 249.81 18412.093 18162.283 7270.400
 206 124.495 1124.802 1000.307 803.400
 308 81.8787 106.438 24.5593 29.900
 413 62.1517 46.325 15.8267 25.400
 518 49.4643 29.622 19.8423 40.100
 619 40.7737 21.735 19.0387 46.600
 720 35.0133 17.178 17.8353 50.900
 102 246.999 11282.923 11035.924 4468.000
 206 123.518 177.192 53.674 43.400
 308 82.111 56.059 26.052 31.700
 413 56.2353 33.300 22.9353 40.700
 518 41.7197 23.674 18.0457 43.200
 619 32.579 18.349 14.230 43.600
 720 26.9073 15.001 11.9063 44.200
 102 226.619 195.952 30.667 13.500
 206 108.258 57.753 50.505 46.600
 308 71.07 33.859 37.211 52.300
 413 52.505 23.941 28.564 54.400
 518 41.6317 18.530 23.1017 55.400
 619 34.541 15.113 19.428 56.200
 720 29.731 12.755 16.976 57.000
 102 252.515 2337343.897 2337091.382 925525.700
 206 124.441 2129.510 2005.069 1611.200
 308 84.945 134.536 49.591 58.300
 413 63.1537 51.834 11.3197 17.900
 518 50.1903 31.735 18.4553 36.700
 619 41.5333 22.868 18.6653 44.900
 720 35.281 17.857 17.424 49.300
 102 166.666 123.125 43.541 26.100
 206 79.2473 49.152 30.0953 37.900
 308 51.8303 30.691 21.1393 40.700
 413 38.622 22.323 16.299 42.200
 518 30.6023 17.547 13.0553 42.600
 619 25.4943 14.444 11.0503 43.300
 720 21.5857 12.275 9.3107 43.100
 102 250.799 283.361 32.562 12.900
 206 71.7897 74.588 2.7983 3.800
 308 38.4663 38.992 .5257 1.300
 413 26.2457 26.419 .1733 .600
 518 20.001 19.955 .046 .200
 619 16.071 16.055 .016 0
 720 13.4697 13.387 .0827 .600
 102 282.109 861.306 579.197 205.300
 206 125.176 130.498 5.322 4.200
 308 62.253 62.994 .741 1.100
 413 35.945 35.614 .331 .900
 518 25.0693 24.821 .2483 .900
 619 19.3183 19.032 .2863 1.400
 720 16.8547 15.458 1.3967 8.200
 102 191.531 6090500.505 6090308.974 3179803.200
 206 92.7693 143.687 50.9177 54.800
 308 60.5723 52.099 8.4733 13.900
 413 42.0947 31.846 10.2487 24.300
 518 31.776 22.937 8.839 27.800
 619 25.791 17.912 7.879 30.500
 720 22.136 14.697 7.439 33.600
 102 216.011 229529469.173 229529253.162 106258131.800
 206 124.434 76250.808 76126.374 61178.100
 308 81.8463 203.129 121.2827 148.100
 413 60.9297 58.675 2.2547 3.700
 518 49.1637 34.193 14.9707 30.400
 619 40.3973 24.111 16.2863 40.300
 720 34.566 18.629 15.937 46.100
 102 264.279 40289.566 40025.287 15145.000
 206 129.171 42127.605 41998.434 32513.800
 308 84.693 448805.921 448721.228 529820.900
 413 41.8453 3631.165 3589.3197 8577.500
 518 39.3 1901.707 1862.407 4738.900
 619 30.441 358.363 327.922 1077.200
 720 16.4043 52.261 35.8567 218.500
 102 132.225 238.059 105.834 80.000
 206 53.1113 60.948 7.8367 14.700
 308 32.7453 34.897 2.1517 6.500
 413 22.7017 24.494 1.7923 7.800
 518 17.967 18.841 .874 4.800
 619 14.844 15.318 .474 3.100
 720 12.7357 12.895 .1593 1.200
 102 138.891 883.015 744.124 535.700
 206 54.5467 75.407 20.8603 38.200
 308 32.913 39.211 6.298 19.100
 413 23.1687 26.521 3.3523 14.400
 518 18.1723 20.021 1.8487 10.100
 619 14.919 16.096 1.177 7.800
 720 12.761 13.445 .684 5.300
 102 266.546 1464104.222 1463837.676 549187.600
 206 125.842 94592.573 94466.731 75067.700
 308 85.1283 6953.500 6868.3717 8068.200
 413 66.097 2121.953 2055.856 3110.300
 518 50.445 510.754 460.309 912.400
 619 41.665 183.264 141.599 339.800
 720 35.9423 88.069 52.1267 145.000
 102 280.38 11624038.400 11623758.020 4145715.800
 206 143.573 384427.376 384283.803 267657.400
 308 91.075 53742.358 53651.283 58908.900
 413 68.09 13588.725 13520.635 19857.000
 518 54.394 4765.401 4711.007 8660.800
 619 45.1093 2055.431 2010.3217 4456.500
 720 38.5413 1025.411 986.8697 2560.500
 102 112.99 74561135.184 74561022.194 65989045.200
 206 49.8027 121.704 71.9013 144.300
 308 30.8333 34.400 3.5667 11.500
 413 22.2187 20.028 2.1907 9.800
 518 14.7633 14.131 .6323 4.200
 619 13.7223 10.912 2.8103 20.400
 720 12.9823 8.893 4.0893 31.400
 102 93.3923 449.376 355.9837 381.100
 206 32.8277 43.584 10.7563 32.700
 308 20.2953 22.896 2.6007 12.800
 413 14.786 15.492 .706 4.700
 518 11.744 11.654 .090 .700
 619 9.69833 9.392 .30633 3.100
 720 8.29333 7.851 .44233 5.300
 102 144.242 2846.736 2702.494 1873.500
 206 72.4583 52.056 20.4023 28.100
 308 47.6707 24.960 22.7107 47.600
 413 35.678 16.404 19.274 54.000
 518 24.9507 12.220 12.7307 51.000
 619 11.722 9.744 1.978 16.800
 720 11.3183 8.104 3.2143 28.300
 102 143.43 134.784 8.646 6.000
 206 42.892 35.376 7.516 17.500
 308 25.6687 20.352 5.3167 20.700
 413 17.5847 14.292 3.2927 18.700
 518 13.9173 11.001 2.9163 20.900
 619 10.7937 8.952 1.8417 17.000
 720 9.36967 7.549 1.82067 19.400
 102 288.206 7672.791 7384.585 2562.200
 206 137.144 666.746 529.602 386.100
 308 90.6543 189.203 98.5487 108.700
 413 62.455 109.793 47.338 75.700
 518 49.2197 83.640 34.4203 69.900
 619 39.176 44.181 5.005 12.700
 720 27.5723 28.669 1.0967 3.900
 102 371.821 1032211882.598 1032211510.777 277609793.600
 206 177.39 1187.143 1009.753 569.200
 308 108.657 115.671 7.014 6.400
 413 77.1237 59.504 17.6197 22.800
 518 60.1813 40.083 20.0983 33.300
 619 48.4417 30.248 18.1937 37.500
 720 40.3217 24.242 16.0797 39.800
 102 283.59 94121.410 93837.820 33089.200
 206 132.343 150.958 18.615 14.000
 308 85.0743 67.665 17.4093 20.400
 413 61.5943 43.622 17.9723 29.100
 518 48.0623 32.194 15.8683 33.000
 619 40.1777 25.497 14.6807 36.500
 720 34.077 21.117 12.960 38.000
 102 369.754 26727078.666 26726708.912 7228240.600
 206 115.257 267.079 151.822 131.700
 308 57.6677 84.090 26.4223 45.800
 413 38.3637 49.889 11.5253 30.000
 518 29.3897 35.512 6.1223 20.800
 619 23.882 27.484 3.602 15.000
 720 20.1817 22.451 2.2693 11.200
 102 400.074 297928.089 297528.015 74368.200
 206 186.946 945247.027 945060.081 505525.700
 308 118.027 16669.655 16551.628 14023.500
 413 60.3433 210.923 150.5797 249.500
 518 49.1723 79.773 30.6007 62.200
 619 32.7693 48.414 15.6447 47.700
 720 25.523 34.440 8.917 34.900
 102 246.13 584.540 338.410 137.400
 206 111.471 101.498 9.973 8.900
 308 71.4413 55.541 15.9003 22.200
 413 51.9903 38.246 13.7443 26.400
 518 40.954 29.171 11.783 28.700
 619 33.802 23.552 10.250 30.300
 720 28.9983 19.765 9.2333 31.800
 102 373.599 7687984572.579 7687984198.980 2057817124.500
 206 185.441 45053.214 44867.773 24195.100
 308 115.578 200.581 85.003 73.500
 413 81.3163 76.216 5.1003 6.200
 518 61.5197 46.989 14.5307 23.600
 619 49.3707 34.017 15.3537 31.000
 720 40.5513 26.629 13.9223 34.300
 102 371.039 56452.055 56081.016 15114.500
 206 129.413 169.205 39.792 30.700
 308 71.148 71.106 .042 0
 413 49.3087 45.035 4.2737 8.600
 518 36.956 32.931 4.025 10.800
 619 30.0213 25.989 4.0323 13.400
 720 24.7613 21.450 3.3113 13.300
 102 244.579 15402281258.106 15402281013.527 6297466672.700
 206 123.671 21098.864 20975.193 16960.400
 308 48.082 141.881 93.799 195.000
 413 34.814 54.251 19.437 55.800
 518 27.4497 32.555 5.1053 18.500
 619 22.5237 23.455 .9313 4.100
 720 19.2183 18.196 1.0223 5.300
 102 154.622 393.953 239.331 154.700
 206 66.508 80.117 13.609 20.400
 308 36.1513 40.494 4.3427 12.000
 413 25.422 27.074 1.652 6.400
 518 19.6867 20.316 .6293 3.100
 619 16.0877 16.301 .2133 1.300
 720 13.6383 13.586 .0523 .300
 102 96.888 105.512 8.624 8.900
 206 46.2213 46.120 .1013 .200
 308 30.658 29.463 1.195 3.800
 413 22.9293 21.688 1.2413 5.400
 518 18.318 17.137 1.181 6.400
 619 15.195 14.171 1.024 6.700
 720 13.0457 12.088 .9577 7.300
 102 274.921 378699115.642 378698840.721 137748240.600
 206 137.223 3234258.206 3234120.983 2356835.900
 308 91.4383 208731.187 208639.7487 228175.400
 413 68.459 31045.693 30977.234 45249.300
 518 54.7883 7338.229 7283.4407 13293.700
 619 45.7403 2345.325 2299.5847 5027.400
 720 39.2227 924.680 885.4573 2257.500
 102 108.259 9048.801 8940.542 8258.400
 206 53.5107 112.517 59.0063 110.200
 308 33.9337 47.648 13.7143 40.400
 413 23.684 29.798 6.114 25.800
 518 20.8827 22.020 1.1373 5.400
 619 15.1297 17.189 2.0593 13.600
 720 13.3027 14.311 1.0083 7.500
 102 120.867 99.287 21.580 17.800
 206 56.5843 44.851 11.7333 20.700
 308 36.833 28.971 7.862 21.300
 413 27.3917 21.381 6.0107 21.900
 518 21.7583 16.973 4.7853 21.900
 619 18.093 14.048 4.045 22.300
 720 15.448 11.994 3.454 22.300
 102 208.991 1311.457 1102.466 527.500
 206 123.537 635.576 512.039 414.400
 308 52.672 86.505 33.833 64.200
 413 32.664 42.127 9.463 28.900
 518 23.3433 27.787 4.4437 19.000
 619 18.1473 20.752 2.6047 14.300
 720 15.152 16.570 1.418 9.300
 102 205.803 56683.560 56477.757 27442.600
 206 124.412 82083.717 81959.305 65877.300
 308 82.648 35903.758 35821.110 43341.700
 413 61.9777 2393.907 2331.9293 3762.500
 518 49.6907 245.235 195.5443 393.500
 619 39.0557 70.299 31.2433 79.900
 720 20.0527 37.832 17.7793 88.600
 102 281.819 388992781.189 388992499.370 138029195.800
 206 117.921 374.456 256.535 217.500
 308 72.7767 67.582 5.1947 7.100
 413 51.6597 37.027 14.6327 28.300
 518 39.1467 25.509 13.6377 34.800
 619 31.5883 19.441 12.1473 38.400
 720 26.4437 15.704 10.7397 40.600
 102 249.674 894083985.244 894083735.570 358100457.200
 206 124.043 30163.312 30039.269 24216.800
 308 82.2933 225.711 143.4177 174.200
 413 61.105 61.685 .580 .900
 518 49.584 35.143 14.441 29.100
 619 40.7823 24.589 16.1933 39.700
 720 35.0883 18.933 16.1553 46.000
 102 239.179 101062992.609 101062753.430 42254024.500
 206 104.273 200.581 96.308 92.300
 308 62.843 58.216 4.627 7.300
 413 44.051 34.017 10.034 22.700
 518 33.6753 24.018 9.6573 28.600
 619 26.9417 18.568 8.3737 31.000
 720 22.8313 15.130 7.7013 33.700
 102 248.35 46139.146 45890.796 18478.200
 206 123.868 103.669 20.199 16.300
 308 82.3047 45.737 36.5677 44.400
 413 61.4027 29.327 32.0757 52.200
 518 49.1317 21.610 27.5217 56.000
 619 40.2163 17.079 23.1373 57.500
 720 33.9637 14.147 19.8167 58.300
 102 252.939 2303468571.525 2303468318.586 910681357.300
 206 125.993 2734612.152 2734486.159 2170347.600
 308 85.6653 133493.927 133408.2617 155731.900
 413 63.8637 7744.163 7680.2993 12026.000
 518 50.3387 1034.125 983.7863 1954.300
 619 41.5367 252.990 211.4533 509.000
 720 35.892 97.711 61.819 172.200
 102 187.05 192.266 5.216 2.700
 206 90.619 57.425 33.194 36.600
 308 59.3587 33.750 25.6087 43.100
 413 43.6317 23.879 19.7527 45.200
 518 34.3407 18.481 15.8597 46.100
 619 28.447 15.072 13.375 47.000
 720 23.9067 12.743 11.1637 46.600
 102 281.543 2816.491 2534.948 900.300
 206 138.193 296.140 157.947 114.200
 308 86.78 100.267 13.487 15.500
 413 63.6613 52.367 11.2943 17.700
 518 50.347 35.504 14.843 29.400
 619 40.8047 25.749 15.0557 36.800
 720 31.1123 19.600 11.5123 37.000
