 102 108.102 119.029 10.927 10.100
 206 47.128 48.496 1.368 2.900
 308 28.9287 30.473 1.5443 5.300
 413 21.856 22.200 .344 1.500
 518 17.4393 17.465 .0257 .100
 619 14.504 14.390 .114 .700
 720 12.347 12.240 .107 .800
 102 259.28 1028024.975 1027765.695 396392.100
 206 126.05 11042.856 10916.806 8660.600
 308 86.7163 2442.849 2356.1327 2717.000
 413 62.4683 430.202 367.7337 588.600
 518 49.5073 145.260 95.7527 193.400
 619 41.958 58.721 16.763 39.900
 720 36.0627 34.509 1.5537 4.300
 102 175.43 301.056 125.626 71.600
 206 122.194 64.389 57.805 47.300
 308 81.276 36.071 45.205 55.600
 413 61.4057 25.026 36.3797 59.200
 518 48.1167 19.152 28.9647 60.100
 619 40.4953 15.523 24.9723 61.600
 720 35.1177 13.059 22.0587 62.800
 102 250.882 5984.583 5733.701 2285.400
 206 135.88 368.189 232.309 170.900
 308 92.668 117.443 24.775 26.700
 413 66.78 53.862 12.918 19.300
 518 50.7393 33.636 17.1033 33.700
 619 42.495 23.988 18.507 43.500
 720 36.4573 18.571 17.8863 49.000
 102 147.845 159.334 11.489 7.700
 206 66.8337 54.108 12.7257 19.000
 308 42.774 32.576 10.198 23.800
 413 32.23 23.285 8.945 27.700
 518 24.5423 18.137 6.4053 26.000
 619 19.8797 14.854 5.0257 25.200
 720 16.0757 12.567 3.5087 21.800
 102 248.642 13427.261 13178.619 5300.200
 206 119.981 97.730 22.251 18.500
 308 61.4777 44.536 16.9417 27.500
 413 43.0017 28.835 14.1667 32.900
 518 33.232 21.331 11.901 35.800
 619 24.3617 16.916 7.4457 30.500
 720 17.231 14.030 3.201 18.500
 102 127.228 243.056 115.828 91.000
 206 54.198 61.194 6.996 12.900
 308 35.2197 35.033 .1867 .500
 413 25.28 24.514 .766 3.000
 518 20.5937 18.874 1.7197 8.300
 619 16.5463 15.332 1.2143 7.300
 720 14.465 12.907 1.558 10.700
 102 247.056 1298785793.228 1298785546.172 525704919.600
 206 120.586 567.869 447.283 370.900
 308 70.526 73.180 2.654 3.700
 413 46.344 38.625 7.719 16.600
 518 34.2357 26.247 7.9887 23.300
 619 26.539 19.865 6.674 25.100
 720 21.76 15.996 5.764 26.400
 102 114.224 136.478 22.254 19.400
 206 50.8163 51.200 .3837 .700
 308 32.8113 31.483 1.3283 4.000
 413 24.6153 22.753 1.8623 7.500
 518 18.8067 17.793 1.0137 5.300
 619 15.8553 14.608 1.2473 7.800
 720 13.7807 12.404 1.3767 9.900
 102 175.407 14087.127 13911.720 7931.100
 206 68.1993 91.832 23.6327 34.600
 308 42.3917 43.252 .8603 2.000
 413 31.263 28.323 2.940 9.400
 518 24.568 21.020 3.548 14.400
 619 20.2783 16.724 3.5543 17.500
 720 17.5813 13.890 3.6913 20.900
 102 246.935 453457.346 453210.411 183534.200
 206 125.462 1028.096 902.634 719.400
 308 81.6223 87.215 5.5927 6.800
 413 61.099 42.209 18.890 30.900
 518 49.1773 27.852 21.3253 43.300
 619 39.8147 20.779 19.0357 47.800
 720 33.604 16.570 17.034 50.600
 102 255.88 7656144.977 7655889.097 2991984.100
 206 128.049 7313.858 7185.809 5611.700
 308 86.3823 305.827 219.4447 254.000
 413 64.6147 79.585 14.9703 23.100
 518 51.2947 41.140 10.1547 19.700
 619 41.787 27.415 14.372 34.300
 720 36.0297 20.560 15.4697 42.900
 102 140.108 1546451.599 1546311.491 1103656.800
 206 55.7787 126.771 70.9923 127.200
 308 35.32 49.724 14.404 40.700
 413 25.3887 30.924 5.5353 21.800
 518 20.5493 22.462 1.9127 9.300
 619 16.591 17.612 1.021 6.100
 720 14.3397 14.498 .1583 1.100
 102 247.641 4095.590 3847.949 1553.800
 206 122.352 137.297 14.945 12.200
 308 81.895 51.307 30.588 37.300
 413 60.3893 31.539 28.8503 47.700
 518 45.05 22.740 22.310 49.500
 619 35.4507 17.817 17.6337 49.700
 720 29.3827 14.627 14.7557 50.200
 102 249.81 2836.889 2587.079 1035.600
 206 124.495 167.075 42.580 34.200
 308 81.8787 55.485 26.3937 32.200
 413 62.1517 33.075 29.0767 46.700
 518 49.4643 23.560 25.9043 52.300
 619 40.7737 18.295 22.4787 55.100
 720 35.0133 14.943 20.0703 57.300
 102 246.999 4744.724 4497.725 1820.900
 206 123.518 128.368 4.850 3.900
 308 82.111 49.997 32.114 39.100
 413 56.2353 31.027 25.2083 44.800
 518 41.7197 22.495 19.2247 46.000
 619 32.579 17.653 14.926 45.800
 720 26.9073 14.510 12.3973 46.000
 102 226.619 142.950 83.669 36.900
 206 108.258 52.019 56.239 51.900
 308 71.07 31.811 39.259 55.200
 413 52.505 22.896 29.609 56.300
 518 41.6317 17.891 23.7407 57.000
 619 34.541 14.690 19.851 57.400
 720 29.731 12.450 17.281 58.100
 102 252.515 219942.666 219690.151 87000.800
 206 124.441 417.382 292.941 235.400
 308 84.945 75.555 9.390 11.000
 413 63.1537 39.301 23.8527 37.700
 518 50.1903 26.542 23.6483 47.100
 619 41.5333 20.042 21.4913 51.700
 720 35.281 16.090 19.191 54.300
 102 166.666 100.597 66.069 39.600
 206 79.2473 45.137 34.1103 43.000
 308 51.8303 29.108 22.7223 43.800
 413 38.622 21.463 17.159 44.400
 518 30.6023 17.006 13.5963 44.400
 619 25.4943 14.076 11.4183 44.700
 720 21.5857 12.006 9.5797 44.300
 102 250.799 273.448 22.649 9.000
 206 71.7897 72.990 1.2003 1.600
 308 38.4663 38.610 .1437 .300
 413 26.2457 26.214 .0317 .100
 518 20.001 19.857 .144 .700
 619 16.071 15.974 .097 .600
 720 13.4697 13.351 .1187 .800
 102 282.109 839.024 556.915 197.400
 206 125.176 128.737 3.561 2.800
 308 62.253 62.039 .214 .300
 413 35.945 35.307 .638 1.700
 518 25.0693 24.674 .3953 1.500
 619 19.3183 18.950 .3683 1.900
 720 16.8547 15.388 1.4667 8.700
 102 191.531 174.981 16.550 8.600
 206 92.7693 55.787 36.9823 39.800
 308 60.5723 33.176 27.3963 45.200
 413 42.0947 23.613 18.4817 43.900
 518 31.776 18.317 13.459 42.300
 619 25.791 14.963 10.828 41.900
 720 22.136 12.661 9.475 42.800
 102 216.011 989.265 773.254 357.900
 206 124.434 78.766 45.668 36.700
 308 81.8463 40.139 41.7073 50.900
 413 60.9297 26.931 33.9987 55.700
 518 49.1637 20.267 28.8967 58.700
 619 40.3973 16.247 24.1503 59.700
 720 34.566 13.550 21.016 60.700
 102 264.279 13099.171 12834.892 4856.500
 206 129.171 6897.991 6768.820 5240.200
 308 84.693 12103.712 12019.019 14191.200
 413 41.8453 423.157 381.3117 911.200
 518 39.3 169.295 129.995 330.700
 619 30.441 67.582 37.141 122.000
 720 16.4043 30.589 14.1847 86.400
 102 132.225 150.814 18.589 14.000
 206 53.1113 53.043 .0683 .100
 308 32.7453 32.193 .5523 1.600
 413 22.7017 23.101 .3993 1.700
 518 17.967 18.022 .055 .300
 619 14.844 14.772 .072 .400
 720 12.7357 12.509 .2267 1.700
 102 138.891 204.800 65.909 47.400
 206 54.5467 58.490 3.9433 7.200
 308 32.913 34.132 1.219 3.700
 413 23.1687 24.084 .9153 3.900
 518 18.1723 18.612 .4397 2.400
 619 14.919 15.168 .249 1.600
 720 12.761 12.778 .017 .100
 102 266.546 1507867.197 1507600.651 565606.100
 206 125.842 97874.042 97748.200 77675.300
 308 85.1283 7179.648 7094.5197 8333.900
 413 66.097 2200.924 2134.827 3229.800
 518 50.445 525.877 475.432 942.400
 619 41.665 188.056 146.391 351.300
 720 35.9423 90.011 54.0687 150.400
 102 280.38 10401555.087 10401274.707 3709706.300
 206 143.573 344603.811 344460.238 239919.900
 308 91.075 48279.793 48188.718 52911.000
 413 68.09 12231.905 12163.815 17864.300
 518 54.394 4297.637 4243.243 7800.900
 619 45.1093 1861.163 1816.0537 4025.800
 720 38.5413 930.507 891.9657 2314.300
 102 112.99 47942.123 47829.133 42330.400
 206 49.8027 98.918 49.1153 98.600
 308 30.8333 44.836 14.0027 45.400
 413 22.2187 28.958 6.7393 30.300
 518 14.7633 21.381 6.6177 44.800
 619 13.7223 16.957 3.2347 23.500
 720 12.9823 14.042 1.0597 8.100
 102 93.3923 1638.400 1545.0077 1654.300
 206 32.8277 80.527 47.6993 145.300
 308 20.2953 40.713 20.4177 100.600
 413 14.786 27.176 12.390 83.700
 518 11.744 20.299 8.555 72.800
 619 9.69833 16.301 6.60267 68.000
 720 8.29333 13.609 5.31567 64.000
 102 144.242 227.491 83.249 57.700
 206 72.4583 60.211 12.2473 16.900
 308 47.6707 34.678 12.9927 27.200
 413 35.678 24.371 11.307 31.600
 518 24.9507 18.776 6.1747 24.700
 619 11.722 15.264 3.542 30.200
 720 11.3183 12.872 1.5537 13.700
 102 143.43 217.251 73.821 51.400
 206 42.892 59.432 16.540 38.500
 308 25.6687 34.432 8.7633 34.100
 413 17.5847 24.227 6.6423 37.700
 518 13.9173 18.694 4.7767 34.300
 619 10.7937 15.209 4.4153 40.900
 720 9.36967 12.837 3.46733 37.000
 102 288.206 19520.389 19232.183 6673.000
 206 137.144 1518.960 1381.816 1007.500
 308 90.6543 382.830 292.1757 322.200
 413 62.455 248.934 186.479 298.500
 518 49.2197 430.964 381.7443 775.500
 619 39.176 249.385 210.209 536.500
 720 27.5723 68.187 40.6147 147.300
 102 371.821 2664074403.430 2664074031.609 716493697.600
 206 177.39 1851.392 1674.002 943.600
 308 108.657 87.215 21.442 19.700
 413 77.1237 42.209 34.9147 45.200
 518 60.1813 27.852 32.3293 53.700
 619 48.4417 20.779 27.6627 57.100
 720 40.3217 16.570 23.7517 58.900
 102 283.59 178.421 105.169 37.000
 206 132.343 56.074 76.269 57.600
 308 85.0743 33.286 51.7883 60.800
 413 61.5943 23.674 37.9203 61.500
 518 48.0623 18.366 29.6963 61.700
 619 40.1777 14.990 25.1877 62.600
 720 34.077 12.673 21.404 62.800
 102 369.754 1975.173 1605.419 434.100
 206 115.257 81.100 34.157 29.600
 308 57.6677 40.740 16.9277 29.300
 413 38.3637 27.197 11.1667 29.100
 518 29.3897 20.414 8.9757 30.500
 619 23.882 16.342 7.540 31.500
 720 20.1817 13.621 6.5607 32.500
 102 400.074 45887.242 45487.168 11369.600
 206 186.946 15242.731 15055.785 8053.500
 308 118.027 229.015 110.988 94.000
 413 60.3433 60.764 .4207 .600
 518 49.1723 34.848 14.3243 29.100
 619 32.7693 24.466 8.3033 25.300
 720 25.523 18.816 6.707 26.200
 102 246.13 28101.918 27855.788 11317.500
 206 111.471 95.682 15.789 14.100
 308 71.4413 44.099 27.3423 38.200
 413 51.9903 28.672 23.3183 44.800
 518 40.954 21.250 19.704 48.100
 619 33.802 16.847 16.955 50.100
 720 28.9983 13.972 15.0263 51.800
 102 373.599 16417.013 16043.414 4294.200
 206 185.441 101.130 84.311 45.400
 308 115.578 45.273 70.305 60.800
 413 81.3163 29.122 52.1943 64.100
 518 61.5197 21.495 40.0247 65.000
 619 49.3707 17.011 32.3597 65.500
 720 40.5513 14.089 26.4623 65.200
 102 371.039 6553.600 6182.561 1666.200
 206 129.413 93.921 35.492 27.400
 308 71.148 43.744 27.404 38.500
 413 49.3087 28.508 20.8007 42.100
 518 36.956 21.135 15.821 42.800
 619 30.0213 16.806 13.2153 44.000
 720 24.7613 13.937 10.8243 43.700
 102 244.579 1479452435690875.699 1479452435690631.120 604897573254707.500
 206 123.671 982760494.653 982760370.982 794657090.900
 308 48.082 3308.476 3260.394 6780.900
 413 34.814 266.977 232.163 666.800
 518 27.4497 78.348 50.8983 185.400
 619 22.5237 45.614 23.0903 102.500
 720 19.2183 29.500 10.2817 53.400
 102 154.622 447.774 293.152 189.500
 206 66.508 85.688 19.180 28.800
 308 36.1513 41.860 5.7087 15.700
 413 25.422 27.668 2.246 8.800
 518 19.6867 20.676 .9893 5.000
 619 16.0877 16.520 .4323 2.600
 720 13.6383 13.749 .1107 .800
 102 96.888 114.688 17.800 18.300
 206 46.2213 47.759 1.5377 3.300
 308 30.658 30.145 .513 1.600
 413 22.9293 22.036 .8933 3.800
 518 18.318 17.367 .951 5.100
 619 15.195 14.321 .874 5.700
 720 13.0457 12.181 .8647 6.600
 102 274.921 46230630.072 46230355.151 16815868.900
 206 137.223 413418.618 413281.395 301175.000
 308 91.4383 28240.575 28149.1367 30784.800
 413 68.459 4528.332 4459.873 6514.600
 518 54.7883 1174.568 1119.7797 2043.800
 619 45.7403 420.143 374.4027 818.500
 720 39.2227 189.326 150.1033 382.600
 102 108.259 9927.393 9819.134 9070.000
 206 53.5107 114.278 60.7673 113.500
 308 33.9337 47.976 14.0423 41.300
 413 23.684 29.941 6.257 26.400
 518 20.8827 22.069 1.1863 5.600
 619 15.1297 17.230 2.1003 13.800
 720 13.3027 14.334 1.0313 7.700
 102 120.867 109.608 11.259 9.300
 206 56.5843 46.858 9.7263 17.100
 308 36.833 29.790 7.043 19.100
 413 27.3917 21.852 5.5397 20.200
 518 21.7583 17.235 4.5233 20.700
 619 18.093 14.240 3.853 21.200
 720 15.448 12.134 3.314 21.400
 102 208.991 1074.708 865.717 414.200
 206 123.537 382.033 258.496 209.200
 308 52.672 73.316 20.644 39.100
 413 32.664 38.707 6.043 18.500
 518 23.3433 26.214 2.8707 12.200
 619 18.1473 19.892 1.7447 9.600
 720 15.152 15.996 .844 5.500
 102 205.803 6008.258 5802.455 2819.400
 206 124.412 1299.988 1175.576 944.900
 308 82.648 175.768 93.120 112.600
 413 61.9777 58.347 3.6307 5.800
 518 49.6907 34.062 15.6287 31.400
 619 39.0557 24.029 15.0267 38.400
 720 20.0527 18.594 1.4587 7.200
 102 281.819 53194.014 52912.195 18775.200
 206 117.921 103.424 14.497 12.200
 308 72.7767 45.655 27.1217 37.200
 413 51.6597 29.327 22.3327 43.200
 518 39.1467 21.577 17.5697 44.800
 619 31.5883 17.079 14.5093 45.900
 720 26.4437 14.124 12.3197 46.500
 102 249.674 74056.007 73806.333 29561.000
 206 124.043 140.574 16.531 13.300
 308 82.2933 51.690 30.6033 37.100
 413 61.105 31.682 29.423 48.100
 518 49.584 22.839 26.745 53.900
 619 40.7823 17.858 22.9243 56.200
 720 35.0883 14.662 20.4263 58.200
 102 239.179 211430.277 211191.098 88298.300
 206 104.273 109.199 4.926 4.700
 308 62.843 46.747 16.096 25.600
 413 44.051 29.757 14.294 32.400
 518 33.6753 21.839 11.8363 35.100
 619 26.9417 17.230 9.7117 36.000
 720 22.8313 14.229 8.6023 37.600
 102 248.35 187.842 60.508 24.300
 206 123.868 57.016 66.852 53.900
 308 82.3047 33.613 48.6917 59.100
 413 61.4027 23.838 37.5647 61.100
 518 49.1317 18.448 30.6837 62.400
 619 40.2163 15.059 25.1573 62.500
 720 33.9637 12.708 21.2557 62.500
 102 252.939 1660947.251 1660694.312 656559.200
 206 125.993 3392.307 3266.314 2592.400
 308 85.6653 242.641 156.9757 183.200
 413 63.8637 70.553 6.6893 10.400
 518 50.3387 38.371 11.9677 23.700
 619 41.5367 26.145 15.3917 37.000
 720 35.892 19.823 16.069 44.700
 102 187.05 104.693 82.357 44.000
 206 90.619 45.957 44.662 49.200
 308 59.3587 29.408 29.9507 50.400
 413 43.6317 21.647 21.9847 50.300
 518 34.3407 17.104 17.2367 50.100
 619 28.447 14.158 14.289 50.200
 720 23.9067 12.064 11.8427 49.500
 102 281.543 3548.774 3267.231 1160.400
 206 138.193 353.935 215.742 156.100
 308 86.78 113.620 26.840 30.900
 413 63.6613 57.999 5.6623 8.800
 518 50.347 39.124 11.223 22.200
 619 40.8047 28.029 12.7757 31.300
 720 31.1123 20.969 10.1433 32.600
 102 108.102 119.029 10.927 10.100
 206 47.128 48.496 1.368 2.900
 308 28.9287 30.473 1.5443 5.300
 413 21.856 22.200 .344 1.500
 518 17.4393 17.465 .0257 .100
 619 14.504 14.390 .114 .700
 720 12.347 12.240 .107 .800
 102 259.28 1028024.975 1027765.695 396392.100
 206 126.05 11042.856 10916.806 8660.600
 308 86.7163 2442.849 2356.1327 2717.000
 413 62.4683 430.202 367.7337 588.600
 518 49.5073 145.260 95.7527 193.400
 619 41.958 58.721 16.763 39.900
 720 36.0627 34.509 1.5537 4.300
 102 175.43 301.056 125.626 71.600
 206 122.194 64.389 57.805 47.300
 308 81.276 36.071 45.205 55.600
 413 61.4057 25.026 36.3797 59.200
 518 48.1167 19.152 28.9647 60.100
 619 40.4953 15.523 24.9723 61.600
 720 35.1177 13.059 22.0587 62.800
 102 250.882 5984.583 5733.701 2285.400
 206 135.88 368.189 232.309 170.900
 308 92.668 117.443 24.775 26.700
 413 66.78 53.862 12.918 19.300
 518 50.7393 33.636 17.1033 33.700
 619 42.495 23.988 18.507 43.500
 720 36.4573 18.571 17.8863 49.000
 102 147.845 159.334 11.489 7.700
 206 66.8337 54.108 12.7257 19.000
 308 42.774 32.576 10.198 23.800
 413 32.23 23.285 8.945 27.700
 518 24.5423 18.137 6.4053 26.000
 619 19.8797 14.854 5.0257 25.200
 720 16.0757 12.567 3.5087 21.800
 102 248.642 13427.261 13178.619 5300.200
 206 119.981 97.730 22.251 18.500
 308 61.4777 44.536 16.9417 27.500
 413 43.0017 28.835 14.1667 32.900
 518 33.232 21.331 11.901 35.800
 619 24.3617 16.916 7.4457 30.500
 720 17.231 14.030 3.201 18.500
 102 127.228 243.056 115.828 91.000
 206 54.198 61.194 6.996 12.900
 308 35.2197 35.033 .1867 .500
 413 25.28 24.514 .766 3.000
 518 20.5937 18.874 1.7197 8.300
 619 16.5463 15.332 1.2143 7.300
 720 14.465 12.907 1.558 10.700
 102 247.056 1298785793.228 1298785546.172 525704919.600
 206 120.586 567.869 447.283 370.900
 308 70.526 73.180 2.654 3.700
 413 46.344 38.625 7.719 16.600
 518 34.2357 26.247 7.9887 23.300
 619 26.539 19.865 6.674 25.100
 720 21.76 15.996 5.764 26.400
 102 114.224 136.478 22.254 19.400
 206 50.8163 51.200 .3837 .700
 308 32.8113 31.483 1.3283 4.000
 413 24.6153 22.753 1.8623 7.500
 518 18.8067 17.793 1.0137 5.300
 619 15.8553 14.608 1.2473 7.800
 720 13.7807 12.404 1.3767 9.900
 102 175.407 14087.127 13911.720 7931.100
 206 68.1993 91.832 23.6327 34.600
 308 42.3917 43.252 .8603 2.000
 413 31.263 28.323 2.940 9.400
 518 24.568 21.020 3.548 14.400
 619 20.2783 16.724 3.5543 17.500
 720 17.5813 13.890 3.6913 20.900
 102 246.935 453457.346 453210.411 183534.200
 206 125.462 1028.096 902.634 719.400
 308 81.6223 87.215 5.5927 6.800
 413 61.099 42.209 18.890 30.900
 518 49.1773 27.852 21.3253 43.300
 619 39.8147 20.779 19.0357 47.800
 720 33.604 16.570 17.034 50.600
 102 255.88 7656144.977 7655889.097 2991984.100
 206 128.049 7313.858 7185.809 5611.700
 308 86.3823 305.827 219.4447 254.000
 413 64.6147 79.585 14.9703 23.100
 518 51.2947 41.140 10.1547 19.700
 619 41.787 27.415 14.372 34.300
 720 36.0297 20.560 15.4697 42.900
 102 140.108 1546451.599 1546311.491 1103656.800
 206 55.7787 126.771 70.9923 127.200
 308 35.32 49.724 14.404 40.700
 413 25.3887 30.924 5.5353 21.800
 518 20.5493 22.462 1.9127 9.300
 619 16.591 17.612 1.021 6.100
 720 14.3397 14.498 .1583 1.100
 102 247.641 4095.590 3847.949 1553.800
 206 122.352 137.297 14.945 12.200
 308 81.895 51.307 30.588 37.300
 413 60.3893 31.539 28.8503 47.700
 518 45.05 22.740 22.310 49.500
 619 35.4507 17.817 17.6337 49.700
 720 29.3827 14.627 14.7557 50.200
 102 249.81 2836.889 2587.079 1035.600
 206 124.495 167.075 42.580 34.200
 308 81.8787 55.485 26.3937 32.200
 413 62.1517 33.075 29.0767 46.700
 518 49.4643 23.560 25.9043 52.300
 619 40.7737 18.295 22.4787 55.100
 720 35.0133 14.943 20.0703 57.300
 102 246.999 4744.724 4497.725 1820.900
 206 123.518 128.368 4.850 3.900
 308 82.111 49.997 32.114 39.100
 413 56.2353 31.027 25.2083 44.800
 518 41.7197 22.495 19.2247 46.000
 619 32.579 17.653 14.926 45.800
 720 26.9073 14.510 12.3973 46.000
 102 226.619 142.950 83.669 36.900
 206 108.258 52.019 56.239 51.900
 308 71.07 31.811 39.259 55.200
 413 52.505 22.896 29.609 56.300
 518 41.6317 17.891 23.7407 57.000
 619 34.541 14.690 19.851 57.400
 720 29.731 12.450 17.281 58.100
 102 252.515 219942.666 219690.151 87000.800
 206 124.441 417.382 292.941 235.400
 308 84.945 75.555 9.390 11.000
 413 63.1537 39.301 23.8527 37.700
 518 50.1903 26.542 23.6483 47.100
 619 41.5333 20.042 21.4913 51.700
 720 35.281 16.090 19.191 54.300
 102 166.666 100.597 66.069 39.600
 206 79.2473 45.137 34.1103 43.000
 308 51.8303 29.108 22.7223 43.800
 413 38.622 21.463 17.159 44.400
 518 30.6023 17.006 13.5963 44.400
 619 25.4943 14.076 11.4183 44.700
 720 21.5857 12.006 9.5797 44.300
 102 250.799 273.448 22.649 9.000
 206 71.7897 72.990 1.2003 1.600
 308 38.4663 38.610 .1437 .300
 413 26.2457 26.214 .0317 .100
 518 20.001 19.857 .144 .700
 619 16.071 15.974 .097 .600
 720 13.4697 13.351 .1187 .800
 102 282.109 839.024 556.915 197.400
 206 125.176 128.737 3.561 2.800
 308 62.253 62.039 .214 .300
 413 35.945 35.307 .638 1.700
 518 25.0693 24.674 .3953 1.500
 619 19.3183 18.950 .3683 1.900
 720 16.8547 15.388 1.4667 8.700
 102 191.531 174.981 16.550 8.600
 206 92.7693 55.787 36.9823 39.800
 308 60.5723 33.176 27.3963 45.200
 413 42.0947 23.613 18.4817 43.900
 518 31.776 18.317 13.459 42.300
 619 25.791 14.963 10.828 41.900
 720 22.136 12.661 9.475 42.800
 102 216.011 989.265 773.254 357.900
 206 124.434 78.766 45.668 36.700
 308 81.8463 40.139 41.7073 50.900
 413 60.9297 26.931 33.9987 55.700
 518 49.1637 20.267 28.8967 58.700
 619 40.3973 16.247 24.1503 59.700
 720 34.566 13.550 21.016 60.700
 102 264.279 13099.171 12834.892 4856.500
 206 129.171 6897.991 6768.820 5240.200
 308 84.693 12103.712 12019.019 14191.200
 413 41.8453 423.157 381.3117 911.200
 518 39.3 169.295 129.995 330.700
 619 30.441 67.582 37.141 122.000
 720 16.4043 30.589 14.1847 86.400
 102 132.225 150.814 18.589 14.000
 206 53.1113 53.043 .0683 .100
 308 32.7453 32.193 .5523 1.600
 413 22.7017 23.101 .3993 1.700
 518 17.967 18.022 .055 .300
 619 14.844 14.772 .072 .400
 720 12.7357 12.509 .2267 1.700
 102 138.891 204.800 65.909 47.400
 206 54.5467 58.490 3.9433 7.200
 308 32.913 34.132 1.219 3.700
 413 23.1687 24.084 .9153 3.900
 518 18.1723 18.612 .4397 2.400
 619 14.919 15.168 .249 1.600
 720 12.761 12.778 .017 .100
 102 266.546 1507867.197 1507600.651 565606.100
 206 125.842 97874.042 97748.200 77675.300
 308 85.1283 7179.648 7094.5197 8333.900
 413 66.097 2200.924 2134.827 3229.800
 518 50.445 525.877 475.432 942.400
 619 41.665 188.056 146.391 351.300
 720 35.9423 90.011 54.0687 150.400
 102 280.38 10401555.087 10401274.707 3709706.300
 206 143.573 344603.811 344460.238 239919.900
 308 91.075 48279.793 48188.718 52911.000
 413 68.09 12231.905 12163.815 17864.300
 518 54.394 4297.637 4243.243 7800.900
 619 45.1093 1861.163 1816.0537 4025.800
 720 38.5413 930.507 891.9657 2314.300
 102 112.99 47942.123 47829.133 42330.400
 206 49.8027 98.918 49.1153 98.600
 308 30.8333 44.836 14.0027 45.400
 413 22.2187 28.958 6.7393 30.300
 518 14.7633 21.381 6.6177 44.800
 619 13.7223 16.957 3.2347 23.500
 720 12.9823 14.042 1.0597 8.100
 102 93.3923 1638.400 1545.0077 1654.300
 206 32.8277 80.527 47.6993 145.300
 308 20.2953 40.713 20.4177 100.600
 413 14.786 27.176 12.390 83.700
 518 11.744 20.299 8.555 72.800
 619 9.69833 16.301 6.60267 68.000
 720 8.29333 13.609 5.31567 64.000
 102 144.242 227.491 83.249 57.700
 206 72.4583 60.211 12.2473 16.900
 308 47.6707 34.678 12.9927 27.200
 413 35.678 24.371 11.307 31.600
 518 24.9507 18.776 6.1747 24.700
 619 11.722 15.264 3.542 30.200
 720 11.3183 12.872 1.5537 13.700
 102 143.43 217.251 73.821 51.400
 206 42.892 59.432 16.540 38.500
 308 25.6687 34.432 8.7633 34.100
 413 17.5847 24.227 6.6423 37.700
 518 13.9173 18.694 4.7767 34.300
 619 10.7937 15.209 4.4153 40.900
 720 9.36967 12.837 3.46733 37.000
 102 288.206 19520.389 19232.183 6673.000
 206 137.144 1518.960 1381.816 1007.500
 308 90.6543 382.830 292.1757 322.200
 413 62.455 248.934 186.479 298.500
 518 49.2197 430.964 381.7443 775.500
 619 39.176 249.385 210.209 536.500
 720 27.5723 68.187 40.6147 147.300
 102 371.821 2664074403.430 2664074031.609 716493697.600
 206 177.39 1851.392 1674.002 943.600
 308 108.657 87.215 21.442 19.700
 413 77.1237 42.209 34.9147 45.200
 518 60.1813 27.852 32.3293 53.700
 619 48.4417 20.779 27.6627 57.100
 720 40.3217 16.570 23.7517 58.900
 102 283.59 178.421 105.169 37.000
 206 132.343 56.074 76.269 57.600
 308 85.0743 33.286 51.7883 60.800
 413 61.5943 23.674 37.9203 61.500
 518 48.0623 18.366 29.6963 61.700
 619 40.1777 14.990 25.1877 62.600
 720 34.077 12.673 21.404 62.800
 102 369.754 1975.173 1605.419 434.100
 206 115.257 81.100 34.157 29.600
 308 57.6677 40.740 16.9277 29.300
 413 38.3637 27.197 11.1667 29.100
 518 29.3897 20.414 8.9757 30.500
 619 23.882 16.342 7.540 31.500
 720 20.1817 13.621 6.5607 32.500
 102 400.074 45887.242 45487.168 11369.600
 206 186.946 15242.731 15055.785 8053.500
 308 118.027 229.015 110.988 94.000
 413 60.3433 60.764 .4207 .600
 518 49.1723 34.848 14.3243 29.100
 619 32.7693 24.466 8.3033 25.300
 720 25.523 18.816 6.707 26.200
 102 246.13 28101.918 27855.788 11317.500
 206 111.471 95.682 15.789 14.100
 308 71.4413 44.099 27.3423 38.200
 413 51.9903 28.672 23.3183 44.800
 518 40.954 21.250 19.704 48.100
 619 33.802 16.847 16.955 50.100
 720 28.9983 13.972 15.0263 51.800
 102 373.599 16417.013 16043.414 4294.200
 206 185.441 101.130 84.311 45.400
 308 115.578 45.273 70.305 60.800
 413 81.3163 29.122 52.1943 64.100
 518 61.5197 21.495 40.0247 65.000
 619 49.3707 17.011 32.3597 65.500
 720 40.5513 14.089 26.4623 65.200
 102 371.039 6553.600 6182.561 1666.200
 206 129.413 93.921 35.492 27.400
 308 71.148 43.744 27.404 38.500
 413 49.3087 28.508 20.8007 42.100
 518 36.956 21.135 15.821 42.800
 619 30.0213 16.806 13.2153 44.000
 720 24.7613 13.937 10.8243 43.700
 102 244.579 1479452435690875.699 1479452435690631.120 604897573254707.500
 206 123.671 982760494.653 982760370.982 794657090.900
 308 48.082 3308.476 3260.394 6780.900
 413 34.814 266.977 232.163 666.800
 518 27.4497 78.348 50.8983 185.400
 619 22.5237 45.614 23.0903 102.500
 720 19.2183 29.500 10.2817 53.400
 102 154.622 447.774 293.152 189.500
 206 66.508 85.688 19.180 28.800
 308 36.1513 41.860 5.7087 15.700
 413 25.422 27.668 2.246 8.800
 518 19.6867 20.676 .9893 5.000
 619 16.0877 16.520 .4323 2.600
 720 13.6383 13.749 .1107 .800
 102 96.888 114.688 17.800 18.300
 206 46.2213 47.759 1.5377 3.300
 308 30.658 30.145 .513 1.600
 413 22.9293 22.036 .8933 3.800
 518 18.318 17.367 .951 5.100
 619 15.195 14.321 .874 5.700
 720 13.0457 12.181 .8647 6.600
 102 274.921 46230630.072 46230355.151 16815868.900
 206 137.223 413418.618 413281.395 301175.000
 308 91.4383 28240.575 28149.1367 30784.800
 413 68.459 4528.332 4459.873 6514.600
 518 54.7883 1174.568 1119.7797 2043.800
 619 45.7403 420.143 374.4027 818.500
 720 39.2227 189.326 150.1033 382.600
 102 108.259 9927.393 9819.134 9070.000
 206 53.5107 114.278 60.7673 113.500
 308 33.9337 47.976 14.0423 41.300
 413 23.684 29.941 6.257 26.400
 518 20.8827 22.069 1.1863 5.600
 619 15.1297 17.230 2.1003 13.800
 720 13.3027 14.334 1.0313 7.700
 102 120.867 109.608 11.259 9.300
 206 56.5843 46.858 9.7263 17.100
 308 36.833 29.790 7.043 19.100
 413 27.3917 21.852 5.5397 20.200
 518 21.7583 17.235 4.5233 20.700
 619 18.093 14.240 3.853 21.200
 720 15.448 12.134 3.314 21.400
 102 208.991 1074.708 865.717 414.200
 206 123.537 382.033 258.496 209.200
 308 52.672 73.316 20.644 39.100
 413 32.664 38.707 6.043 18.500
 518 23.3433 26.214 2.8707 12.200
 619 18.1473 19.892 1.7447 9.600
 720 15.152 15.996 .844 5.500
 102 205.803 6008.258 5802.455 2819.400
 206 124.412 1299.988 1175.576 944.900
 308 82.648 175.768 93.120 112.600
 413 61.9777 58.347 3.6307 5.800
 518 49.6907 34.062 15.6287 31.400
 619 39.0557 24.029 15.0267 38.400
 720 20.0527 18.594 1.4587 7.200
 102 281.819 53194.014 52912.195 18775.200
 206 117.921 103.424 14.497 12.200
 308 72.7767 45.655 27.1217 37.200
 413 51.6597 29.327 22.3327 43.200
 518 39.1467 21.577 17.5697 44.800
 619 31.5883 17.079 14.5093 45.900
 720 26.4437 14.124 12.3197 46.500
 102 249.674 74056.007 73806.333 29561.000
 206 124.043 140.574 16.531 13.300
 308 82.2933 51.690 30.6033 37.100
 413 61.105 31.682 29.423 48.100
 518 49.584 22.839 26.745 53.900
 619 40.7823 17.858 22.9243 56.200
 720 35.0883 14.662 20.4263 58.200
 102 239.179 211430.277 211191.098 88298.300
 206 104.273 109.199 4.926 4.700
 308 62.843 46.747 16.096 25.600
 413 44.051 29.757 14.294 32.400
 518 33.6753 21.839 11.8363 35.100
 619 26.9417 17.230 9.7117 36.000
 720 22.8313 14.229 8.6023 37.600
 102 248.35 187.842 60.508 24.300
 206 123.868 57.016 66.852 53.900
 308 82.3047 33.613 48.6917 59.100
 413 61.4027 23.838 37.5647 61.100
 518 49.1317 18.448 30.6837 62.400
 619 40.2163 15.059 25.1573 62.500
 720 33.9637 12.708 21.2557 62.500
 102 252.939 1660947.251 1660694.312 656559.200
 206 125.993 3392.307 3266.314 2592.400
 308 85.6653 242.641 156.9757 183.200
 413 63.8637 70.553 6.6893 10.400
 518 50.3387 38.371 11.9677 23.700
 619 41.5367 26.145 15.3917 37.000
 720 35.892 19.823 16.069 44.700
 102 187.05 104.693 82.357 44.000
 206 90.619 45.957 44.662 49.200
 308 59.3587 29.408 29.9507 50.400
 413 43.6317 21.647 21.9847 50.300
 518 34.3407 17.104 17.2367 50.100
 619 28.447 14.158 14.289 50.200
 720 23.9067 12.064 11.8427 49.500
 102 281.543 3548.774 3267.231 1160.400
 206 138.193 353.935 215.742 156.100
 308 86.78 113.620 26.840 30.900
 413 63.6613 57.999 5.6623 8.800
 518 50.347 39.124 11.223 22.200
 619 40.8047 28.029 12.7757 31.300
 720 31.1123 20.969 10.1433 32.600
 102 108.102 119.029 10.927 10.100
 206 47.128 48.496 1.368 2.900
 308 28.9287 30.473 1.5443 5.300
 413 21.856 22.200 .344 1.500
 518 17.4393 17.465 .0257 .100
 619 14.504 14.390 .114 .700
 720 12.347 12.240 .107 .800
 102 259.28 1028024.975 1027765.695 396392.100
 206 126.05 11042.856 10916.806 8660.600
 308 86.7163 2442.849 2356.1327 2717.000
 413 62.4683 430.202 367.7337 588.600
 518 49.5073 145.260 95.7527 193.400
 619 41.958 58.721 16.763 39.900
 720 36.0627 34.509 1.5537 4.300
 102 175.43 301.056 125.626 71.600
 206 122.194 64.389 57.805 47.300
 308 81.276 36.071 45.205 55.600
 413 61.4057 25.026 36.3797 59.200
 518 48.1167 19.152 28.9647 60.100
 619 40.4953 15.523 24.9723 61.600
 720 35.1177 13.059 22.0587 62.800
 102 250.882 5984.583 5733.701 2285.400
 206 135.88 368.189 232.309 170.900
 308 92.668 117.443 24.775 26.700
 413 66.78 53.862 12.918 19.300
 518 50.7393 33.636 17.1033 33.700
 619 42.495 23.988 18.507 43.500
 720 36.4573 18.571 17.8863 49.000
 102 147.845 159.334 11.489 7.700
 206 66.8337 54.108 12.7257 19.000
 308 42.774 32.576 10.198 23.800
 413 32.23 23.285 8.945 27.700
 518 24.5423 18.137 6.4053 26.000
 619 19.8797 14.854 5.0257 25.200
 720 16.0757 12.567 3.5087 21.800
 102 248.642 13427.261 13178.619 5300.200
 206 119.981 97.730 22.251 18.500
 308 61.4777 44.536 16.9417 27.500
 413 43.0017 28.835 14.1667 32.900
 518 33.232 21.331 11.901 35.800
 619 24.3617 16.916 7.4457 30.500
 720 17.231 14.030 3.201 18.500
 102 127.228 243.056 115.828 91.000
 206 54.198 61.194 6.996 12.900
 308 35.2197 35.033 .1867 .500
 413 25.28 24.514 .766 3.000
 518 20.5937 18.874 1.7197 8.300
 619 16.5463 15.332 1.2143 7.300
 720 14.465 12.907 1.558 10.700
 102 247.056 1298785793.228 1298785546.172 525704919.600
 206 120.586 567.869 447.283 370.900
 308 70.526 73.180 2.654 3.700
 413 46.344 38.625 7.719 16.600
 518 34.2357 26.247 7.9887 23.300
 619 26.539 19.865 6.674 25.100
 720 21.76 15.996 5.764 26.400
 102 114.224 136.478 22.254 19.400
 206 50.8163 51.200 .3837 .700
 308 32.8113 31.483 1.3283 4.000
 413 24.6153 22.753 1.8623 7.500
 518 18.8067 17.793 1.0137 5.300
 619 15.8553 14.608 1.2473 7.800
 720 13.7807 12.404 1.3767 9.900
 102 175.407 14087.127 13911.720 7931.100
 206 68.1993 91.832 23.6327 34.600
 308 42.3917 43.252 .8603 2.000
 413 31.263 28.323 2.940 9.400
 518 24.568 21.020 3.548 14.400
 619 20.2783 16.724 3.5543 17.500
 720 17.5813 13.890 3.6913 20.900
 102 246.935 453457.346 453210.411 183534.200
 206 125.462 1028.096 902.634 719.400
 308 81.6223 87.215 5.5927 6.800
 413 61.099 42.209 18.890 30.900
 518 49.1773 27.852 21.3253 43.300
 619 39.8147 20.779 19.0357 47.800
 720 33.604 16.570 17.034 50.600
 102 255.88 7656144.977 7655889.097 2991984.100
 206 128.049 7313.858 7185.809 5611.700
 308 86.3823 305.827 219.4447 254.000
 413 64.6147 79.585 14.9703 23.100
 518 51.2947 41.140 10.1547 19.700
 619 41.787 27.415 14.372 34.300
 720 36.0297 20.560 15.4697 42.900
 102 140.108 1546451.599 1546311.491 1103656.800
 206 55.7787 126.771 70.9923 127.200
 308 35.32 49.724 14.404 40.700
 413 25.3887 30.924 5.5353 21.800
 518 20.5493 22.462 1.9127 9.300
 619 16.591 17.612 1.021 6.100
 720 14.3397 14.498 .1583 1.100
 102 247.641 4095.590 3847.949 1553.800
 206 122.352 137.297 14.945 12.200
 308 81.895 51.307 30.588 37.300
 413 60.3893 31.539 28.8503 47.700
 518 45.05 22.740 22.310 49.500
 619 35.4507 17.817 17.6337 49.700
 720 29.3827 14.627 14.7557 50.200
 102 249.81 2836.889 2587.079 1035.600
 206 124.495 167.075 42.580 34.200
 308 81.8787 55.485 26.3937 32.200
 413 62.1517 33.075 29.0767 46.700
 518 49.4643 23.560 25.9043 52.300
 619 40.7737 18.295 22.4787 55.100
 720 35.0133 14.943 20.0703 57.300
 102 246.999 4744.724 4497.725 1820.900
 206 123.518 128.368 4.850 3.900
 308 82.111 49.997 32.114 39.100
 413 56.2353 31.027 25.2083 44.800
 518 41.7197 22.495 19.2247 46.000
 619 32.579 17.653 14.926 45.800
 720 26.9073 14.510 12.3973 46.000
 102 226.619 142.950 83.669 36.900
 206 108.258 52.019 56.239 51.900
 308 71.07 31.811 39.259 55.200
 413 52.505 22.896 29.609 56.300
 518 41.6317 17.891 23.7407 57.000
 619 34.541 14.690 19.851 57.400
 720 29.731 12.450 17.281 58.100
 102 252.515 219942.666 219690.151 87000.800
 206 124.441 417.382 292.941 235.400
 308 84.945 75.555 9.390 11.000
 413 63.1537 39.301 23.8527 37.700
 518 50.1903 26.542 23.6483 47.100
 619 41.5333 20.042 21.4913 51.700
 720 35.281 16.090 19.191 54.300
 102 166.666 100.597 66.069 39.600
 206 79.2473 45.137 34.1103 43.000
 308 51.8303 29.108 22.7223 43.800
 413 38.622 21.463 17.159 44.400
 518 30.6023 17.006 13.5963 44.400
 619 25.4943 14.076 11.4183 44.700
 720 21.5857 12.006 9.5797 44.300
 102 250.799 273.448 22.649 9.000
 206 71.7897 72.990 1.2003 1.600
 308 38.4663 38.610 .1437 .300
 413 26.2457 26.214 .0317 .100
 518 20.001 19.857 .144 .700
 619 16.071 15.974 .097 .600
 720 13.4697 13.351 .1187 .800
 102 282.109 839.024 556.915 197.400
 206 125.176 128.737 3.561 2.800
 308 62.253 62.039 .214 .300
 413 35.945 35.307 .638 1.700
 518 25.0693 24.674 .3953 1.500
 619 19.3183 18.950 .3683 1.900
 720 16.8547 15.388 1.4667 8.700
 102 191.531 174.981 16.550 8.600
 206 92.7693 55.787 36.9823 39.800
 308 60.5723 33.176 27.3963 45.200
 413 42.0947 23.613 18.4817 43.900
 518 31.776 18.317 13.459 42.300
 619 25.791 14.963 10.828 41.900
 720 22.136 12.661 9.475 42.800
 102 216.011 989.265 773.254 357.900
 206 124.434 78.766 45.668 36.700
 308 81.8463 40.139 41.7073 50.900
 413 60.9297 26.931 33.9987 55.700
 518 49.1637 20.267 28.8967 58.700
 619 40.3973 16.247 24.1503 59.700
 720 34.566 13.550 21.016 60.700
 102 264.279 13099.171 12834.892 4856.500
 206 129.171 6897.991 6768.820 5240.200
 308 84.693 12103.712 12019.019 14191.200
 413 41.8453 423.157 381.3117 911.200
 518 39.3 169.295 129.995 330.700
 619 30.441 67.582 37.141 122.000
 720 16.4043 30.589 14.1847 86.400
 102 132.225 150.814 18.589 14.000
 206 53.1113 53.043 .0683 .100
 308 32.7453 32.193 .5523 1.600
 413 22.7017 23.101 .3993 1.700
 518 17.967 18.022 .055 .300
 619 14.844 14.772 .072 .400
 720 12.7357 12.509 .2267 1.700
 102 138.891 204.800 65.909 47.400
 206 54.5467 58.490 3.9433 7.200
 308 32.913 34.132 1.219 3.700
 413 23.1687 24.084 .9153 3.900
 518 18.1723 18.612 .4397 2.400
 619 14.919 15.168 .249 1.600
 720 12.761 12.778 .017 .100
 102 266.546 1507867.197 1507600.651 565606.100
 206 125.842 97874.042 97748.200 77675.300
 308 85.1283 7179.648 7094.5197 8333.900
 413 66.097 2200.924 2134.827 3229.800
 518 50.445 525.877 475.432 942.400
 619 41.665 188.056 146.391 351.300
 720 35.9423 90.011 54.0687 150.400
 102 280.38 10401555.087 10401274.707 3709706.300
 206 143.573 344603.811 344460.238 239919.900
 308 91.075 48279.793 48188.718 52911.000
 413 68.09 12231.905 12163.815 17864.300
 518 54.394 4297.637 4243.243 7800.900
 619 45.1093 1861.163 1816.0537 4025.800
 720 38.5413 930.507 891.9657 2314.300
 102 112.99 28091.088 27978.098 24761.500
 206 49.8027 57.960 8.1573 16.300
 308 30.8333 26.272 4.5613 14.700
 413 22.2187 16.968 5.2507 23.600
 518 14.7633 12.528 2.2353 15.100
 619 13.7223 9.936 3.7863 27.500
 720 12.9823 8.228 4.7543 36.600
 102 93.3923 960.000 866.6077 927.900
 206 32.8277 47.184 14.3563 43.700
 308 20.2953 23.856 3.5607 17.500
 413 14.786 15.924 1.138 7.600
 518 11.744 11.894 .150 1.200
 619 9.69833 9.552 .14633 1.500
 720 8.29333 7.974 .31933 3.800
 102 144.242 133.296 10.946 7.500
 206 72.4583 35.280 37.1783 51.300
 308 47.6707 20.320 27.3507 57.300
 413 35.678 14.280 21.398 59.900
 518 24.9507 11.001 13.9497 55.900
 619 11.722 8.944 2.778 23.600
 720 11.3183 7.542 3.7763 33.300
 102 143.43 127.296 16.134 11.200
 206 42.892 34.824 8.068 18.800
 308 25.6687 20.176 5.4927 21.300
 413 17.5847 14.196 3.3887 19.200
 518 13.9173 10.953 2.9643 21.200
 619 10.7937 8.912 1.8817 17.400
 720 9.36967 7.522 1.84767 19.700
 102 288.206 19520.389 19232.183 6673.000
 206 137.144 1518.960 1381.816 1007.500
 308 90.6543 382.830 292.1757 322.200
 413 62.455 248.934 186.479 298.500
 518 49.2197 430.964 381.7443 775.500
 619 39.176 249.385 210.209 536.500
 720 27.5723 68.187 40.6147 147.300
 102 371.821 3996111605.145 3996111233.324 1074740596.500
 206 177.39 2777.088 2599.698 1465.500
 308 108.657 130.826 22.169 20.400
 413 77.1237 63.313 13.8107 17.900
 518 60.1813 41.779 18.4023 30.500
 619 48.4417 31.170 17.2717 35.600
 720 40.3217 24.856 15.4657 38.300
 102 283.59 267.632 15.958 5.600
 206 132.343 84.111 48.232 36.400
 308 85.0743 49.930 35.1443 41.300
 413 61.5943 35.512 26.0823 42.300
 518 48.0623 27.549 20.5133 42.600
 619 40.1777 22.487 17.6907 44.000
 720 34.077 19.010 15.067 44.200
 102 369.754 2962.759 2593.005 701.200
 206 115.257 121.651 6.394 5.500
 308 57.6677 61.112 3.4443 5.900
 413 38.3637 40.796 2.4323 6.300
 518 29.3897 30.621 1.2313 4.100
 619 23.882 24.514 .632 2.600
 720 20.1817 20.432 .2503 1.200
 102 400.074 68830.863 68430.789 17104.500
 206 186.946 22864.097 22677.151 12130.300
 308 118.027 343.531 225.504 191.000
 413 60.3433 91.146 30.8027 51.000
 518 49.1723 52.273 3.1007 6.300
 619 32.7693 36.700 3.9307 11.900
 720 25.523 28.226 2.703 10.500
 102 246.13 42152.878 41906.748 17026.200
 206 111.471 143.523 32.052 28.700
 308 71.4413 66.150 5.2913 7.400
 413 51.9903 43.008 8.9823 17.200
 518 40.954 31.875 9.079 22.100
 619 33.802 25.272 8.530 25.200
 720 28.9983 20.959 8.0393 27.700
 102 373.599 24625.520 24251.921 6491.400
 206 185.441 151.695 33.746 18.100
 308 115.578 67.911 47.667 41.200
 413 81.3163 43.683 37.6333 46.200
 518 61.5197 32.243 29.2767 47.500
 619 49.3707 25.518 23.8527 48.300
 720 40.5513 21.135 19.4163 47.800
 102 371.039 9830.400 9459.361 2549.400
 206 129.413 140.881 11.468 8.800
 308 71.148 65.617 5.531 7.700
 413 49.3087 42.762 6.5467 13.200
 518 36.956 31.703 5.253 14.200
 619 30.0213 25.210 4.8113 16.000
 720 24.7613 20.906 3.8553 15.500
 102 244.579 1479452435690875.699 1479452435690631.120 604897573254707.500
 206 123.671 982760494.653 982760370.982 794657090.900
 308 48.082 3308.476 3260.394 6780.900
 413 34.814 266.977 232.163 666.800
 518 27.4497 78.348 50.8983 185.400
 619 22.5237 45.614 23.0903 102.500
 720 19.2183 29.500 10.2817 53.400
 102 154.622 447.774 293.152 189.500
 206 66.508 85.688 19.180 28.800
 308 36.1513 41.860 5.7087 15.700
 413 25.422 27.668 2.246 8.800
 518 19.6867 20.676 .9893 5.000
 619 16.0877 16.520 .4323 2.600
 720 13.6383 13.749 .1107 .800
 102 96.888 114.688 17.800 18.300
 206 46.2213 47.759 1.5377 3.300
 308 30.658 30.145 .513 1.600
 413 22.9293 22.036 .8933 3.800
 518 18.318 17.367 .951 5.100
 619 15.195 14.321 .874 5.700
 720 13.0457 12.181 .8647 6.600
 102 274.921 46230630.072 46230355.151 16815868.900
 206 137.223 413418.618 413281.395 301175.000
 308 91.4383 28240.575 28149.1367 30784.800
 413 68.459 4528.332 4459.873 6514.600
 518 54.7883 1174.568 1119.7797 2043.800
 619 45.7403 420.143 374.4027 818.500
 720 39.2227 189.326 150.1033 382.600
 102 108.259 9927.393 9819.134 9070.000
 206 53.5107 114.278 60.7673 113.500
 308 33.9337 47.976 14.0423 41.300
 413 23.684 29.941 6.257 26.400
 518 20.8827 22.069 1.1863 5.600
 619 15.1297 17.230 2.1003 13.800
 720 13.3027 14.334 1.0313 7.700
 102 120.867 109.608 11.259 9.300
 206 56.5843 46.858 9.7263 17.100
 308 36.833 29.790 7.043 19.100
 413 27.3917 21.852 5.5397 20.200
 518 21.7583 17.235 4.5233 20.700
 619 18.093 14.240 3.853 21.200
 720 15.448 12.134 3.314 21.400
 102 208.991 1074.708 865.717 414.200
 206 123.537 382.033 258.496 209.200
 308 52.672 73.316 20.644 39.100
 413 32.664 38.707 6.043 18.500
 518 23.3433 26.214 2.8707 12.200
 619 18.1473 19.892 1.7447 9.600
 720 15.152 15.996 .844 5.500
 102 205.803 6008.258 5802.455 2819.400
 206 124.412 1299.988 1175.576 944.900
 308 82.648 175.768 93.120 112.600
 413 61.9777 58.347 3.6307 5.800
 518 49.6907 34.062 15.6287 31.400
 619 39.0557 24.029 15.0267 38.400
 720 20.0527 18.594 1.4587 7.200
 102 281.819 53194.014 52912.195 18775.200
 206 117.921 103.424 14.497 12.200
 308 72.7767 45.655 27.1217 37.200
 413 51.6597 29.327 22.3327 43.200
 518 39.1467 21.577 17.5697 44.800
 619 31.5883 17.079 14.5093 45.900
 720 26.4437 14.124 12.3197 46.500
 102 249.674 74056.007 73806.333 29561.000
 206 124.043 140.574 16.531 13.300
 308 82.2933 51.690 30.6033 37.100
 413 61.105 31.682 29.423 48.100
 518 49.584 22.839 26.745 53.900
 619 40.7823 17.858 22.9243 56.200
 720 35.0883 14.662 20.4263 58.200
 102 239.179 211430.277 211191.098 88298.300
 206 104.273 109.199 4.926 4.700
 308 62.843 46.747 16.096 25.600
 413 44.051 29.757 14.294 32.400
 518 33.6753 21.839 11.8363 35.100
 619 26.9417 17.230 9.7117 36.000
 720 22.8313 14.229 8.6023 37.600
 102 248.35 187.842 60.508 24.300
 206 123.868 57.016 66.852 53.900
 308 82.3047 33.613 48.6917 59.100
 413 61.4027 23.838 37.5647 61.100
 518 49.1317 18.448 30.6837 62.400
 619 40.2163 15.059 25.1573 62.500
 720 33.9637 12.708 21.2557 62.500
 102 252.939 1660947.251 1660694.312 656559.200
 206 125.993 3392.307 3266.314 2592.400
 308 85.6653 242.641 156.9757 183.200
 413 63.8637 70.553 6.6893 10.400
 518 50.3387 38.371 11.9677 23.700
 619 41.5367 26.145 15.3917 37.000
 720 35.892 19.823 16.069 44.700
 102 187.05 104.693 82.357 44.000
 206 90.619 45.957 44.662 49.200
 308 59.3587 29.408 29.9507 50.400
 413 43.6317 21.647 21.9847 50.300
 518 34.3407 17.104 17.2367 50.100
 619 28.447 14.158 14.289 50.200
 720 23.9067 12.064 11.8427 49.500
 102 281.543 3548.774 3267.231 1160.400
 206 138.193 353.935 215.742 156.100
 308 86.78 113.620 26.840 30.900
 413 63.6613 57.999 5.6623 8.800
 518 50.347 39.124 11.223 22.200
 619 40.8047 28.029 12.7757 31.300
 720 31.1123 20.969 10.1433 32.600
