 102 108.102 134.383 26.281 24.300
 206 47.128 50.894 3.766 7.900
 308 28.9287 31.391 2.4623 8.500
 413 21.856 22.695 .839 3.800
 518 17.4393 17.771 .3317 1.900
 619 14.504 14.603 .099 .600
 720 12.347 12.394 .047 .300
 518 49.5073 1412.413 1362.9057 2752.900
 619 41.958 77.429 35.471 84.500
 720 36.0627 39.805 3.7423 10.300
 102 175.43 420.361 244.931 139.600
 206 122.194 68.559 53.635 43.800
 308 81.276 37.323 43.953 54.000
 413 61.4057 25.641 35.7647 58.200
 518 48.1167 19.528 28.5887 59.400
 619 40.4953 15.769 24.7263 61.000
 720 35.1177 13.223 21.8947 62.300
 102 147.845 174.982 27.137 18.300
 206 66.8337 55.797 11.0367 16.500
 308 42.774 33.190 9.584 22.400
 413 32.23 23.620 8.610 26.700
 518 24.5423 18.334 6.2083 25.200
 619 19.8797 14.981 4.8987 24.600
 720 16.0757 12.665 3.4107 21.200
 206 119.981 103.486 16.495 13.700
 308 61.4777 45.724 15.7537 25.600
 413 43.0017 29.345 13.6567 31.700
 518 33.232 21.605 11.627 34.900
 619 24.3617 17.096 7.2657 29.800
 720 17.231 14.144 3.087 17.900
 102 127.228 476.722 349.494 274.600
 206 54.198 69.907 15.709 28.900
 308 35.2197 37.719 2.4993 7.000
 413 25.28 25.827 .547 2.100
 518 20.5937 19.636 .9577 4.600
 619 16.5463 15.839 .7073 4.200
 720 14.465 13.273 1.192 8.200
 308 70.526 115.172 44.646 63.300
 413 46.344 47.870 1.526 3.200
 518 34.2357 30.214 4.0217 11.700
 619 26.539 22.073 4.466 16.800
 720 21.76 17.388 4.372 20.000
 102 114.224 1347.368 1233.144 1079.500
 206 50.8163 77.224 26.4077 51.900
 308 32.8113 39.751 6.9397 21.100
 413 24.6153 26.764 2.1487 8.700
 518 18.8067 20.173 1.3663 7.200
 619 15.8553 16.187 .3317 2.000
 720 13.7807 13.516 .2647 1.900
 206 68.1993 172.623 104.4237 153.100
 308 42.3917 55.555 13.1633 31.000
 413 31.263 33.104 1.841 5.800
 518 24.568 23.577 .991 4.000
 619 20.2783 18.307 1.9713 9.700
 720 17.5813 14.963 2.6183 14.800
 308 81.6223 93.867 12.2447 15.000
 413 61.099 43.743 17.356 28.400
 518 49.1773 28.516 20.6613 42.000
 619 39.8147 21.153 18.6617 46.800
 720 33.604 16.811 16.793 49.900
 206 55.7787 148.105 92.3263 165.500
 308 35.32 52.745 17.425 49.300
 413 25.3887 32.086 6.6973 26.300
 518 20.5493 23.055 2.5057 12.100
 619 16.591 17.992 1.401 8.400
 720 14.3397 14.752 .4123 2.800
 206 122.352 164.577 42.225 34.500
 308 81.895 54.695 27.200 33.200
 413 60.3893 32.797 27.5923 45.600
 518 45.05 23.420 21.630 48.000
 619 35.4507 18.213 17.2377 48.600
 720 29.3827 14.900 14.4827 49.200
 206 124.495 329.154 204.659 164.300
 308 81.8787 65.594 16.2847 19.800
 413 62.1517 36.427 25.7247 41.300
 518 49.4643 25.214 24.2503 49.000
 619 40.7737 19.280 21.4937 52.700
 720 35.0133 15.607 19.4063 55.400
 206 123.518 151.816 28.298 22.900
 308 82.111 53.208 28.903 35.100
 413 56.2353 32.257 23.9783 42.600
 518 41.7197 23.143 18.5767 44.500
 619 32.579 18.045 14.534 44.600
 720 26.9073 14.788 12.1193 45.000
 102 226.619 159.800 66.819 29.400
 206 108.258 54.156 54.102 49.900
 308 71.07 32.603 38.467 54.100
 413 52.505 23.321 29.184 55.500
 518 41.6317 18.153 23.4787 56.300
 619 34.541 14.860 19.681 56.900
 720 29.731 12.578 17.153 57.600
 308 84.945 83.089 1.856 2.100
 413 63.1537 41.250 21.9037 34.600
 518 50.1903 27.435 22.7553 45.300
 619 41.5333 20.552 20.9813 50.500
 720 35.281 16.430 18.851 53.400
 102 166.666 105.708 60.958 36.500
 206 79.2473 46.153 33.0943 41.700
 308 51.8303 29.521 22.3093 43.000
 413 38.622 21.700 16.922 43.800
 518 30.6023 17.156 13.4463 43.900
 619 25.4943 14.185 11.3093 44.300
 720 21.5857 12.091 9.4947 43.900
 102 250.799 732.999 482.200 192.200
 206 71.7897 73.684 1.8943 2.600
 308 38.4663 38.792 .3257 .800
 413 26.2457 26.325 .0793 .300
 518 20.001 19.923 .078 .300
 619 16.071 16.025 .046 .200
 720 13.4697 13.403 .0667 .400
 206 125.176 258.716 133.540 106.600
 308 62.253 62.218 .035 0
 413 35.945 35.361 .584 1.600
 518 25.0693 24.699 .3703 1.400
 619 19.3183 18.977 .3413 1.700
 720 16.8547 15.408 1.4467 8.500
 102 191.531 263.645 72.114 37.600
 206 92.7693 62.500 30.2693 32.600
 308 60.5723 35.452 25.1203 41.400
 413 42.0947 24.743 17.3517 41.200
 518 31.776 19.003 12.773 40.100
 619 25.791 15.425 10.366 40.100
 720 22.136 12.981 9.155 41.300
 206 124.434 116.509 7.925 6.300
 308 81.8463 48.099 33.7473 41.200
 413 60.9297 30.305 30.6247 50.200
 518 49.1637 22.121 27.0427 55.000
 619 40.3973 17.418 22.9793 56.800
 720 34.566 14.364 20.202 58.400
 102 132.225 177.377 45.152 34.100
 206 53.1113 56.038 2.9267 5.500
 308 32.7453 33.275 .5297 1.600
 413 22.7017 23.663 .9613 4.200
 518 17.967 18.360 .393 2.100
 619 14.844 14.998 .154 1.000
 720 12.7357 12.677 .0587 .400
 102 138.891 339.973 201.082 144.700
 206 54.5467 66.013 11.4663 21.000
 308 32.913 36.555 3.642 11.000
 413 23.1687 25.276 2.1073 9.000
 518 18.1723 19.316 1.1437 6.200
 619 14.919 15.630 .711 4.700
 720 12.761 13.126 .365 2.800
 720 35.9423 923.354 887.4117 2468.900
 206 49.8027 120.230 70.4273 141.400
 308 30.8333 48.722 17.8887 58.000
 413 22.2187 30.551 8.3323 37.500
 518 14.7633 22.252 7.4887 50.700
 619 13.7223 17.499 3.7767 27.500
 720 12.9823 14.419 1.4367 11.000
 206 32.8277 92.736 59.9083 182.400
 308 20.2953 43.496 23.2007 114.300
 413 14.786 28.411 13.625 92.100
 518 11.744 21.095 9.351 79.600
 619 9.69833 16.775 7.07667 72.900
 720 8.29333 13.924 5.63067 67.800
 102 144.242 406.026 261.784 181.400
 206 72.4583 68.166 4.2923 5.900
 308 47.6707 37.206 10.4647 21.900
 413 35.678 25.585 10.093 28.200
 518 24.9507 19.496 5.4547 21.800
 619 11.722 15.748 4.026 34.300
 720 11.3183 13.209 1.8907 16.700
 102 143.43 222.705 79.275 55.200
 206 42.892 59.890 16.998 39.600
 308 25.6687 34.596 8.9273 34.700
 413 17.5847 24.324 6.7393 38.300
 518 13.9173 18.755 4.8377 34.700
 619 10.7937 15.261 4.4673 41.300
 720 9.36967 12.864 3.49433 37.200
 619 39.176 944.649 905.473 2311.200
 720 27.5723 75.382 47.8097 173.300
 308 108.657 163.291 54.634 50.200
 413 77.1237 54.552 22.5717 29.200
 518 60.1813 32.745 27.4363 45.500
 619 48.4417 23.394 25.0477 51.700
 720 40.3217 18.197 22.1247 54.800
 102 283.59 433.714 150.124 52.900
 206 132.343 68.905 63.438 47.900
 308 85.0743 37.425 47.6493 56.000
 413 61.5943 25.689 35.9053 58.200
 518 48.0623 19.556 28.5063 59.300
 619 40.1777 15.787 24.3907 60.700
 720 34.077 13.236 20.841 61.100
 206 115.257 119.794 4.537 3.900
 308 57.6677 48.650 9.0177 15.600
 413 38.3637 30.523 7.8407 20.400
 518 29.3897 22.237 7.1527 24.300
 619 23.882 17.489 6.393 26.700
 720 20.1817 14.412 5.7697 28.500
 308 118.027 1600.000 1481.973 1255.600
 413 60.3433 77.929 17.5857 29.100
 518 49.1723 39.937 9.2353 18.700
 619 32.7693 26.848 5.9213 18.000
 720 25.523 20.221 5.302 20.700
 206 111.471 102.053 9.418 8.400
 308 71.4413 45.442 25.9993 36.300
 413 51.9903 29.228 22.7623 43.700
 518 40.954 21.542 19.412 47.300
 619 33.802 17.057 16.745 49.500
 720 28.9983 14.117 14.8813 51.300
 206 185.441 207.665 22.224 11.900
 308 115.578 58.745 56.833 49.100
 413 81.3163 34.212 47.1043 57.900
 518 61.5197 24.133 37.3867 60.700
 619 49.3707 18.641 30.7297 62.200
 720 40.5513 15.185 25.3663 62.500
 206 129.413 109.017 20.396 15.700
 308 71.148 46.772 24.376 34.200
 413 49.3087 29.773 19.5357 39.600
 518 36.956 21.836 15.120 40.900
 619 30.0213 17.241 12.7803 42.500
 720 24.7613 14.243 10.5183 42.400
 518 27.4497 180.759 153.3093 558.500
 619 22.5237 56.372 33.8483 150.200
 720 19.2183 33.393 14.1747 73.700
 206 66.508 87.141 20.633 31.000
 308 36.1513 42.225 6.0737 16.800
 413 25.422 27.863 2.441 9.600
 518 19.6867 20.791 1.1043 5.600
 619 16.0877 16.582 .4943 3.000
 720 13.6383 13.791 .1527 1.100
 102 96.888 121.269 24.381 25.100
 206 46.2213 48.892 2.6707 5.700
 308 30.658 30.618 .040 .100
 413 22.9293 22.288 .6413 2.700
 518 18.318 17.521 .797 4.300
 619 15.195 14.433 .762 5.000
 720 13.0457 12.271 .7747 5.900
 206 53.5107 159.006 105.4953 197.100
 308 33.9337 54.065 20.1313 59.300
 413 23.684 32.569 8.885 37.500
 518 20.8827 23.304 2.4213 11.500
 619 15.1297 18.143 3.0133 19.900
 720 13.3027 14.853 1.5503 11.600
 102 120.867 111.135 9.732 8.000
 206 56.5843 47.158 9.4263 16.600
 308 36.833 29.929 6.904 18.700
 413 27.3917 21.920 5.4717 19.900
 518 21.7583 17.293 4.4653 20.500
 619 18.093 14.278 3.815 21.000
 720 15.448 12.159 3.289 21.200
 206 123.537 20480.000 20356.463 16478.000
 308 52.672 81.593 28.921 54.900
 413 32.664 40.878 8.214 25.100
 518 23.3433 27.270 3.9267 16.800
 619 18.1473 20.459 2.3117 12.700
 720 15.152 16.370 1.218 8.000
 413 61.9777 124.528 62.5503 100.900
 518 49.6907 49.413 .2777 .500
 619 39.0557 30.822 8.2337 21.000
 720 20.0527 22.395 2.3423 11.600
 206 117.921 224.758 106.837 90.600
 308 72.7767 60.037 12.7397 17.500
 413 51.6597 34.646 17.0137 32.900
 518 39.1467 24.348 14.7987 37.800
 619 31.5883 18.769 12.8193 40.500
 720 26.4437 15.270 11.1737 42.200
 206 124.043 5278.350 5154.307 4155.200
 308 82.2933 80.668 1.6253 1.900
 413 61.105 40.644 20.461 33.400
 518 49.584 27.166 22.418 45.200
 619 40.7823 20.400 20.3823 49.900
 720 35.0883 16.333 18.7553 53.400
 206 104.273 203.214 98.941 94.800
 308 62.843 58.384 4.459 7.000
 413 44.051 34.089 9.962 22.600
 518 33.6753 24.072 9.6033 28.500
 619 26.9417 18.604 8.3377 30.900
 720 22.8313 15.161 7.6703 33.500
 102 248.35 500.733 252.383 101.600
 206 123.868 70.402 53.466 43.100
 308 82.3047 37.862 44.4427 53.900
 413 61.4027 25.894 35.5087 57.800
 518 49.1317 19.675 29.4567 59.900
 619 40.2163 15.864 24.3523 60.500
 720 33.9637 13.290 20.6737 60.800
 413 63.8637 223.629 159.7653 250.100
 518 50.3387 59.956 9.6173 19.100
 619 41.5367 34.619 6.9177 16.600
 720 35.892 24.335 11.557 32.100
 102 187.05 113.980 73.070 39.000
 206 90.619 47.663 42.956 47.400
 308 59.3587 30.131 29.2277 49.200
 413 43.6317 22.029 21.6027 49.500
 518 34.3407 17.360 16.9807 49.400
 619 28.447 14.324 14.123 49.600
 720 23.9067 12.192 11.7147 49.000
 413 63.6613 97.356 33.6947 52.900
 518 50.347 44.486 5.861 11.600
 619 40.8047 28.830 11.9747 29.300
 720 31.1123 21.325 9.7873 31.400
 102 108.102 134.383 26.281 24.300
 206 47.128 50.894 3.766 7.900
 308 28.9287 31.391 2.4623 8.500
 413 21.856 22.695 .839 3.800
 518 17.4393 17.771 .3317 1.900
 619 14.504 14.603 .099 .600
 720 12.347 12.394 .047 .300
 518 49.5073 1412.413 1362.9057 2752.900
 619 41.958 77.429 35.471 84.500
 720 36.0627 39.805 3.7423 10.300
 102 175.43 420.361 244.931 139.600
 206 122.194 68.559 53.635 43.800
 308 81.276 37.323 43.953 54.000
 413 61.4057 25.641 35.7647 58.200
 518 48.1167 19.528 28.5887 59.400
 619 40.4953 15.769 24.7263 61.000
 720 35.1177 13.223 21.8947 62.300
 102 147.845 174.982 27.137 18.300
 206 66.8337 55.797 11.0367 16.500
 308 42.774 33.190 9.584 22.400
 413 32.23 23.620 8.610 26.700
 518 24.5423 18.334 6.2083 25.200
 619 19.8797 14.981 4.8987 24.600
 720 16.0757 12.665 3.4107 21.200
 206 119.981 103.486 16.495 13.700
 308 61.4777 45.724 15.7537 25.600
 413 43.0017 29.345 13.6567 31.700
 518 33.232 21.605 11.627 34.900
 619 24.3617 17.096 7.2657 29.800
 720 17.231 14.144 3.087 17.900
 102 127.228 476.722 349.494 274.600
 206 54.198 69.907 15.709 28.900
 308 35.2197 37.719 2.4993 7.000
 413 25.28 25.827 .547 2.100
 518 20.5937 19.636 .9577 4.600
 619 16.5463 15.839 .7073 4.200
 720 14.465 13.273 1.192 8.200
 308 70.526 115.172 44.646 63.300
 413 46.344 47.870 1.526 3.200
 518 34.2357 30.214 4.0217 11.700
 619 26.539 22.073 4.466 16.800
 720 21.76 17.388 4.372 20.000
 102 114.224 1347.368 1233.144 1079.500
 206 50.8163 77.224 26.4077 51.900
 308 32.8113 39.751 6.9397 21.100
 413 24.6153 26.764 2.1487 8.700
 518 18.8067 20.173 1.3663 7.200
 619 15.8553 16.187 .3317 2.000
 720 13.7807 13.516 .2647 1.900
 206 68.1993 172.623 104.4237 153.100
 308 42.3917 55.555 13.1633 31.000
 413 31.263 33.104 1.841 5.800
 518 24.568 23.577 .991 4.000
 619 20.2783 18.307 1.9713 9.700
 720 17.5813 14.963 2.6183 14.800
 308 81.6223 93.867 12.2447 15.000
 413 61.099 43.743 17.356 28.400
 518 49.1773 28.516 20.6613 42.000
 619 39.8147 21.153 18.6617 46.800
 720 33.604 16.811 16.793 49.900
 206 55.7787 148.105 92.3263 165.500
 308 35.32 52.745 17.425 49.300
 413 25.3887 32.086 6.6973 26.300
 518 20.5493 23.055 2.5057 12.100
 619 16.591 17.992 1.401 8.400
 720 14.3397 14.752 .4123 2.800
 206 122.352 164.577 42.225 34.500
 308 81.895 54.695 27.200 33.200
 413 60.3893 32.797 27.5923 45.600
 518 45.05 23.420 21.630 48.000
 619 35.4507 18.213 17.2377 48.600
 720 29.3827 14.900 14.4827 49.200
 206 124.495 329.154 204.659 164.300
 308 81.8787 65.594 16.2847 19.800
 413 62.1517 36.427 25.7247 41.300
 518 49.4643 25.214 24.2503 49.000
 619 40.7737 19.280 21.4937 52.700
 720 35.0133 15.607 19.4063 55.400
 206 123.518 151.816 28.298 22.900
 308 82.111 53.208 28.903 35.100
 413 56.2353 32.257 23.9783 42.600
 518 41.7197 23.143 18.5767 44.500
 619 32.579 18.045 14.534 44.600
 720 26.9073 14.788 12.1193 45.000
 102 226.619 159.800 66.819 29.400
 206 108.258 54.156 54.102 49.900
 308 71.07 32.603 38.467 54.100
 413 52.505 23.321 29.184 55.500
 518 41.6317 18.153 23.4787 56.300
 619 34.541 14.860 19.681 56.900
 720 29.731 12.578 17.153 57.600
 308 84.945 83.089 1.856 2.100
 413 63.1537 41.250 21.9037 34.600
 518 50.1903 27.435 22.7553 45.300
 619 41.5333 20.552 20.9813 50.500
 720 35.281 16.430 18.851 53.400
 102 166.666 105.708 60.958 36.500
 206 79.2473 46.153 33.0943 41.700
 308 51.8303 29.521 22.3093 43.000
 413 38.622 21.700 16.922 43.800
 518 30.6023 17.156 13.4463 43.900
 619 25.4943 14.185 11.3093 44.300
 720 21.5857 12.091 9.4947 43.900
 102 250.799 732.999 482.200 192.200
 206 71.7897 73.684 1.8943 2.600
 308 38.4663 38.792 .3257 .800
 413 26.2457 26.325 .0793 .300
 518 20.001 19.923 .078 .300
 619 16.071 16.025 .046 .200
 720 13.4697 13.403 .0667 .400
 206 125.176 258.716 133.540 106.600
 308 62.253 62.218 .035 0
 413 35.945 35.361 .584 1.600
 518 25.0693 24.699 .3703 1.400
 619 19.3183 18.977 .3413 1.700
 720 16.8547 15.408 1.4467 8.500
 102 191.531 263.645 72.114 37.600
 206 92.7693 62.500 30.2693 32.600
 308 60.5723 35.452 25.1203 41.400
 413 42.0947 24.743 17.3517 41.200
 518 31.776 19.003 12.773 40.100
 619 25.791 15.425 10.366 40.100
 720 22.136 12.981 9.155 41.300
 206 124.434 116.509 7.925 6.300
 308 81.8463 48.099 33.7473 41.200
 413 60.9297 30.305 30.6247 50.200
 518 49.1637 22.121 27.0427 55.000
 619 40.3973 17.418 22.9793 56.800
 720 34.566 14.364 20.202 58.400
 102 132.225 177.377 45.152 34.100
 206 53.1113 56.038 2.9267 5.500
 308 32.7453 33.275 .5297 1.600
 413 22.7017 23.663 .9613 4.200
 518 17.967 18.360 .393 2.100
 619 14.844 14.998 .154 1.000
 720 12.7357 12.677 .0587 .400
 102 138.891 339.973 201.082 144.700
 206 54.5467 66.013 11.4663 21.000
 308 32.913 36.555 3.642 11.000
 413 23.1687 25.276 2.1073 9.000
 518 18.1723 19.316 1.1437 6.200
 619 14.919 15.630 .711 4.700
 720 12.761 13.126 .365 2.800
 720 35.9423 923.354 887.4117 2468.900
 206 49.8027 120.230 70.4273 141.400
 308 30.8333 48.722 17.8887 58.000
 413 22.2187 30.551 8.3323 37.500
 518 14.7633 22.252 7.4887 50.700
 619 13.7223 17.499 3.7767 27.500
 720 12.9823 14.419 1.4367 11.000
 206 32.8277 92.736 59.9083 182.400
 308 20.2953 43.496 23.2007 114.300
 413 14.786 28.411 13.625 92.100
 518 11.744 21.095 9.351 79.600
 619 9.69833 16.775 7.07667 72.900
 720 8.29333 13.924 5.63067 67.800
 102 144.242 406.026 261.784 181.400
 206 72.4583 68.166 4.2923 5.900
 308 47.6707 37.206 10.4647 21.900
 413 35.678 25.585 10.093 28.200
 518 24.9507 19.496 5.4547 21.800
 619 11.722 15.748 4.026 34.300
 720 11.3183 13.209 1.8907 16.700
 102 143.43 222.705 79.275 55.200
 206 42.892 59.890 16.998 39.600
 308 25.6687 34.596 8.9273 34.700
 413 17.5847 24.324 6.7393 38.300
 518 13.9173 18.755 4.8377 34.700
 619 10.7937 15.261 4.4673 41.300
 720 9.36967 12.864 3.49433 37.200
 619 39.176 944.649 905.473 2311.200
 720 27.5723 75.382 47.8097 173.300
 308 108.657 163.291 54.634 50.200
 413 77.1237 54.552 22.5717 29.200
 518 60.1813 32.745 27.4363 45.500
 619 48.4417 23.394 25.0477 51.700
 720 40.3217 18.197 22.1247 54.800
 102 283.59 433.714 150.124 52.900
 206 132.343 68.905 63.438 47.900
 308 85.0743 37.425 47.6493 56.000
 413 61.5943 25.689 35.9053 58.200
 518 48.0623 19.556 28.5063 59.300
 619 40.1777 15.787 24.3907 60.700
 720 34.077 13.236 20.841 61.100
 206 115.257 119.794 4.537 3.900
 308 57.6677 48.650 9.0177 15.600
 413 38.3637 30.523 7.8407 20.400
 518 29.3897 22.237 7.1527 24.300
 619 23.882 17.489 6.393 26.700
 720 20.1817 14.412 5.7697 28.500
 308 118.027 1600.000 1481.973 1255.600
 413 60.3433 77.929 17.5857 29.100
 518 49.1723 39.937 9.2353 18.700
 619 32.7693 26.848 5.9213 18.000
 720 25.523 20.221 5.302 20.700
 206 111.471 102.053 9.418 8.400
 308 71.4413 45.442 25.9993 36.300
 413 51.9903 29.228 22.7623 43.700
 518 40.954 21.542 19.412 47.300
 619 33.802 17.057 16.745 49.500
 720 28.9983 14.117 14.8813 51.300
 206 185.441 207.665 22.224 11.900
 308 115.578 58.745 56.833 49.100
 413 81.3163 34.212 47.1043 57.900
 518 61.5197 24.133 37.3867 60.700
 619 49.3707 18.641 30.7297 62.200
 720 40.5513 15.185 25.3663 62.500
 206 129.413 109.017 20.396 15.700
 308 71.148 46.772 24.376 34.200
 413 49.3087 29.773 19.5357 39.600
 518 36.956 21.836 15.120 40.900
 619 30.0213 17.241 12.7803 42.500
 720 24.7613 14.243 10.5183 42.400
 518 27.4497 180.759 153.3093 558.500
 619 22.5237 56.372 33.8483 150.200
 720 19.2183 33.393 14.1747 73.700
 206 66.508 87.141 20.633 31.000
 308 36.1513 42.225 6.0737 16.800
 413 25.422 27.863 2.441 9.600
 518 19.6867 20.791 1.1043 5.600
 619 16.0877 16.582 .4943 3.000
 720 13.6383 13.791 .1527 1.100
 102 96.888 121.269 24.381 25.100
 206 46.2213 48.892 2.6707 5.700
 308 30.658 30.618 .040 .100
 413 22.9293 22.288 .6413 2.700
 518 18.318 17.521 .797 4.300
 619 15.195 14.433 .762 5.000
 720 13.0457 12.271 .7747 5.900
 206 53.5107 159.006 105.4953 197.100
 308 33.9337 54.065 20.1313 59.300
 413 23.684 32.569 8.885 37.500
 518 20.8827 23.304 2.4213 11.500
 619 15.1297 18.143 3.0133 19.900
 720 13.3027 14.853 1.5503 11.600
 102 120.867 111.135 9.732 8.000
 206 56.5843 47.158 9.4263 16.600
 308 36.833 29.929 6.904 18.700
 413 27.3917 21.920 5.4717 19.900
 518 21.7583 17.293 4.4653 20.500
 619 18.093 14.278 3.815 21.000
 720 15.448 12.159 3.289 21.200
 206 123.537 20480.000 20356.463 16478.000
 308 52.672 81.593 28.921 54.900
 413 32.664 40.878 8.214 25.100
 518 23.3433 27.270 3.9267 16.800
 619 18.1473 20.459 2.3117 12.700
 720 15.152 16.370 1.218 8.000
 413 61.9777 124.528 62.5503 100.900
 518 49.6907 49.413 .2777 .500
 619 39.0557 30.822 8.2337 21.000
 720 20.0527 22.395 2.3423 11.600
 206 117.921 224.758 106.837 90.600
 308 72.7767 60.037 12.7397 17.500
 413 51.6597 34.646 17.0137 32.900
 518 39.1467 24.348 14.7987 37.800
 619 31.5883 18.769 12.8193 40.500
 720 26.4437 15.270 11.1737 42.200
 206 124.043 5278.350 5154.307 4155.200
 308 82.2933 80.668 1.6253 1.900
 413 61.105 40.644 20.461 33.400
 518 49.584 27.166 22.418 45.200
 619 40.7823 20.400 20.3823 49.900
 720 35.0883 16.333 18.7553 53.400
 206 104.273 203.214 98.941 94.800
 308 62.843 58.384 4.459 7.000
 413 44.051 34.089 9.962 22.600
 518 33.6753 24.072 9.6033 28.500
 619 26.9417 18.604 8.3377 30.900
 720 22.8313 15.161 7.6703 33.500
 102 248.35 500.733 252.383 101.600
 206 123.868 70.402 53.466 43.100
 308 82.3047 37.862 44.4427 53.900
 413 61.4027 25.894 35.5087 57.800
 518 49.1317 19.675 29.4567 59.900
 619 40.2163 15.864 24.3523 60.500
 720 33.9637 13.290 20.6737 60.800
 413 63.8637 223.629 159.7653 250.100
 518 50.3387 59.956 9.6173 19.100
 619 41.5367 34.619 6.9177 16.600
 720 35.892 24.335 11.557 32.100
 102 187.05 113.980 73.070 39.000
 206 90.619 47.663 42.956 47.400
 308 59.3587 30.131 29.2277 49.200
 413 43.6317 22.029 21.6027 49.500
 518 34.3407 17.360 16.9807 49.400
 619 28.447 14.324 14.123 49.600
 720 23.9067 12.192 11.7147 49.000
 413 63.6613 97.356 33.6947 52.900
 518 50.347 44.486 5.861 11.600
 619 40.8047 28.830 11.9747 29.300
 720 31.1123 21.325 9.7873 31.400
 102 108.102 134.383 26.281 24.300
 206 47.128 50.894 3.766 7.900
 308 28.9287 31.391 2.4623 8.500
 413 21.856 22.695 .839 3.800
 518 17.4393 17.771 .3317 1.900
 619 14.504 14.603 .099 .600
 720 12.347 12.394 .047 .300
 518 49.5073 1412.413 1362.9057 2752.900
 619 41.958 77.429 35.471 84.500
 720 36.0627 39.805 3.7423 10.300
 102 175.43 420.361 244.931 139.600
 206 122.194 68.559 53.635 43.800
 308 81.276 37.323 43.953 54.000
 413 61.4057 25.641 35.7647 58.200
 518 48.1167 19.528 28.5887 59.400
 619 40.4953 15.769 24.7263 61.000
 720 35.1177 13.223 21.8947 62.300
 102 147.845 174.982 27.137 18.300
 206 66.8337 55.797 11.0367 16.500
 308 42.774 33.190 9.584 22.400
 413 32.23 23.620 8.610 26.700
 518 24.5423 18.334 6.2083 25.200
 619 19.8797 14.981 4.8987 24.600
 720 16.0757 12.665 3.4107 21.200
 206 119.981 103.486 16.495 13.700
 308 61.4777 45.724 15.7537 25.600
 413 43.0017 29.345 13.6567 31.700
 518 33.232 21.605 11.627 34.900
 619 24.3617 17.096 7.2657 29.800
 720 17.231 14.144 3.087 17.900
 102 127.228 476.722 349.494 274.600
 206 54.198 69.907 15.709 28.900
 308 35.2197 37.719 2.4993 7.000
 413 25.28 25.827 .547 2.100
 518 20.5937 19.636 .9577 4.600
 619 16.5463 15.839 .7073 4.200
 720 14.465 13.273 1.192 8.200
 308 70.526 115.172 44.646 63.300
 413 46.344 47.870 1.526 3.200
 518 34.2357 30.214 4.0217 11.700
 619 26.539 22.073 4.466 16.800
 720 21.76 17.388 4.372 20.000
 102 114.224 1347.368 1233.144 1079.500
 206 50.8163 77.224 26.4077 51.900
 308 32.8113 39.751 6.9397 21.100
 413 24.6153 26.764 2.1487 8.700
 518 18.8067 20.173 1.3663 7.200
 619 15.8553 16.187 .3317 2.000
 720 13.7807 13.516 .2647 1.900
 206 68.1993 172.623 104.4237 153.100
 308 42.3917 55.555 13.1633 31.000
 413 31.263 33.104 1.841 5.800
 518 24.568 23.577 .991 4.000
 619 20.2783 18.307 1.9713 9.700
 720 17.5813 14.963 2.6183 14.800
 308 81.6223 93.867 12.2447 15.000
 413 61.099 43.743 17.356 28.400
 518 49.1773 28.516 20.6613 42.000
 619 39.8147 21.153 18.6617 46.800
 720 33.604 16.811 16.793 49.900
 206 55.7787 148.105 92.3263 165.500
 308 35.32 52.745 17.425 49.300
 413 25.3887 32.086 6.6973 26.300
 518 20.5493 23.055 2.5057 12.100
 619 16.591 17.992 1.401 8.400
 720 14.3397 14.752 .4123 2.800
 206 122.352 164.577 42.225 34.500
 308 81.895 54.695 27.200 33.200
 413 60.3893 32.797 27.5923 45.600
 518 45.05 23.420 21.630 48.000
 619 35.4507 18.213 17.2377 48.600
 720 29.3827 14.900 14.4827 49.200
 206 124.495 329.154 204.659 164.300
 308 81.8787 65.594 16.2847 19.800
 413 62.1517 36.427 25.7247 41.300
 518 49.4643 25.214 24.2503 49.000
 619 40.7737 19.280 21.4937 52.700
 720 35.0133 15.607 19.4063 55.400
 206 123.518 151.816 28.298 22.900
 308 82.111 53.208 28.903 35.100
 413 56.2353 32.257 23.9783 42.600
 518 41.7197 23.143 18.5767 44.500
 619 32.579 18.045 14.534 44.600
 720 26.9073 14.788 12.1193 45.000
 102 226.619 159.800 66.819 29.400
 206 108.258 54.156 54.102 49.900
 308 71.07 32.603 38.467 54.100
 413 52.505 23.321 29.184 55.500
 518 41.6317 18.153 23.4787 56.300
 619 34.541 14.860 19.681 56.900
 720 29.731 12.578 17.153 57.600
 308 84.945 83.089 1.856 2.100
 413 63.1537 41.250 21.9037 34.600
 518 50.1903 27.435 22.7553 45.300
 619 41.5333 20.552 20.9813 50.500
 720 35.281 16.430 18.851 53.400
 102 166.666 105.708 60.958 36.500
 206 79.2473 46.153 33.0943 41.700
 308 51.8303 29.521 22.3093 43.000
 413 38.622 21.700 16.922 43.800
 518 30.6023 17.156 13.4463 43.900
 619 25.4943 14.185 11.3093 44.300
 720 21.5857 12.091 9.4947 43.900
 102 250.799 732.999 482.200 192.200
 206 71.7897 73.684 1.8943 2.600
 308 38.4663 38.792 .3257 .800
 413 26.2457 26.325 .0793 .300
 518 20.001 19.923 .078 .300
 619 16.071 16.025 .046 .200
 720 13.4697 13.403 .0667 .400
 206 125.176 258.716 133.540 106.600
 308 62.253 62.218 .035 0
 413 35.945 35.361 .584 1.600
 518 25.0693 24.699 .3703 1.400
 619 19.3183 18.977 .3413 1.700
 720 16.8547 15.408 1.4467 8.500
 102 191.531 263.645 72.114 37.600
 206 92.7693 62.500 30.2693 32.600
 308 60.5723 35.452 25.1203 41.400
 413 42.0947 24.743 17.3517 41.200
 518 31.776 19.003 12.773 40.100
 619 25.791 15.425 10.366 40.100
 720 22.136 12.981 9.155 41.300
 206 124.434 116.509 7.925 6.300
 308 81.8463 48.099 33.7473 41.200
 413 60.9297 30.305 30.6247 50.200
 518 49.1637 22.121 27.0427 55.000
 619 40.3973 17.418 22.9793 56.800
 720 34.566 14.364 20.202 58.400
 102 132.225 177.377 45.152 34.100
 206 53.1113 56.038 2.9267 5.500
 308 32.7453 33.275 .5297 1.600
 413 22.7017 23.663 .9613 4.200
 518 17.967 18.360 .393 2.100
 619 14.844 14.998 .154 1.000
 720 12.7357 12.677 .0587 .400
 102 138.891 339.973 201.082 144.700
 206 54.5467 66.013 11.4663 21.000
 308 32.913 36.555 3.642 11.000
 413 23.1687 25.276 2.1073 9.000
 518 18.1723 19.316 1.1437 6.200
 619 14.919 15.630 .711 4.700
 720 12.761 13.126 .365 2.800
 720 35.9423 923.354 887.4117 2468.900
 206 49.8027 70.447 20.6443 41.400
 308 30.8333 28.548 2.2853 7.400
 413 22.2187 17.901 4.3177 19.400
 518 14.7633 13.038 1.7253 11.600
 619 13.7223 10.253 3.4693 25.200
 720 12.9823 8.448 4.5343 34.900
 206 32.8277 54.337 21.5093 65.500
 308 20.2953 25.486 5.1907 25.500
 413 14.786 16.647 1.861 12.500
 518 11.744 12.360 .616 5.200
 619 9.69833 9.829 .13067 1.300
 720 8.29333 8.158 .13533 1.600
 102 144.242 237.906 93.664 64.900
 206 72.4583 39.941 32.5173 44.800
 308 47.6707 21.800 25.8707 54.200
 413 35.678 14.991 20.687 57.900
 518 24.9507 11.423 13.5277 54.200
 619 11.722 9.227 2.495 21.200
 720 11.3183 7.739 3.5793 31.600
 102 143.43 130.491 12.939 9.000
 206 42.892 35.091 7.801 18.100
 308 25.6687 20.271 5.3977 21.000
 413 17.5847 14.252 3.3327 18.900
 518 13.9173 10.989 2.9283 21.000
 619 10.7937 8.942 1.8517 17.100
 720 9.36967 7.537 1.83267 19.500
 619 39.176 944.649 905.473 2311.200
 720 27.5723 75.382 47.8097 173.300
 308 108.657 244.937 136.280 125.400
 413 77.1237 81.828 4.7043 6.000
 518 60.1813 49.118 11.0633 18.300
 619 48.4417 35.091 13.3507 27.500
 720 40.3217 27.296 13.0257 32.300
 102 283.59 650.571 366.981 129.400
 206 132.343 103.357 28.986 21.900
 308 85.0743 56.138 28.9363 34.000
 413 61.5943 38.533 23.0613 37.400
 518 48.0623 29.334 18.7283 38.900
 619 40.1777 23.681 16.4967 41.000
 720 34.077 19.854 14.223 41.700
 206 115.257 179.691 64.434 55.900
 308 57.6677 72.976 15.3083 26.500
 413 38.3637 45.785 7.4213 19.300
 518 29.3897 33.356 3.9663 13.400
 619 23.882 26.234 2.352 9.800
 720 20.1817 21.619 1.4373 7.100
 308 118.027 2400.000 2281.973 1933.400
 413 60.3433 116.894 56.5507 93.700
 518 49.1723 59.906 10.7337 21.800
 619 32.7693 40.272 7.5027 22.800
 720 25.523 30.331 4.808 18.800
 206 111.471 153.079 41.608 37.300
 308 71.4413 68.163 3.2783 4.500
 413 51.9903 43.843 8.1473 15.600
 518 40.954 32.313 8.641 21.000
 619 33.802 25.585 8.217 24.300
 720 28.9983 21.176 7.8223 26.900
 206 185.441 311.498 126.057 67.900
 308 115.578 88.118 27.460 23.700
 413 81.3163 51.318 29.9983 36.800
 518 61.5197 36.199 25.3207 41.100
 619 49.3707 27.962 21.4087 43.300
 720 40.5513 22.778 17.7733 43.800
 206 129.413 163.526 34.113 26.300
 308 71.148 70.159 .989 1.300
 413 49.3087 44.660 4.6487 9.400
 518 36.956 32.755 4.201 11.300
 619 30.0213 25.861 4.1603 13.800
 720 24.7613 21.365 3.3963 13.700
 518 27.4497 180.759 153.3093 558.500
 619 22.5237 56.372 33.8483 150.200
 720 19.2183 33.393 14.1747 73.700
 206 66.508 87.141 20.633 31.000
 308 36.1513 42.225 6.0737 16.800
 413 25.422 27.863 2.441 9.600
 518 19.6867 20.791 1.1043 5.600
 619 16.0877 16.582 .4943 3.000
 720 13.6383 13.791 .1527 1.100
 102 96.888 121.269 24.381 25.100
 206 46.2213 48.892 2.6707 5.700
 308 30.658 30.618 .040 .100
 413 22.9293 22.288 .6413 2.700
 518 18.318 17.521 .797 4.300
 619 15.195 14.433 .762 5.000
 720 13.0457 12.271 .7747 5.900
 206 53.5107 159.006 105.4953 197.100
 308 33.9337 54.065 20.1313 59.300
 413 23.684 32.569 8.885 37.500
 518 20.8827 23.304 2.4213 11.500
 619 15.1297 18.143 3.0133 19.900
 720 13.3027 14.853 1.5503 11.600
 102 120.867 111.135 9.732 8.000
 206 56.5843 47.158 9.4263 16.600
 308 36.833 29.929 6.904 18.700
 413 27.3917 21.920 5.4717 19.900
 518 21.7583 17.293 4.4653 20.500
 619 18.093 14.278 3.815 21.000
 720 15.448 12.159 3.289 21.200
 206 123.537 20480.000 20356.463 16478.000
 308 52.672 81.593 28.921 54.900
 413 32.664 40.878 8.214 25.100
 518 23.3433 27.270 3.9267 16.800
 619 18.1473 20.459 2.3117 12.700
 720 15.152 16.370 1.218 8.000
 413 61.9777 124.528 62.5503 100.900
 518 49.6907 49.413 .2777 .500
 619 39.0557 30.822 8.2337 21.000
 720 20.0527 22.395 2.3423 11.600
 206 117.921 224.758 106.837 90.600
 308 72.7767 60.037 12.7397 17.500
 413 51.6597 34.646 17.0137 32.900
 518 39.1467 24.348 14.7987 37.800
 619 31.5883 18.769 12.8193 40.500
 720 26.4437 15.270 11.1737 42.200
 206 124.043 5278.350 5154.307 4155.200
 308 82.2933 80.668 1.6253 1.900
 413 61.105 40.644 20.461 33.400
 518 49.584 27.166 22.418 45.200
 619 40.7823 20.400 20.3823 49.900
 720 35.0883 16.333 18.7553 53.400
 206 104.273 203.214 98.941 94.800
 308 62.843 58.384 4.459 7.000
 413 44.051 34.089 9.962 22.600
 518 33.6753 24.072 9.6033 28.500
 619 26.9417 18.604 8.3377 30.900
 720 22.8313 15.161 7.6703 33.500
 102 248.35 500.733 252.383 101.600
 206 123.868 70.402 53.466 43.100
 308 82.3047 37.862 44.4427 53.900
 413 61.4027 25.894 35.5087 57.800
 518 49.1317 19.675 29.4567 59.900
 619 40.2163 15.864 24.3523 60.500
 720 33.9637 13.290 20.6737 60.800
 413 63.8637 223.629 159.7653 250.100
 518 50.3387 59.956 9.6173 19.100
 619 41.5367 34.619 6.9177 16.600
 720 35.892 24.335 11.557 32.100
 102 187.05 113.980 73.070 39.000
 206 90.619 47.663 42.956 47.400
 308 59.3587 30.131 29.2277 49.200
 413 43.6317 22.029 21.6027 49.500
 518 34.3407 17.360 16.9807 49.400
 619 28.447 14.324 14.123 49.600
 720 23.9067 12.192 11.7147 49.000
 413 63.6613 97.356 33.6947 52.900
 518 50.347 44.486 5.861 11.600
 619 40.8047 28.830 11.9747 29.300
 720 31.1123 21.325 9.7873 31.400
