 0.00626959
 0.00626959
0 0.0125392
0 0.0125392
.100 0.015674
.200 0.0188088
.300 0.0219436
.400 0.0250784
.500 0.031348
.500 0.031348
.600 0.0438871
.600 0.0438871
.600 0.0438871
.600 0.0438871
.700 0.0470219
.900 0.0564263
.900 0.0564263
.900 0.0564263
1.000 0.0626959
1.000 0.0626959
1.100 0.0689655
1.100 0.0689655
1.200 0.0783699
1.200 0.0783699
1.200 0.0783699
1.300 0.0846395
1.300 0.0846395
1.400 0.0909091
1.400 0.0909091
1.600 0.0940439
1.700 0.100313
1.700 0.100313
1.900 0.103448
2.000 0.106583
2.200 0.109718
2.300 0.125392
2.300 0.125392
2.300 0.125392
2.300 0.125392
2.300 0.125392
2.400 0.128527
2.700 0.134796
2.700 0.134796
2.800 0.141066
2.800 0.141066
2.900 0.144201
3.000 0.15047
3.000 0.15047
3.100 0.153605
3.200 0.15674
3.300 0.159875
3.400 0.169279
3.400 0.169279
3.400 0.169279
3.600 0.172414
3.800 0.175549
4.300 0.181818
4.300 0.181818
4.500 0.184953
4.800 0.188088
5.100 0.191223
5.600 0.194357
5.700 0.203762
5.700 0.203762
5.700 0.203762
5.800 0.206897
6.000 0.210031
6.100 0.213166
6.500 0.216301
6.700 0.219436
6.900 0.222571
7.400 0.225705
7.500 0.22884
8.000 0.231975
8.100 0.23511
8.300 0.238245
9.400 0.241379
9.500 0.244514
10.000 0.247649
10.200 0.250784
10.300 0.253918
10.600 0.257053
10.700 0.260188
10.900 0.263323
11.300 0.266458
11.400 0.272727
11.400 0.272727
11.500 0.275862
11.600 0.278997
11.800 0.282132
12.000 0.288401
12.000 0.288401
12.400 0.291536
12.600 0.294671
12.900 0.297806
13.000 0.30094
13.300 0.30721
13.300 0.30721
13.700 0.310345
14.100 0.31348
14.500 0.316614
14.700 0.319749
14.800 0.322884
16.100 0.326019
16.200 0.329154
16.400 0.332288
16.500 0.338558
16.500 0.338558
16.700 0.341693
17.000 0.344828
17.300 0.347962
17.400 0.351097
17.700 0.357367
17.700 0.357367
17.800 0.360502
18.300 0.363636
18.800 0.373041
18.800 0.373041
18.800 0.373041
19.100 0.376176
19.200 0.37931
19.600 0.382445
19.700 0.38558
19.800 0.388715
19.900 0.39185
20.400 0.394984
20.700 0.398119
21.000 0.404389
21.000 0.404389
21.200 0.410658
21.200 0.410658
21.300 0.416928
21.300 0.416928
21.400 0.420063
21.500 0.423197
21.800 0.426332
21.900 0.429467
22.000 0.435737
22.000 0.435737
22.200 0.442006
22.200 0.442006
22.500 0.451411
22.500 0.451411
22.500 0.451411
22.700 0.454545
23.100 0.45768
23.400 0.460815
24.600 0.467085
24.600 0.467085
24.800 0.470219
25.300 0.473354
25.600 0.476489
26.100 0.479624
26.200 0.482759
26.300 0.485893
26.400 0.492163
26.400 0.492163
26.700 0.498433
26.700 0.498433
27.200 0.501567
27.700 0.504702
28.000 0.507837
28.400 0.510972
29.400 0.514107
29.500 0.517241
30.000 0.520376
30.800 0.526646
30.800 0.526646
31.000 0.529781
32.000 0.532915
32.100 0.53605
32.500 0.539185
32.700 0.54232
33.100 0.545455
33.200 0.548589
33.500 0.551724
34.400 0.554859
34.700 0.557994
35.000 0.561129
35.300 0.564263
36.100 0.570533
36.100 0.570533
37.400 0.576803
37.400 0.576803
37.500 0.579937
37.600 0.586207
37.600 0.586207
37.800 0.589342
37.900 0.595611
37.900 0.595611
38.000 0.598746
38.300 0.601881
39.000 0.605016
39.100 0.611285
39.100 0.611285
40.100 0.61442
40.200 0.62069
40.200 0.62069
40.400 0.623824
40.600 0.626959
40.700 0.630094
40.800 0.633229
41.000 0.636364
41.100 0.639498
41.400 0.642633
41.600 0.645768
41.700 0.652038
41.700 0.652038
41.800 0.655172
42.000 0.658307
42.400 0.667712
42.400 0.667712
42.400 0.667712
42.800 0.673981
42.800 0.673981
43.000 0.683386
43.000 0.683386
43.000 0.683386
43.200 0.68652
43.300 0.689655
43.500 0.69279
43.600 0.695925
44.100 0.705329
44.100 0.705329
44.100 0.705329
44.200 0.708464
44.500 0.717868
44.500 0.717868
44.500 0.717868
45.000 0.721003
45.200 0.724138
45.300 0.727273
46.400 0.730408
46.500 0.733542
46.700 0.739812
46.700 0.739812
46.800 0.746082
46.800 0.746082
47.200 0.749216
47.300 0.752351
47.400 0.755486
47.800 0.758621
48.000 0.76489
48.000 0.76489
48.200 0.768025
48.400 0.77116
48.600 0.774295
49.000 0.777429
49.100 0.780564
49.200 0.783699
49.300 0.786834
49.500 0.789969
49.600 0.796238
49.600 0.796238
50.200 0.799373
50.300 0.802508
50.400 0.805643
50.500 0.811912
50.500 0.811912
50.600 0.815047
50.700 0.821317
50.700 0.821317
51.000 0.824451
51.300 0.827586
51.600 0.830721
51.700 0.833856
53.100 0.836991
53.200 0.840125
53.500 0.84326
53.900 0.84953
53.900 0.84953
54.300 0.852665
55.100 0.855799
55.700 0.858934
55.800 0.862069
56.300 0.865204
57.000 0.868339
57.100 0.874608
57.100 0.874608
57.500 0.877743
57.600 0.880878
57.700 0.887147
57.700 0.887147
57.800 0.890282
57.900 0.893417
58.500 0.899687
58.500 0.899687
58.600 0.902821
59.200 0.905956
60.100 0.912226
60.100 0.912226
60.600 0.918495
60.600 0.918495
61.100 0.92163
61.800 0.924765
62.200 0.9279
62.400 0.931034
62.800 0.934169
62.900 0.940439
62.900 0.940439
63.400 0.943574
67.100 0.946708
78.700 0.949843
104.500 0.952978
115.300 0.956113
158.900 0.959248
183.500 0.962382
256.600 0.965517
272.200 0.968652
282.600 0.971787
297.100 0.974922
345.900 0.978056
479.100 0.981191
621.100 0.984326
1043.700 0.987461
1096.100 0.990596
1134.600 0.99373
1223.800 0.996865
9733.500 1
