 0.00355872
0 0.0106762
0 0.0106762
.100 0.0142349
.200 0.0213523
.200 0.0213523
.300 0.0284698
.300 0.0284698
.400 0.0355872
.400 0.0355872
1.100 0.0391459
1.200 0.0498221
1.200 0.0498221
1.200 0.0498221
1.300 0.0569395
1.300 0.0569395
1.400 0.0604982
1.500 0.0676157
1.500 0.0676157
1.700 0.0747331
1.700 0.0747331
1.800 0.0782918
1.900 0.0818505
2.200 0.0854093
2.400 0.0925267
2.400 0.0925267
2.500 0.0960854
2.900 0.106762
2.900 0.106762
2.900 0.106762
3.100 0.11032
3.200 0.117438
3.200 0.117438
3.300 0.120996
3.500 0.124555
3.700 0.128114
3.800 0.131673
4.000 0.13879
4.000 0.13879
4.100 0.142349
4.700 0.149466
4.700 0.149466
5.000 0.153025
5.600 0.156584
5.700 0.16726
5.700 0.16726
5.700 0.16726
5.800 0.170819
6.300 0.177936
6.300 0.177936
6.600 0.181495
7.200 0.185053
7.800 0.192171
7.800 0.192171
7.900 0.19573
8.100 0.199288
8.200 0.202847
8.300 0.213523
8.300 0.213523
8.300 0.213523
8.400 0.217082
8.500 0.224199
8.500 0.224199
9.000 0.227758
9.200 0.234875
9.200 0.234875
9.500 0.241993
9.500 0.241993
9.800 0.245552
10.000 0.24911
10.200 0.256228
10.200 0.256228
11.200 0.259786
11.300 0.263345
11.700 0.266904
12.600 0.270463
12.900 0.27758
12.900 0.27758
13.000 0.281139
13.100 0.284698
13.400 0.288256
13.500 0.291815
13.600 0.295374
13.700 0.298932
13.900 0.309609
13.900 0.309609
13.900 0.309609
14.300 0.313167
14.500 0.320285
14.500 0.320285
14.900 0.323843
15.800 0.327402
16.100 0.330961
16.300 0.338078
16.300 0.338078
16.400 0.341637
16.500 0.345196
16.700 0.348754
16.900 0.352313
17.000 0.355872
17.100 0.359431
17.300 0.362989
17.500 0.366548
18.300 0.377224
18.300 0.377224
18.300 0.377224
18.500 0.380783
18.700 0.384342
19.200 0.3879
19.400 0.391459
19.800 0.395018
20.100 0.398577
20.400 0.402135
20.600 0.405694
20.700 0.409253
20.800 0.412811
20.900 0.41637
21.000 0.419929
21.200 0.423488
21.300 0.427046
21.800 0.430605
22.000 0.437722
22.000 0.437722
23.600 0.44484
23.600 0.44484
23.900 0.448399
24.400 0.451957
24.600 0.455516
25.100 0.459075
25.200 0.462633
25.500 0.466192
26.000 0.469751
26.100 0.47331
26.300 0.476868
26.400 0.487544
26.400 0.487544
26.400 0.487544
26.700 0.491103
26.900 0.494662
27.300 0.501779
27.300 0.501779
27.400 0.505338
27.600 0.508897
28.000 0.512456
28.100 0.516014
28.400 0.52669
28.400 0.52669
28.400 0.52669
28.700 0.530249
28.800 0.533808
28.900 0.537367
29.100 0.540925
29.200 0.544484
29.300 0.548043
29.700 0.551601
30.100 0.55516
30.600 0.558719
30.700 0.562278
31.300 0.565836
31.700 0.569395
31.800 0.572954
32.300 0.576512
32.400 0.580071
33.000 0.58363
33.100 0.587189
33.600 0.594306
33.600 0.594306
34.200 0.601423
34.200 0.601423
34.300 0.604982
34.400 0.608541
34.800 0.6121
35.700 0.615658
36.200 0.622776
36.200 0.622776
37.900 0.626335
38.000 0.629893
38.300 0.633452
38.400 0.637011
38.700 0.640569
38.800 0.644128
38.900 0.651246
38.900 0.651246
39.000 0.654804
39.400 0.658363
39.900 0.66548
39.900 0.66548
40.000 0.669039
40.100 0.672598
40.200 0.679715
40.200 0.679715
40.800 0.683274
41.500 0.686833
41.600 0.690391
42.400 0.69395
42.600 0.697509
42.900 0.701068
43.300 0.708185
43.300 0.708185
43.400 0.711744
43.600 0.715302
43.700 0.72242
43.700 0.72242
43.900 0.725979
44.000 0.736655
44.000 0.736655
44.000 0.736655
45.100 0.740214
46.400 0.743772
46.500 0.747331
47.100 0.75089
47.200 0.754448
47.400 0.758007
48.000 0.765125
48.000 0.765125
48.200 0.768683
48.300 0.775801
48.300 0.775801
48.700 0.782918
48.700 0.782918
48.900 0.786477
49.000 0.790036
49.100 0.793594
49.200 0.797153
49.700 0.800712
50.100 0.80427
50.700 0.807829
50.900 0.811388
52.000 0.814947
52.400 0.818505
52.700 0.822064
53.000 0.825623
53.600 0.829181
54.000 0.83274
54.200 0.836299
54.500 0.839858
54.800 0.843416
55.400 0.846975
55.800 0.850534
56.000 0.854093
56.200 0.857651
56.500 0.86121
57.200 0.864769
57.300 0.868327
57.900 0.871886
58.200 0.879004
58.200 0.879004
58.600 0.882562
59.200 0.886121
59.700 0.88968
60.400 0.893238
61.800 0.896797
67.300 0.900356
68.500 0.903915
69.500 0.907473
73.800 0.911032
74.700 0.914591
89.300 0.918149
100.300 0.921708
107.500 0.925267
115.400 0.928826
135.200 0.932384
143.100 0.935943
150.400 0.939502
158.500 0.94306
159.800 0.946619
175.700 0.950178
187.400 0.953737
190.400 0.957295
207.900 0.960854
209.900 0.964413
218.900 0.967972
245.800 0.97153
256.800 0.975089
281.300 0.978648
294.100 0.982206
338.300 0.985765
470.100 0.989324
559.900 0.992883
1315.800 0.996441
3295.700 1
