.010 0.0025974
.0293 0.00519481
.0533 0.00779221
.061 0.0103896
.070 0.012987
.095 0.0155844
.0993 0.0181818
.1187 0.0207792
.119 0.0233766
.1453 0.025974
.146 0.0285714
.1543 0.0311688
.1687 0.0337662
.1693 0.0363636
.170 0.038961
.2233 0.0415584
.250 0.0441558
.2527 0.0467532
.2863 0.0493506
.294 0.0519481
.2973 0.0545455
.33033 0.0571429
.3513 0.0597403
.360 0.0623377
.392 0.0649351
.399 0.0675325
.4243 0.0701299
.44933 0.0727273
.4653 0.0753247
.4793 0.0779221
.5303 0.0805195
.561 0.0831169
.578 0.0857143
.5833 0.0883117
.646 0.0909091
.6537 0.0935065
.6687 0.0961039
.7273 0.0987013
.857 0.101299
.8903 0.103896
.960 0.106494
.9873 0.109091
.9967 0.111688
1.0397 0.114286
1.0453 0.116883
1.1023 0.119481
1.1033 0.122078
1.1323 0.124675
1.133 0.127273
1.160 0.12987
1.1653 0.132468
1.2017 0.135065
1.2683 0.137662
1.3253 0.14026
1.328 0.142857
1.335 0.145455
1.4207 0.148052
1.439 0.150649
1.4873 0.153247
1.488 0.155844
1.500 0.158442
1.534 0.161039
1.547 0.163636
1.581 0.166234
1.5887 0.168831
1.605 0.171429
1.6507 0.174026
1.6903 0.176623
1.7333 0.179221
1.7473 0.181818
1.7597 0.184416
1.84767 0.187013
1.8657 0.18961
2.038 0.192208
2.2357 0.194805
2.258 0.197403
2.288 0.2
2.315 0.202597
2.4727 0.205195
2.683 0.207792
2.7457 0.21039
2.761 0.212987
2.9543 0.215584
3.010 0.218182
3.0623 0.220779
3.300 0.223377
3.3523 0.225974
3.3527 0.228571
3.3533 0.231169
3.3797 0.233766
3.489 0.236364
3.4957 0.238961
3.7877 0.241558
3.9337 0.244156
3.9473 0.246753
4.0653 0.249351
4.086 0.251948
4.0883 0.254545
4.146 0.257143
4.2733 0.25974
4.804 0.262338
4.8343 0.264935
4.8487 0.267532
4.988 0.27013
4.9943 0.272727
5.0233 0.275325
5.0393 0.277922
5.1183 0.280519
5.145 0.283117
5.281 0.285714
5.3017 0.288312
5.4447 0.290909
5.5333 0.293506
5.5983 0.296104
5.696 0.298701
6.0727 0.301299
6.0947 0.303896
6.1017 0.306494
6.1433 0.309091
6.413 0.311688
6.4833 0.314286
7.4067 0.316883
7.579 0.319481
7.924 0.322078
7.968 0.324675
8.026 0.327273
8.306 0.32987
8.3333 0.332468
8.474 0.335065
8.4907 0.337662
8.5603 0.34026
8.9097 0.342857
9.054 0.345455
9.1007 0.348052
9.117 0.350649
9.325 0.353247
9.3297 0.355844
9.5327 0.358442
9.5843 0.361039
9.705 0.363636
9.9887 0.366234
10.213 0.368831
10.2687 0.371429
10.3723 0.374026
10.6563 0.376623
10.742 0.379221
11.2463 0.381818
11.3503 0.384416
11.6173 0.387013
11.6523 0.38961
11.8187 0.392208
11.8273 0.394805
11.930 0.397403
11.985 0.4
12.1023 0.402597
12.3547 0.405195
12.525 0.407792
12.545 0.41039
12.5963 0.412987
13.119 0.415584
13.127 0.418182
13.175 0.420779
13.5117 0.423377
13.5143 0.425974
13.6353 0.428571
13.758 0.431169
14.0677 0.433766
14.276 0.436364
14.3047 0.438961
14.406 0.441558
14.540 0.444156
14.5773 0.446753
14.6897 0.449351
14.872 0.451948
14.9777 0.454545
15.0343 0.457143
15.1777 0.45974
15.204 0.462338
15.213 0.464935
15.3017 0.467532
15.332 0.47013
15.9463 0.472727
16.030 0.475325
16.545 0.477922
16.777 0.480519
16.9047 0.483117
16.9127 0.485714
17.016 0.488312
17.067 0.490909
17.1157 0.493506
17.2037 0.496104
17.386 0.498701
17.5547 0.501299
17.6517 0.503896
17.7387 0.506494
17.8107 0.509091
17.9757 0.511688
18.6033 0.514286
18.6067 0.516883
18.6257 0.519481
18.697 0.522078
19.063 0.524675
19.1483 0.527273
19.2063 0.52987
19.294 0.532468
19.3583 0.535065
19.623 0.537662
19.6837 0.54026
19.6917 0.542857
19.987 0.545455
20.1293 0.548052
20.5077 0.550649
20.5383 0.553247
20.6133 0.555844
20.7233 0.558442
20.798 0.561039
21.2207 0.563636
21.2863 0.566234
21.9437 0.568831
21.998 0.571429
22.129 0.574026
22.1303 0.576623
22.2697 0.579221
22.4493 0.581818
22.4967 0.584416
22.503 0.587013
22.5747 0.58961
22.834 0.592208
23.0957 0.594805
23.1973 0.597403
23.2883 0.6
23.383 0.602597
23.5457 0.605195
23.9207 0.607792
24.0553 0.61039
24.1473 0.612987
24.2283 0.615584
25.107 0.618182
25.1443 0.620779
25.2453 0.623377
25.6697 0.625974
25.9447 0.628571
26.0683 0.631169
26.0893 0.633766
26.5793 0.636364
27.1577 0.638961
27.188 0.641558
27.3563 0.644156
27.437 0.646753
27.449 0.649351
27.5037 0.651948
27.853 0.654545
27.9577 0.657143
28.403 0.65974
28.5187 0.662338
28.8097 0.664935
29.3437 0.667532
29.3737 0.67013
29.8743 0.672727
29.8957 0.675325
29.937 0.677922
30.222 0.680519
30.6347 0.683117
31.2123 0.685714
32.7603 0.688312
33.236 0.690909
33.4133 0.693506
34.381 0.696104
34.5577 0.698701
35.410 0.701299
35.664 0.703896
36.374 0.706494
36.682 0.709091
36.7423 0.711688
37.0967 0.714286
37.5237 0.716883
39.887 0.719481
40.4257 0.722078
40.5863 0.724675
44.0553 0.727273
44.499 0.72987
45.345 0.732468
45.578 0.735065
46.680 0.737662
47.322 0.74026
47.720 0.742857
48.5547 0.745455
49.202 0.748052
50.0197 0.750649
51.395 0.753247
55.675 0.755844
57.878 0.758442
62.352 0.761039
62.464 0.763636
62.9233 0.766234
64.435 0.768831
65.450 0.771429
66.443 0.774026
78.6697 0.776623
81.538 0.779221
93.417 0.781818
95.547 0.784416
101.298 0.787013
102.911 0.78961
131.038 0.792208
133.077 0.794805
133.527 0.797403
137.011 0.8
137.865 0.802597
151.885 0.805195
155.214 0.807792
222.4827 0.81039
222.537 0.812987
255.9797 0.815584
301.163 0.818182
320.389 0.820779
325.0467 0.823377
325.7437 0.825974
347.541 0.828571
391.371 0.831169
409.6893 0.833766
443.811 0.836364
445.143 0.838961
520.298 0.841558
577.149 0.844156
1001.786 0.846753
1006.8737 0.849351
1038.9217 0.851948
1188.5187 0.854545
1245.987 0.857143
1405.254 0.85974
1672.123 0.862338
1979.424 0.864935
2416.931 0.867532
2426.5887 0.87013
2462.858 0.872727
2598.423 0.875325
2993.838 0.877922
3211.0667 0.880519
3281.8737 0.883117
3606.894 0.885714
3623.055 0.888312
4201.144 0.890909
4665.197 0.893506
4743.086 0.896104
5703.730 0.898701
6249.829 0.901299
6350.6177 0.903896
6632.8297 0.906494
7104.299 0.909091
7978.491 0.911688
8513.487 0.914286
13325.256 0.916883
16424.576 0.919481
20435.873 0.922078
24157.331 0.924675
30558.902 0.927273
37232.002 0.92987
38371.814 0.932468
39219.012 0.935065
40337.229 0.937662
44126.722 0.94026
49758.369 0.942857
65361.052 0.945455
87605.2477 0.948052
91128.532 0.950649
126434.193 0.953247
199396.294 0.955844
272550.096 0.958442
390632.710 0.961039
469650.710 0.963636
665727.275 0.966234
677405.712 0.968831
1331203.597 0.971429
1418084.455 0.974026
1489751.927 0.976623
1617084.974 0.979221
2398149.342 0.981818
2566145.094 0.984416
9290267.645 0.987013
14251598.429 0.98961
16887043.413 0.992208
153240734.763 0.994805
14937617344.546 0.997403
40069845910.829 1
