 0.00355872
.014 0.00711744
.026 0.0106762
.028 0.0142349
.0333 0.0177936
.051 0.0213523
.0537 0.024911
.0897 0.0284698
.10633 0.0320285
.113 0.0355872
.1283 0.0391459
.1667 0.0427046
.1697 0.0462633
.172 0.0498221
.17267 0.0533808
.273 0.0569395
.284 0.0604982
.3353 0.0640569
.3603 0.0676157
.3827 0.0711744
.4297 0.0747331
.4677 0.0782918
.5153 0.0818505
.526 0.0854093
.5393 0.088968
.5613 0.0925267
.564 0.0960854
.587 0.0996441
.5907 0.103203
.601 0.106762
.6303 0.11032
.684 0.113879
.728 0.117438
.748 0.120996
.7497 0.124555
.752 0.128114
.8397 0.131673
.940 0.135231
.964 0.13879
1.1373 0.142349
1.138 0.145907
1.1747 0.149466
1.241 0.153025
1.262 0.156584
1.2863 0.160142
1.4437 0.163701
1.4947 0.16726
1.5783 0.170819
1.590 0.174377
1.6073 0.177936
1.7363 0.181495
1.7483 0.185053
1.808 0.188612
1.81967 0.192171
1.8347 0.19573
1.935 0.199288
1.984 0.202847
2.0303 0.206406
2.2093 0.209964
2.2733 0.213523
2.3477 0.217082
2.4613 0.220641
2.500 0.224199
2.5227 0.227758
2.617 0.231317
2.7113 0.234875
2.8187 0.238434
2.8887 0.241993
2.9023 0.245552
2.9123 0.24911
2.9373 0.252669
2.990 0.256228
3.0607 0.259786
3.1883 0.263345
3.2193 0.266904
3.231 0.270463
3.277 0.274021
3.2793 0.27758
3.2887 0.281139
3.2953 0.284698
3.3093 0.288256
3.3877 0.291815
3.4807 0.295374
3.6963 0.298932
3.710 0.302491
3.782 0.30605
3.799 0.309609
3.8657 0.313167
3.868 0.316726
3.8993 0.320285
3.9907 0.323843
4.003 0.327402
4.1203 0.330961
4.434 0.33452
4.4423 0.338078
4.6093 0.341637
4.7807 0.345196
4.8667 0.348754
4.920 0.352313
5.3077 0.355872
5.3993 0.359431
5.4337 0.362989
5.4797 0.366548
5.625 0.370107
5.647 0.373665
5.948 0.377224
6.1603 0.380783
6.2097 0.384342
6.4007 0.3879
6.834 0.391459
7.1247 0.395018
7.3053 0.398577
7.3863 0.402135
7.4623 0.405694
7.530 0.409253
7.6643 0.412811
7.7717 0.41637
7.9077 0.419929
7.985 0.423488
8.2213 0.427046
8.270 0.430605
8.358 0.434164
8.493 0.437722
8.530 0.441281
8.759 0.44484
8.8803 0.448399
8.885 0.451957
8.917 0.455516
8.9557 0.459075
9.112 0.462633
9.2523 0.466192
9.337 0.469751
9.426 0.47331
9.4447 0.476868
9.7383 0.480427
9.853 0.483986
9.982 0.487544
10.1653 0.491103
10.2257 0.494662
10.506 0.498221
10.5887 0.501779
10.6357 0.505338
11.103 0.508897
11.2413 0.512456
11.401 0.516014
11.5267 0.519573
11.8473 0.523132
11.859 0.52669
11.8847 0.530249
11.9013 0.533808
11.9237 0.537367
12.0013 0.540925
12.1707 0.544484
12.187 0.548043
12.6557 0.551601
12.9053 0.55516
13.2387 0.558719
13.3463 0.562278
13.4037 0.565836
13.627 0.569395
13.862 0.572954
14.0057 0.576512
14.1197 0.580071
14.127 0.58363
14.1877 0.587189
14.2047 0.590747
14.7307 0.594306
14.9897 0.597865
15.3823 0.601423
15.6447 0.604982
15.7533 0.608541
16.2033 0.6121
16.3487 0.615658
16.5967 0.619217
16.707 0.622776
16.761 0.626335
16.769 0.629893
16.8207 0.633452
17.043 0.637011
17.1623 0.640569
17.230 0.644128
17.4083 0.647687
17.705 0.651246
17.8343 0.654804
17.9027 0.658363
18.378 0.661922
18.4733 0.66548
18.5257 0.669039
18.7827 0.672598
19.0067 0.676157
19.090 0.679715
19.150 0.683274
19.3613 0.686833
19.527 0.690391
20.040 0.69395
20.0487 0.697509
20.1967 0.701068
20.2353 0.704626
20.3047 0.708185
20.4133 0.711744
20.7513 0.715302
20.937 0.718861
20.9817 0.72242
21.1897 0.725979
21.215 0.729537
21.2813 0.733096
21.4093 0.736655
21.7193 0.740214
21.7297 0.743772
22.0113 0.747331
22.4607 0.75089
22.5363 0.754448
22.6543 0.758007
22.7403 0.761566
22.8403 0.765125
22.8503 0.768683
23.0263 0.772242
23.2477 0.775801
23.264 0.779359
23.4543 0.782918
23.8233 0.786477
23.8963 0.790036
24.4913 0.793594
25.200 0.797153
26.2163 0.800712
26.6547 0.80427
26.813 0.807829
28.0517 0.811388
28.2267 0.814947
28.6377 0.818505
28.802 0.822064
29.497 0.825623
29.6107 0.829181
29.8917 0.83274
31.615 0.836299
31.8733 0.839858
32.3613 0.843416
33.8853 0.846975
34.0707 0.850534
34.7237 0.854093
35.1367 0.857651
37.715 0.86121
39.946 0.864769
41.2877 0.868327
41.718 0.871886
42.607 0.875445
42.641 0.879004
45.132 0.882562
46.970 0.886121
48.952 0.88968
50.298 0.893238
51.995 0.896797
54.202 0.900356
57.031 0.903915
59.4493 0.907473
60.3697 0.911032
61.5067 0.914591
62.901 0.918149
63.050 0.921708
65.153 0.925267
69.6937 0.928826
73.761 0.932384
83.891 0.935943
99.0783 0.939502
106.2463 0.94306
115.685 0.946619
127.8187 0.950178
131.5603 0.953737
134.590 0.957295
153.6923 0.960854
165.342 0.964413
228.111 0.967972
234.1533 0.97153
258.974 0.975089
331.793 0.978648
356.752 0.982206
430.506 0.985765
515.994 0.989324
521.448 0.992883
1184.5577 0.996441
2440.200 1
