.100 0.00330033
.200 0.00990099
.200 0.00990099
.300 0.0165017
.300 0.0165017
.500 0.0264026
.500 0.0264026
.500 0.0264026
.600 0.029703
.700 0.0330033
.800 0.0363036
.900 0.0429043
.900 0.0429043
1.000 0.0462046
1.100 0.049505
1.200 0.0528053
1.300 0.0561056
1.500 0.0594059
1.600 0.0627063
1.700 0.0660066
1.800 0.0693069
1.900 0.0759076
1.900 0.0759076
2.000 0.0858086
2.000 0.0858086
2.000 0.0858086
2.100 0.0990099
2.100 0.0990099
2.100 0.0990099
2.100 0.0990099
2.300 0.10231
2.400 0.105611
2.600 0.112211
2.600 0.112211
2.800 0.115512
2.900 0.118812
3.000 0.128713
3.000 0.128713
3.000 0.128713
3.400 0.135314
3.400 0.135314
3.800 0.138614
4.300 0.141914
4.400 0.145215
4.600 0.148515
4.700 0.155116
4.700 0.155116
4.800 0.158416
5.000 0.161716
5.100 0.165017
5.700 0.168317
5.800 0.174917
5.800 0.174917
6.000 0.188119
6.000 0.188119
6.000 0.188119
6.000 0.188119
6.600 0.194719
6.600 0.194719
6.800 0.20132
6.800 0.20132
6.900 0.207921
6.900 0.207921
7.100 0.211221
7.600 0.217822
7.600 0.217822
7.700 0.221122
8.200 0.231023
8.200 0.231023
8.200 0.231023
8.300 0.234323
8.500 0.237624
9.100 0.244224
9.100 0.244224
9.500 0.247525
9.600 0.250825
10.000 0.254125
10.100 0.257426
11.100 0.260726
11.300 0.264026
11.600 0.267327
12.100 0.270627
12.400 0.273927
12.600 0.277228
12.900 0.283828
12.900 0.283828
13.700 0.287129
13.800 0.293729
13.800 0.293729
14.100 0.29703
14.200 0.30033
14.400 0.30363
14.600 0.310231
14.600 0.310231
15.000 0.313531
15.700 0.320132
15.700 0.320132
16.200 0.323432
16.300 0.326733
16.700 0.330033
17.100 0.333333
17.300 0.336634
18.100 0.339934
18.200 0.343234
18.300 0.346535
18.400 0.353135
18.400 0.353135
18.700 0.363036
18.700 0.363036
18.700 0.363036
18.900 0.369637
18.900 0.369637
19.500 0.372937
19.900 0.376238
20.000 0.379538
20.400 0.382838
20.500 0.386139
20.800 0.392739
20.800 0.392739
21.000 0.40264
21.000 0.40264
21.000 0.40264
21.200 0.405941
21.300 0.409241
21.500 0.419142
21.500 0.419142
21.500 0.419142
21.900 0.422442
22.100 0.425743
22.300 0.429043
22.400 0.432343
23.100 0.438944
23.100 0.438944
23.200 0.442244
23.800 0.448845
23.800 0.448845
23.900 0.452145
24.000 0.455446
24.100 0.458746
24.700 0.462046
24.900 0.468647
24.900 0.468647
25.100 0.471947
25.200 0.475248
25.900 0.481848
25.900 0.481848
26.000 0.485149
26.100 0.488449
27.100 0.491749
28.000 0.49505
28.100 0.49835
28.300 0.50165
29.800 0.50495
30.000 0.508251
30.100 0.514851
30.100 0.514851
30.300 0.518152
30.700 0.521452
31.200 0.524752
31.300 0.528053
31.900 0.531353
32.100 0.534653
32.400 0.537954
32.600 0.541254
32.700 0.544554
33.500 0.554455
33.500 0.554455
33.500 0.554455
33.800 0.561056
33.800 0.561056
34.500 0.567657
34.500 0.567657
34.600 0.570957
34.700 0.574257
35.000 0.577558
36.000 0.580858
36.400 0.587459
36.400 0.587459
36.800 0.594059
36.800 0.594059
37.100 0.59736
37.200 0.60396
37.200 0.60396
37.500 0.607261
37.600 0.610561
38.100 0.613861
38.200 0.617162
38.500 0.620462
39.100 0.627063
39.100 0.627063
39.800 0.630363
40.400 0.633663
40.700 0.640264
40.700 0.640264
40.800 0.643564
41.000 0.653465
41.000 0.653465
41.000 0.653465
41.200 0.656766
41.400 0.663366
41.400 0.663366
41.500 0.669967
41.500 0.669967
42.000 0.673267
42.400 0.676568
42.500 0.679868
43.200 0.683168
43.400 0.689769
43.400 0.689769
43.600 0.693069
43.800 0.69637
43.900 0.69967
44.100 0.70297
44.200 0.706271
44.500 0.709571
45.200 0.712871
45.300 0.716172
45.600 0.719472
45.700 0.726073
45.700 0.726073
45.800 0.729373
46.000 0.732673
46.300 0.735974
46.400 0.739274
46.600 0.742574
47.700 0.745875
48.300 0.749175
48.700 0.752475
49.200 0.755776
49.300 0.762376
49.300 0.762376
49.700 0.765677
49.800 0.768977
49.900 0.775578
49.900 0.775578
50.100 0.778878
50.200 0.788779
50.200 0.788779
50.200 0.788779
50.500 0.792079
50.600 0.79538
50.900 0.79868
51.500 0.80198
51.800 0.805281
51.900 0.808581
52.800 0.811881
53.400 0.815182
54.300 0.818482
54.600 0.825083
54.600 0.825083
54.700 0.828383
55.100 0.831683
55.200 0.834983
55.600 0.838284
56.300 0.841584
56.900 0.848185
56.900 0.848185
57.000 0.854785
57.000 0.854785
57.400 0.858086
58.100 0.861386
58.200 0.864686
58.900 0.867987
59.300 0.871287
59.500 0.877888
59.500 0.877888
60.100 0.881188
60.200 0.884488
60.700 0.887789
60.800 0.891089
61.000 0.894389
61.200 0.89769
62.100 0.90099
62.400 0.90429
62.900 0.907591
63.200 0.910891
64.000 0.914191
70.700 0.917492
71.500 0.920792
73.800 0.924092
84.400 0.927393
87.500 0.930693
89.400 0.933993
93.500 0.937294
118.300 0.940594
124.600 0.943894
131.200 0.947195
137.200 0.950495
147.900 0.953795
149.700 0.957096
191.400 0.960396
211.900 0.963696
250.400 0.966997
258.800 0.970297
382.000 0.973597
389.300 0.976898
421.000 0.980198
443.000 0.983498
825.800 0.986799
882.900 0.990099
901.800 0.993399
1183.900 0.9967
1622.200 1
