.0107 0.0031348
.0173 0.00626959
.025 0.00940439
.0287 0.0125392
.044 0.015674
.069 0.0188088
.0783 0.0219436
.0827 0.0250784
.086 0.031348
.086 0.031348
.0907 0.0344828
.0947 0.0376176
.095 0.0407524
.1057 0.0438871
.110 0.0470219
.118 0.0501567
.1193 0.0532915
.123 0.0564263
.140 0.0595611
.143 0.0626959
.144 0.0658307
.1473 0.0689655
.205 0.0721003
.2347 0.0752351
.273 0.0783699
.29133 0.0815047
.3167 0.0846395
.318 0.0877743
.3207 0.0909091
.350 0.0940439
.3593 0.0971787
.3703 0.100313
.3943 0.103448
.4067 0.106583
.4203 0.109718
.42833 0.112853
.5213 0.115987
.6597 0.119122
.685 0.122257
.686 0.125392
.698 0.128527
.7383 0.131661
.7397 0.134796
.7817 0.137931
.809 0.141066
.8227 0.144201
.8577 0.147335
.8997 0.15047
.911 0.153605
.935 0.15674
.9463 0.159875
1.0513 0.166144
1.0513 0.166144
1.052 0.169279
1.0687 0.172414
1.1247 0.175549
1.1573 0.178683
1.1787 0.181818
1.1893 0.184953
1.219 0.188088
1.436 0.191223
1.4667 0.194357
1.4743 0.197492
1.509 0.200627
1.5773 0.203762
1.689 0.206897
1.7833 0.210031
1.809 0.213166
1.8257 0.216301
1.85467 0.219436
1.8563 0.222571
1.8837 0.225705
1.9227 0.22884
1.9807 0.231975
2.071 0.23511
2.0877 0.238245
2.112 0.241379
2.158 0.244514
2.2777 0.247649
2.3247 0.250784
2.5103 0.253918
2.5253 0.257053
2.5357 0.260188
2.798 0.263323
2.885 0.266458
2.9327 0.269592
2.9763 0.272727
3.321 0.275862
3.3483 0.278997
3.402 0.282132
3.4137 0.285266
3.417 0.288401
3.6347 0.291536
3.7577 0.294671
3.7933 0.297806
3.859 0.30094
3.9613 0.304075
4.0293 0.30721
4.0393 0.310345
4.0563 0.31348
4.0863 0.316614
4.314 0.319749
4.356 0.322884
4.4537 0.326019
4.5303 0.329154
4.7063 0.332288
4.8713 0.335423
5.1203 0.338558
5.2107 0.341693
5.224 0.344828
5.4267 0.347962
5.5617 0.351097
5.5757 0.354232
5.726 0.357367
5.7657 0.360502
5.7983 0.363636
6.4283 0.366771
6.5793 0.369906
6.6733 0.373041
6.857 0.376176
7.099 0.37931
7.4357 0.382445
7.531 0.38558
7.629 0.388715
7.630 0.39185
7.7457 0.394984
7.758 0.398119
8.1363 0.401254
8.288 0.404389
8.321 0.407524
8.674 0.410658
9.1203 0.413793
9.334 0.416928
9.3377 0.420063
9.366 0.423197
9.375 0.426332
9.380 0.429467
9.4733 0.432602
9.512 0.435737
9.547 0.438871
9.5787 0.442006
9.587 0.445141
9.870 0.448276
9.9083 0.451411
10.2257 0.454545
10.3907 0.45768
10.4747 0.460815
10.6733 0.46395
10.7133 0.467085
10.748 0.470219
10.8077 0.473354
10.971 0.476489
11.075 0.479624
11.1313 0.482759
11.2547 0.485893
11.4243 0.489028
11.8517 0.492163
12.370 0.495298
12.388 0.498433
12.4433 0.501567
12.7307 0.504702
12.900 0.507837
13.0643 0.510972
13.160 0.514107
13.531 0.517241
13.5697 0.520376
13.6153 0.523511
13.683 0.526646
13.7083 0.529781
13.9887 0.532915
14.1087 0.53605
14.312 0.539185
14.5537 0.54232
14.8347 0.545455
14.893 0.548589
15.014 0.551724
15.0427 0.554859
15.1183 0.557994
15.1247 0.561129
15.355 0.564263
15.7827 0.567398
15.788 0.570533
16.140 0.573668
16.2117 0.576803
16.511 0.579937
16.6317 0.583072
16.793 0.586207
17.190 0.589342
17.198 0.592476
17.2587 0.595611
17.312 0.598746
17.473 0.601881
17.6207 0.605016
17.7607 0.60815
17.924 0.611285
18.056 0.61442
18.0907 0.617555
18.2373 0.62069
18.3353 0.623824
18.4467 0.626959
18.5137 0.630094
18.5327 0.633229
18.7137 0.636364
18.8717 0.639498
19.0327 0.642633
19.225 0.645768
19.232 0.648903
19.3007 0.652038
19.3597 0.655172
19.438 0.658307
19.903 0.661442
19.9333 0.664577
20.000 0.667712
20.1533 0.670846
20.215 0.673981
20.4993 0.677116
20.8643 0.680251
21.1353 0.683386
21.254 0.68652
21.3527 0.689655
21.356 0.69279
21.472 0.695925
21.5647 0.69906
21.5733 0.702194
21.8093 0.705329
22.0487 0.708464
22.1147 0.711599
22.487 0.714734
22.6207 0.717868
22.6287 0.721003
22.8043 0.724138
23.5703 0.727273
23.7993 0.730408
23.8097 0.733542
24.1137 0.736677
24.2207 0.739812
24.5023 0.742947
24.5947 0.746082
25.0383 0.749216
25.3103 0.752351
25.4813 0.755486
26.1423 0.758621
26.584 0.761755
27.1103 0.76489
27.4917 0.768025
27.7197 0.77116
27.793 0.774295
28.1613 0.777429
29.0657 0.780564
29.2503 0.783699
29.4407 0.786834
29.5477 0.789969
29.727 0.793103
30.0547 0.796238
30.4867 0.799373
30.9097 0.802508
31.152 0.805643
31.2747 0.808777
31.416 0.811912
31.660 0.815047
31.895 0.818182
32.871 0.821317
33.6623 0.824451
33.801 0.827586
34.2923 0.830721
34.9527 0.833856
35.330 0.836991
35.7273 0.840125
36.239 0.84326
36.5807 0.846395
37.051 0.84953
37.1373 0.852665
37.6423 0.855799
37.9677 0.858934
38.187 0.862069
39.1403 0.865204
39.518 0.868339
39.7973 0.871473
40.4987 0.874608
42.928 0.877743
43.8063 0.880878
44.389 0.884013
44.993 0.887147
45.657 0.890282
46.155 0.893417
49.4797 0.896552
52.872 0.899687
53.417 0.902821
53.744 0.905956
56.940 0.909091
57.388 0.912226
59.171 0.915361
64.749 0.918495
65.471 0.92163
67.036 0.924765
69.094 0.9279
83.056 0.931034
84.063 0.934169
88.9637 0.937304
89.244 0.940439
97.782 0.943574
106.834 0.946708
128.163 0.949843
151.4143 0.952978
197.5987 0.956113
225.084 0.959248
317.600 0.962382
363.498 0.965517
375.3577 0.968652
397.862 0.971787
406.453 0.974922
662.645 0.978056
926.4637 0.981191
1095.186 0.984326
1390.3217 0.987461
1663.013 0.990596
1697.5897 0.99373
2905.173 0.996865
10362.199 1
