 0.00332226
0 0.013289
0 0.013289
0 0.013289
.100 0.0166113
.200 0.0199336
.300 0.0232558
.400 0.0299003
.400 0.0299003
.500 0.0431894
.500 0.0431894
.500 0.0431894
.500 0.0431894
.600 0.0498339
.600 0.0498339
.900 0.0531561
1.000 0.0564784
1.100 0.0598007
1.200 0.0631229
1.500 0.0730897
1.500 0.0730897
1.500 0.0730897
1.600 0.0830565
1.600 0.0830565
1.600 0.0830565
1.800 0.0863787
2.000 0.0930233
2.000 0.0930233
2.300 0.0963455
2.400 0.10299
2.400 0.10299
2.500 0.106312
2.900 0.112957
2.900 0.112957
3.100 0.122924
3.100 0.122924
3.100 0.122924
3.400 0.126246
3.800 0.13289
3.800 0.13289
3.900 0.146179
3.900 0.146179
3.900 0.146179
3.900 0.146179
4.200 0.149502
4.600 0.156146
4.600 0.156146
4.800 0.162791
4.800 0.162791
5.200 0.166113
5.400 0.17608
5.400 0.17608
5.400 0.17608
5.800 0.179402
5.900 0.182724
6.000 0.186047
6.100 0.192691
6.100 0.192691
6.400 0.196013
6.800 0.20598
6.800 0.20598
6.800 0.20598
7.100 0.209302
7.200 0.212625
8.200 0.219269
8.200 0.219269
8.600 0.225914
8.600 0.225914
9.000 0.229236
9.200 0.232558
9.300 0.239203
9.300 0.239203
9.500 0.245847
9.500 0.245847
9.900 0.255814
9.900 0.255814
9.900 0.255814
10.100 0.262458
10.100 0.262458
10.700 0.265781
10.900 0.272425
10.900 0.272425
11.100 0.275748
11.400 0.27907
11.700 0.282392
11.900 0.285714
12.300 0.289037
12.400 0.292359
12.500 0.295681
12.700 0.302326
12.700 0.302326
13.400 0.305648
13.500 0.30897
14.300 0.312292
14.400 0.315615
14.600 0.322259
14.600 0.322259
14.700 0.325581
14.800 0.328904
15.200 0.332226
15.700 0.335548
15.800 0.33887
16.000 0.342193
16.300 0.345515
16.400 0.348837
16.500 0.352159
16.900 0.355482
17.100 0.358804
17.300 0.362126
17.900 0.365449
18.000 0.368771
18.200 0.372093
18.300 0.375415
18.800 0.378738
19.000 0.38206
19.100 0.388704
19.100 0.388704
19.500 0.392027
19.600 0.395349
20.000 0.398671
20.600 0.401993
20.800 0.405316
20.900 0.408638
21.000 0.415282
21.000 0.415282
21.100 0.418605
21.300 0.425249
21.300 0.425249
21.600 0.431894
21.600 0.431894
22.100 0.435216
22.200 0.438538
22.400 0.445183
22.400 0.445183
22.500 0.448505
22.700 0.451827
22.800 0.45515
23.000 0.458472
23.100 0.461794
23.700 0.465116
24.700 0.468439
24.800 0.475083
24.800 0.475083
24.900 0.478405
25.000 0.481728
25.500 0.48505
26.000 0.488372
26.500 0.491694
27.000 0.498339
27.000 0.498339
27.100 0.501661
27.300 0.504983
27.700 0.508306
28.000 0.511628
28.800 0.51495
29.700 0.518272
29.900 0.521595
30.000 0.528239
30.000 0.528239
30.100 0.531561
30.600 0.534884
31.000 0.538206
31.400 0.541528
31.700 0.548173
31.700 0.548173
32.200 0.551495
32.400 0.554817
32.600 0.561462
32.600 0.561462
33.100 0.564784
33.600 0.568106
34.000 0.571429
35.200 0.574751
35.300 0.581395
35.300 0.581395
35.400 0.58804
35.400 0.58804
35.600 0.591362
36.400 0.598007
36.400 0.598007
36.700 0.601329
37.700 0.604651
38.200 0.607973
38.500 0.611296
38.600 0.614618
39.000 0.61794
40.100 0.621262
40.200 0.624585
40.800 0.627907
41.000 0.631229
41.200 0.634551
41.500 0.637874
42.000 0.644518
42.000 0.644518
42.300 0.647841
42.500 0.657807
42.500 0.657807
42.500 0.657807
42.700 0.66113
42.800 0.664452
43.100 0.671096
43.100 0.671096
43.200 0.674419
43.300 0.677741
43.400 0.681063
43.500 0.684385
44.000 0.687708
44.100 0.694352
44.100 0.694352
44.200 0.697674
44.500 0.700997
44.600 0.704319
44.800 0.707641
45.100 0.710963
45.300 0.714286
45.500 0.717608
45.600 0.72093
45.700 0.724252
46.100 0.727575
46.200 0.730897
46.300 0.734219
46.500 0.740864
46.500 0.740864
46.800 0.744186
47.400 0.747508
48.600 0.750831
48.800 0.754153
48.900 0.757475
49.000 0.760797
49.100 0.76412
49.200 0.767442
49.300 0.770764
49.800 0.774086
49.900 0.777409
50.000 0.780731
50.100 0.784053
50.200 0.790698
50.200 0.790698
50.300 0.797342
50.300 0.797342
50.400 0.800664
51.100 0.807309
51.100 0.807309
51.300 0.810631
52.000 0.813953
53.500 0.817276
54.000 0.820598
54.200 0.82392
54.400 0.827243
54.700 0.830565
54.900 0.833887
55.200 0.837209
56.000 0.840532
56.100 0.843854
56.200 0.847176
56.600 0.850498
56.700 0.853821
57.100 0.860465
57.100 0.860465
57.200 0.863787
57.400 0.86711
57.800 0.877076
57.800 0.877076
57.800 0.877076
57.900 0.880399
58.700 0.883721
59.000 0.887043
59.200 0.890365
59.700 0.893688
59.800 0.89701
60.100 0.900332
61.300 0.903654
61.400 0.906977
61.700 0.910299
61.800 0.913621
62.300 0.916944
62.500 0.920266
68.200 0.923588
68.600 0.92691
72.700 0.930233
73.700 0.933555
82.800 0.936877
98.700 0.940199
102.000 0.943522
105.600 0.946844
107.900 0.950166
137.000 0.953488
148.000 0.956811
150.200 0.960133
157.600 0.963455
160.300 0.966777
170.700 0.9701
175.300 0.973422
483.300 0.976744
558.000 0.980066
718.100 0.983389
979.200 0.986711
1031.200 0.990033
1193.800 0.993355
1264.900 0.996678
2360.200 1
