.100 0.0025974
.400 0.012987
.400 0.012987
.400 0.012987
.400 0.012987
.600 0.0207792
.600 0.0207792
.600 0.0207792
.700 0.025974
.700 0.025974
.800 0.0285714
.900 0.038961
.900 0.038961
.900 0.038961
.900 0.038961
1.100 0.0415584
1.400 0.0441558
1.500 0.0467532
1.600 0.0493506
1.700 0.0519481
1.800 0.0571429
1.800 0.0571429
2.000 0.0649351
2.000 0.0649351
2.000 0.0649351
2.100 0.0701299
2.100 0.0701299
2.200 0.0727273
2.300 0.0753247
2.400 0.0805195
2.400 0.0805195
2.500 0.0831169
2.700 0.0857143
2.800 0.0909091
2.800 0.0909091
2.900 0.0935065
3.000 0.0961039
3.200 0.0987013
3.300 0.103896
3.300 0.103896
3.500 0.106494
3.600 0.109091
3.900 0.111688
4.100 0.114286
4.200 0.116883
4.300 0.119481
4.600 0.122078
4.700 0.124675
5.000 0.127273
5.300 0.12987
5.400 0.132468
5.600 0.137662
5.600 0.137662
5.900 0.145455
5.900 0.145455
5.900 0.145455
6.000 0.148052
6.100 0.150649
6.600 0.155844
6.600 0.155844
6.700 0.158442
6.800 0.163636
6.800 0.163636
6.900 0.166234
7.100 0.168831
7.700 0.174026
7.700 0.174026
8.100 0.179221
8.100 0.179221
8.200 0.181818
8.400 0.184416
8.600 0.187013
9.000 0.18961
9.300 0.192208
9.600 0.194805
9.700 0.197403
9.800 0.2
10.100 0.205195
10.100 0.205195
11.000 0.207792
11.200 0.21039
11.700 0.215584
11.700 0.215584
12.200 0.218182
12.400 0.220779
12.500 0.223377
13.100 0.225974
13.800 0.233766
13.800 0.233766
13.800 0.233766
13.900 0.238961
13.900 0.238961
14.200 0.241558
14.500 0.244156
14.600 0.246753
14.700 0.249351
15.700 0.254545
15.700 0.254545
15.800 0.257143
16.100 0.25974
16.300 0.262338
16.900 0.267532
16.900 0.267532
17.200 0.27013
18.200 0.272727
18.300 0.277922
18.300 0.277922
18.400 0.280519
18.500 0.288312
18.500 0.288312
18.500 0.288312
18.600 0.290909
18.700 0.298701
18.700 0.298701
18.700 0.298701
19.000 0.301299
19.600 0.303896
19.900 0.306494
20.100 0.309091
20.400 0.311688
20.600 0.314286
20.900 0.316883
21.000 0.322078
21.000 0.322078
21.100 0.324675
21.300 0.32987
21.300 0.32987
21.400 0.332468
21.500 0.337662
21.500 0.337662
22.000 0.342857
22.000 0.342857
22.100 0.345455
22.500 0.350649
22.500 0.350649
22.900 0.353247
23.000 0.355844
23.900 0.361039
23.900 0.361039
24.000 0.366234
24.000 0.366234
24.200 0.368831
24.600 0.371429
24.800 0.374026
25.000 0.376623
25.100 0.379221
25.200 0.381818
26.000 0.387013
26.000 0.387013
26.100 0.38961
27.000 0.392208
28.100 0.397403
28.100 0.397403
28.200 0.4
29.000 0.402597
30.100 0.407792
30.100 0.407792
30.200 0.412987
30.200 0.412987
30.400 0.415584
30.700 0.418182
31.300 0.423377
31.300 0.423377
32.000 0.425974
32.200 0.428571
32.300 0.431169
32.500 0.433766
32.600 0.436364
32.900 0.438961
33.400 0.441558
33.600 0.444156
33.700 0.446753
33.900 0.449351
34.200 0.451948
34.600 0.457143
34.600 0.457143
34.700 0.462338
34.700 0.462338
35.100 0.464935
36.000 0.467532
36.400 0.47013
36.500 0.472727
36.800 0.475325
36.900 0.477922
37.200 0.480519
37.300 0.485714
37.300 0.485714
37.500 0.488312
37.700 0.490909
38.100 0.493506
38.200 0.496104
38.500 0.498701
39.200 0.503896
39.200 0.503896
39.900 0.506494
40.500 0.509091
40.800 0.514286
40.800 0.514286
40.900 0.516883
41.000 0.524675
41.000 0.524675
41.000 0.524675
41.200 0.527273
41.300 0.52987
41.500 0.535065
41.500 0.535065
41.600 0.537662
42.100 0.54026
42.500 0.542857
42.600 0.545455
43.100 0.548052
43.400 0.550649
43.500 0.553247
43.600 0.555844
43.700 0.558442
43.800 0.561039
44.100 0.563636
44.300 0.566234
44.600 0.568831
44.700 0.571429
44.800 0.574026
45.400 0.576623
45.700 0.584416
45.700 0.584416
45.700 0.584416
45.800 0.587013
46.000 0.58961
46.300 0.592208
46.400 0.594805
46.700 0.597403
47.700 0.6
48.300 0.602597
48.700 0.605195
49.200 0.607792
49.400 0.612987
49.400 0.612987
49.800 0.618182
49.800 0.618182
49.900 0.623377
49.900 0.623377
50.000 0.625974
50.100 0.628571
50.300 0.633766
50.300 0.633766
50.500 0.636364
50.600 0.638961
51.600 0.641558
51.800 0.644156
51.900 0.646753
52.900 0.649351
53.400 0.651948
54.400 0.654545
54.600 0.657143
54.700 0.65974
55.100 0.662338
55.200 0.664935
55.400 0.667532
55.700 0.67013
56.300 0.672727
56.900 0.675325
57.000 0.683117
57.000 0.683117
57.000 0.683117
57.500 0.685714
58.100 0.688312
58.200 0.690909
58.400 0.693506
59.000 0.696104
59.300 0.701299
59.300 0.701299
60.200 0.706494
60.200 0.706494
60.800 0.711688
60.800 0.711688
61.100 0.714286
61.300 0.716883
61.800 0.719481
62.200 0.722078
62.300 0.724675
63.200 0.727273
63.300 0.72987
67.000 0.732468
69.300 0.735065
71.500 0.737662
73.500 0.74026
82.400 0.742857
84.000 0.745455
87.900 0.748052
88.100 0.750649
111.000 0.753247
124.200 0.755844
129.000 0.758442
131.800 0.761039
136.800 0.763636
139.100 0.766234
145.000 0.768831
147.600 0.771429
194.200 0.774026
204.900 0.776623
207.600 0.779221
212.200 0.781818
217.500 0.784416
239.100 0.787013
301.300 0.78961
323.800 0.792208
328.400 0.794805
328.800 0.797403
341.900 0.8
367.900 0.802597
373.500 0.805195
391.300 0.807792
414.000 0.81039
518.400 0.812987
530.000 0.815584
539.500 0.818182
643.400 0.820779
774.300 0.823377
879.700 0.825974
880.900 0.828571
998.800 0.831169
1172.700 0.833766
1241.500 0.836364
1312.900 0.838961
1430.100 0.841558
1434.000 0.844156
1588.000 0.846753
1635.000 0.849351
1975.700 0.851948
2050.500 0.854545
2193.400 0.857143
2198.400 0.85974
2621.600 0.862338
2778.100 0.864935
2994.700 0.867532
3426.600 0.87013
3596.000 0.872727
4081.200 0.875325
4296.700 0.877922
6629.700 0.880519
7408.900 0.883117
7537.100 0.885714
7791.500 0.888312
7918.800 0.890909
7964.500 0.893506
9419.100 0.896104
10046.800 0.898701
10213.200 0.901299
10402.500 0.903896
11901.800 0.906494
12401.200 0.909091
14575.600 0.911688
15142.800 0.914286
16524.300 0.916883
27559.000 0.919481
29052.100 0.922078
30552.800 0.924675
31708.500 0.927273
39502.000 0.92987
44689.000 0.932468
51006.100 0.935065
72415.000 0.937662
120352.500 0.94026
142355.900 0.942857
158414.000 0.945455
179724.300 0.948052
202079.000 0.950649
331389.300 0.953247
364852.500 0.955844
468239.600 0.958442
522035.500 0.961039
532022.400 0.963636
630649.500 0.966234
1208700.400 0.968831
1437370.400 0.971429
1624764.500 0.974026
1752160.800 0.976623
2372775.500 0.979221
3033326.800 0.981818
3116512.300 0.984416
4105627.900 0.987013
11542178.000 0.98961
16025787.100 0.992208
94324456.800 0.994805
6154460063.800 0.997403
58927852403.700 1
