.008 0.0025974
.0093 0.00519481
.01833 0.00779221
.024 0.0103896
.0603 0.012987
.073 0.0155844
.0747 0.0181818
.084 0.0207792
.097 0.0233766
.1187 0.025974
.1227 0.0285714
.128 0.0311688
.1437 0.0337662
.1567 0.0363636
.181 0.038961
.202 0.0415584
.214 0.0441558
.2283 0.0467532
.23733 0.0493506
.240 0.0519481
.2677 0.0545455
.2803 0.0571429
.342 0.0597403
.3683 0.0623377
.3693 0.0649351
.3873 0.0675325
.3953 0.0701299
.426 0.0727273
.454 0.0753247
.4593 0.0779221
.481 0.0805195
.638 0.0831169
.6653 0.0857143
.7503 0.0883117
.7593 0.0909091
.7667 0.0935065
.7687 0.0961039
.8057 0.0987013
.819 0.101299
.886 0.103896
.9143 0.106494
.9163 0.109091
1.008 0.111688
1.0223 0.114286
1.0793 0.116883
1.130 0.119481
1.2777 0.122078
1.3233 0.124675
1.3237 0.127273
1.3363 0.12987
1.348 0.132468
1.369 0.135065
1.3703 0.137662
1.4667 0.14026
1.4683 0.142857
1.498 0.145455
1.696 0.148052
1.7083 0.150649
1.778 0.153247
1.841 0.155844
1.84167 0.158442
1.8577 0.161039
1.8993 0.163636
1.9233 0.166234
1.9907 0.168831
2.0767 0.171429
2.1927 0.174026
2.311 0.176623
2.328 0.179221
2.3863 0.181818
2.3933 0.184416
2.4963 0.187013
2.674 0.18961
2.786 0.192208
2.9047 0.194805
2.9073 0.197403
2.9353 0.2
3.0573 0.202597
3.154 0.205195
3.314 0.207792
3.3457 0.21039
3.3527 0.212987
3.4617 0.215584
3.561 0.218182
3.5703 0.220779
3.5913 0.223377
3.7003 0.225974
3.844 0.228571
3.853 0.231169
4.4213 0.233766
4.4247 0.236364
4.4313 0.238961
4.5063 0.241558
4.5153 0.244156
4.5213 0.246753
4.6103 0.249351
4.6267 0.251948
4.639 0.254545
4.851 0.257143
4.9437 0.25974
5.214 0.262338
5.4007 0.264935
5.4287 0.267532
5.4407 0.27013
5.5197 0.272727
5.6997 0.275325
5.8447 0.277922
5.8557 0.280519
5.8633 0.283117
5.944 0.285714
6.011 0.288312
6.2387 0.290909
6.2913 0.293506
6.5287 0.296104
6.6997 0.298701
7.005 0.301299
7.015 0.303896
7.1797 0.306494
7.3023 0.309091
7.315 0.311688
7.3647 0.314286
7.486 0.316883
7.5857 0.319481
7.876 0.322078
7.9343 0.324675
8.0753 0.327273
8.2773 0.32987
8.407 0.332468
8.6143 0.335065
8.719 0.337662
8.932 0.34026
8.9607 0.342857
9.323 0.345455
9.5163 0.348052
9.5567 0.350649
9.6443 0.353247
9.816 0.355844
9.8853 0.358442
10.034 0.361039
10.2817 0.363636
10.584 0.366234
10.6073 0.368831
10.609 0.371429
10.685 0.374026
10.9177 0.376623
11.3773 0.379221
11.6607 0.381818
11.769 0.384416
11.7817 0.387013
11.8187 0.38961
11.952 0.392208
11.959 0.394805
12.100 0.397403
12.3033 0.4
12.3387 0.402597
12.625 0.405195
12.6717 0.407792
12.826 0.41039
12.9207 0.412987
13.132 0.415584
13.549 0.418182
13.5633 0.420779
13.7303 0.423377
13.734 0.425974
13.7957 0.428571
13.9207 0.431169
14.262 0.433766
14.3247 0.436364
14.5217 0.438961
14.522 0.441558
14.6507 0.444156
14.700 0.446753
14.803 0.449351
15.0113 0.451948
15.223 0.454545
15.4287 0.457143
15.742 0.45974
16.1253 0.462338
16.3077 0.464935
16.3687 0.467532
16.9127 0.47013
16.964 0.472727
17.098 0.475325
17.1867 0.477922
17.234 0.480519
17.4697 0.483117
17.4763 0.485714
17.5653 0.488312
17.9497 0.490909
18.358 0.493506
18.511 0.496104
18.7853 0.498701
18.9127 0.501299
19.0117 0.503896
19.074 0.506494
19.3333 0.509091
19.343 0.511688
19.7123 0.514286
19.783 0.516883
19.8363 0.519481
19.876 0.522078
19.9777 0.524675
20.6643 0.527273
20.805 0.52987
21.0217 0.532468
21.0867 0.535065
21.1283 0.537662
21.134 0.54026
21.3413 0.542857
21.650 0.545455
21.729 0.548052
21.8733 0.550649
21.9237 0.553247
21.9887 0.555844
22.015 0.558442
22.1247 0.561039
22.326 0.563636
22.6133 0.566234
22.9317 0.568831
23.0347 0.571429
23.0903 0.574026
23.141 0.576623
23.2387 0.579221
23.3863 0.581818
23.6427 0.584416
23.8503 0.587013
24.0853 0.58961
24.122 0.592208
24.303 0.594805
24.555 0.597403
24.7783 0.6
24.8143 0.602597
24.8303 0.605195
24.8633 0.607792
24.992 0.61039
25.185 0.612987
25.3473 0.615584
25.921 0.618182
26.3313 0.620779
26.8227 0.623377
26.983 0.625974
27.1503 0.628571
27.283 0.631169
27.8267 0.633766
27.9097 0.636364
28.3593 0.638961
28.4387 0.641558
28.7123 0.644156
28.7837 0.646753
29.195 0.649351
29.445 0.651948
29.8137 0.654545
29.980 0.657143
30.1927 0.65974
30.304 0.662338
31.077 0.664935
31.1303 0.667532
31.2927 0.67013
33.1797 0.672727
33.8233 0.675325
33.8693 0.677922
34.8683 0.680519
35.5463 0.683117
36.067 0.685714
36.0927 0.688312
36.169 0.690909
36.7657 0.693506
38.214 0.696104
38.959 0.698701
39.8503 0.701299
40.704 0.703896
41.7847 0.706494
43.6737 0.709091
44.417 0.711688
44.632 0.714286
44.657 0.716883
47.0527 0.719481
51.0453 0.722078
53.4837 0.724675
54.9047 0.727273
55.420 0.72987
55.921 0.732468
61.937 0.735065
61.982 0.737662
64.430 0.74026
72.358 0.742857
73.5217 0.745455
76.3173 0.748052
77.443 0.750649
80.964 0.753247
81.6163 0.755844
114.651 0.758442
117.457 0.761039
127.9147 0.763636
143.856 0.766234
146.391 0.768831
163.201 0.771429
168.236 0.774026
169.617 0.776623
188.793 0.779221
216.917 0.781818
221.268 0.784416
226.965 0.787013
232.163 0.78961
232.338 0.792208
294.2427 0.794805
295.2607 0.797403
299.050 0.8
320.387 0.802597
332.385 0.805195
333.2827 0.807792
386.824 0.81039
393.9183 0.812987
451.317 0.815584
466.5087 0.818182
475.432 0.820779
557.980 0.823377
631.5847 0.825974
657.591 0.828571
811.1843 0.831169
935.595 0.833766
1030.183 0.836364
1215.845 0.838961
1278.6577 0.841558
1396.398 0.844156
1720.577 0.846753
1852.3357 0.849351
2097.1247 0.851948
2127.536 0.854545
2255.733 0.857143
2527.1447 0.85974
2975.581 0.862338
2982.7237 0.864935
3276.232 0.867532
3360.732 0.87013
3410.509 0.872727
3600.695 0.875325
3784.417 0.877922
4645.112 0.880519
5388.523 0.883117
6340.648 0.885714
6629.4577 0.888312
7078.1637 0.890909
8474.916 0.893506
10859.786 0.896104
11688.460 0.898701
13204.341 0.901299
18092.590 0.903896
18997.542 0.906494
19439.113 0.909091
23418.037 0.911688
24591.604 0.914286
27943.395 0.916883
28120.376 0.919481
31922.029 0.922078
33329.803 0.924675
33807.969 0.927273
51232.435 0.92987
57136.945 0.932468
66357.656 0.935065
95470.779 0.937662
97589.808 0.94026
188857.010 0.942857
189022.4077 0.945455
214064.657 0.948052
236708.446 0.950649
258876.345 0.953247
258998.889 0.955844
506823.692 0.958442
766647.109 0.961039
1260783.776 0.963636
1505493.259 0.966234
1693352.249 0.968831
2454917.504 0.971429
2922538.345 0.974026
3566458.582 0.976623
5273941.917 0.979221
7104116.194 0.981818
8862326.319 0.984416
13256304.760 0.987013
341767839.091 0.98961
991104906.718 0.992208
35053346059.975 0.994805
37751908714.796 0.997403
1492345126059053.991 1
