 0.00647249
 0.00647249
0 0.012945
0 0.012945
.200 0.0194175
.200 0.0194175
.300 0.02589
.300 0.02589
.400 0.038835
.400 0.038835
.400 0.038835
.400 0.038835
.600 0.0485437
.600 0.0485437
.600 0.0485437
.700 0.0550162
.700 0.0550162
.800 0.0582524
1.000 0.0614887
1.200 0.0647249
1.300 0.0679612
1.500 0.0744337
1.500 0.0744337
1.600 0.0841424
1.600 0.0841424
1.600 0.0841424
1.700 0.0906149
1.700 0.0906149
1.800 0.100324
1.800 0.100324
1.800 0.100324
2.100 0.106796
2.100 0.106796
2.400 0.110032
2.700 0.116505
2.700 0.116505
2.800 0.119741
3.000 0.122977
3.400 0.126214
3.500 0.12945
3.700 0.135922
3.700 0.135922
3.900 0.142395
3.900 0.142395
4.000 0.148867
4.000 0.148867
4.100 0.152104
4.200 0.15534
4.700 0.158576
5.100 0.161812
5.200 0.168285
5.200 0.168285
5.300 0.171521
5.500 0.174757
5.600 0.184466
5.600 0.184466
5.600 0.184466
5.700 0.187702
5.800 0.190939
6.000 0.194175
6.300 0.197411
6.400 0.203883
6.400 0.203883
6.500 0.20712
6.900 0.210356
7.200 0.220065
7.200 0.220065
7.200 0.220065
7.300 0.226537
7.300 0.226537
7.500 0.229773
7.600 0.23301
7.700 0.236246
7.800 0.239482
7.900 0.242718
8.100 0.245955
8.200 0.249191
8.400 0.252427
8.600 0.255663
9.000 0.2589
9.100 0.262136
9.200 0.265372
9.300 0.271845
9.300 0.271845
9.600 0.275081
9.900 0.278317
10.200 0.281553
10.600 0.28479
10.800 0.288026
10.900 0.291262
11.000 0.294498
12.000 0.297735
12.200 0.300971
12.400 0.304207
12.600 0.307443
12.700 0.31068
13.100 0.317152
13.100 0.317152
13.500 0.320388
13.600 0.323625
14.000 0.326861
14.100 0.330097
14.300 0.333333
14.500 0.33657
14.700 0.339806
15.000 0.346278
15.000 0.346278
15.400 0.349515
15.900 0.355987
15.900 0.355987
16.400 0.359223
16.600 0.36246
17.100 0.368932
17.100 0.368932
17.200 0.372168
17.400 0.375405
17.800 0.378641
18.000 0.381877
18.100 0.385113
18.300 0.38835
18.400 0.391586
18.500 0.398058
18.500 0.398058
18.600 0.401294
19.000 0.407767
19.000 0.407767
19.100 0.411003
19.400 0.414239
19.600 0.420712
19.600 0.420712
20.100 0.423948
20.400 0.427184
20.600 0.430421
20.900 0.433657
21.100 0.436893
21.200 0.440129
21.300 0.443366
21.400 0.446602
21.700 0.449838
22.000 0.453074
22.100 0.456311
23.200 0.459547
23.500 0.469256
23.500 0.469256
23.500 0.469256
23.800 0.472492
24.100 0.475728
25.000 0.478964
25.100 0.482201
25.200 0.485437
25.500 0.488673
26.000 0.491909
26.400 0.495146
27.400 0.498382
27.500 0.501618
27.600 0.508091
27.600 0.508091
27.800 0.511327
29.000 0.517799
29.000 0.517799
29.100 0.521036
30.400 0.524272
30.500 0.527508
30.800 0.533981
30.800 0.533981
31.300 0.537217
32.100 0.540453
32.300 0.543689
32.500 0.546926
32.800 0.553398
32.800 0.553398
33.300 0.556634
34.200 0.559871
34.600 0.563107
35.100 0.566343
35.600 0.569579
35.700 0.572816
35.900 0.576052
36.300 0.579288
36.500 0.582524
36.600 0.585761
36.800 0.588997
36.900 0.592233
37.000 0.595469
37.100 0.598706
37.300 0.601942
37.500 0.605178
37.700 0.608414
38.200 0.61165
38.300 0.614887
38.700 0.618123
39.000 0.621359
39.300 0.624595
39.600 0.627832
39.800 0.631068
41.000 0.634304
41.200 0.640777
41.200 0.640777
41.400 0.644013
41.900 0.647249
42.200 0.653722
42.200 0.653722
42.300 0.656958
42.400 0.660194
42.600 0.66343
42.700 0.666667
42.900 0.669903
43.000 0.673139
43.100 0.676375
43.300 0.682848
43.300 0.682848
43.800 0.68932
43.800 0.68932
43.900 0.695793
43.900 0.695793
44.100 0.699029
44.300 0.708738
44.300 0.708738
44.300 0.708738
44.700 0.718447
44.700 0.718447
44.700 0.718447
44.800 0.721683
45.100 0.724919
45.700 0.728155
45.800 0.731392
45.900 0.734628
46.000 0.7411
46.000 0.7411
46.200 0.744337
46.500 0.747573
46.700 0.750809
47.000 0.754045
47.200 0.757282
47.500 0.760518
47.700 0.76699
47.700 0.76699
47.800 0.773463
47.800 0.773463
48.000 0.776699
48.200 0.779935
48.900 0.783172
49.200 0.786408
49.400 0.79288
49.400 0.79288
49.700 0.796117
50.100 0.805825
50.100 0.805825
50.100 0.805825
50.300 0.812298
50.300 0.812298
50.600 0.815534
50.800 0.81877
51.200 0.822006
51.300 0.825243
51.600 0.828479
51.800 0.831715
52.300 0.834951
53.800 0.838188
53.900 0.841424
54.300 0.84466
55.000 0.847896
55.100 0.851133
55.600 0.854369
55.700 0.857605
55.800 0.860841
56.100 0.864078
56.300 0.867314
56.900 0.87055
57.200 0.873786
57.300 0.877023
57.400 0.880259
58.000 0.883495
58.100 0.886731
58.700 0.889968
59.100 0.893204
59.200 0.89644
59.700 0.899676
59.900 0.902913
60.100 0.906149
60.700 0.909385
61.100 0.912621
61.600 0.915858
62.400 0.919094
62.500 0.925566
62.500 0.925566
62.800 0.928803
72.300 0.932039
73.500 0.935275
91.500 0.938511
104.600 0.941748
116.700 0.944984
118.100 0.94822
128.000 0.951456
146.100 0.954693
149.800 0.957929
152.700 0.961165
155.500 0.964401
170.200 0.967638
181.900 0.970874
201.700 0.97411
346.200 0.977346
472.800 0.980583
481.200 0.983819
554.500 0.987055
635.500 0.990291
695.000 0.993528
1090.200 0.996764
2414.500 1
