.100 0.0103896
.100 0.0103896
.100 0.0103896
.100 0.0103896
.300 0.0181818
.300 0.0181818
.300 0.0181818
.400 0.0207792
.500 0.0233766
.600 0.025974
.700 0.0337662
.700 0.0337662
.700 0.0337662
.800 0.0415584
.800 0.0415584
.800 0.0415584
1.100 0.0441558
1.200 0.0493506
1.200 0.0493506
1.500 0.0571429
1.500 0.0571429
1.500 0.0571429
1.600 0.0675325
1.600 0.0675325
1.600 0.0675325
1.600 0.0675325
1.700 0.0753247
1.700 0.0753247
1.700 0.0753247
1.900 0.0779221
2.000 0.0805195
2.400 0.0831169
2.600 0.0883117
2.600 0.0883117
2.800 0.0909091
2.900 0.0935065
3.000 0.0961039
3.300 0.0987013
3.700 0.103896
3.700 0.103896
3.800 0.109091
3.800 0.109091
3.900 0.114286
3.900 0.114286
4.000 0.116883
4.100 0.119481
4.300 0.122078
4.700 0.124675
5.000 0.127273
5.100 0.12987
5.300 0.135065
5.300 0.135065
5.500 0.14026
5.500 0.14026
5.600 0.145455
5.600 0.145455
5.700 0.148052
5.800 0.150649
5.900 0.153247
6.100 0.155844
6.300 0.161039
6.300 0.161039
6.600 0.163636
6.800 0.166234
7.200 0.171429
7.200 0.171429
7.300 0.174026
7.400 0.176623
7.500 0.181818
7.500 0.181818
7.600 0.184416
7.700 0.192208
7.700 0.192208
7.700 0.192208
7.800 0.194805
8.300 0.197403
8.600 0.2
8.700 0.202597
8.800 0.21039
8.800 0.21039
8.800 0.21039
9.000 0.212987
9.300 0.218182
9.300 0.218182
9.400 0.220779
9.600 0.223377
9.900 0.225974
10.100 0.228571
10.400 0.231169
10.500 0.233766
10.700 0.236364
11.000 0.238961
11.200 0.241558
11.900 0.244156
12.200 0.251948
12.200 0.251948
12.200 0.251948
12.900 0.254545
13.200 0.257143
13.300 0.25974
13.800 0.262338
14.000 0.264935
14.200 0.267532
14.400 0.27013
14.700 0.272727
15.100 0.275325
15.500 0.277922
15.700 0.280519
16.000 0.283117
16.300 0.285714
16.600 0.288312
17.100 0.290909
17.200 0.293506
17.400 0.296104
17.500 0.301299
17.500 0.301299
17.900 0.303896
18.100 0.306494
18.300 0.309091
18.500 0.316883
18.500 0.316883
18.500 0.316883
18.800 0.319481
19.000 0.322078
19.100 0.324675
19.200 0.327273
19.300 0.32987
19.400 0.332468
19.700 0.337662
19.700 0.337662
20.200 0.34026
20.400 0.342857
20.700 0.345455
20.900 0.348052
21.200 0.353247
21.200 0.353247
21.300 0.355844
21.400 0.358442
21.800 0.363636
21.800 0.363636
22.100 0.366234
22.200 0.368831
23.100 0.371429
23.300 0.374026
23.600 0.379221
23.600 0.379221
23.700 0.381818
23.800 0.384416
24.300 0.387013
25.100 0.38961
25.200 0.394805
25.200 0.394805
25.600 0.397403
26.000 0.4
26.400 0.405195
26.400 0.405195
26.700 0.407792
27.500 0.412987
27.500 0.412987
27.700 0.418182
27.700 0.418182
28.700 0.420779
28.800 0.423377
30.500 0.428571
30.500 0.428571
30.900 0.433766
30.900 0.433766
31.300 0.436364
31.400 0.438961
32.200 0.441558
32.400 0.444156
32.600 0.446753
32.900 0.449351
33.300 0.451948
33.700 0.454545
34.200 0.457143
34.300 0.45974
34.600 0.462338
35.100 0.464935
35.600 0.467532
35.800 0.47013
36.000 0.472727
36.400 0.475325
36.600 0.477922
36.700 0.480519
36.900 0.483117
37.000 0.485714
37.100 0.488312
37.200 0.490909
37.300 0.493506
37.600 0.496104
37.700 0.498701
38.300 0.501299
38.400 0.503896
39.100 0.509091
39.100 0.509091
39.600 0.511688
39.800 0.514286
39.900 0.516883
40.700 0.519481
41.200 0.522078
41.300 0.527273
41.300 0.527273
41.900 0.52987
42.300 0.535065
42.300 0.535065
42.600 0.537662
42.800 0.54026
42.900 0.542857
43.000 0.545455
43.200 0.548052
43.300 0.550649
43.500 0.553247
43.700 0.555844
43.800 0.558442
43.900 0.561039
44.000 0.566234
44.000 0.566234
44.200 0.568831
44.300 0.571429
44.400 0.576623
44.400 0.576623
44.700 0.581818
44.700 0.581818
44.800 0.587013
44.800 0.587013
45.200 0.58961
45.800 0.592208
45.900 0.594805
46.000 0.6
46.000 0.6
46.200 0.602597
46.500 0.605195
46.700 0.607792
47.100 0.61039
47.300 0.612987
47.400 0.615584
47.500 0.618182
47.700 0.620779
47.800 0.625974
47.800 0.625974
48.100 0.628571
48.300 0.631169
49.000 0.633766
49.200 0.636364
49.500 0.641558
49.500 0.641558
49.700 0.644156
50.100 0.646753
50.200 0.651948
50.200 0.651948
50.300 0.654545
50.400 0.657143
50.600 0.65974
50.900 0.662338
51.000 0.664935
51.300 0.667532
51.700 0.67013
51.900 0.672727
52.300 0.675325
53.400 0.677922
53.900 0.683117
53.900 0.683117
54.300 0.685714
55.100 0.688312
55.200 0.690909
55.600 0.693506
55.700 0.696104
55.900 0.698701
56.200 0.701299
56.300 0.703896
57.000 0.706494
57.300 0.711688
57.300 0.711688
57.400 0.714286
58.100 0.716883
58.200 0.719481
58.700 0.722078
59.100 0.724675
59.200 0.727273
59.700 0.72987
59.900 0.732468
60.100 0.735065
60.700 0.737662
61.100 0.74026
61.600 0.742857
62.400 0.745455
62.500 0.750649
62.500 0.750649
62.800 0.753247
71.600 0.755844
86.400 0.758442
91.000 0.761039
102.500 0.763636
112.600 0.766234
113.500 0.768831
122.000 0.771429
127.200 0.774026
147.300 0.776623
150.400 0.779221
156.100 0.781818
170.900 0.784416
183.200 0.787013
185.400 0.78961
189.500 0.792208
191.000 0.794805
193.400 0.797403
197.400 0.8
209.200 0.802597
235.400 0.805195
254.000 0.807792
298.500 0.81039
322.200 0.812987
330.700 0.815584
351.300 0.818182
357.900 0.820779
370.900 0.823377
382.600 0.825974
414.200 0.828571
536.500 0.831169
588.600 0.833766
666.800 0.836364
701.200 0.838961
719.400 0.841558
775.500 0.844156
818.500 0.846753
911.200 0.849351
927.900 0.851948
942.400 0.854545
944.900 0.857143
1007.500 0.85974
1035.600 0.862338
1160.400 0.864935
1465.500 0.867532
1553.800 0.87013
1820.900 0.872727
2043.800 0.875325
2285.400 0.877922
2314.300 0.880519
2549.400 0.883117
2592.400 0.885714
2717.000 0.888312
2819.400 0.890909
3229.800 0.893506
4025.800 0.896104
4856.500 0.898701
5240.200 0.901299
5300.200 0.903896
5611.700 0.906494
6491.400 0.909091
6514.600 0.911688
6673.000 0.914286
6780.900 0.916883
7800.900 0.919481
7931.100 0.922078
8333.900 0.924675
8660.600 0.927273
9070.000 0.92987
12130.300 0.932468
14191.200 0.935065
17026.200 0.937662
17104.500 0.94026
17864.300 0.942857
18775.200 0.945455
24761.500 0.948052
29561.000 0.950649
30784.800 0.953247
52911.000 0.955844
77675.300 0.958442
87000.800 0.961039
88298.300 0.963636
183534.200 0.966234
239919.900 0.968831
301175.000 0.971429
396392.100 0.974026
565606.100 0.976623
656559.200 0.979221
1103656.800 0.981818
2991984.100 0.984416
3709706.300 0.987013
16815868.900 0.98961
525704919.600 0.992208
794657090.900 0.994805
1074740596.500 0.997403
604897573254707.500 1
