.006 0.0025974
.0127 0.00519481
.0293 0.00779221
.070 0.0103896
.0993 0.012987
.1123 0.0155844
.1183 0.0181818
.1187 0.0207792
.123 0.0233766
.125 0.025974
.128 0.0285714
.174 0.0311688
.181 0.0337662
.194 0.0363636
.1987 0.038961
.215 0.0415584
.263 0.0441558
.291 0.0467532
.2973 0.0493506
.306 0.0519481
.3087 0.0545455
.3143 0.0571429
.3293 0.0597403
.3343 0.0623377
.3577 0.0649351
.3603 0.0675325
.3673 0.0701299
.374 0.0727273
.38633 0.0753247
.392 0.0779221
.3973 0.0805195
.402 0.0831169
.4147 0.0857143
.441 0.0883117
.466 0.0909091
.48333 0.0935065
.5143 0.0961039
.5527 0.0987013
.6663 0.101299
.6693 0.103896
.7723 0.106494
.8903 0.109091
.946 0.111688
1.0237 0.114286
1.031 0.116883
1.0453 0.119481
1.060 0.122078
1.0637 0.124675
1.0713 0.127273
1.160 0.12987
1.2203 0.132468
1.2323 0.135065
1.377 0.137662
1.4207 0.14026
1.447 0.142857
1.4613 0.145455
1.4793 0.148052
1.499 0.150649
1.5343 0.153247
1.5693 0.155844
1.5833 0.158442
1.589 0.161039
1.6103 0.163636
1.6223 0.166234
1.661 0.168831
1.667 0.171429
1.741 0.174026
1.804 0.176623
1.8447 0.179221
1.85467 0.181818
1.8817 0.184416
1.8883 0.187013
1.901 0.18961
1.9647 0.192208
2.0177 0.194805
2.0437 0.197403
2.1207 0.2
2.2767 0.202597
2.522 0.205195
2.9643 0.207792
3.0373 0.21039
3.098 0.212987
3.2063 0.215584
3.3887 0.218182
3.3947 0.220779
3.3983 0.223377
3.4267 0.225974
3.489 0.228571
3.779 0.231169
3.8237 0.233766
3.8403 0.236364
3.9023 0.238961
3.990 0.241558
4.0093 0.244156
4.099 0.246753
4.1953 0.249351
4.2413 0.251948
4.347 0.254545
4.3673 0.257143
4.567 0.25974
4.7233 0.262338
4.783 0.264935
4.801 0.267532
4.8833 0.27013
4.9167 0.272727
4.953 0.275325
5.0393 0.277922
5.0593 0.280519
5.1783 0.283117
5.3207 0.285714
5.3843 0.288312
5.4927 0.290909
5.6783 0.293506
5.7283 0.296104
5.951 0.298701
6.1137 0.301299
6.138 0.303896
6.169 0.306494
6.2423 0.309091
6.4217 0.311688
6.7843 0.314286
6.961 0.316883
7.169 0.319481
7.530 0.322078
8.080 0.324675
8.116 0.327273
8.1447 0.32987
8.205 0.332468
8.3703 0.335065
8.4807 0.337662
8.5307 0.34026
8.638 0.342857
8.784 0.345455
8.9467 0.348052
9.0043 0.350649
9.0777 0.353247
9.1873 0.355844
9.299 0.358442
9.311 0.361039
9.5567 0.363636
9.652 0.366234
9.6723 0.368831
10.018 0.371429
10.1653 0.374026
10.262 0.376623
10.361 0.379221
10.3677 0.381818
10.5727 0.384416
10.596 0.387013
10.844 0.38961
11.0537 0.392208
11.2107 0.394805
11.3773 0.397403
11.643 0.4
11.658 0.402597
11.6753 0.405195
11.8657 0.407792
11.943 0.41039
12.0313 0.412987
12.2253 0.415584
12.4973 0.418182
12.6397 0.420779
12.6433 0.423377
12.717 0.425974
13.0567 0.428571
13.099 0.431169
13.1953 0.433766
13.5473 0.436364
14.166 0.438961
14.1713 0.441558
14.330 0.444156
14.427 0.446753
14.4387 0.449351
14.803 0.451948
15.0127 0.454545
15.281 0.457143
15.2893 0.45974
15.335 0.462338
15.3423 0.464935
15.3587 0.467532
15.3967 0.47013
15.5397 0.472727
15.5873 0.475325
15.589 0.477922
15.6917 0.480519
16.268 0.483117
16.752 0.485714
16.806 0.488312
17.078 0.490909
17.269 0.493506
17.2857 0.496104
17.3017 0.498701
17.409 0.501299
17.8877 0.503896
18.0167 0.506494
18.3097 0.509091
19.033 0.511688
19.191 0.514286
19.215 0.516883
19.2173 0.519481
19.2407 0.522078
19.3767 0.524675
19.4873 0.527273
19.7987 0.52987
19.9203 0.532468
19.9483 0.535065
20.042 0.537662
20.1147 0.54026
20.2463 0.542857
20.255 0.545455
20.303 0.548052
20.479 0.550649
21.0747 0.553247
21.1163 0.555844
21.3727 0.558442
21.5183 0.561039
21.6137 0.563636
21.788 0.566234
21.912 0.568831
21.9643 0.571429
22.0877 0.574026
22.214 0.576623
22.3047 0.579221
22.353 0.581818
22.5863 0.584416
22.7387 0.587013
22.883 0.58961
23.0583 0.592208
23.7303 0.594805
23.9347 0.597403
23.9353 0.6
23.9967 0.602597
24.0027 0.605195
24.038 0.607792
24.616 0.61039
24.740 0.612987
24.763 0.615584
25.1303 0.618182
25.263 0.620779
25.3003 0.623377
25.3353 0.625974
25.3847 0.628571
25.661 0.631169
25.8243 0.633766
26.2493 0.636364
26.3143 0.638961
26.3303 0.641558
26.6557 0.644156
27.1437 0.646753
28.367 0.649351
28.7687 0.651948
28.811 0.654545
28.9507 0.657143
29.4467 0.65974
29.4487 0.662338
29.4727 0.664935
29.9167 0.667532
29.9477 0.67013
29.948 0.672727
30.0183 0.675325
30.039 0.677922
30.1147 0.680519
30.670 0.683117
30.8247 0.685714
30.9297 0.688312
32.474 0.690909
33.2603 0.693506
33.5823 0.696104
33.591 0.698701
33.7003 0.701299
34.0577 0.703896
34.1983 0.706494
34.4987 0.709091
34.620 0.711688
34.872 0.714286
34.942 0.716883
36.169 0.719481
36.666 0.722078
37.064 0.724675
37.2397 0.727273
37.2823 0.72987
37.8783 0.732468
38.0147 0.735065
38.157 0.737662
38.276 0.74026
38.2763 0.742857
40.078 0.745455
41.6803 0.748052
41.7383 0.750649
42.580 0.753247
44.398 0.755844
45.072 0.758442
46.980 0.761039
48.162 0.763636
48.445 0.766234
49.5377 0.768831
50.1837 0.771429
50.274 0.774026
57.553 0.776623
58.369 0.779221
58.706 0.781818
63.212 0.784416
64.021 0.787013
69.187 0.78961
77.4957 0.792208
83.527 0.794805
84.323 0.797403
91.483 0.8
92.871 0.802597
99.070 0.805195
104.938 0.807792
125.0613 0.81039
137.011 0.812987
143.4857 0.815584
150.370 0.818182
192.5987 0.820779
213.9837 0.823377
218.359 0.825974
234.6397 0.828571
283.356 0.831169
296.876 0.833766
306.012 0.836364
312.8967 0.838961
328.456 0.841558
411.224 0.844156
440.432 0.846753
445.646 0.849351
478.806 0.851948
573.873 0.854545
632.298 0.857143
656.7477 0.85974
773.386 0.862338
930.3647 0.864935
943.459 0.867532
956.981 0.87013
1483.3267 0.872727
1647.596 0.875325
1986.265 0.877922
2090.234 0.880519
2136.501 0.883117
2440.740 0.885714
2455.145 0.888312
2493.539 0.890909
2496.446 0.893506
2702.121 0.896104
2981.437 0.898701
3039.5397 0.901299
3040.172 0.903896
3050.602 0.906494
3239.9107 0.909091
3677.496 0.911688
4170.6707 0.914286
4639.311 0.916883
6187.406 0.919481
6648.3127 0.922078
6990.594 0.924675
7158.121 0.927273
11422.062 0.92987
15098.031 0.932468
17311.686 0.935065
17767.849 0.937662
18929.988 0.94026
20171.271 0.942857
20693.632 0.945455
23047.7477 0.948052
26016.422 0.950649
38149.975 0.953247
38827.393 0.955844
82694.982 0.958442
91427.868 0.961039
209669.451 0.963636
323658.027 0.966234
335450.883 0.968831
383328.901 0.971429
545268.024 0.974026
596213.874 0.976623
1423110.739 0.979221
1462287.496 0.981818
1492459.140 0.984416
1684331.312 0.987013
7418103.764 0.98961
18149558.959 0.992208
37323890.035 0.994805
592618985.322 0.997403
14710316244.862 1
