.100 0.00341297
.200 0.0102389
.200 0.0102389
.300 0.0170648
.300 0.0170648
.400 0.0273038
.400 0.0273038
.400 0.0273038
.500 0.0307167
.700 0.0341297
.800 0.0375427
.900 0.0443686
.900 0.0443686
1.000 0.0477816
1.100 0.0511945
1.200 0.0546075
1.300 0.0614334
1.300 0.0614334
1.600 0.0648464
1.700 0.0682594
1.900 0.0716724
2.100 0.0819113
2.100 0.0819113
2.100 0.0819113
2.300 0.0853242
2.400 0.0921502
2.400 0.0921502
2.700 0.0955631
2.800 0.0989761
3.100 0.102389
3.400 0.105802
3.700 0.112628
3.700 0.112628
3.800 0.116041
3.900 0.119454
4.200 0.122867
4.300 0.12628
4.400 0.129693
4.600 0.133106
4.700 0.139932
4.700 0.139932
4.900 0.146758
4.900 0.146758
5.600 0.153584
5.600 0.153584
5.700 0.156997
5.900 0.16041
6.200 0.163823
6.300 0.170648
6.300 0.170648
6.600 0.174061
6.800 0.177474
6.900 0.1843
6.900 0.1843
7.400 0.187713
7.500 0.191126
7.700 0.197952
7.700 0.197952
7.900 0.201365
8.100 0.208191
8.100 0.208191
8.200 0.211604
8.300 0.215017
8.400 0.221843
8.400 0.221843
8.600 0.225256
8.900 0.232082
8.900 0.232082
9.100 0.235495
9.300 0.249147
9.300 0.249147
9.300 0.249147
9.300 0.249147
9.600 0.25256
10.500 0.255973
10.600 0.259386
10.900 0.262799
11.000 0.266212
11.400 0.273038
11.400 0.273038
11.500 0.276451
11.900 0.279863
12.300 0.283276
12.700 0.286689
13.000 0.290102
13.400 0.296928
13.400 0.296928
13.700 0.300341
13.900 0.307167
13.900 0.307167
14.000 0.31058
14.400 0.313993
14.500 0.317406
14.600 0.324232
14.600 0.324232
14.800 0.327645
14.900 0.331058
15.400 0.334471
15.600 0.337884
15.700 0.341297
15.800 0.34471
16.700 0.348123
17.100 0.351536
17.700 0.361775
17.700 0.361775
17.700 0.361775
18.000 0.365188
18.100 0.372014
18.100 0.372014
18.300 0.375427
18.900 0.37884
19.100 0.385666
19.100 0.385666
19.500 0.389078
20.500 0.392491
20.600 0.395904
20.700 0.399317
20.800 0.40273
21.000 0.412969
21.000 0.412969
21.000 0.412969
21.100 0.416382
21.300 0.419795
21.800 0.423208
22.000 0.430034
22.000 0.430034
22.200 0.433447
22.300 0.440273
22.300 0.440273
22.500 0.443686
23.700 0.447099
23.800 0.450512
24.000 0.460751
24.000 0.460751
24.000 0.460751
24.400 0.467577
24.400 0.467577
24.500 0.47099
24.800 0.477816
24.800 0.477816
25.100 0.481229
25.300 0.484642
25.600 0.491468
25.600 0.491468
25.700 0.498294
25.700 0.498294
26.900 0.501706
27.400 0.505119
27.500 0.508532
27.800 0.515358
27.800 0.515358
28.100 0.525597
28.100 0.525597
28.100 0.525597
28.900 0.532423
28.900 0.532423
29.200 0.535836
29.500 0.539249
29.900 0.542662
30.000 0.546075
30.300 0.549488
30.400 0.552901
30.500 0.556314
30.800 0.559727
31.000 0.566553
31.000 0.566553
31.400 0.569966
32.100 0.573379
32.200 0.576792
32.900 0.580205
33.000 0.583618
33.700 0.587031
33.900 0.59727
33.900 0.59727
33.900 0.59727
34.000 0.600683
35.200 0.604096
35.600 0.607509
36.000 0.610922
36.100 0.614334
36.200 0.62116
36.200 0.62116
36.500 0.624573
36.700 0.627986
37.000 0.631399
37.100 0.634812
37.200 0.638225
37.300 0.641638
37.900 0.645051
38.900 0.648464
39.200 0.65529
39.200 0.65529
39.300 0.658703
39.500 0.662116
39.600 0.665529
39.900 0.668942
40.100 0.672355
40.400 0.675768
40.600 0.682594
40.600 0.682594
41.300 0.686007
41.500 0.692833
41.500 0.692833
42.300 0.696246
42.700 0.699659
42.900 0.703072
43.000 0.706485
43.300 0.709898
43.600 0.713311
44.100 0.716724
45.300 0.720137
45.400 0.723549
45.500 0.730375
45.500 0.730375
45.600 0.733788
45.700 0.737201
46.300 0.740614
46.500 0.744027
47.100 0.74744
47.600 0.750853
48.000 0.754266
48.500 0.757679
48.600 0.761092
48.700 0.767918
48.700 0.767918
48.900 0.771331
49.000 0.784983
49.000 0.784983
49.000 0.784983
49.000 0.784983
49.300 0.788396
49.400 0.791809
49.900 0.798635
49.900 0.798635
50.000 0.802048
50.500 0.805461
51.400 0.808874
52.000 0.812287
52.200 0.8157
52.300 0.819113
53.300 0.822526
54.100 0.825939
54.500 0.829352
55.100 0.832765
55.300 0.836177
55.600 0.83959
56.300 0.843003
56.400 0.849829
56.400 0.849829
57.000 0.853242
57.200 0.856655
57.700 0.860068
58.100 0.863481
58.300 0.866894
59.000 0.870307
59.100 0.87372
59.600 0.877133
59.700 0.880546
59.800 0.883959
60.400 0.887372
60.600 0.890785
61.800 0.894198
63.000 0.897611
64.700 0.901024
67.100 0.904437
74.000 0.90785
78.800 0.911263
79.200 0.914676
79.700 0.918089
89.900 0.921502
93.700 0.924915
101.700 0.928328
116.700 0.931741
118.500 0.935154
131.200 0.938567
147.600 0.94198
160.300 0.945392
194.300 0.948805
196.500 0.952218
198.300 0.955631
217.000 0.959044
222.600 0.962457
248.100 0.96587
260.500 0.969283
271.700 0.972696
311.000 0.976109
397.600 0.979522
460.100 0.982935
536.100 0.986348
1245.700 0.989761
1563.500 0.993174
1575.600 0.996587
2731.700 1
