.100 0.00779221
.100 0.00779221
.100 0.00779221
.200 0.0103896
.300 0.012987
.400 0.0181818
.400 0.0181818
.500 0.0207792
.700 0.0233766
.900 0.025974
1.000 0.0285714
1.100 0.0311688
1.300 0.038961
1.300 0.038961
1.300 0.038961
1.500 0.0441558
1.500 0.0441558
1.600 0.0467532
1.700 0.0493506
1.800 0.0545455
1.800 0.0545455
1.900 0.0571429
2.300 0.0597403
2.500 0.0675325
2.500 0.0675325
2.500 0.0675325
2.800 0.0753247
2.800 0.0753247
2.800 0.0753247
2.900 0.0779221
3.100 0.0857143
3.100 0.0857143
3.100 0.0857143
3.300 0.0883117
3.400 0.0909091
3.600 0.0935065
3.800 0.0961039
4.000 0.0987013
4.200 0.103896
4.200 0.103896
4.500 0.106494
4.700 0.109091
4.800 0.111688
5.000 0.114286
5.500 0.119481
5.500 0.119481
5.600 0.122078
5.800 0.124675
6.200 0.12987
6.200 0.12987
6.400 0.132468
6.500 0.135065
7.300 0.137662
7.800 0.14026
8.000 0.148052
8.000 0.148052
8.000 0.148052
8.100 0.150649
8.200 0.158442
8.200 0.158442
8.200 0.158442
8.400 0.161039
8.700 0.166234
8.700 0.166234
8.800 0.168831
9.100 0.171429
9.300 0.174026
9.400 0.176623
9.500 0.179221
9.600 0.181818
9.700 0.184416
10.100 0.187013
10.200 0.18961
11.200 0.192208
11.400 0.194805
11.500 0.197403
12.500 0.202597
12.500 0.202597
12.600 0.207792
12.600 0.207792
13.000 0.215584
13.000 0.215584
13.000 0.215584
13.300 0.218182
13.500 0.220779
13.600 0.223377
13.800 0.225974
14.000 0.228571
14.300 0.231169
14.700 0.236364
14.700 0.236364
14.900 0.238961
15.900 0.241558
16.100 0.244156
16.200 0.246753
16.400 0.251948
16.400 0.251948
16.500 0.254545
16.600 0.257143
16.800 0.25974
17.000 0.264935
17.000 0.264935
17.400 0.267532
17.600 0.27013
18.100 0.272727
18.200 0.275325
18.500 0.277922
18.600 0.280519
18.700 0.283117
19.200 0.285714
19.500 0.288312
19.600 0.290909
19.900 0.293506
20.200 0.296104
20.300 0.298701
20.500 0.301299
20.700 0.306494
20.700 0.306494
20.900 0.309091
21.000 0.311688
21.100 0.314286
21.200 0.319481
21.200 0.319481
21.300 0.322078
21.600 0.324675
22.000 0.327273
23.500 0.32987
23.700 0.332468
24.000 0.335065
24.500 0.337662
24.600 0.34026
25.100 0.342857
25.200 0.345455
25.300 0.348052
26.000 0.350649
26.200 0.355844
26.200 0.355844
26.400 0.361039
26.400 0.361039
26.500 0.363636
26.700 0.366234
27.200 0.368831
27.400 0.374026
27.400 0.374026
27.500 0.376623
28.100 0.379221
28.200 0.381818
28.400 0.387013
28.400 0.387013
28.500 0.392208
28.500 0.392208
28.700 0.394805
29.000 0.397403
29.300 0.4
29.400 0.402597
29.600 0.405195
29.800 0.407792
30.200 0.41039
30.700 0.412987
30.800 0.415584
31.300 0.418182
31.600 0.420779
31.800 0.423377
32.300 0.425974
32.400 0.428571
32.600 0.431169
33.000 0.433766
33.700 0.438961
33.700 0.438961
34.300 0.446753
34.300 0.446753
34.300 0.446753
34.500 0.449351
34.800 0.451948
35.700 0.454545
36.100 0.45974
36.100 0.45974
36.200 0.462338
38.100 0.467532
38.100 0.467532
38.300 0.47013
38.400 0.472727
38.500 0.475325
38.700 0.477922
38.800 0.480519
38.900 0.485714
38.900 0.485714
39.000 0.488312
39.200 0.490909
40.000 0.496104
40.000 0.496104
40.100 0.498701
40.200 0.501299
40.300 0.506494
40.300 0.506494
40.800 0.509091
41.500 0.511688
42.500 0.514286
42.700 0.516883
42.900 0.519481
43.300 0.522078
43.400 0.524675
43.500 0.527273
43.600 0.52987
43.700 0.535065
43.700 0.535065
43.900 0.537662
44.100 0.545455
44.100 0.545455
44.100 0.545455
45.000 0.548052
46.500 0.550649
46.600 0.553247
47.100 0.555844
47.300 0.558442
47.400 0.561039
48.000 0.563636
48.100 0.566234
48.200 0.568831
48.300 0.571429
48.400 0.574026
48.700 0.576623
48.800 0.581818
48.800 0.581818
48.900 0.584416
49.000 0.587013
49.200 0.58961
49.700 0.592208
49.800 0.594805
50.200 0.597403
50.700 0.6
52.100 0.602597
52.400 0.605195
52.800 0.607792
53.000 0.61039
53.400 0.612987
53.600 0.615584
54.000 0.618182
54.200 0.620779
54.800 0.623377
55.100 0.625974
55.500 0.628571
55.800 0.631169
56.300 0.633766
56.600 0.636364
57.200 0.638961
57.300 0.641558
57.900 0.644156
58.000 0.646753
58.300 0.649351
58.600 0.651948
59.200 0.654545
59.800 0.657143
60.500 0.65974
61.900 0.662338
63.600 0.664935
65.100 0.667532
67.200 0.67013
72.100 0.672727
88.600 0.675325
93.300 0.677922
99.600 0.680519
102.500 0.683117
113.200 0.685714
133.000 0.688312
134.500 0.690909
138.700 0.693506
153.900 0.696104
156.300 0.698701
168.300 0.701299
185.900 0.703896
187.000 0.706494
190.200 0.709091
198.900 0.711688
201.500 0.714286
201.700 0.716883
202.100 0.719481
216.800 0.722078
246.800 0.724675
253.400 0.727273
254.800 0.72987
284.400 0.732468
331.000 0.735065
331.900 0.737662
334.000 0.74026
346.000 0.742857
358.100 0.745455
363.100 0.748052
390.600 0.750649
423.800 0.753247
489.900 0.755844
563.200 0.758442
581.900 0.761039
585.200 0.763636
589.000 0.766234
666.800 0.768831
741.100 0.771429
848.300 0.774026
942.300 0.776623
955.800 0.779221
961.600 0.781818
1012.100 0.784416
1050.900 0.787013
1129.500 0.78961
1197.700 0.792208
1205.200 0.794805
1237.300 0.797403
1375.700 0.8
1465.900 0.802597
1511.700 0.805195
1602.700 0.807792
1678.400 0.81039
2110.000 0.812987
2142.300 0.815584
2407.500 0.818182
2454.400 0.820779
2773.400 0.823377
2810.700 0.825974
3162.000 0.828571
3296.600 0.831169
3663.800 0.833766
4415.700 0.836364
4585.500 0.838961
4896.100 0.841558
5341.300 0.844156
5465.400 0.846753
5959.200 0.849351
6485.500 0.851948
6675.000 0.854545
6813.800 0.857143
7498.200 0.85974
8169.300 0.862338
8469.500 0.864935
9723.400 0.867532
11067.900 0.87013
12153.100 0.872727
14203.200 0.875325
14223.500 0.877922
14493.800 0.880519
14685.700 0.883117
16913.200 0.885714
16979.300 0.888312
17807.500 0.890909
17905.900 0.893506
19780.600 0.896104
20929.200 0.898701
24352.300 0.901299
35740.500 0.903896
37004.900 0.906494
49431.100 0.909091
55015.200 0.911688
66615.500 0.914286
79199.200 0.916883
83049.900 0.919481
102119.300 0.922078
106188.000 0.924675
160905.900 0.927273
223552.100 0.92987
250135.500 0.932468
278998.800 0.935065
281215.300 0.937662
283965.100 0.94026
320750.100 0.942857
574762.500 0.945455
855550.300 0.948052
1481095.800 0.950649
1525972.600 0.953247
2217333.300 0.955844
2471175.600 0.958442
2587423.100 0.961039
13469775.100 0.963636
43926679.500 0.966234
48018247.100 0.968831
72875537.900 0.971429
82411266.800 0.974026
109236234.000 0.976623
151537030.500 0.979221
196981494.600 0.981818
221516946.000 0.984416
801404457.500 0.987013
2090281164.300 0.98961
64690092025.600 0.992208
157856594758.100 0.994805
253725665382.200 0.997403
612820984912095.800 1
