0 0.00519481
0 0.00519481
.100 0.00779221
.400 0.0181818
.400 0.0181818
.400 0.0181818
.400 0.0181818
.500 0.0207792
.600 0.025974
.600 0.025974
.700 0.0337662
.700 0.0337662
.700 0.0337662
.800 0.0363636
1.000 0.0467532
1.000 0.0467532
1.000 0.0467532
1.000 0.0467532
1.100 0.0519481
1.100 0.0519481
1.200 0.0545455
1.300 0.0623377
1.300 0.0623377
1.300 0.0623377
1.500 0.0649351
1.600 0.0727273
1.600 0.0727273
1.600 0.0727273
1.700 0.0753247
1.800 0.0779221
1.900 0.0805195
2.100 0.0857143
2.100 0.0857143
2.200 0.0909091
2.200 0.0909091
2.400 0.0987013
2.400 0.0987013
2.400 0.0987013
2.500 0.101299
2.600 0.106494
2.600 0.106494
2.700 0.109091
2.800 0.114286
2.800 0.114286
2.900 0.116883
3.100 0.122078
3.100 0.122078
3.200 0.124675
3.300 0.12987
3.300 0.12987
3.500 0.135065
3.500 0.135065
3.800 0.137662
3.900 0.145455
3.900 0.145455
3.900 0.145455
4.400 0.150649
4.400 0.150649
5.000 0.153247
5.400 0.155844
5.600 0.163636
5.600 0.163636
5.600 0.163636
5.800 0.171429
5.800 0.171429
5.800 0.171429
6.500 0.174026
6.800 0.179221
6.800 0.179221
7.300 0.181818
7.500 0.184416
7.600 0.187013
8.100 0.18961
8.300 0.192208
8.400 0.194805
9.200 0.197403
9.500 0.2
9.600 0.202597
9.800 0.205195
10.200 0.207792
10.400 0.212987
10.400 0.212987
10.500 0.215584
10.700 0.218182
11.000 0.220779
11.100 0.223377
11.300 0.225974
11.700 0.231169
11.700 0.231169
11.900 0.236364
11.900 0.236364
12.000 0.238961
12.400 0.241558
12.500 0.244156
12.700 0.246753
13.000 0.249351
13.300 0.254545
13.300 0.254545
13.400 0.257143
13.800 0.25974
14.100 0.262338
14.500 0.264935
14.600 0.267532
14.700 0.27013
15.700 0.272727
16.200 0.275325
16.400 0.277922
16.500 0.280519
16.600 0.285714
16.600 0.285714
16.700 0.288312
17.100 0.290909
17.300 0.293506
17.400 0.296104
17.500 0.298701
17.700 0.301299
17.900 0.303896
18.300 0.309091
18.300 0.309091
18.800 0.311688
18.900 0.319481
18.900 0.319481
18.900 0.319481
19.200 0.322078
19.700 0.324675
19.800 0.32987
19.800 0.32987
19.900 0.332468
20.100 0.335065
20.200 0.337662
20.600 0.342857
20.600 0.342857
21.000 0.345455
21.200 0.348052
21.300 0.353247
21.300 0.353247
21.400 0.355844
21.600 0.358442
21.900 0.366234
21.900 0.366234
21.900 0.366234
22.100 0.368831
22.300 0.371429
22.400 0.374026
22.500 0.381818
22.500 0.381818
22.500 0.381818
22.600 0.384416
23.200 0.38961
23.200 0.38961
24.700 0.394805
24.700 0.394805
25.100 0.397403
25.400 0.4
25.700 0.402597
26.200 0.405195
26.300 0.407792
26.400 0.41039
26.500 0.412987
26.800 0.418182
26.800 0.418182
27.300 0.420779
27.400 0.423377
28.200 0.425974
29.500 0.431169
29.500 0.431169
29.900 0.433766
30.400 0.436364
30.800 0.438961
30.900 0.441558
31.000 0.444156
32.000 0.446753
32.100 0.449351
32.400 0.451948
33.200 0.454545
33.300 0.45974
33.300 0.45974
33.600 0.462338
34.500 0.464935
34.800 0.467532
35.100 0.47013
35.400 0.472727
36.100 0.475325
36.200 0.477922
37.500 0.480519
37.600 0.483117
37.700 0.490909
37.700 0.490909
37.700 0.490909
37.800 0.493506
37.900 0.496104
38.000 0.498701
38.100 0.501299
38.400 0.503896
39.000 0.506494
39.100 0.509091
39.200 0.511688
40.200 0.516883
40.200 0.516883
40.300 0.519481
40.400 0.522078
40.500 0.524675
40.600 0.527273
40.700 0.52987
41.000 0.535065
41.000 0.535065
41.200 0.537662
41.400 0.54026
41.500 0.542857
41.700 0.545455
41.900 0.550649
41.900 0.550649
42.000 0.553247
42.400 0.558442
42.400 0.558442
42.500 0.561039
42.600 0.563636
42.900 0.566234
43.000 0.568831
43.100 0.571429
43.300 0.574026
43.400 0.576623
43.500 0.579221
43.700 0.581818
44.100 0.584416
44.200 0.592208
44.200 0.592208
44.200 0.592208
44.600 0.6
44.600 0.6
44.600 0.6
45.000 0.602597
45.300 0.605195
45.400 0.607792
46.500 0.612987
46.500 0.612987
46.700 0.618182
46.700 0.618182
46.900 0.625974
46.900 0.625974
46.900 0.625974
47.200 0.628571
47.400 0.631169
47.800 0.633766
48.000 0.636364
48.100 0.638961
48.300 0.641558
48.400 0.644156
48.600 0.646753
49.100 0.651948
49.100 0.651948
49.300 0.657143
49.300 0.657143
49.600 0.65974
49.700 0.664935
49.700 0.664935
50.300 0.67013
50.300 0.67013
50.500 0.672727
50.600 0.675325
50.700 0.680519
50.700 0.680519
50.800 0.683117
51.000 0.685714
51.300 0.688312
51.700 0.690909
51.800 0.693506
53.100 0.696104
53.200 0.698701
53.600 0.701299
53.900 0.706494
53.900 0.706494
54.400 0.709091
55.100 0.711688
55.200 0.714286
55.400 0.716883
55.700 0.719481
55.800 0.722078
56.300 0.724675
57.000 0.727273
57.200 0.732468
57.200 0.732468
57.600 0.737662
57.600 0.737662
57.800 0.745455
57.800 0.745455
57.800 0.745455
58.000 0.748052
58.500 0.753247
58.500 0.753247
58.600 0.755844
60.100 0.761039
60.100 0.761039
60.600 0.763636
60.700 0.766234
61.200 0.768831
61.900 0.771429
62.200 0.774026
62.400 0.776623
62.900 0.784416
62.900 0.784416
62.900 0.784416
63.500 0.787013
66.800 0.78961
77.800 0.792208
85.400 0.794805
90.900 0.797403
98.700 0.8
108.800 0.802597
139.600 0.805195
141.200 0.807792
145.900 0.81039
167.400 0.812987
193.100 0.815584
203.400 0.818182
210.300 0.820779
227.700 0.823377
247.700 0.825974
251.200 0.828571
253.700 0.831169
258.800 0.833766
265.800 0.836364
318.800 0.838961
321.100 0.841558
328.800 0.844156
352.300 0.846753
375.700 0.849351
389.000 0.851948
451.400 0.854545
503.900 0.857143
672.000 0.85974
684.000 0.862338
836.700 0.864935
866.900 0.867532
883.400 0.87013
893.200 0.872727
975.200 0.875325
991.400 0.877922
1051.300 0.880519
1093.900 0.883117
1335.300 0.885714
1698.100 0.888312
1739.100 0.890909
1858.100 0.893506
2146.800 0.896104
2366.300 0.898701
2808.200 0.901299
3005.000 0.903896
3848.600 0.906494
4192.300 0.909091
4552.700 0.911688
4809.500 0.914286
5066.900 0.916883
5371.800 0.919481
5459.300 0.922078
6502.900 0.924675
6738.100 0.927273
6989.400 0.92987
7742.500 0.932468
7809.700 0.935065
12681.500 0.937662
13159.700 0.94026
13733.900 0.942857
14435.400 0.945455
16310.400 0.948052
25205.700 0.950649
30058.900 0.953247
30391.500 0.955844
72652.900 0.958442
83032.400 0.961039
90798.700 0.963636
131070.100 0.966234
219298.400 0.968831
244456.700 0.971429
393277.200 0.974026
415268.700 0.976623
452609.800 0.979221
533908.100 0.981818
590047.000 0.984416
649618.600 0.987013
2899055.700 0.98961
6473200.200 0.992208
13576223.700 0.994805
239872330.600 0.997403
6014545911.400 1
