.033 0.0025974
.048 0.00519481
.057 0.00779221
.06967 0.0103896
.0703 0.012987
.0747 0.0155844
.078 0.0181818
.091 0.0207792
.095 0.0233766
.1187 0.025974
.133 0.0285714
.1347 0.0311688
.17533 0.0337662
.2767 0.0363636
.3077 0.038961
.3097 0.0415584
.3207 0.0441558
.3427 0.0467532
.356 0.0493506
.366 0.0519481
.3683 0.0545455
.3923 0.0571429
.3953 0.0597403
.467 0.0623377
.4733 0.0649351
.5127 0.0675325
.545 0.0701299
.638 0.0727273
.6473 0.0753247
.700 0.0779221
.7093 0.0805195
.764 0.0831169
.7827 0.0857143
.815 0.0883117
.820 0.0909091
.9313 0.0935065
.9827 0.0961039
1.008 0.0987013
1.025 0.101299
1.0553 0.103896
1.1107 0.106494
1.207 0.111688
1.207 0.111688
1.3453 0.114286
1.390 0.116883
1.4093 0.119481
1.4667 0.122078
1.497 0.124675
1.5463 0.127273
1.7463 0.12987
1.750 0.132468
1.7683 0.135065
1.812 0.137662
1.84167 0.14026
1.8563 0.142857
1.8577 0.145455
1.9833 0.148052
2.0823 0.150649
2.1107 0.153247
2.208 0.155844
2.2637 0.158442
2.3213 0.163636
2.3213 0.163636
2.332 0.166234
2.369 0.168831
2.3823 0.171429
2.4453 0.174026
2.4857 0.176623
2.4893 0.179221
2.498 0.181818
2.6383 0.184416
2.6437 0.187013
2.7283 0.18961
2.8807 0.192208
2.9353 0.194805
3.107 0.197403
3.302 0.2
3.3253 0.202597
3.3407 0.205195
3.4163 0.207792
3.4267 0.21039
3.4823 0.212987
3.5843 0.215584
3.602 0.218182
3.622 0.220779
3.6883 0.223377
3.744 0.225974
3.840 0.228571
3.8867 0.231169
3.9353 0.233766
4.0737 0.236364
4.1673 0.238961
4.1763 0.241558
4.246 0.244156
4.3387 0.246753
4.406 0.249351
4.490 0.251948
4.4903 0.254545
4.518 0.257143
4.5423 0.25974
4.5603 0.262338
4.6727 0.264935
4.722 0.267532
4.9167 0.27013
5.0007 0.272727
5.4287 0.275325
5.4987 0.277922
6.0357 0.280519
6.2253 0.283117
6.6413 0.285714
6.9187 0.288312
6.933 0.290909
7.0767 0.293506
7.2827 0.296104
7.4083 0.298701
7.4527 0.301299
7.6773 0.303896
7.7093 0.306494
7.828 0.309091
7.8283 0.311688
8.108 0.314286
8.1843 0.316883
8.214 0.319481
8.2417 0.322078
8.243 0.324675
8.285 0.327273
8.3467 0.32987
8.638 0.332468
8.662 0.335065
9.171 0.337662
9.4803 0.34026
9.4977 0.342857
9.598 0.345455
9.6243 0.348052
9.8033 0.350649
9.866 0.353247
9.993 0.355844
10.2817 0.358442
10.387 0.361039
10.391 0.363636
10.6207 0.366234
11.1283 0.368831
11.1287 0.371429
11.1967 0.374026
11.3233 0.376623
11.3983 0.379221
11.564 0.381818
11.655 0.384416
11.7257 0.387013
12.1403 0.38961
12.1477 0.392208
12.2007 0.394805
12.7857 0.397403
12.804 0.4
12.8433 0.402597
13.014 0.405195
13.0787 0.407792
13.0933 0.41039
13.3807 0.412987
13.4483 0.415584
13.5367 0.418182
13.6747 0.420779
14.139 0.423377
14.259 0.425974
14.4987 0.428571
14.544 0.431169
14.8167 0.433766
15.1993 0.436364
15.679 0.438961
15.8227 0.441558
16.3997 0.444156
16.5037 0.446753
16.557 0.449351
16.824 0.451948
16.934 0.454545
16.9907 0.457143
17.0697 0.45974
17.164 0.462338
17.2517 0.464935
17.3757 0.467532
17.380 0.47013
17.436 0.472727
17.7843 0.475325
18.5857 0.477922
18.6937 0.480519
18.7433 0.483117
18.7763 0.485714
18.875 0.488312
19.4153 0.490909
19.687 0.493506
19.8283 0.496104
20.0223 0.498701
20.220 0.501299
20.4123 0.503896
20.450 0.506494
20.473 0.509091
20.5653 0.511688
20.6827 0.514286
20.6863 0.516883
20.702 0.519481
21.0133 0.522078
21.4367 0.524675
21.5237 0.527273
21.6157 0.52987
21.654 0.532468
21.9067 0.535065
21.9487 0.537662
22.3133 0.54026
22.469 0.542857
22.7963 0.545455
22.9903 0.548052
23.0903 0.550649
23.1023 0.553247
23.4947 0.555844
24.0003 0.558442
24.2663 0.561039
24.271 0.563636
24.3653 0.566234
24.7403 0.568831
25.1573 0.571429
25.3447 0.574026
25.7797 0.576623
25.8787 0.579221
26.164 0.581818
26.3107 0.584416
26.336 0.587013
26.808 0.58961
27.0617 0.592208
27.283 0.594805
27.514 0.597403
27.6213 0.6
28.034 0.602597
28.590 0.605195
28.6037 0.607792
29.0003 0.61039
29.001 0.612987
29.124 0.615584
29.220 0.618182
29.2677 0.620779
29.4717 0.623377
30.0453 0.625974
30.3463 0.628571
30.6407 0.631169
30.826 0.633766
31.781 0.636364
32.5463 0.638961
33.1273 0.641558
33.7883 0.644156
33.955 0.646753
35.5167 0.649351
35.7857 0.651948
38.494 0.654545
41.283 0.657143
41.330 0.65974
43.024 0.662338
43.977 0.664935
44.186 0.667532
44.4867 0.67013
45.049 0.672727
45.3307 0.675325
45.6397 0.677922
51.0453 0.680519
53.499 0.683117
53.709 0.685714
54.0687 0.688312
54.150 0.690909
55.9927 0.693506
56.4163 0.696104
60.990 0.698701
64.332 0.701299
66.957 0.703896
71.841 0.706494
73.182 0.709091
74.4657 0.711688
81.9333 0.714286
92.0863 0.716883
92.158 0.719481
97.3033 0.722078
98.274 0.724675
103.8727 0.727273
105.433 0.72987
124.216 0.732468
126.7793 0.735065
134.153 0.737662
145.513 0.74026
146.391 0.742857
146.803 0.745455
163.4847 0.748052
196.842 0.750649
200.995 0.753247
230.774 0.755844
232.163 0.758442
234.170 0.761039
245.627 0.763636
256.629 0.766234
304.949 0.768831
305.5827 0.771429
347.088 0.774026
365.216 0.776623
408.943 0.779221
425.569 0.781818
427.1613 0.784416
428.5907 0.787013
451.932 0.78961
477.349 0.792208
560.110 0.794805
569.7077 0.797403
577.5097 0.8
602.997 0.802597
615.359 0.805195
763.592 0.807792
814.918 0.81039
845.071 0.812987
847.8987 0.815584
860.8943 0.818182
1012.503 0.820779
1014.156 0.823377
1167.9727 0.825974
1299.659 0.828571
1440.758 0.831169
2134.827 0.833766
2226.6647 0.836364
2264.0593 0.838961
2711.225 0.841558
3208.6717 0.844156
3276.232 0.846753
3456.057 0.849351
3634.5717 0.851948
3932.591 0.854545
4043.494 0.857143
5145.932 0.85974
5938.220 0.862338
6015.000 0.864935
6720.0767 0.867532
7054.6547 0.87013
7094.5197 0.872727
7411.947 0.875325
7710.603 0.877922
10062.340 0.880519
11895.480 0.883117
14341.796 0.885714
15508.382 0.888312
17036.996 0.890909
19022.4783 0.893506
19404.472 0.896104
20078.416 0.898701
24522.245 0.901299
29964.006 0.903896
30295.560 0.906494
40755.053 0.909091
42244.872 0.911688
53887.134 0.914286
68102.406 0.916883
94553.656 0.919481
97906.798 0.922078
113877.564 0.924675
121599.859 0.927273
155373.882 0.92987
201466.4347 0.932468
214660.456 0.935065
275020.142 0.937662
348629.2867 0.94026
359470.247 0.942857
453010.178 0.945455
622949.880 0.948052
644454.228 0.950649
1187723.740 0.953247
1495929.729 0.955844
1509710.501 0.958442
3123495.437 0.961039
4194129.917 0.963636
6431051.972 0.966234
8108083.830 0.968831
9518927.234 0.971429
12461868.430 0.974026
24501481.423 0.976623
32214517.989 0.979221
45927627.802 0.981818
106192994.249 0.984416
365523524.651 0.987013
991104906.718 0.98961
42247091070.031 0.992208
141036201537.386 0.994805
285882654207.850 0.997403
1492345126059053.991 1
