 0.00321543
0 0.00643087
.100 0.0096463
.200 0.0128617
.300 0.022508
.300 0.022508
.300 0.022508
.400 0.0321543
.400 0.0321543
.400 0.0321543
.500 0.0385852
.500 0.0385852
.700 0.0450161
.700 0.0450161
.900 0.0514469
.900 0.0514469
1.000 0.0610932
1.000 0.0610932
1.000 0.0610932
1.100 0.0643087
1.200 0.0707395
1.200 0.0707395
1.400 0.0771704
1.400 0.0771704
1.500 0.0836013
1.500 0.0836013
1.800 0.0900322
1.800 0.0900322
1.900 0.0932476
2.000 0.0996785
2.000 0.0996785
2.100 0.102894
2.200 0.109325
2.200 0.109325
2.400 0.122186
2.400 0.122186
2.400 0.122186
2.400 0.122186
2.700 0.128617
2.700 0.128617
2.800 0.131833
2.900 0.138264
2.900 0.138264
3.200 0.141479
3.300 0.144695
3.500 0.14791
3.700 0.151125
3.800 0.154341
3.900 0.157556
4.100 0.160772
4.600 0.167203
4.600 0.167203
4.700 0.170418
4.800 0.173633
5.000 0.176849
5.100 0.18328
5.100 0.18328
5.300 0.186495
5.500 0.192926
5.500 0.192926
5.700 0.196141
5.800 0.199357
5.900 0.202572
6.000 0.205788
6.100 0.209003
6.300 0.215434
6.300 0.215434
6.700 0.21865
7.000 0.22508
7.000 0.22508
7.100 0.228296
7.200 0.231511
7.300 0.237942
7.300 0.237942
7.600 0.241158
7.800 0.247588
7.800 0.247588
8.000 0.250804
8.300 0.254019
8.600 0.257235
8.800 0.26045
9.600 0.263666
9.800 0.266881
10.000 0.270096
10.200 0.276527
10.200 0.276527
10.500 0.279743
10.900 0.282958
11.100 0.286174
11.900 0.289389
12.000 0.29582
12.000 0.29582
12.400 0.299035
12.500 0.302251
13.100 0.305466
13.200 0.308682
13.600 0.311897
13.900 0.315113
14.100 0.318328
14.900 0.321543
15.000 0.324759
15.200 0.327974
15.300 0.334405
15.300 0.334405
15.400 0.337621
16.300 0.340836
16.400 0.344051
16.700 0.347267
16.800 0.353698
16.800 0.353698
16.900 0.356913
17.200 0.360129
17.700 0.363344
18.100 0.366559
18.400 0.369775
19.000 0.379421
19.000 0.379421
19.000 0.379421
19.200 0.382637
19.300 0.385852
19.600 0.389068
20.000 0.392283
20.500 0.395498
20.800 0.401929
20.800 0.401929
20.900 0.405145
21.100 0.411576
21.100 0.411576
21.200 0.414791
21.400 0.418006
21.600 0.421222
21.700 0.424437
22.000 0.430868
22.000 0.430868
22.100 0.434084
22.200 0.440514
22.200 0.440514
22.300 0.44373
22.400 0.450161
22.400 0.450161
23.100 0.453376
23.500 0.456592
24.000 0.459807
24.300 0.463023
24.600 0.466238
24.900 0.472669
24.900 0.472669
25.600 0.475884
25.900 0.4791
26.100 0.482315
26.200 0.485531
27.200 0.488746
27.400 0.491961
27.600 0.495177
27.800 0.498392
28.800 0.501608
29.100 0.504823
29.400 0.508039
29.700 0.511254
30.600 0.514469
31.000 0.517685
31.100 0.5209
31.500 0.524116
31.700 0.527331
32.300 0.530547
32.800 0.540193
32.800 0.540193
32.800 0.540193
32.900 0.543408
33.000 0.546624
33.200 0.549839
33.500 0.553055
33.700 0.55627
34.000 0.559486
34.500 0.562701
34.800 0.565916
35.500 0.569132
36.000 0.572347
36.300 0.575563
36.400 0.581994
36.400 0.581994
36.600 0.585209
37.000 0.588424
37.300 0.598071
37.300 0.598071
37.300 0.598071
37.400 0.601286
37.500 0.604502
37.600 0.607717
37.700 0.610932
38.100 0.614148
38.800 0.617363
39.100 0.620579
39.300 0.62701
39.300 0.62701
39.500 0.633441
39.500 0.633441
39.700 0.636656
39.800 0.639871
39.900 0.643087
40.100 0.646302
40.200 0.649518
40.300 0.652733
40.400 0.655949
40.800 0.659164
41.600 0.662379
41.700 0.665595
41.800 0.66881
42.000 0.678457
42.000 0.678457
42.000 0.678457
42.100 0.681672
42.200 0.684887
42.500 0.688103
42.600 0.691318
42.800 0.694534
43.000 0.697749
43.200 0.700965
43.500 0.710611
43.500 0.710611
43.500 0.710611
43.700 0.713826
43.900 0.717042
44.000 0.723473
44.000 0.723473
44.400 0.726688
45.000 0.729904
45.100 0.733119
45.700 0.736334
46.000 0.73955
46.300 0.745981
46.300 0.745981
46.600 0.755627
46.600 0.755627
46.600 0.755627
46.700 0.762058
46.700 0.762058
47.100 0.768489
47.100 0.768489
47.300 0.771704
47.600 0.77492
49.000 0.778135
49.300 0.78135
49.400 0.787781
49.400 0.787781
49.800 0.790997
50.000 0.794212
50.100 0.797428
50.200 0.803859
50.200 0.803859
50.500 0.807074
50.600 0.810289
50.900 0.81672
50.900 0.81672
51.100 0.819936
52.100 0.823151
52.300 0.826367
52.600 0.829582
53.400 0.832797
53.500 0.839228
53.500 0.839228
53.900 0.842444
54.100 0.845659
54.700 0.85209
54.700 0.85209
54.900 0.855305
55.300 0.858521
55.900 0.861736
56.000 0.864952
56.700 0.868167
56.800 0.871383
56.900 0.874598
57.200 0.877814
57.400 0.88746
57.400 0.88746
57.400 0.88746
57.800 0.890675
58.400 0.893891
58.600 0.897106
58.900 0.900322
59.400 0.903537
59.500 0.906752
59.800 0.909968
60.300 0.913183
61.000 0.919614
61.000 0.919614
61.600 0.92283
62.300 0.92926
62.300 0.92926
62.400 0.935691
62.400 0.935691
63.300 0.938907
70.100 0.942122
73.200 0.945338
74.800 0.948553
80.900 0.951768
83.300 0.954984
88.400 0.958199
108.500 0.961415
113.300 0.96463
117.600 0.967846
188.100 0.971061
207.100 0.974277
258.100 0.977492
366.400 0.980707
409.800 0.983923
1154.200 0.987138
1183.300 0.990354
1319.500 0.993569
1513.400 0.996785
5113.200 1
