.016 0.0025974
.033 0.00519481
.042 0.00779221
.046 0.0103896
.0523 0.012987
.0827 0.0155844
.090 0.0181818
.1013 0.0207792
.1593 0.0233766
.1733 0.025974
.2067 0.0285714
.2133 0.0311688
.236 0.0337662
.244 0.0363636
.2483 0.038961
.2863 0.0415584
.30633 0.0441558
.331 0.0467532
.3573 0.0493506
.377 0.0519481
.4047 0.0545455
.44233 0.0571429
.474 0.0597403
.5257 0.0623377
.580 0.0649351
.6293 0.0675325
.6323 0.0701299
.684 0.0727273
.706 0.0753247
.741 0.0779221
.7627 0.0805195
.874 0.0831169
.9143 0.0857143
.9313 0.0883117
.9577 0.0909091
1.0083 0.0935065
1.0223 0.0961039
1.024 0.0987013
1.0967 0.101299
1.1373 0.103896
1.177 0.106494
1.181 0.109091
1.195 0.111688
1.2413 0.114286
1.2607 0.116883
1.321 0.119481
1.336 0.122078
1.3967 0.124675
1.418 0.127273
1.4243 0.12987
1.4923 0.132468
1.532 0.135065
1.609 0.137662
1.652 0.14026
1.7923 0.142857
1.82067 0.145455
1.8417 0.148052
1.8487 0.150649
1.978 0.153247
2.0577 0.155844
2.0593 0.158442
2.073 0.161039
2.1517 0.163636
2.1907 0.166234
2.2547 0.168831
2.2693 0.171429
2.3567 0.174026
2.3877 0.176623
2.6007 0.179221
2.6047 0.181818
2.6523 0.184416
2.7983 0.187013
2.8103 0.18961
2.9163 0.192208
3.0713 0.194805
3.2143 0.197403
3.2927 0.2
3.3097 0.202597
3.3113 0.205195
3.3523 0.207792
3.439 0.21039
3.454 0.212987
3.5667 0.215584
3.602 0.218182
3.763 0.220779
3.8383 0.223377
4.025 0.225974
4.0323 0.228571
4.045 0.231169
4.0893 0.233766
4.2737 0.236364
4.3427 0.238961
4.4437 0.241558
4.4653 0.244156
4.627 0.246753
4.7527 0.249351
4.7853 0.251948
5.005 0.254545
5.0567 0.257143
5.1003 0.25974
5.1053 0.262338
5.1947 0.264935
5.216 0.267532
5.3167 0.27013
5.322 0.272727
5.9963 0.275325
6.0107 0.277922
6.114 0.280519
6.1223 0.283117
6.298 0.285714
6.4457 0.288312
6.4573 0.290909
6.555 0.293506
7.014 0.296104
7.4377 0.298701
7.439 0.301299
7.516 0.303896
7.5233 0.306494
7.553 0.309091
7.7013 0.311688
7.8367 0.314286
7.862 0.316883
7.879 0.319481
7.952 0.322078
8.228 0.324675
8.3737 0.327273
8.4733 0.32987
8.624 0.332468
8.646 0.335065
8.833 0.337662
8.8347 0.34026
8.839 0.342857
8.917 0.345455
9.2333 0.348052
9.3107 0.350649
9.463 0.353247
9.6573 0.355844
9.973 0.358442
10.034 0.361039
10.2487 0.363636
10.250 0.366234
10.7397 0.368831
10.7563 0.371429
11.0503 0.374026
11.1637 0.376623
11.2943 0.379221
11.3197 0.381818
11.5123 0.384416
11.5253 0.387013
11.7333 0.38961
11.783 0.392208
11.9063 0.394805
12.075 0.397403
12.1473 0.4
12.7307 0.402597
12.960 0.405195
13.0553 0.407792
13.375 0.41039
13.487 0.412987
13.609 0.415584
13.6377 0.418182
13.7143 0.420779
13.7443 0.423377
13.914 0.425974
13.9223 0.428571
14.230 0.431169
14.2757 0.433766
14.441 0.436364
14.5307 0.438961
14.6327 0.441558
14.6807 0.444156
14.843 0.446753
14.9707 0.449351
15.0557 0.451948
15.3537 0.454545
15.6447 0.457143
15.8267 0.45974
15.8597 0.462338
15.8683 0.464935
15.9003 0.467532
15.937 0.47013
16.0797 0.472727
16.1553 0.475325
16.1933 0.477922
16.2863 0.480519
16.299 0.483117
16.321 0.485714
16.889 0.488312
16.9107 0.490909
16.976 0.493506
17.4093 0.496104
17.424 0.498701
17.6197 0.501299
17.7793 0.503896
17.8353 0.506494
17.9017 0.509091
17.9723 0.511688
18.0457 0.514286
18.1937 0.516883
18.4553 0.519481
18.615 0.522078
18.6653 0.524675
19.0387 0.527273
19.2283 0.52987
19.274 0.532468
19.428 0.535065
19.437 0.537662
19.7527 0.54026
19.8167 0.542857
19.8423 0.545455
20.0983 0.548052
20.199 0.550649
20.4023 0.553247
20.8603 0.555844
21.113 0.558442
21.1393 0.561039
21.580 0.563636
22.0237 0.566234
22.7107 0.568831
22.9353 0.571429
23.1017 0.574026
23.1373 0.576623
24.061 0.579221
24.5593 0.581818
24.9173 0.584416
25.6087 0.587013
26.052 0.58961
26.4223 0.592208
26.4953 0.594805
27.5217 0.597403
28.3997 0.6
28.564 0.602597
28.8657 0.605195
29.7037 0.607792
30.0953 0.61039
30.6007 0.612987
30.667 0.615584
31.2433 0.618182
32.0757 0.620779
32.562 0.623377
33.194 0.625974
33.833 0.628571
34.4203 0.631169
35.8567 0.633766
36.2157 0.636364
36.5677 0.638961
37.211 0.641558
39.792 0.644156
43.541 0.646753
44.932 0.649351
47.338 0.651948
49.591 0.654545
50.505 0.657143
50.9177 0.65974
50.974 0.662338
52.1267 0.664935
53.674 0.667532
56.721 0.67013
56.781 0.672727
59.0063 0.675325
59.8007 0.677922
61.819 0.680519
71.593 0.683117
71.9013 0.685714
77.8443 0.688312
79.192 0.690909
85.003 0.693506
87.9083 0.696104
93.799 0.698701
96.308 0.701299
98.5487 0.703896
105.834 0.706494
121.2827 0.709091
141.599 0.711688
143.4177 0.714286
148.645 0.716883
150.5797 0.719481
151.822 0.722078
157.947 0.724675
195.5443 0.727273
211.4533 0.72987
212.122 0.732468
221.341 0.735065
239.331 0.737662
256.535 0.74026
298.9447 0.742857
327.922 0.745455
338.410 0.748052
338.755 0.750649
355.9837 0.753247
460.309 0.755844
506.178 0.758442
512.039 0.761039
529.602 0.763636
579.197 0.766234
744.124 0.768831
749.7003 0.771429
885.4573 0.774026
983.7863 0.776623
986.8697 0.779221
1000.307 0.781818
1009.753 0.784416
1102.466 0.787013
1432.261 0.78961
1520.8137 0.792208
1802.6867 0.794805
1862.407 0.797403
2005.069 0.8
2010.3217 0.802597
2055.856 0.805195
2299.5847 0.807792
2331.9293 0.81039
2534.948 0.812987
2538.788 0.815584
2702.494 0.818182
2869.205 0.820779
3062.372 0.823377
3589.3197 0.825974
3743.5757 0.828571
4711.007 0.831169
6868.3717 0.833766
7283.4407 0.836364
7384.585 0.838961
7680.2993 0.841558
8417.856 0.844156
8940.542 0.846753
11035.924 0.849351
12337.842 0.851948
13520.635 0.854545
16551.628 0.857143
17828.0073 0.85974
18162.283 0.862338
20975.193 0.864935
22435.7087 0.867532
25811.133 0.87013
30039.269 0.872727
30977.234 0.875325
35821.110 0.877922
40025.287 0.880519
41998.434 0.883117
44867.773 0.885714
45890.796 0.888312
53651.283 0.890909
55159.152 0.893506
56081.016 0.896104
56477.757 0.898701
64943.702 0.901299
76126.374 0.903896
81959.305 0.906494
93837.820 0.909091
94466.731 0.911688
133408.2617 0.914286
169117.2653 0.916883
208639.7487 0.919481
297528.015 0.922078
384283.803 0.924675
448721.228 0.927273
732162.906 0.92987
945060.081 0.932468
1191016.911 0.935065
1463837.676 0.937662
1696729.563 0.94026
2337091.382 0.942857
2734486.159 0.945455
3234120.983 0.948052
3375472.3267 0.950649
6090308.974 0.953247
6200674.279 0.955844
6793886.839 0.958442
11623758.020 0.961039
26726708.912 0.963636
27154970.854 0.966234
74561022.194 0.968831
101062753.430 0.971429
229529253.162 0.974026
252365574.340 0.976623
378698840.721 0.979221
388992499.370 0.981818
894083735.570 0.984416
1032211510.777 0.987013
2303468318.586 0.98961
7687984198.980 0.992208
15402281013.527 0.994805
455221300510.348 0.997403
779589279098.157 1
