.045 0.0025974
.057 0.00519481
.0643 0.00779221
.0653 0.0103896
.070 0.012987
.0703 0.0155844
.090 0.0181818
.091 0.0207792
.0947 0.0233766
.095 0.025974
.1723 0.0285714
.2417 0.0311688
.2483 0.0337662
.2863 0.0363636
.2873 0.038961
.30633 0.0415584
.3077 0.0441558
.3207 0.0467532
.331 0.0493506
.338 0.0519481
.3777 0.0545455
.44233 0.0571429
.473 0.0597403
.5103 0.0623377
.578 0.0649351
.5803 0.0675325
.605 0.0701299
.661 0.0727273
.6973 0.0753247
.706 0.0779221
.731 0.0805195
.7403 0.0831169
.835 0.0857143
.877 0.0883117
.8913 0.0909091
.9143 0.0935065
.9313 0.0961039
.9553 0.0987013
1.0047 0.101299
1.0223 0.103896
1.065 0.106494
1.1783 0.109091
1.226 0.111688
1.246 0.114286
1.3267 0.116883
1.332 0.119481
1.3443 0.122078
1.371 0.124675
1.3897 0.127273
1.394 0.12987
1.4023 0.132468
1.4207 0.135065
1.4433 0.137662
1.4687 0.14026
1.550 0.142857
1.6723 0.145455
1.84167 0.148052
1.843 0.150649
1.8563 0.153247
1.8577 0.155844
1.9223 0.158442
2.1663 0.161039
2.2237 0.163636
2.2353 0.166234
2.253 0.168831
2.2947 0.171429
2.3033 0.174026
2.4723 0.176623
2.5533 0.179221
2.5687 0.181818
2.5777 0.184416
2.742 0.187013
2.7623 0.18961
2.874 0.192208
2.9097 0.194805
2.9353 0.197403
3.1413 0.2
3.3327 0.202597
3.3407 0.205195
3.466 0.207792
3.483 0.21039
3.6443 0.212987
3.785 0.215584
3.8263 0.218182
3.8443 0.220779
3.862 0.223377
4.009 0.225974
4.058 0.228571
4.0977 0.231169
4.4437 0.233766
4.466 0.236364
4.5243 0.238961
4.577 0.241558
4.578 0.244156
4.5983 0.246753
4.762 0.249351
4.7823 0.251948
4.8013 0.254545
4.8077 0.257143
4.8653 0.25974
5.1053 0.262338
5.322 0.264935
5.3707 0.267532
5.4117 0.27013
5.4287 0.272727
5.6247 0.275325
5.6867 0.277922
5.725 0.280519
5.965 0.283117
6.0317 0.285714
6.0453 0.288312
6.1503 0.290909
6.257 0.293506
6.3127 0.296104
6.495 0.298701
6.6223 0.301299
6.7893 0.303896
7.2737 0.306494
7.548 0.309091
7.6337 0.311688
7.7713 0.314286
7.828 0.316883
7.889 0.319481
8.281 0.322078
8.351 0.324675
8.4967 0.327273
8.525 0.32987
8.6063 0.332468
9.024 0.335065
9.096 0.337662
9.108 0.34026
9.3733 0.342857
9.3807 0.345455
9.381 0.348052
9.4087 0.350649
9.8393 0.353247
9.8637 0.355844
9.8703 0.358442
10.455 0.361039
10.485 0.363636
10.692 0.366234
10.748 0.368831
10.7563 0.371429
10.805 0.374026
11.0097 0.376623
11.1453 0.379221
11.213 0.381818
11.419 0.384416
11.5813 0.387013
11.5823 0.38961
11.6667 0.392208
11.7477 0.394805
11.8563 0.397403
12.127 0.4
12.3273 0.402597
12.5563 0.405195
12.5683 0.407792
12.613 0.41039
12.708 0.412987
12.8387 0.415584
13.014 0.418182
13.2033 0.420779
13.3793 0.423377
13.645 0.425974
13.843 0.428571
13.8947 0.431169
14.057 0.433766
14.0937 0.436364
14.3283 0.438961
14.3747 0.441558
14.6343 0.444156
14.6857 0.446753
14.7887 0.449351
14.831 0.451948
15.040 0.454545
15.2057 0.457143
15.286 0.45974
15.4237 0.462338
15.6637 0.464935
15.987 0.467532
16.1067 0.47013
16.508 0.472727
16.5203 0.475325
16.525 0.477922
16.7117 0.480519
16.8757 0.483117
17.0473 0.485714
17.164 0.488312
17.258 0.490909
17.4413 0.493506
17.517 0.496104
17.5387 0.498701
17.5903 0.501299
17.5933 0.503896
18.1887 0.506494
18.2843 0.509091
18.4353 0.511688
18.454 0.514286
18.8393 0.516883
19.0287 0.519481
19.1967 0.522078
19.2247 0.524675
19.294 0.527273
19.3333 0.52987
19.4907 0.532468
19.6203 0.535065
19.714 0.537662
19.7683 0.54026
19.9187 0.542857
20.2967 0.545455
20.3443 0.548052
20.7967 0.550649
20.7983 0.553247
21.044 0.555844
21.048 0.558442
21.2757 0.561039
21.3867 0.563636
21.4317 0.566234
21.545 0.568831
21.5483 0.571429
21.6003 0.574026
21.650 0.576623
21.7943 0.579221
21.9527 0.581818
22.072 0.584416
22.113 0.587013
22.1527 0.58961
22.5767 0.592208
23.0173 0.594805
23.0413 0.597403
23.3017 0.6
23.5117 0.602597
23.8193 0.605195
23.9623 0.607792
24.0693 0.61039
24.757 0.612987
24.8813 0.615584
25.0813 0.618182
25.3287 0.620779
26.664 0.623377
26.820 0.625974
27.6217 0.628571
27.8467 0.631169
28.5433 0.633766
28.6027 0.636364
28.8857 0.638961
29.1117 0.641558
29.240 0.644156
29.686 0.646753
29.714 0.649351
31.2013 0.651948
31.268 0.654545
33.560 0.657143
34.0417 0.65974
34.8497 0.662338
36.6867 0.664935
38.224 0.667532
38.549 0.67013
38.6663 0.672727
41.1277 0.675325
41.129 0.677922
42.041 0.680519
44.830 0.683117
45.833 0.685714
50.176 0.688312
50.1837 0.690909
53.3943 0.693506
54.0657 0.696104
54.314 0.698701
59.690 0.701299
63.191 0.703896
63.2283 0.706494
67.693 0.709091
68.186 0.711688
75.687 0.714286
81.890 0.716883
82.1333 0.719481
82.3017 0.722078
84.853 0.724675
89.417 0.727273
90.6373 0.72987
93.799 0.732468
105.8583 0.735065
111.5347 0.737662
112.5453 0.74026
137.165 0.742857
137.598 0.745455
151.145 0.748052
154.671 0.750649
164.805 0.753247
203.073 0.755844
228.435 0.758442
230.030 0.761039
245.8177 0.763636
273.221 0.766234
306.897 0.768831
307.818 0.771429
352.6717 0.774026
408.133 0.776623
423.413 0.779221
447.415 0.781818
460.667 0.784416
502.987 0.787013
578.214 0.78961
645.6737 0.792208
694.759 0.794805
697.0363 0.797403
722.212 0.8
768.2853 0.802597
947.1837 0.805195
1098.042 0.807792
1137.1873 0.81039
1259.328 0.812987
1264.9277 0.815584
1308.3397 0.818182
1345.519 0.820779
1442.5177 0.823377
1713.706 0.825974
1984.0237 0.828571
1993.126 0.831169
2090.056 0.833766
2132.662 0.836364
2164.864 0.838961
2494.971 0.841558
2825.274 0.844156
3043.771 0.846753
3170.8517 0.849351
3345.7307 0.851948
3552.217 0.854545
4344.794 0.857143
5225.011 0.85974
5575.275 0.862338
6195.014 0.864935
6266.7807 0.867532
6457.824 0.87013
6536.763 0.872727
6663.8217 0.875325
8670.766 0.877922
9419.1357 0.880519
10458.916 0.883117
11340.593 0.885714
18050.420 0.888312
18997.060 0.890909
19053.746 0.893506
19209.3407 0.896104
20703.751 0.898701
21793.136 0.901299
22555.878 0.903896
26514.949 0.906494
29914.890 0.909091
34122.769 0.911688
38713.748 0.914286
39762.715 0.916883
44992.819 0.919481
52786.978 0.922078
57560.498 0.924675
91728.022 0.927273
177961.9217 0.92987
230329.613 0.932468
242393.735 0.935065
402581.297 0.937662
487221.734 0.94026
543242.231 0.942857
636794.509 0.945455
656334.728 0.948052
940054.827 0.950649
987505.524 0.953247
1426133.423 0.955844
2176193.486 0.958442
2747920.704 0.961039
3948213.182 0.963636
5993200.923 0.966234
7277804.862 0.968831
11558020.122 0.971429
14152884.253 0.974026
20958026.395 0.976623
28113890.363 0.979221
59307340.540 0.981818
92778911.986 0.984416
113224154.876 0.987013
208054300.644 0.98961
320995691.891 0.992208
827818382.251 0.994805
15284842867.541 0.997403
398008971019.401 1
