.017 0.0025974
.0257 0.00519481
.0317 0.00779221
.055 0.0103896
.0683 0.012987
.072 0.0155844
.097 0.0181818
.107 0.0207792
.1107 0.0233766
.114 0.025974
.1187 0.0285714
.1437 0.0311688
.144 0.0337662
.14633 0.0363636
.150 0.038961
.1583 0.0415584
.1867 0.0441558
.214 0.0467532
.2267 0.0493506
.249 0.0519481
.2503 0.0545455
.31933 0.0571429
.344 0.0597403
.3683 0.0623377
.3837 0.0649351
.3953 0.0675325
.3993 0.0701299
.4323 0.0727273
.4397 0.0753247
.513 0.0779221
.5523 0.0805195
.632 0.0831169
.638 0.0857143
.766 0.0883117
.844 0.0909091
.8603 0.0935065
.8647 0.0961039
.874 0.0987013
.8933 0.101299
.9153 0.103896
.951 0.106494
.9893 0.109091
1.0137 0.111688
1.021 0.114286
1.0313 0.116883
1.138 0.119481
1.1863 0.122078
1.2003 0.124675
1.2143 0.127273
1.219 0.12987
1.2313 0.132468
1.2473 0.135065
1.3283 0.137662
1.368 0.14026
1.3767 0.142857
1.4587 0.145455
1.4667 0.148052
1.5377 0.150649
1.5443 0.153247
1.5537 0.155844
1.558 0.158442
1.7197 0.161039
1.7447 0.163636
1.84767 0.166234
1.8623 0.168831
1.8817 0.171429
1.9127 0.174026
2.1003 0.176623
2.2353 0.179221
2.246 0.181818
2.4323 0.184416
2.654 0.187013
2.703 0.18961
2.778 0.192208
2.8707 0.194805
2.940 0.197403
2.9643 0.2
3.1007 0.202597
3.201 0.205195
3.314 0.207792
3.3887 0.21039
3.4443 0.212987
3.5087 0.215584
3.548 0.218182
3.5543 0.220779
3.5607 0.223377
3.561 0.225974
3.6307 0.228571
3.6913 0.231169
3.7763 0.233766
3.7863 0.236364
3.853 0.238961
3.8553 0.241558
3.9307 0.244156
3.9433 0.246753
4.5233 0.249351
4.5613 0.251948
4.7543 0.254545
4.8113 0.257143
4.850 0.25974
4.926 0.262338
5.0257 0.264935
5.2507 0.267532
5.253 0.27013
5.2913 0.272727
5.4927 0.275325
5.531 0.277922
5.5353 0.280519
5.5397 0.283117
5.5927 0.285714
5.6623 0.288312
5.7087 0.290909
5.764 0.293506
6.043 0.296104
6.257 0.298701
6.394 0.301299
6.4053 0.303896
6.5467 0.306494
6.674 0.309091
6.6893 0.311688
6.996 0.314286
7.043 0.316883
7.4457 0.319481
7.719 0.322078
7.9887 0.324675
8.0393 0.327273
8.068 0.32987
8.1573 0.332468
8.530 0.335065
8.6023 0.337662
8.945 0.34026
8.9823 0.342857
9.079 0.345455
9.390 0.348052
9.475 0.350649
9.5797 0.353247
9.7117 0.355844
9.7263 0.358442
10.1433 0.361039
10.1547 0.363636
10.198 0.366234
10.2817 0.368831
10.828 0.371429
10.927 0.374026
10.946 0.376623
11.223 0.379221
11.259 0.381818
11.4183 0.384416
11.468 0.387013
11.489 0.38961
11.8363 0.392208
11.8427 0.394805
11.901 0.397403
11.9677 0.4
12.3197 0.402597
12.3973 0.405195
12.7257 0.407792
12.7757 0.41039
12.918 0.412987
13.459 0.415584
13.5963 0.418182
13.8107 0.420779
13.9497 0.423377
14.0423 0.425974
14.1667 0.428571
14.1847 0.431169
14.289 0.433766
14.294 0.436364
14.3563 0.438961
14.372 0.441558
14.404 0.444156
14.497 0.446753
14.5093 0.449351
14.7557 0.451948
14.926 0.454545
14.945 0.457143
14.9703 0.45974
15.0267 0.462338
15.067 0.464935
15.3917 0.467532
15.4657 0.47013
15.4697 0.472727
15.6287 0.475325
15.958 0.477922
16.069 0.480519
16.096 0.483117
16.134 0.485714
16.531 0.488312
16.550 0.490909
16.763 0.493506
16.9417 0.496104
17.034 0.498701
17.1033 0.501299
17.159 0.503896
17.2367 0.506494
17.2717 0.509091
17.281 0.511688
17.5697 0.514286
17.6337 0.516883
17.6907 0.519481
17.800 0.522078
17.8863 0.524675
18.4023 0.527273
18.4817 0.52987
18.507 0.532468
18.589 0.535065
18.890 0.537662
19.0357 0.54026
19.180 0.542857
19.191 0.545455
19.2247 0.548052
19.4163 0.550649
19.851 0.553247
20.0703 0.555844
20.4263 0.558442
20.5133 0.561039
20.644 0.563636
21.016 0.566234
21.2557 0.568831
21.3253 0.571429
21.398 0.574026
21.4913 0.576623
21.9847 0.579221
22.0587 0.581818
22.169 0.584416
22.251 0.587013
22.254 0.58961
22.310 0.592208
22.3327 0.594805
22.4787 0.597403
22.649 0.6
22.7223 0.602597
22.9243 0.605195
23.0903 0.607792
23.6327 0.61039
23.6483 0.612987
23.7407 0.615584
23.8527 0.620779
23.8527 0.620779
24.1503 0.623377
24.775 0.625974
24.9723 0.628571
25.1573 0.631169
25.2083 0.633766
25.9043 0.636364
26.0823 0.638961
26.3937 0.641558
26.745 0.644156
26.840 0.646753
27.1217 0.649351
27.3507 0.651948
27.3963 0.654545
28.8503 0.657143
28.8967 0.65974
28.9647 0.662338
29.0767 0.664935
29.2767 0.667532
29.423 0.67013
29.609 0.672727
29.9507 0.675325
30.588 0.677922
30.6033 0.680519
30.6837 0.683117
30.8027 0.685714
32.052 0.688312
32.114 0.690909
33.746 0.693506
33.9987 0.696104
34.1103 0.698701
35.1443 0.701299
36.3797 0.703896
36.9823 0.706494
37.141 0.709091
37.1783 0.711688
37.5647 0.714286
37.6333 0.716883
39.259 0.719481
40.6147 0.722078
41.7073 0.724675
42.580 0.727273
44.662 0.72987
45.205 0.732468
45.668 0.735065
47.667 0.737662
48.232 0.74026
48.6917 0.742857
50.8983 0.745455
54.0687 0.748052
56.239 0.750649
57.805 0.753247
60.508 0.755844
60.7673 0.758442
65.909 0.761039
66.069 0.763636
66.852 0.766234
70.9923 0.768831
82.357 0.771429
83.669 0.774026
93.120 0.776623
95.7527 0.779221
115.828 0.781818
125.626 0.784416
129.995 0.787013
146.391 0.78961
150.1033 0.792208
156.9757 0.794805
186.479 0.797403
210.209 0.8
215.742 0.802597
219.4447 0.805195
225.504 0.807792
232.163 0.81039
232.309 0.812987
258.496 0.815584
292.1757 0.818182
292.941 0.820779
293.152 0.823377
367.7337 0.825974
374.4027 0.828571
381.3117 0.831169
381.7443 0.833766
447.283 0.836364
475.432 0.838961
556.915 0.841558
773.254 0.844156
865.717 0.846753
866.6077 0.849351
891.9657 0.851948
902.634 0.854545
1119.7797 0.857143
1175.576 0.85974
1381.816 0.862338
1816.0537 0.864935
2134.827 0.867532
2356.1327 0.87013
2587.079 0.872727
2593.005 0.875325
2599.698 0.877922
3260.394 0.880519
3266.314 0.883117
3267.231 0.885714
3847.949 0.888312
4243.243 0.890909
4459.873 0.893506
4497.725 0.896104
5733.701 0.898701
5802.455 0.901299
6768.820 0.903896
7094.5197 0.906494
7185.809 0.909091
9459.361 0.911688
9819.134 0.914286
10916.806 0.916883
12019.019 0.919481
12163.815 0.922078
12834.892 0.924675
13178.619 0.927273
13911.720 0.92987
19232.183 0.932468
22677.151 0.935065
24251.921 0.937662
27978.098 0.94026
28149.1367 0.942857
41906.748 0.945455
48188.718 0.948052
52912.195 0.950649
68430.789 0.953247
73806.333 0.955844
97748.200 0.958442
211191.098 0.961039
219690.151 0.963636
344460.238 0.966234
413281.395 0.968831
453210.411 0.971429
1027765.695 0.974026
1507600.651 0.976623
1546311.491 0.979221
1660694.312 0.981818
7655889.097 0.984416
10401274.707 0.987013
46230355.151 0.98961
982760370.982 0.992208
1298785546.172 0.994805
3996111233.324 0.997403
1479452435690631.120 1
