0 0.0106383
0 0.0106383
0 0.0106383
.100 0.0177305
.100 0.0177305
.200 0.0283688
.200 0.0283688
.200 0.0283688
.700 0.035461
.700 0.035461
.800 0.0390071
.900 0.0425532
1.100 0.0460993
1.300 0.0567376
1.300 0.0567376
1.300 0.0567376
1.400 0.0638298
1.400 0.0638298
1.500 0.0673759
2.100 0.070922
2.500 0.0744681
2.600 0.0780142
2.700 0.0851064
2.700 0.0851064
2.900 0.0886525
3.200 0.0921986
3.400 0.0957447
3.600 0.0992908
3.700 0.102837
3.900 0.106383
4.100 0.117021
4.100 0.117021
4.100 0.117021
4.400 0.120567
4.600 0.124113
4.700 0.12766
4.900 0.134752
4.900 0.134752
5.000 0.138298
5.300 0.141844
5.400 0.152482
5.400 0.152482
5.400 0.152482
5.900 0.159574
5.900 0.159574
6.000 0.163121
6.200 0.166667
6.300 0.170213
6.400 0.173759
6.600 0.180851
6.600 0.180851
6.700 0.184397
6.900 0.187943
7.100 0.191489
7.200 0.195035
7.300 0.198582
7.400 0.202128
7.600 0.205674
7.900 0.212766
7.900 0.212766
8.000 0.219858
8.000 0.219858
8.200 0.223404
8.300 0.22695
8.500 0.230496
8.800 0.234043
8.900 0.237589
9.100 0.241135
9.200 0.244681
9.300 0.248227
9.600 0.251773
9.700 0.258865
9.700 0.258865
10.300 0.262411
10.700 0.265957
11.500 0.269504
11.700 0.276596
11.700 0.276596
12.100 0.280142
12.800 0.283688
12.900 0.29078
12.900 0.29078
13.100 0.297872
13.100 0.297872
13.300 0.308511
13.300 0.308511
13.300 0.308511
13.400 0.312057
13.800 0.315603
14.300 0.319149
14.400 0.322695
14.500 0.329787
14.500 0.329787
14.700 0.336879
14.700 0.336879
14.900 0.340426
15.300 0.343972
16.100 0.351064
16.100 0.351064
16.800 0.35461
16.900 0.358156
17.100 0.361702
17.300 0.365248
17.400 0.368794
17.700 0.37234
17.800 0.379433
17.800 0.379433
18.600 0.382979
19.200 0.386525
19.300 0.393617
19.300 0.393617
20.200 0.397163
20.300 0.400709
20.500 0.407801
20.500 0.407801
20.600 0.421986
20.600 0.421986
20.600 0.421986
20.600 0.421986
20.700 0.425532
20.800 0.432624
20.800 0.432624
21.200 0.43617
21.800 0.439716
21.900 0.443262
22.100 0.446809
22.200 0.450355
22.300 0.453901
22.400 0.457447
22.600 0.460993
22.700 0.468085
22.700 0.468085
22.800 0.471631
23.500 0.475177
23.800 0.478723
23.900 0.48227
24.200 0.485816
24.300 0.489362
25.100 0.492908
25.300 0.496454
25.500 0.5
25.600 0.503546
26.000 0.507092
26.300 0.510638
27.200 0.514184
27.700 0.51773
28.100 0.521277
28.200 0.524823
28.300 0.528369
28.500 0.531915
28.700 0.535461
28.900 0.539007
29.000 0.542553
29.100 0.546099
29.300 0.549645
30.200 0.556738
30.200 0.556738
30.400 0.56383
30.400 0.56383
30.800 0.567376
30.900 0.574468
30.900 0.574468
31.000 0.578014
31.400 0.58156
31.600 0.585106
31.700 0.588652
32.900 0.592199
33.300 0.595745
33.500 0.599291
33.600 0.602837
34.000 0.606383
34.200 0.609929
34.500 0.613475
34.700 0.617021
36.100 0.620567
36.400 0.624113
36.500 0.62766
36.700 0.634752
36.700 0.634752
36.900 0.638298
37.000 0.641844
37.500 0.64539
37.900 0.652482
37.900 0.652482
38.300 0.659574
38.300 0.659574
39.000 0.663121
39.600 0.666667
39.700 0.670213
40.000 0.673759
40.200 0.677305
40.400 0.680851
40.500 0.684397
40.600 0.687943
40.700 0.691489
42.100 0.695035
42.600 0.698582
43.000 0.705674
43.000 0.705674
43.200 0.712766
43.200 0.712766
43.600 0.716312
43.800 0.719858
44.200 0.723404
44.300 0.72695
44.600 0.730496
44.800 0.737589
44.800 0.737589
45.100 0.741135
46.000 0.755319
46.000 0.755319
46.000 0.755319
46.000 0.755319
46.300 0.758865
46.500 0.762411
46.600 0.769504
46.600 0.769504
46.700 0.77305
46.900 0.776596
47.600 0.783688
47.600 0.783688
47.800 0.787234
47.900 0.79078
48.400 0.794326
48.500 0.797872
49.200 0.801418
50.800 0.804965
50.900 0.808511
52.100 0.812057
52.300 0.815603
52.600 0.819149
53.900 0.822695
54.300 0.826241
55.000 0.829787
55.200 0.833333
55.400 0.836879
55.900 0.840426
56.000 0.843972
56.200 0.847518
57.000 0.851064
57.400 0.85461
58.300 0.858156
58.900 0.861702
59.800 0.865248
59.900 0.868794
61.100 0.87234
61.400 0.875887
62.500 0.879433
62.600 0.882979
65.100 0.886525
66.600 0.890071
73.800 0.893617
80.100 0.897163
80.900 0.900709
86.200 0.904255
87.700 0.907801
89.200 0.911348
93.400 0.914894
95.100 0.91844
113.100 0.925532
113.100 0.925532
119.400 0.929078
132.300 0.932624
138.000 0.93617
145.500 0.939716
153.400 0.943262
158.400 0.946809
175.000 0.950355
184.800 0.953901
205.600 0.957447
232.200 0.960993
235.400 0.964539
261.000 0.968085
279.200 0.971631
291.800 0.975177
445.200 0.978723
466.000 0.98227
475.600 0.985816
587.100 0.989362
937.100 0.992908
1018.700 0.996454
1617.300 1
