.0293 0.0025974
.0517 0.00519481
.070 0.00779221
.0883 0.0103896
.090 0.012987
.095 0.0155844
.1187 0.0181818
.158 0.0207792
.1593 0.0233766
.168 0.025974
.172 0.0285714
.174 0.0311688
.2283 0.0337662
.2483 0.0363636
.2527 0.038961
.259 0.0415584
.2817 0.0441558
.2853 0.0467532
.2863 0.0493506
.3007 0.0519481
.310 0.0545455
.32233 0.0571429
.331 0.0597403
.333 0.0623377
.415 0.0649351
.44233 0.0675325
.5633 0.0701299
.578 0.0727273
.5883 0.0753247
.6123 0.0779221
.618 0.0805195
.6217 0.0831169
.682 0.0857143
.7863 0.0883117
.8383 0.0909091
.851 0.0935065
.8903 0.0961039
.967 0.0987013
.9823 0.101299
.9863 0.103896
.9873 0.106494
.9933 0.109091
1.0167 0.111688
1.0297 0.114286
1.0453 0.116883
1.092 0.119481
1.130 0.122078
1.1463 0.124675
1.279 0.127273
1.2793 0.12987
1.371 0.132468
1.3757 0.135065
1.394 0.137662
1.4053 0.14026
1.4207 0.142857
1.468 0.145455
1.497 0.148052
1.509 0.150649
1.6947 0.153247
1.7333 0.155844
1.7723 0.158442
1.84167 0.161039
1.8577 0.163636
1.9193 0.166234
1.943 0.168831
2.0087 0.171429
2.0767 0.174026
2.159 0.176623
2.208 0.179221
2.344 0.181818
2.401 0.184416
2.5087 0.187013
2.5367 0.18961
2.8303 0.192208
2.9353 0.194805
2.962 0.197403
3.0397 0.2
3.2087 0.202597
3.2113 0.205195
3.240 0.207792
3.3203 0.21039
3.3527 0.212987
3.3677 0.215584
3.477 0.218182
3.5313 0.220779
3.792 0.223377
3.9203 0.225974
3.9253 0.228571
3.9877 0.231169
4.0077 0.233766
4.072 0.236364
4.1357 0.238961
4.318 0.241558
4.3447 0.244156
4.383 0.246753
4.419 0.249351
4.490 0.251948
4.6183 0.254545
4.8173 0.257143
4.8207 0.25974
4.9133 0.262338
4.938 0.264935
4.9423 0.267532
5.1053 0.27013
5.233 0.272727
5.322 0.275325
5.3303 0.277922
5.376 0.280519
5.4287 0.283117
5.8627 0.285714
5.8633 0.288312
6.0213 0.290909
6.0517 0.293506
6.0943 0.296104
6.145 0.298701
6.2103 0.301299
6.6997 0.303896
6.7567 0.306494
6.8237 0.309091
7.5427 0.311688
7.685 0.314286
7.876 0.316883
7.9113 0.319481
7.944 0.322078
8.0577 0.324675
8.392 0.327273
8.642 0.32987
8.679 0.332468
8.7017 0.335065
9.161 0.337662
9.1957 0.34026
9.197 0.342857
9.2717 0.345455
9.361 0.348052
9.4627 0.350649
9.4783 0.353247
9.6813 0.355844
9.695 0.358442
9.8177 0.361039
10.1813 0.363636
10.2513 0.366234
10.599 0.368831
10.6123 0.371429
10.805 0.374026
10.8177 0.376623
11.079 0.379221
11.2683 0.381818
11.3393 0.384416
11.5007 0.387013
11.6173 0.38961
11.6833 0.392208
11.739 0.394805
11.7837 0.397403
11.9383 0.4
11.9547 0.402597
12.095 0.405195
12.258 0.407792
12.3323 0.41039
12.348 0.412987
12.5023 0.415584
12.8993 0.418182
13.3213 0.420779
13.350 0.423377
13.3833 0.425974
13.403 0.428571
13.565 0.431169
14.066 0.433766
14.221 0.436364
14.2377 0.438961
14.286 0.441558
14.4193 0.444156
14.6663 0.446753
14.8847 0.449351
14.9547 0.451948
15.104 0.454545
15.171 0.457143
15.223 0.45974
15.2467 0.462338
15.5327 0.464935
15.6197 0.467532
16.003 0.47013
16.2987 0.472727
16.424 0.475325
16.601 0.477922
16.832 0.480519
17.1057 0.483117
17.1687 0.485714
17.1983 0.488312
17.292 0.490909
17.4007 0.493506
17.6063 0.496104
17.8387 0.498701
17.8663 0.501299
18.3527 0.503896
18.3993 0.506494
18.5563 0.509091
18.6467 0.511688
18.7537 0.514286
18.804 0.516883
18.875 0.519481
19.294 0.522078
19.5037 0.524675
19.5483 0.527273
19.865 0.52987
19.8927 0.532468
19.9533 0.535065
20.0803 0.537662
20.7527 0.54026
20.8463 0.542857
21.0133 0.545455
21.3063 0.548052
21.4603 0.550649
21.5863 0.553247
21.8007 0.555844
21.890 0.558442
21.9487 0.561039
22.0943 0.563636
22.1173 0.566234
22.2227 0.568831
22.3287 0.571429
22.4883 0.574026
22.5837 0.576623
22.588 0.579221
22.645 0.581818
22.7963 0.584416
22.9493 0.587013
23.4907 0.58961
23.4927 0.592208
23.7017 0.594805
23.7577 0.597403
24.4613 0.6
24.501 0.602597
24.578 0.605195
24.8917 0.607792
24.999 0.61039
25.1903 0.612987
25.353 0.615584
25.4507 0.618182
25.6593 0.620779
25.666 0.623377
25.7203 0.625974
27.2617 0.628571
27.6493 0.631169
28.3107 0.633766
28.5237 0.636364
29.2917 0.638961
29.4653 0.641558
29.5957 0.644156
29.609 0.646753
29.6187 0.649351
29.7493 0.651948
32.171 0.654545
32.5533 0.657143
32.577 0.65974
33.534 0.662338
33.7933 0.664935
34.8147 0.667532
35.7827 0.67013
36.873 0.672727
36.9737 0.675325
38.041 0.677922
39.286 0.680519
39.9863 0.683117
39.997 0.685714
42.8363 0.688312
43.634 0.690909
43.843 0.693506
44.678 0.696104
45.0057 0.698701
46.407 0.701299
47.0863 0.703896
47.681 0.706494
48.162 0.709091
50.0197 0.711688
50.1747 0.714286
50.7087 0.716883
52.718 0.719481
55.260 0.722078
55.851 0.724675
56.280 0.727273
57.877 0.72987
59.270 0.732468
61.533 0.735065
64.973 0.737662
66.098 0.74026
71.220 0.742857
76.3173 0.745455
77.851 0.748052
79.9257 0.750649
84.406 0.753247
93.417 0.755844
126.424 0.758442
137.011 0.761039
148.2283 0.763636
150.9497 0.766234
153.483 0.768831
163.578 0.771429
172.227 0.774026
172.568 0.776623
176.085 0.779221
187.836 0.781818
224.258 0.784416
228.912 0.787013
270.748 0.78961
273.449 0.792208
279.7907 0.794805
304.057 0.797403
343.6477 0.8
425.569 0.802597
443.811 0.805195
450.509 0.807792
454.0917 0.81039
483.408 0.812987
578.214 0.815584
588.858 0.818182
636.783 0.820779
641.3063 0.823377
649.9907 0.825974
715.487 0.828571
761.4657 0.831169
805.7827 0.833766
884.462 0.836364
1083.542 0.838961
1468.114 0.841558
1545.7377 0.844156
1644.8287 0.846753
1688.638 0.849351
1735.4497 0.851948
1799.207 0.854545
1979.424 0.857143
2166.765 0.85974
2480.144 0.862338
2929.669 0.864935
3074.542 0.867532
3313.6587 0.87013
3532.462 0.872727
3606.201 0.875325
4418.312 0.877922
5160.6157 0.880519
6321.673 0.883117
6632.8297 0.885714
6984.501 0.888312
7608.296 0.890909
9487.106 0.893506
10034.831 0.896104
10310.743 0.898701
10753.9287 0.901299
12115.149 0.903896
12706.471 0.906494
16172.221 0.909091
20435.873 0.911688
21408.707 0.914286
21707.331 0.916883
36620.271 0.919481
38520.253 0.922078
39465.427 0.924675
40700.566 0.927273
73847.516 0.92987
91128.532 0.932468
110256.683 0.935065
144851.0757 0.937662
188597.198 0.94026
290130.894 0.942857
359470.247 0.945455
396566.249 0.948052
449636.062 0.950649
450895.992 0.953247
639976.964 0.955844
818316.218 0.958442
1303387.031 0.961039
1362272.431 0.963636
1418084.455 0.966234
2229550.646 0.968831
2454917.504 0.971429
3005337.093 0.974026
3726814.163 0.976623
6001674.679 0.979221
8548491.413 0.981818
8738077.441 0.984416
10505480.721 0.987013
27606466.095 0.98961
59587242.161 0.992208
259317740.014 0.994805
15052516879.598 0.997403
145584795034.679 1
