.0193 0.0025974
.057 0.00519481
.078 0.00779221
.088 0.0103896
.094 0.012987
.0947 0.0155844
.095 0.0181818
.10167 0.0207792
.1113 0.0233766
.1267 0.025974
.14733 0.0285714
.1577 0.0311688
.162 0.0337662
.1837 0.0363636
.268 0.038961
.269 0.0415584
.3627 0.0441558
.3683 0.0467532
.3757 0.0493506
.3953 0.0519481
.4457 0.0545455
.5003 0.0571429
.520 0.0597403
.5213 0.0623377
.534 0.0649351
.563 0.0675325
.577 0.0701299
.5827 0.0727273
.5863 0.0753247
.631 0.0779221
.6413 0.0805195
.729 0.0831169
.737 0.0857143
.7587 0.0883117
.771 0.0909091
.8677 0.0935065
.932 0.0961039
.941 0.0987013
1.0873 0.101299
1.1137 0.103896
1.160 0.106494
1.230 0.109091
1.245 0.111688
1.2593 0.114286
1.4667 0.116883
1.4717 0.119481
1.5583 0.122078
1.581 0.124675
1.6873 0.127273
1.7343 0.12987
1.7653 0.132468
1.772 0.135065
1.82767 0.137662
1.8417 0.14026
1.870 0.142857
1.946 0.145455
1.9713 0.148052
2.1423 0.150649
2.2183 0.153247
2.2907 0.155844
2.451 0.158442
2.4743 0.161039
2.4997 0.163636
2.569 0.166234
2.6763 0.168831
2.7807 0.171429
2.8903 0.174026
2.8993 0.176623
2.9097 0.179221
2.9163 0.181818
2.9707 0.184416
2.9733 0.187013
3.002 0.18961
3.192 0.192208
3.2003 0.194805
3.2403 0.197403
3.2573 0.2
3.2643 0.202597
3.290 0.205195
3.3047 0.207792
3.4027 0.21039
3.566 0.212987
3.6657 0.215584
3.7053 0.218182
3.803 0.220779
3.812 0.223377
3.8747 0.225974
3.888 0.228571
3.8893 0.231169
3.903 0.233766
3.9093 0.236364
3.9357 0.238961
4.0033 0.241558
4.032 0.244156
4.344 0.246753
4.4733 0.249351
4.5563 0.251948
4.7237 0.254545
4.8897 0.257143
4.905 0.25974
5.2887 0.262338
5.3167 0.264935
5.3603 0.267532
5.4577 0.27013
5.530 0.272727
5.915 0.275325
6.1727 0.277922
6.1763 0.280519
6.4797 0.283117
6.879 0.285714
7.1457 0.288312
7.2563 0.290909
7.3973 0.293506
7.4773 0.296104
7.564 0.298701
7.662 0.301299
7.6703 0.303896
7.7377 0.306494
7.9377 0.309091
8.018 0.311688
8.2283 0.314286
8.293 0.316883
8.296 0.319481
8.498 0.322078
8.556 0.324675
8.883 0.327273
8.902 0.32987
8.9033 0.332468
8.9277 0.335065
9.004 0.337662
9.084 0.34026
9.3173 0.342857
9.366 0.345455
9.434 0.348052
9.4517 0.350649
9.7683 0.353247
9.995 0.355844
10.0813 0.358442
10.1907 0.361039
10.223 0.363636
10.2817 0.366234
10.653 0.368831
10.6587 0.371429
10.6777 0.374026
10.692 0.376623
11.2543 0.379221
11.356 0.381818
11.425 0.384416
11.5377 0.387013
11.6923 0.38961
11.8703 0.392208
11.9467 0.394805
12.0373 0.397403
12.0927 0.4
12.2007 0.402597
12.214 0.405195
12.6627 0.407792
12.6703 0.41039
13.2857 0.412987
13.3673 0.415584
13.4407 0.418182
13.645 0.420779
13.880 0.423377
13.9877 0.425974
14.134 0.428571
14.1617 0.431169
14.2287 0.433766
14.8127 0.436364
14.8497 0.438961
15.3323 0.441558
15.6637 0.444156
15.6993 0.446753
16.2223 0.449351
16.3727 0.451948
16.6137 0.454545
16.719 0.457143
16.770 0.45974
16.781 0.462338
16.8287 0.464935
17.058 0.467532
17.154 0.47013
17.1733 0.472727
17.4413 0.475325
17.718 0.477922
17.8453 0.480519
17.9147 0.483117
18.396 0.485714
18.4903 0.488312
18.5577 0.490909
18.8357 0.493506
19.0407 0.496104
19.073 0.498701
19.154 0.501299
19.3703 0.503896
19.551 0.506494
20.056 0.509091
20.0627 0.511688
20.2763 0.514286
20.2907 0.516883
20.3197 0.519481
20.4403 0.522078
20.7983 0.524675
20.8843 0.527273
20.966 0.52987
21.0227 0.532468
21.187 0.535065
21.2397 0.537662
21.3203 0.54026
21.4533 0.542857
21.7433 0.545455
21.7547 0.548052
22.0403 0.550649
22.4493 0.553247
22.4867 0.555844
22.6693 0.558442
22.7713 0.561039
22.8353 0.563636
23.0813 0.566234
23.0903 0.568831
23.2657 0.571429
23.324 0.574026
23.4653 0.576623
23.8333 0.579221
23.9623 0.581818
24.5213 0.584416
25.233 0.587013
26.2703 0.58961
26.647 0.592208
26.6687 0.594805
28.0937 0.597403
28.2437 0.6
28.630 0.602597
28.6517 0.605195
28.810 0.607792
29.054 0.61039
29.4647 0.612987
29.9027 0.615584
31.373 0.618182
31.395 0.620779
31.9313 0.623377
32.3893 0.625974
34.1037 0.628571
35.1507 0.631169
37.730 0.633766
38.7693 0.636364
39.993 0.638961
41.3187 0.641558
41.785 0.644156
42.466 0.646753
42.666 0.649351
45.076 0.651948
46.6577 0.654545
47.051 0.657143
49.081 0.65974
50.177 0.662338
51.0453 0.664935
52.020 0.667532
54.340 0.67013
55.3327 0.672727
55.5587 0.675325
57.221 0.677922
58.227 0.680519
59.3967 0.683117
61.539 0.685714
62.536 0.688312
64.628 0.690909
68.3427 0.693506
79.744 0.696104
82.4873 0.698701
106.0943 0.701299
114.835 0.703896
116.0223 0.706494
127.5477 0.709091
149.203 0.711688
163.031 0.714286
167.0763 0.716883
205.3287 0.719481
211.0773 0.722078
216.134 0.724675
219.678 0.727273
232.163 0.72987
232.658 0.732468
257.636 0.735065
289.7397 0.737662
300.567 0.74026
311.994 0.742857
329.2027 0.745455
344.3903 0.748052
352.055 0.750649
360.514 0.753247
369.171 0.755844
408.943 0.758442
424.994 0.761039
433.071 0.763636
485.082 0.766234
486.341 0.768831
517.2893 0.771429
561.257 0.774026
617.7297 0.776623
652.140 0.779221
733.015 0.781818
915.7377 0.784416
962.7023 0.787013
1023.905 0.78961
1070.6307 0.792208
1071.8953 0.794805
1079.178 0.797403
1137.056 0.8
1251.0927 0.802597
1321.328 0.805195
1422.519 0.807792
1502.698 0.81039
1549.056 0.812987
1726.764 0.815584
1840.610 0.818182
1877.038 0.820779
2179.002 0.823377
2499.9157 0.825974
2870.248 0.828571
2905.375 0.831169
3276.232 0.833766
3472.750 0.836364
3483.582 0.838961
4123.9357 0.841558
4349.711 0.844156
5788.3877 0.846753
7105.0397 0.849351
7209.9697 0.851948
7285.4923 0.854545
7391.994 0.857143
7940.9147 0.85974
8068.816 0.862338
8275.052 0.864935
9010.524 0.867532
9073.216 0.87013
11455.165 0.872727
12093.347 0.875325
15339.1657 0.877922
16812.831 0.880519
19954.959 0.883117
21610.320 0.885714
22446.432 0.888312
29365.494 0.890909
30724.435 0.893506
32550.735 0.896104
33840.092 0.898701
42053.535 0.901299
55311.641 0.903896
65984.0813 0.906494
71063.732 0.909091
72117.328 0.911688
73393.825 0.914286
99665.866 0.916883
148047.321 0.919481
155258.650 0.922078
228719.7067 0.924675
231017.463 0.927273
261360.720 0.92987
354311.618 0.932468
560852.129 0.935065
568978.685 0.937662
701209.285 0.94026
704513.846 0.942857
1279404.6757 0.945455
1292391.979 0.948052
1532006.667 0.950649
2218270.880 0.953247
3550539.728 0.955844
6928682.384 0.958442
8198678.683 0.961039
18872232.566 0.963636
84227366.813 0.966234
93316397.580 0.968831
164109635.499 0.971429
205759506.368 0.974026
276301037.925 0.976623
416607119.772 0.979221
529822016.334 0.981818
555131278.526 0.984416
991104906.718 0.987013
2361808687.586 0.98961
165529007475.217 0.992208
389994188745.701 0.994805
943405306280.891 0.997403
1498831436688154.903 1
