0 0.0035461
.008 0.0070922
.011 0.0106383
.0323 0.0141844
.0347 0.0177305
.050 0.0212766
.078 0.0248227
.0953 0.0283688
.1773 0.0319149
.2023 0.035461
.2027 0.0390071
.2283 0.0425532
.230 0.0460993
.2313 0.0496454
.2593 0.0531915
.262 0.0567376
.27033 0.0602837
.300 0.0638298
.3723 0.0673759
.400 0.070922
.41333 0.0744681
.4207 0.0780142
.485 0.0815603
.5917 0.0851064
.6153 0.0886525
.6873 0.0921986
.689 0.0957447
.699 0.0992908
.743 0.102837
.7787 0.106383
.851 0.109929
.891 0.113475
.8953 0.117021
.8993 0.120567
.9567 0.124113
1.013 0.12766
1.0223 0.131206
1.0713 0.134752
1.1437 0.138298
1.148 0.141844
1.1483 0.14539
1.166 0.148936
1.188 0.152482
1.2353 0.156028
1.2467 0.159574
1.325 0.163121
1.341 0.166667
1.3937 0.170213
1.424 0.173759
1.4483 0.177305
1.5063 0.180851
1.573 0.184397
1.597 0.187943
1.696 0.191489
1.7963 0.195035
1.81767 0.198582
1.8317 0.202128
1.8767 0.205674
1.970 0.20922
2.0457 0.212766
2.062 0.216312
2.1567 0.219858
2.2007 0.223404
2.2057 0.22695
2.2323 0.230496
2.3283 0.234043
2.3947 0.237589
2.4087 0.241135
2.6223 0.244681
2.6337 0.248227
2.6617 0.251773
2.7953 0.255319
2.8613 0.258865
2.8983 0.262411
3.0563 0.265957
3.2133 0.269504
3.2817 0.27305
3.2983 0.276596
3.2997 0.280142
3.3783 0.283688
3.430 0.287234
3.445 0.29078
3.6367 0.294326
3.676 0.297872
3.736 0.301418
3.8853 0.304965
3.970 0.308511
4.0163 0.312057
4.029 0.315603
4.0813 0.319149
4.2187 0.322695
4.3867 0.326241
4.5017 0.329787
4.582 0.333333
4.6033 0.336879
4.7437 0.340426
4.7783 0.343972
5.0257 0.347518
5.0397 0.351064
5.040 0.35461
5.0733 0.358156
5.2947 0.361702
5.539 0.365248
5.6913 0.368794
5.9717 0.37234
5.9753 0.375887
6.1353 0.379433
6.1687 0.382979
6.361 0.386525
6.4257 0.390071
6.452 0.393617
6.5093 0.397163
6.682 0.400709
7.057 0.404255
7.428 0.407801
7.4857 0.411348
7.490 0.414894
7.5663 0.41844
7.613 0.421986
7.6783 0.425532
7.829 0.429078
7.8477 0.432624
7.864 0.43617
7.946 0.439716
8.221 0.443262
8.3497 0.446809
8.3763 0.450355
8.538 0.453901
8.679 0.457447
8.810 0.460993
8.8137 0.464539
8.826 0.468085
9.2103 0.471631
9.219 0.475177
9.2947 0.478723
9.519 0.48227
9.6243 0.485816
9.898 0.489362
10.004 0.492908
10.2127 0.496454
10.216 0.5
10.7177 0.503546
11.0333 0.507092
11.1577 0.510638
11.1763 0.514184
11.2617 0.51773
11.4823 0.521277
11.6093 0.524823
11.6823 0.528369
11.765 0.531915
11.9003 0.535461
12.1263 0.539007
12.183 0.542553
12.651 0.546099
12.7117 0.549645
12.936 0.553191
13.0413 0.556738
13.348 0.560284
13.6197 0.56383
13.7073 0.567376
13.7403 0.570922
13.742 0.574468
13.817 0.578014
13.9063 0.58156
14.206 0.585106
14.2567 0.588652
14.360 0.592199
14.4697 0.595745
14.5777 0.599291
14.6427 0.602837
14.9577 0.606383
14.9887 0.609929
15.3487 0.613475
15.6677 0.617021
15.7287 0.620567
15.8293 0.624113
15.8297 0.62766
15.8343 0.631206
15.927 0.634752
16.0467 0.638298
16.1503 0.64539
16.1503 0.64539
16.2673 0.648936
16.269 0.652482
16.295 0.656028
16.8987 0.659574
16.919 0.663121
16.965 0.666667
17.2663 0.670213
17.390 0.673759
17.5297 0.677305
17.8203 0.680851
17.8677 0.684397
17.8913 0.687943
17.8993 0.691489
18.0347 0.695035
18.1907 0.698582
18.4223 0.702128
18.6423 0.705674
18.957 0.70922
19.0137 0.712766
19.1983 0.716312
19.250 0.719858
19.419 0.723404
19.7167 0.72695
19.8127 0.730496
19.8333 0.734043
19.993 0.737589
20.0503 0.741135
20.3893 0.744681
20.844 0.748227
20.8963 0.751773
21.066 0.755319
21.0883 0.758865
21.498 0.762411
22.0127 0.765957
22.6947 0.769504
22.9163 0.77305
23.0857 0.776596
23.1093 0.780142
24.026 0.783688
24.8943 0.787234
25.2563 0.79078
25.5827 0.794326
25.950 0.797872
26.4773 0.801418
26.5603 0.804965
27.5097 0.808511
28.4957 0.812057
28.532 0.815603
28.8447 0.819149
30.0383 0.822695
30.188 0.826241
30.2047 0.829787
30.7817 0.833333
31.6283 0.836879
32.0267 0.840426
33.146 0.843972
34.291 0.847518
36.2057 0.851064
36.5047 0.85461
37.178 0.858156
40.029 0.861702
43.427 0.865248
44.879 0.868794
46.8493 0.87234
50.448 0.875887
51.028 0.879433
51.0907 0.882979
55.097 0.886525
56.628 0.890071
56.696 0.893617
56.899 0.897163
59.8487 0.900709
60.5323 0.904255
72.4963 0.907801
74.760 0.911348
79.819 0.914894
85.311 0.91844
88.4053 0.921986
97.460 0.925532
105.2363 0.929078
106.025 0.932624
125.536 0.93617
125.6087 0.939716
149.575 0.943262
151.308 0.946809
152.525 0.950355
168.5337 0.953901
169.2417 0.957447
170.726 0.960993
221.808 0.964539
222.737 0.968085
273.815 0.971631
339.682 0.975177
386.417 0.978723
435.2417 0.98227
465.6583 0.985816
581.2967 0.989362
590.614 0.992908
815.442 0.996454
1807.106 1
