0 0.00519481
0 0.00519481
.100 0.00779221
.200 0.012987
.200 0.012987
.300 0.0155844
.600 0.0207792
.600 0.0207792
.700 0.025974
.700 0.025974
.900 0.0337662
.900 0.0337662
.900 0.0337662
1.100 0.0363636
1.200 0.038961
1.300 0.0441558
1.300 0.0441558
1.400 0.0493506
1.400 0.0493506
1.900 0.0519481
2.400 0.0545455
2.500 0.0597403
2.500 0.0597403
2.700 0.0623377
3.100 0.0701299
3.100 0.0701299
3.100 0.0701299
3.700 0.0727273
3.800 0.0779221
3.800 0.0779221
3.900 0.0805195
4.000 0.0831169
4.100 0.0857143
4.200 0.0909091
4.200 0.0909091
4.300 0.0935065
4.700 0.0961039
4.800 0.0987013
5.300 0.106494
5.300 0.106494
5.300 0.106494
5.400 0.111688
5.400 0.111688
5.500 0.114286
6.000 0.119481
6.000 0.119481
6.100 0.122078
6.200 0.124675
6.400 0.132468
6.400 0.132468
6.400 0.132468
6.500 0.135065
6.700 0.137662
7.000 0.14026
7.100 0.142857
7.200 0.145455
7.300 0.150649
7.300 0.150649
7.500 0.153247
7.800 0.158442
7.800 0.158442
7.900 0.163636
7.900 0.163636
8.200 0.166234
8.400 0.168831
8.600 0.171429
8.900 0.176623
8.900 0.176623
9.200 0.179221
9.300 0.184416
9.300 0.184416
9.500 0.187013
9.800 0.18961
10.100 0.192208
10.800 0.194805
11.200 0.197403
11.500 0.2
11.600 0.202597
12.000 0.205195
12.700 0.207792
12.800 0.21039
12.900 0.215584
12.900 0.215584
13.000 0.218182
13.200 0.223377
13.200 0.223377
13.300 0.225974
13.400 0.228571
13.500 0.231169
13.600 0.233766
13.900 0.236364
14.000 0.238961
14.100 0.241558
14.300 0.244156
14.400 0.246753
14.700 0.249351
14.900 0.251948
15.000 0.254545
15.500 0.257143
16.000 0.25974
16.300 0.262338
16.800 0.264935
17.000 0.267532
17.200 0.27013
17.400 0.272727
17.500 0.275325
17.700 0.280519
17.700 0.280519
17.800 0.283117
17.900 0.285714
18.500 0.288312
18.700 0.290909
19.000 0.293506
19.100 0.296104
19.400 0.298701
20.400 0.306494
20.400 0.306494
20.400 0.306494
20.500 0.309091
20.600 0.311688
20.700 0.319481
20.700 0.319481
20.700 0.319481
20.800 0.322078
20.900 0.324675
21.300 0.327273
21.900 0.332468
21.900 0.332468
22.200 0.337662
22.200 0.337662
22.300 0.342857
22.300 0.342857
22.600 0.345455
22.700 0.350649
22.700 0.350649
22.800 0.353247
23.600 0.355844
23.900 0.361039
23.900 0.361039
24.300 0.363636
24.400 0.366234
25.400 0.371429
25.400 0.371429
25.500 0.374026
25.800 0.376623
26.100 0.379221
26.400 0.381818
27.800 0.384416
28.100 0.387013
28.300 0.392208
28.300 0.392208
28.600 0.394805
28.700 0.397403
28.900 0.4
29.100 0.405195
29.100 0.405195
29.300 0.407792
29.400 0.41039
29.900 0.412987
30.000 0.415584
30.300 0.418182
30.400 0.420779
30.500 0.423377
30.700 0.425974
31.000 0.431169
31.000 0.431169
31.400 0.433766
31.700 0.436364
31.800 0.438961
32.700 0.441558
33.000 0.444156
33.300 0.446753
33.600 0.449351
33.700 0.451948
34.300 0.454545
34.400 0.457143
34.800 0.45974
34.900 0.462338
36.300 0.464935
36.500 0.467532
36.600 0.47013
36.700 0.472727
36.800 0.475325
37.000 0.477922
37.500 0.480519
37.900 0.483117
38.000 0.485714
38.200 0.488312
38.400 0.490909
39.000 0.493506
39.700 0.496104
39.800 0.498701
40.100 0.501299
40.300 0.503896
40.400 0.506494
40.600 0.509091
40.700 0.514286
40.700 0.514286
42.200 0.516883
42.600 0.519481
43.100 0.524675
43.100 0.524675
43.200 0.527273
43.300 0.52987
43.400 0.532468
43.600 0.535065
43.800 0.537662
44.200 0.54026
44.400 0.542857
44.900 0.548052
44.900 0.548052
45.200 0.550649
45.800 0.553247
46.000 0.555844
46.100 0.561039
46.100 0.561039
46.400 0.563636
46.600 0.571429
46.600 0.571429
46.600 0.571429
46.800 0.574026
47.000 0.576623
47.600 0.579221
47.700 0.584416
47.700 0.584416
47.800 0.587013
48.500 0.592208
48.500 0.592208
49.300 0.594805
50.900 0.597403
51.000 0.6
52.200 0.602597
52.300 0.605195
52.400 0.607792
54.000 0.61039
54.400 0.612987
54.800 0.615584
55.200 0.618182
55.400 0.620779
55.800 0.625974
55.800 0.625974
56.000 0.628571
56.200 0.631169
57.000 0.633766
57.500 0.636364
58.300 0.641558
58.300 0.641558
58.500 0.644156
58.900 0.646753
59.900 0.649351
61.500 0.651948
62.200 0.654545
62.700 0.657143
64.200 0.65974
69.900 0.662338
73.500 0.664935
75.700 0.667532
79.900 0.67013
80.000 0.672727
84.700 0.675325
87.600 0.677922
88.600 0.680519
92.300 0.683117
108.700 0.685714
110.200 0.688312
112.200 0.690909
114.200 0.693506
131.700 0.696104
137.400 0.698701
144.300 0.701299
145.000 0.703896
148.100 0.706494
154.700 0.709091
157.600 0.711688
172.200 0.714286
173.900 0.716883
174.200 0.719481
176.700 0.722078
195.000 0.724675
205.300 0.727273
215.800 0.72987
217.500 0.732468
218.500 0.735065
249.500 0.737662
339.800 0.74026
381.100 0.742857
386.100 0.745455
393.500 0.748052
414.400 0.750649
509.000 0.753247
527.500 0.755844
535.700 0.758442
569.200 0.761039
803.400 0.763636
807.300 0.766234
819.900 0.768831
900.300 0.771429
912.400 0.774026
1077.200 0.776623
1191.100 0.779221
1253.900 0.781818
1611.200 0.784416
1873.500 0.787013
1954.300 0.78961
2080.700 0.792208
2257.500 0.794805
2286.900 0.797403
2560.500 0.8
2562.200 0.802597
2997.300 0.805195
3110.300 0.807792
3399.200 0.81039
3641.200 0.812987
3762.500 0.815584
3801.700 0.818182
4456.500 0.820779
4468.000 0.823377
4738.900 0.825974
5027.400 0.828571
5992.700 0.831169
7270.400 0.833766
7328.500 0.836364
8068.200 0.838961
8258.400 0.841558
8577.500 0.844156
8660.800 0.846753
12026.000 0.849351
13293.700 0.851948
13314.000 0.854545
14023.500 0.857143
15114.500 0.85974
15145.000 0.862338
16960.400 0.864935
18478.200 0.867532
18995.500 0.87013
19857.000 0.872727
24195.100 0.875325
24216.800 0.877922
25872.500 0.880519
27442.600 0.883117
32513.800 0.885714
33089.200 0.888312
34756.000 0.890909
43341.700 0.893506
45249.300 0.896104
45742.500 0.898701
51522.100 0.901299
58908.900 0.903896
61178.100 0.906494
65877.300 0.909091
74368.200 0.911688
75067.700 0.914286
155731.900 0.916883
228175.400 0.919481
261731.800 0.922078
267657.400 0.924675
291835.500 0.927273
482320.000 0.92987
505525.700 0.932468
529820.900 0.935065
549187.600 0.937662
925525.700 0.94026
967310.000 0.942857
2170347.600 0.945455
2356835.900 0.948052
2620289.500 0.950649
3179803.200 0.953247
3907597.100 0.955844
4145715.800 0.958442
4425638.900 0.961039
7228240.600 0.963636
10921312.900 0.966234
42254024.500 0.968831
65989045.200 0.971429
106258131.800 0.974026
137748240.600 0.976623
138029195.800 0.979221
197085158.200 0.981818
277609793.600 0.984416
358100457.200 0.987013
910681357.300 0.98961
2057817124.500 0.992208
6297466672.700 0.994805
177904213111.700 0.997403
315551647844.200 1
