.100 0.00519481
.100 0.00519481
.200 0.0103896
.200 0.0103896
.300 0.012987
.400 0.0155844
.500 0.0181818
.600 0.0233766
.600 0.0233766
.700 0.0285714
.700 0.0285714
.800 0.0337662
.800 0.0337662
.900 0.0363636
1.400 0.038961
1.500 0.0441558
1.500 0.0441558
1.700 0.0467532
1.800 0.0493506
1.900 0.0545455
1.900 0.0545455
2.000 0.0597403
2.000 0.0597403
2.100 0.0675325
2.100 0.0675325
2.100 0.0675325
2.500 0.0727273
2.500 0.0727273
2.700 0.0779221
2.700 0.0779221
2.800 0.0831169
2.800 0.0831169
2.900 0.0857143
3.200 0.0883117
3.700 0.0909091
3.900 0.0935065
4.100 0.0987013
4.100 0.0987013
4.200 0.101299
4.400 0.103896
4.600 0.109091
4.600 0.109091
4.700 0.111688
5.000 0.114286
5.300 0.116883
5.400 0.119481
5.700 0.124675
5.700 0.124675
5.900 0.12987
5.900 0.12987
6.100 0.132468
6.500 0.137662
6.500 0.137662
6.900 0.14026
7.000 0.142857
7.100 0.148052
7.100 0.148052
7.500 0.150649
7.900 0.155844
7.900 0.155844
8.100 0.158442
8.300 0.163636
8.300 0.163636
8.400 0.166234
8.500 0.168831
8.700 0.171429
8.900 0.174026
9.000 0.176623
9.300 0.179221
9.400 0.181818
9.700 0.187013
9.700 0.187013
10.200 0.18961
10.500 0.192208
11.000 0.194805
11.400 0.2
11.400 0.2
11.500 0.202597
11.600 0.205195
11.800 0.212987
11.800 0.212987
11.800 0.212987
12.000 0.215584
12.400 0.218182
13.300 0.220779
13.700 0.225974
13.700 0.225974
13.900 0.228571
14.900 0.231169
15.000 0.233766
15.300 0.236364
15.700 0.238961
16.600 0.246753
16.600 0.246753
16.600 0.246753
16.700 0.249351
16.900 0.251948
17.000 0.254545
17.200 0.257143
17.500 0.25974
18.000 0.264935
18.000 0.264935
18.100 0.267532
18.200 0.27013
18.400 0.272727
18.500 0.275325
18.800 0.277922
18.900 0.280519
19.300 0.283117
19.500 0.285714
19.600 0.288312
20.000 0.293506
20.000 0.293506
20.200 0.296104
20.600 0.301299
20.600 0.301299
20.800 0.303896
21.000 0.309091
21.000 0.309091
21.100 0.316883
21.100 0.316883
21.100 0.316883
21.200 0.319481
21.300 0.327273
21.300 0.327273
21.300 0.327273
21.500 0.32987
22.000 0.332468
22.400 0.335065
22.600 0.34026
22.600 0.34026
22.700 0.342857
23.800 0.345455
24.200 0.348052
24.300 0.350649
24.600 0.353247
24.700 0.355844
25.000 0.358442
25.100 0.361039
25.300 0.366234
25.300 0.366234
25.700 0.368831
26.100 0.371429
26.200 0.374026
26.300 0.376623
26.800 0.379221
26.900 0.381818
27.600 0.384416
28.500 0.38961
28.500 0.38961
28.900 0.392208
29.500 0.394805
29.700 0.397403
29.800 0.4
30.700 0.402597
30.800 0.405195
30.900 0.407792
31.500 0.41039
31.600 0.412987
31.800 0.415584
32.200 0.418182
32.400 0.420779
32.700 0.423377
33.000 0.425974
33.300 0.428571
33.500 0.431169
33.600 0.433766
33.700 0.436364
34.000 0.441558
34.000 0.441558
34.700 0.444156
34.900 0.449351
34.900 0.449351
35.000 0.451948
35.300 0.454545
35.500 0.457143
36.500 0.45974
36.900 0.462338
37.000 0.464935
37.500 0.47013
37.500 0.47013
37.800 0.472727
38.900 0.475325
39.100 0.477922
40.200 0.483117
40.200 0.483117
40.600 0.485714
41.000 0.488312
41.100 0.490909
41.200 0.498701
41.200 0.498701
41.200 0.498701
41.400 0.503896
41.400 0.503896
41.500 0.506494
41.800 0.511688
41.800 0.511688
42.000 0.514286
42.300 0.516883
42.600 0.519481
43.000 0.522078
43.100 0.524675
43.400 0.527273
43.800 0.532468
43.800 0.532468
43.900 0.54026
43.900 0.54026
43.900 0.54026
44.400 0.542857
44.500 0.545455
44.600 0.548052
44.900 0.550649
45.100 0.553247
45.300 0.555844
45.400 0.558442
45.700 0.561039
46.900 0.563636
47.400 0.566234
48.000 0.568831
48.600 0.571429
49.000 0.576623
49.000 0.576623
49.200 0.579221
49.300 0.584416
49.300 0.584416
49.400 0.587013
49.500 0.58961
49.700 0.592208
50.000 0.6
50.000 0.6
50.000 0.6
50.200 0.602597
50.500 0.605195
51.700 0.607792
52.700 0.61039
53.400 0.615584
53.400 0.615584
53.500 0.618182
54.000 0.620779
54.100 0.625974
54.100 0.625974
54.200 0.633766
54.200 0.633766
54.200 0.633766
55.000 0.636364
55.400 0.638961
55.600 0.641558
55.800 0.644156
56.400 0.646753
56.900 0.651948
56.900 0.651948
57.700 0.654545
57.800 0.657143
58.000 0.65974
58.200 0.662338
58.400 0.664935
59.000 0.667532
59.400 0.67013
59.900 0.672727
60.400 0.675325
60.500 0.677922
60.800 0.680519
61.000 0.683117
62.300 0.685714
62.600 0.688312
63.800 0.690909
66.900 0.693506
75.700 0.696104
89.400 0.698701
91.000 0.701299
92.700 0.703896
94.200 0.706494
98.900 0.709091
102.500 0.711688
116.800 0.714286
123.400 0.716883
128.200 0.719481
128.700 0.722078
133.400 0.724675
144.700 0.727273
150.400 0.72987
152.300 0.732468
164.400 0.735065
165.000 0.737662
166.900 0.74026
181.800 0.742857
185.900 0.745455
197.200 0.748052
198.500 0.750649
204.200 0.753247
272.800 0.755844
278.200 0.758442
315.100 0.761039
330.200 0.763636
331.000 0.766234
337.000 0.768831
341.900 0.771429
345.400 0.774026
351.300 0.776623
351.800 0.779221
485.200 0.781818
486.100 0.784416
655.000 0.787013
666.800 0.78961
690.400 0.792208
844.600 0.794805
867.800 0.797403
886.400 0.8
911.900 0.802597
923.900 0.805195
946.200 0.807792
989.700 0.81039
1035.800 0.812987
1050.500 0.815584
1081.500 0.818182
1227.500 0.820779
1265.400 0.823377
1498.400 0.825974
2021.400 0.828571
2059.900 0.831169
2194.800 0.833766
2397.900 0.836364
2589.200 0.838961
3000.800 0.841558
3229.800 0.844156
3435.600 0.846753
4191.300 0.849351
4243.700 0.851948
4413.800 0.854545
4834.700 0.857143
4868.000 0.85974
4984.400 0.862338
6813.800 0.864935
6966.600 0.867532
6968.700 0.87013
7405.300 0.872727
7887.000 0.875325
8333.900 0.877922
9862.400 0.880519
9864.700 0.883117
10288.700 0.885714
10984.000 0.888312
11324.100 0.890909
12303.300 0.893506
12876.200 0.896104
15401.200 0.898701
16059.300 0.901299
20390.200 0.903896
29439.800 0.906494
30394.300 0.909091
33264.400 0.911688
39022.000 0.914286
43769.200 0.916883
46267.200 0.919481
50578.000 0.922078
52722.600 0.924675
77801.300 0.927273
87588.800 0.92987
109621.300 0.932468
142355.900 0.935065
149513.100 0.937662
174292.600 0.94026
220330.400 0.942857
252272.800 0.945455
400929.400 0.948052
403588.700 0.950649
566397.700 0.953247
576955.300 0.955844
1122628.700 0.958442
1402387.100 0.961039
2276218.500 0.963636
2293691.400 0.966234
3812542.400 0.968831
4926827.500 0.971429
5787024.100 0.974026
16296852.800 0.976623
18365582.800 0.979221
19134457.400 0.981818
44398962.300 0.984416
132955839.900 0.987013
801404457.500 0.98961
16510509250.400 0.992208
57086733994.400 0.994805
76887172647.000 0.997403
610168954022648.700 1
