.200 0.00519481
.200 0.00519481
.300 0.0103896
.300 0.0103896
.400 0.0155844
.400 0.0155844
.500 0.0181818
.600 0.0207792
.700 0.0285714
.700 0.0285714
.700 0.0285714
.900 0.0363636
.900 0.0363636
.900 0.0363636
1.000 0.038961
1.100 0.0441558
1.100 0.0441558
1.400 0.0467532
1.700 0.0493506
1.800 0.0545455
1.800 0.0545455
1.900 0.0571429
2.000 0.0597403
2.200 0.0623377
2.300 0.0675325
2.300 0.0675325
2.500 0.0701299
2.600 0.0727273
2.900 0.0753247
3.100 0.0779221
3.300 0.0805195
3.600 0.0831169
3.700 0.0857143
3.800 0.0883117
3.900 0.0909091
4.100 0.0935065
4.200 0.0987013
4.200 0.0987013
4.300 0.101299
4.400 0.103896
4.700 0.106494
4.800 0.109091
5.300 0.114286
5.300 0.114286
5.700 0.119481
5.700 0.119481
5.800 0.124675
5.800 0.124675
6.000 0.127273
6.100 0.12987
6.200 0.132468
6.400 0.135065
6.700 0.137662
6.800 0.142857
6.800 0.142857
7.000 0.145455
7.300 0.148052
7.600 0.153247
7.600 0.153247
7.700 0.155844
8.000 0.161039
8.000 0.161039
8.200 0.163636
8.400 0.168831
8.400 0.168831
8.500 0.171429
8.700 0.174026
9.000 0.176623
9.100 0.179221
9.200 0.181818
9.300 0.184416
9.400 0.18961
9.400 0.18961
9.600 0.192208
10.500 0.194805
10.600 0.2
10.600 0.2
10.700 0.202597
10.800 0.205195
11.000 0.207792
11.300 0.21039
11.400 0.212987
11.500 0.215584
12.400 0.218182
12.600 0.220779
12.700 0.223377
12.800 0.225974
13.500 0.228571
13.600 0.233766
13.600 0.233766
13.900 0.236364
14.000 0.238961
14.200 0.244156
14.200 0.244156
14.500 0.249351
14.500 0.249351
14.700 0.251948
15.000 0.254545
15.100 0.257143
15.600 0.264935
15.600 0.264935
15.600 0.264935
15.700 0.267532
16.600 0.27013
17.200 0.275325
17.200 0.275325
17.700 0.277922
17.800 0.280519
18.000 0.283117
18.100 0.285714
18.200 0.290909
18.200 0.290909
18.400 0.293506
18.500 0.296104
18.900 0.298701
19.000 0.301299
19.100 0.303896
19.500 0.306494
19.600 0.309091
20.600 0.311688
20.700 0.314286
20.900 0.316883
21.000 0.324675
21.000 0.324675
21.000 0.324675
21.100 0.327273
21.400 0.32987
22.000 0.335065
22.000 0.335065
22.100 0.337662
22.200 0.34026
22.400 0.348052
22.400 0.348052
22.400 0.348052
23.800 0.353247
23.800 0.353247
24.100 0.361039
24.100 0.361039
24.100 0.361039
24.200 0.363636
24.500 0.366234
24.600 0.368831
24.800 0.371429
25.000 0.374026
25.300 0.376623
25.400 0.379221
25.600 0.381818
25.900 0.384416
26.800 0.387013
27.500 0.392208
27.500 0.392208
27.600 0.394805
27.800 0.397403
28.100 0.4
28.200 0.402597
28.300 0.405195
28.700 0.407792
29.000 0.41039
29.300 0.412987
29.500 0.415584
29.600 0.418182
29.800 0.420779
30.000 0.423377
30.100 0.425974
30.300 0.428571
30.400 0.431169
30.900 0.433766
31.100 0.436364
31.200 0.438961
31.500 0.441558
31.900 0.444156
32.300 0.446753
32.700 0.449351
33.000 0.451948
33.200 0.454545
33.700 0.457143
33.900 0.45974
34.000 0.464935
34.000 0.464935
35.300 0.467532
35.600 0.47013
36.100 0.472727
36.200 0.480519
36.200 0.480519
36.200 0.480519
36.700 0.483117
36.800 0.485714
37.000 0.488312
37.200 0.493506
37.200 0.493506
37.400 0.496104
38.000 0.498701
38.900 0.501299
39.100 0.503896
39.300 0.506494
39.400 0.509091
39.600 0.511688
39.700 0.514286
40.000 0.516883
40.100 0.519481
40.500 0.522078
40.700 0.527273
40.700 0.527273
41.400 0.52987
41.500 0.532468
41.600 0.535065
42.400 0.537662
42.700 0.54026
43.000 0.542857
43.100 0.545455
43.400 0.548052
43.700 0.550649
44.200 0.553247
45.000 0.555844
45.200 0.558442
45.500 0.561039
45.600 0.566234
45.600 0.566234
45.800 0.568831
46.300 0.571429
46.600 0.574026
46.700 0.576623
47.200 0.579221
47.300 0.581818
48.100 0.584416
48.600 0.58961
48.600 0.58961
48.800 0.594805
48.800 0.594805
48.900 0.597403
49.000 0.6
49.100 0.607792
49.100 0.607792
49.100 0.607792
49.400 0.612987
49.400 0.612987
49.900 0.618182
49.900 0.618182
50.100 0.620779
50.600 0.623377
50.900 0.625974
52.100 0.628571
52.300 0.631169
52.400 0.633766
53.300 0.636364
54.200 0.638961
54.300 0.641558
55.200 0.644156
55.400 0.649351
55.400 0.649351
55.600 0.651948
56.300 0.654545
56.400 0.65974
56.400 0.65974
57.000 0.662338
57.200 0.664935
57.700 0.667532
58.200 0.67013
58.400 0.672727
59.200 0.677922
59.200 0.677922
59.700 0.683117
59.700 0.683117
60.500 0.685714
60.600 0.688312
61.200 0.690909
61.900 0.693506
63.000 0.696104
63.700 0.698701
66.700 0.701299
73.600 0.703896
78.500 0.706494
79.200 0.709091
89.500 0.711688
90.700 0.714286
93.400 0.716883
99.700 0.719481
111.900 0.722078
114.300 0.724675
128.100 0.727273
132.300 0.72987
139.600 0.732468
141.900 0.735065
147.200 0.737662
147.700 0.74026
159.600 0.742857
175.300 0.745455
184.800 0.748052
195.000 0.750649
204.900 0.753247
212.400 0.755844
213.000 0.758442
219.400 0.761039
221.600 0.763636
230.000 0.766234
330.200 0.768831
335.900 0.771429
377.600 0.774026
389.400 0.776623
407.100 0.779221
525.400 0.781818
558.300 0.784416
651.100 0.787013
674.200 0.78961
841.500 0.792208
886.100 0.794805
886.900 0.797403
996.200 0.8
996.300 0.802597
1008.100 0.805195
1078.700 0.807792
1084.700 0.81039
1102.500 0.812987
1105.600 0.815584
1675.200 0.818182
1699.800 0.820779
1754.400 0.823377
1834.800 0.825974
1958.700 0.828571
2115.300 0.831169
2231.800 0.833766
2240.600 0.836364
2492.900 0.838961
2854.600 0.841558
2900.300 0.844156
2913.700 0.846753
3015.400 0.849351
3241.700 0.851948
4337.500 0.854545
4360.500 0.857143
5075.900 0.85974
5119.900 0.862338
5248.800 0.864935
5595.700 0.867532
5921.000 0.87013
6038.000 0.872727
7827.900 0.875325
7995.400 0.877922
10904.000 0.880519
11286.400 0.883117
11438.100 0.885714
12734.200 0.888312
14648.800 0.890909
16599.800 0.893506
16740.900 0.896104
16863.200 0.898701
17297.100 0.901299
21840.100 0.903896
21862.000 0.906494
22151.900 0.909091
24807.900 0.911688
30783.000 0.914286
37466.600 0.916883
38731.100 0.919481
42429.100 0.922078
45664.800 0.924675
57571.700 0.927273
72891.400 0.92987
168829.600 0.932468
194625.100 0.935065
253822.300 0.937662
259919.100 0.94026
260621.600 0.942857
380689.100 0.945455
424245.500 0.948052
475341.800 0.950649
535042.100 0.953247
562979.500 0.955844
588551.700 0.958442
2002521.900 0.961039
2311478.200 0.963636
2595693.200 0.966234
2817978.400 0.968831
4648458.400 0.971429
5595374.400 0.974026
9702295.800 0.976623
11260239.400 0.979221
24796215.600 0.981818
24833822.300 0.984416
40176196.300 0.987013
55955500.200 0.98961
116759247.800 0.992208
323518204.700 0.994805
6249450225.700 0.997403
161100710373.100 1
