0 0.0025974
.100 0.00779221
.100 0.00779221
.300 0.0103896
.400 0.0181818
.400 0.0181818
.400 0.0181818
.500 0.0207792
.600 0.025974
.600 0.025974
.700 0.0285714
.800 0.0311688
.900 0.038961
.900 0.038961
.900 0.038961
1.000 0.0441558
1.000 0.0441558
1.100 0.0519481
1.100 0.0519481
1.100 0.0519481
1.200 0.0545455
1.300 0.0571429
1.400 0.0623377
1.400 0.0623377
1.800 0.0675325
1.800 0.0675325
2.000 0.0727273
2.000 0.0727273
2.200 0.0805195
2.200 0.0805195
2.200 0.0805195
2.300 0.0857143
2.300 0.0857143
2.400 0.0909091
2.400 0.0909091
2.500 0.0961039
2.500 0.0961039
2.600 0.101299
2.600 0.101299
2.800 0.103896
3.300 0.106494
3.400 0.114286
3.400 0.114286
3.400 0.114286
3.600 0.116883
3.800 0.119481
3.900 0.122078
4.000 0.127273
4.000 0.127273
4.200 0.12987
4.300 0.132468
4.900 0.135065
5.100 0.14026
5.100 0.14026
5.200 0.142857
5.300 0.145455
5.400 0.155844
5.400 0.155844
5.400 0.155844
5.400 0.155844
5.600 0.158442
5.700 0.161039
5.800 0.163636
5.900 0.166234
6.100 0.168831
6.200 0.171429
6.400 0.174026
6.800 0.179221
6.800 0.179221
7.200 0.181818
7.300 0.184416
7.400 0.187013
7.500 0.18961
7.600 0.192208
7.700 0.194805
7.900 0.197403
8.000 0.2
8.400 0.202597
8.700 0.207792
8.700 0.207792
9.500 0.21039
9.900 0.212987
10.000 0.220779
10.000 0.220779
10.000 0.220779
10.300 0.223377
10.600 0.225974
10.800 0.228571
11.100 0.231169
11.200 0.233766
11.800 0.236364
12.100 0.241558
12.100 0.241558
12.300 0.244156
12.900 0.246753
13.200 0.249351
13.600 0.251948
13.800 0.254545
14.000 0.257143
14.100 0.25974
15.000 0.262338
15.100 0.264935
15.300 0.27013
15.300 0.27013
15.400 0.275325
15.400 0.275325
16.200 0.277922
16.400 0.280519
16.500 0.283117
16.700 0.285714
17.000 0.288312
17.200 0.290909
17.300 0.293506
17.900 0.296104
18.000 0.298701
18.300 0.301299
18.400 0.303896
18.500 0.306494
19.000 0.311688
19.000 0.311688
19.100 0.314286
19.300 0.319481
19.300 0.319481
19.700 0.324675
19.700 0.324675
20.700 0.327273
20.800 0.32987
21.000 0.335065
21.000 0.335065
21.200 0.342857
21.200 0.342857
21.200 0.342857
21.300 0.345455
21.700 0.348052
21.800 0.350649
22.000 0.353247
22.100 0.355844
22.200 0.358442
22.400 0.361039
22.500 0.366234
22.500 0.366234
23.200 0.368831
23.400 0.371429
23.700 0.374026
23.900 0.376623
24.300 0.381818
24.300 0.381818
24.900 0.384416
25.000 0.38961
25.000 0.38961
25.600 0.392208
26.000 0.394805
26.200 0.397403
27.200 0.4
27.400 0.402597
27.600 0.405195
27.900 0.407792
28.900 0.41039
29.200 0.412987
29.400 0.418182
29.400 0.418182
29.600 0.420779
29.700 0.423377
30.100 0.425974
30.600 0.428571
30.800 0.431169
31.400 0.433766
31.500 0.436364
31.700 0.438961
32.400 0.441558
32.900 0.444156
33.000 0.446753
33.100 0.449351
33.200 0.451948
33.300 0.454545
33.600 0.457143
33.800 0.45974
34.100 0.462338
34.600 0.464935
34.800 0.467532
35.100 0.47013
35.600 0.472727
36.300 0.475325
36.400 0.480519
36.400 0.480519
36.500 0.483117
36.600 0.485714
37.300 0.488312
37.400 0.496104
37.400 0.496104
37.400 0.496104
37.600 0.498701
37.700 0.501299
37.800 0.503896
38.200 0.506494
39.200 0.509091
39.400 0.514286
39.400 0.514286
39.500 0.516883
39.600 0.519481
39.800 0.522078
39.900 0.527273
39.900 0.527273
40.100 0.52987
40.200 0.535065
40.200 0.535065
40.500 0.537662
40.900 0.54026
41.400 0.542857
41.700 0.545455
41.800 0.548052
42.000 0.550649
42.100 0.561039
42.100 0.561039
42.100 0.561039
42.100 0.561039
42.300 0.563636
42.600 0.566234
42.700 0.568831
42.800 0.571429
43.100 0.574026
43.300 0.576623
43.500 0.584416
43.500 0.584416
43.500 0.584416
43.800 0.587013
44.000 0.58961
44.100 0.594805
44.100 0.594805
44.500 0.597403
45.000 0.6
45.100 0.602597
45.800 0.605195
46.100 0.607792
46.300 0.61039
46.400 0.612987
46.600 0.615584
46.700 0.620779
46.700 0.620779
46.800 0.625974
46.800 0.625974
47.100 0.628571
47.200 0.631169
47.300 0.633766
47.600 0.636364
49.100 0.638961
49.400 0.646753
49.400 0.646753
49.400 0.646753
49.900 0.649351
50.000 0.651948
50.100 0.654545
50.200 0.657143
50.300 0.65974
50.600 0.662338
50.700 0.664935
50.900 0.667532
51.000 0.67013
51.200 0.672727
52.200 0.675325
52.700 0.677922
52.800 0.680519
53.400 0.683117
53.600 0.685714
54.000 0.690909
54.000 0.690909
54.700 0.696104
54.700 0.696104
54.800 0.698701
55.300 0.701299
55.400 0.703896
56.000 0.706494
56.100 0.709091
56.700 0.711688
56.800 0.714286
57.000 0.716883
57.100 0.719481
57.300 0.722078
57.400 0.72987
57.400 0.72987
57.400 0.72987
57.800 0.732468
58.400 0.735065
58.700 0.737662
58.900 0.74026
59.200 0.742857
59.800 0.745455
60.400 0.748052
61.000 0.750649
61.100 0.753247
61.600 0.755844
62.300 0.761039
62.300 0.761039
62.400 0.763636
62.500 0.766234
63.400 0.768831
69.700 0.771429
72.900 0.774026
73.800 0.776623
82.300 0.779221
86.700 0.781818
87.100 0.784416
96.400 0.787013
108.300 0.78961
109.900 0.792208
112.800 0.794805
139.100 0.797403
143.900 0.8
155.900 0.802597
194.200 0.805195
204.500 0.807792
210.600 0.81039
259.700 0.812987
279.200 0.815584
296.300 0.818182
316.800 0.820779
324.500 0.823377
328.800 0.825974
345.700 0.828571
348.700 0.831169
418.200 0.833766
479.300 0.836364
656.500 0.838961
874.700 0.841558
879.700 0.844156
916.900 0.846753
967.500 0.849351
989.300 0.851948
1044.500 0.854545
1049.200 0.857143
1120.000 0.85974
1212.000 0.862338
1257.300 0.864935
1611.800 0.867532
1760.400 0.87013
1921.300 0.872727
2168.500 0.875325
2271.300 0.877922
2994.700 0.880519
3083.700 0.883117
3331.700 0.885714
3483.900 0.888312
3764.500 0.890909
4254.700 0.893506
4267.800 0.896104
5379.300 0.898701
5860.800 0.901299
6648.600 0.903896
7323.400 0.906494
7791.500 0.909091
7842.800 0.911688
10485.900 0.914286
11029.600 0.916883
12180.500 0.919481
13318.600 0.922078
14313.100 0.924675
14519.400 0.927273
14912.200 0.92987
16524.300 0.932468
19164.800 0.935065
19464.500 0.937662
24121.800 0.94026
30362.000 0.942857
58531.300 0.945455
71766.100 0.948052
72415.000 0.950649
95808.000 0.953247
107934.200 0.955844
113676.300 0.958442
269596.100 0.961039
327116.300 0.963636
461233.700 0.966234
483488.200 0.968831
532022.400 0.971429
622860.600 0.974026
650366.700 0.976623
924926.400 0.979221
970102.300 0.981818
1014531.200 0.984416
3630712.600 0.987013
4541713.100 0.98961
5082958.200 0.992208
55739916.100 0.994805
6107481568.100 0.997403
16218932513.600 1
