 0.00647249
 0.00647249
.0033 0.00970874
.0193 0.012945
.0367 0.0161812
.040 0.0194175
.065 0.02589
.065 0.02589
.074 0.0291262
.0867 0.0323625
.098 0.0355987
.101 0.038835
.10133 0.0420712
.1197 0.0453074
.122 0.0485437
.1537 0.0517799
.1587 0.0550162
.1743 0.0582524
.185 0.0614887
.2157 0.0647249
.252 0.0679612
.254 0.0711974
.2683 0.0744337
.29533 0.0776699
.3553 0.0809061
.360 0.0841424
.3943 0.0873786
.3987 0.0906149
.4193 0.0938511
.4473 0.0970874
.4497 0.100324
.469 0.10356
.5313 0.106796
.633 0.110032
.650 0.113269
.725 0.116505
.8437 0.119741
.858 0.122977
.861 0.126214
.8703 0.12945
.9063 0.132686
.9313 0.135922
.939 0.139159
.9967 0.142395
1.0303 0.145631
1.048 0.148867
1.0533 0.152104
1.1953 0.15534
1.208 0.158576
1.2203 0.161812
1.2263 0.165049
1.233 0.168285
1.2623 0.171521
1.2953 0.174757
1.2983 0.177994
1.3677 0.18123
1.421 0.184466
1.4457 0.187702
1.4567 0.190939
1.5097 0.194175
1.537 0.197411
1.5543 0.200647
1.5867 0.203883
1.7017 0.20712
1.7557 0.210356
1.84267 0.213592
1.8573 0.216828
1.8667 0.220065
1.9307 0.223301
2.2193 0.226537
2.2763 0.229773
2.309 0.23301
2.4763 0.236246
2.757 0.239482
2.766 0.242718
2.821 0.245955
2.937 0.249191
2.9487 0.252427
2.9503 0.255663
3.195 0.2589
3.2267 0.262136
3.307 0.265372
3.3687 0.268608
3.4997 0.271845
3.5023 0.275081
3.520 0.278317
3.5333 0.281553
3.5737 0.28479
3.6783 0.288026
3.6907 0.291262
3.7703 0.294498
3.7773 0.297735
3.8293 0.300971
3.839 0.304207
3.9647 0.307443
4.0073 0.31068
4.5013 0.313916
4.5503 0.317152
4.7443 0.320388
4.7903 0.323625
4.988 0.326861
5.0227 0.330097
5.060 0.333333
5.1723 0.33657
5.206 0.339806
5.2357 0.343042
5.443 0.346278
5.4707 0.349515
5.5287 0.352751
5.5933 0.355987
5.6377 0.359223
5.751 0.36246
5.7707 0.365696
6.054 0.368932
6.3943 0.372168
6.4967 0.375405
6.551 0.378641
6.586 0.381877
6.641 0.385113
7.011 0.38835
7.112 0.391586
7.339 0.394822
7.4227 0.398058
7.646 0.401294
7.9537 0.404531
8.0093 0.407767
8.019 0.411003
8.2913 0.414239
8.486 0.417476
8.489 0.420712
8.5843 0.423948
8.6313 0.427184
8.917 0.430421
8.9393 0.433657
9.073 0.436893
9.290 0.440129
9.470 0.443366
9.5637 0.446602
9.6893 0.449838
9.6947 0.453074
9.9787 0.456311
10.1333 0.459547
10.187 0.462783
10.553 0.466019
10.808 0.469256
11.078 0.472492
11.185 0.475728
11.4043 0.478964
11.582 0.482201
11.802 0.485437
11.8277 0.488673
11.8293 0.491909
11.878 0.495146
11.8787 0.498382
12.2997 0.501618
12.3753 0.504854
12.6027 0.508091
12.7197 0.511327
13.439 0.514563
13.5853 0.517799
13.7497 0.521036
13.9397 0.524272
14.0783 0.527508
14.1177 0.530744
14.1377 0.533981
14.260 0.537217
14.279 0.540453
14.323 0.543689
14.435 0.546926
14.4923 0.550162
14.507 0.553398
14.7427 0.556634
14.913 0.559871
14.9807 0.563107
15.052 0.566343
15.1183 0.569579
15.226 0.572816
15.3647 0.576052
15.4427 0.579288
15.4617 0.582524
15.5957 0.585761
15.621 0.588997
15.907 0.592233
16.026 0.595469
16.057 0.598706
16.249 0.601942
16.6813 0.605178
16.8637 0.608414
16.945 0.61165
17.017 0.614887
17.143 0.618123
17.2097 0.621359
17.2457 0.624595
17.267 0.627832
17.5417 0.631068
17.6247 0.634304
17.6667 0.63754
17.802 0.640777
17.8623 0.644013
17.923 0.647249
18.3713 0.650485
18.439 0.653722
18.4687 0.656958
18.651 0.660194
18.7453 0.66343
18.847 0.666667
19.0167 0.669903
19.164 0.673139
19.1967 0.676375
19.354 0.679612
19.3983 0.682848
19.841 0.686084
20.0493 0.68932
20.4103 0.692557
20.5023 0.695793
20.748 0.699029
21.000 0.702265
21.2337 0.705502
21.3023 0.708738
21.389 0.711974
21.4693 0.71521
21.9717 0.718447
22.010 0.721683
22.0547 0.724919
22.211 0.728155
22.266 0.731392
22.3147 0.734628
22.418 0.737864
22.4647 0.7411
22.7183 0.744337
22.9003 0.747573
23.6173 0.750809
23.6387 0.754045
23.7167 0.757282
23.8187 0.760518
23.8227 0.763754
24.1383 0.76699
24.9543 0.770227
25.1443 0.773463
25.1713 0.776699
25.5107 0.779935
25.8853 0.783172
26.0653 0.786408
26.3087 0.789644
26.708 0.79288
26.8857 0.796117
27.0527 0.799353
27.3237 0.802589
27.3713 0.805825
28.8263 0.809061
28.8787 0.812298
28.9367 0.815534
29.0417 0.81877
29.2587 0.822006
29.366 0.825243
29.575 0.828479
29.9117 0.831715
30.4803 0.834951
30.549 0.838188
30.6617 0.841424
31.0137 0.84466
32.072 0.847896
32.376 0.851133
33.528 0.854369
33.7423 0.857605
33.9687 0.860841
34.0863 0.864078
35.0943 0.867314
36.3617 0.87055
36.9413 0.873786
37.1393 0.877023
37.5557 0.880259
37.5703 0.883495
39.226 0.886731
41.6583 0.889968
42.1057 0.893204
44.647 0.89644
45.204 0.899676
45.544 0.902913
47.647 0.906149
48.096 0.909385
48.273 0.912621
48.6637 0.915858
55.393 0.919094
56.162 0.92233
57.739 0.925566
60.081 0.928803
62.4833 0.932039
66.018 0.935275
66.401 0.938511
66.786 0.941748
71.4103 0.944984
82.283 0.94822
83.523 0.951456
109.463 0.954693
116.465 0.957929
120.809 0.961165
126.902 0.964401
130.952 0.967638
152.2303 0.970874
171.4197 0.97411
238.105 0.977346
426.897 0.980583
427.126 0.983819
544.4877 0.987055
580.303 0.990291
584.134 0.993528
864.930 0.996764
867.8527 1
