 0.00321543
.016 0.00643087
.025 0.0096463
.039 0.0128617
.051 0.0160772
.0613 0.0192926
.0663 0.022508
.0697 0.0257235
.0813 0.0289389
.086 0.0321543
.1243 0.0353698
.1423 0.0385852
.1577 0.0418006
.1583 0.0450161
.159 0.0482315
.186 0.0514469
.227 0.0546624
.2513 0.0578778
.2613 0.0610932
.2713 0.0643087
.278 0.0675241
.28833 0.0707395
.2957 0.073955
.3283 0.0771704
.339 0.0803859
.350 0.0836013
.420 0.0868167
.42633 0.0900322
.4603 0.0932476
.4783 0.096463
.4963 0.0996785
.522 0.102894
.5783 0.106109
.6193 0.109325
.6277 0.11254
.693 0.115756
.7007 0.118971
.727 0.122186
.7363 0.125402
.803 0.128617
.881 0.131833
.9153 0.135048
.9783 0.138264
.980 0.141479
1.0287 0.144695
1.0303 0.14791
1.0447 0.151125
1.0453 0.154341
1.0823 0.157556
1.112 0.160772
1.1163 0.163987
1.1253 0.167203
1.1897 0.170418
1.190 0.173633
1.2513 0.176849
1.296 0.180064
1.311 0.18328
1.3553 0.186495
1.4007 0.189711
1.4653 0.192926
1.469 0.196141
1.480 0.199357
1.503 0.202572
1.505 0.205788
1.525 0.209003
1.573 0.212219
1.5817 0.215434
1.6597 0.21865
1.7783 0.221865
1.786 0.22508
1.7893 0.228296
1.8133 0.231511
1.8207 0.234727
1.83667 0.237942
1.8587 0.241158
1.939 0.244373
2.089 0.247588
2.2677 0.250804
2.277 0.254019
2.5527 0.257235
2.7277 0.26045
2.739 0.263666
2.750 0.266881
2.9383 0.270096
3.003 0.273312
3.0423 0.276527
3.3413 0.279743
3.3497 0.282958
3.3687 0.286174
3.3973 0.289389
3.435 0.292605
3.471 0.29582
3.5727 0.299035
3.8477 0.302251
3.9403 0.305466
3.9607 0.308682
4.0393 0.311897
4.059 0.315113
4.065 0.318328
4.0843 0.321543
4.3483 0.324759
4.4687 0.327974
4.792 0.33119
4.8313 0.334405
4.8397 0.337621
4.9873 0.340836
5.0813 0.344051
5.0953 0.347267
5.138 0.350482
5.213 0.353698
5.2667 0.356913
5.4317 0.360129
5.5923 0.363344
5.5933 0.366559
5.6393 0.369775
5.687 0.37299
6.0457 0.376206
6.0557 0.379421
6.0677 0.382637
6.1203 0.385852
6.237 0.389068
6.5693 0.392283
7.3667 0.395498
7.472 0.398714
7.903 0.401929
7.984 0.405145
8.037 0.40836
8.1313 0.411576
8.3243 0.414791
8.393 0.418006
8.463 0.421222
8.4837 0.424437
8.6447 0.427653
8.926 0.430868
8.9387 0.434084
9.032 0.437299
9.293 0.440514
9.3127 0.44373
9.5127 0.446945
9.5673 0.450161
9.678 0.453376
9.9407 0.456592
10.192 0.459807
10.2097 0.463023
10.7113 0.466238
10.721 0.469453
10.7763 0.472669
11.2123 0.475884
11.3343 0.4791
11.5923 0.482315
11.6193 0.485531
11.8167 0.488746
12.0513 0.491961
12.091 0.495177
12.3387 0.498392
12.507 0.501608
12.535 0.504823
12.5733 0.508039
13.099 0.511254
13.101 0.514469
13.152 0.517685
13.197 0.5209
13.4833 0.524116
13.740 0.527331
13.7487 0.530547
14.0203 0.533762
14.0357 0.536977
14.264 0.540193
14.2967 0.543408
14.343 0.546624
14.509 0.549839
14.5493 0.553055
14.5797 0.55627
14.9617 0.559486
15.0213 0.562701
15.133 0.565916
15.1357 0.569132
15.205 0.572347
15.2247 0.575563
15.303 0.578778
15.950 0.581994
16.485 0.585209
16.745 0.588424
16.8997 0.59164
16.9037 0.594855
16.980 0.598071
17.032 0.601286
17.0837 0.604502
17.1877 0.607717
17.366 0.610932
17.5507 0.614148
17.6327 0.617363
17.6887 0.620579
17.9477 0.623794
18.5643 0.62701
18.5867 0.630225
18.651 0.633441
18.8107 0.636656
19.030 0.639871
19.1933 0.643087
19.3503 0.646302
19.619 0.649518
19.6657 0.652733
19.6687 0.655949
19.8373 0.659164
19.978 0.662379
20.1063 0.665595
20.4907 0.66881
20.5243 0.672026
20.5923 0.675241
20.645 0.678457
20.699 0.681672
21.2127 0.684887
21.2603 0.688103
21.9357 0.691318
21.984 0.694534
22.1133 0.697749
22.2517 0.700965
22.280 0.70418
22.381 0.707395
22.4183 0.710611
22.4827 0.713826
22.5507 0.717042
22.792 0.720257
23.0127 0.723473
23.1693 0.726688
23.2503 0.729904
23.288 0.733119
23.5187 0.736334
23.9197 0.73955
23.9993 0.742765
24.1273 0.745981
24.1863 0.749196
24.3583 0.752412
25.1143 0.755627
25.2323 0.758842
25.6267 0.762058
25.7703 0.765273
25.8417 0.768489
26.0273 0.771704
26.0613 0.77492
26.5103 0.778135
27.0937 0.78135
27.147 0.784566
27.3053 0.787781
27.4577 0.790997
27.575 0.794212
27.9037 0.797428
28.219 0.800643
28.439 0.803859
28.5097 0.807074
28.7797 0.810289
29.3227 0.813505
29.3577 0.81672
29.8263 0.819936
29.830 0.823151
29.8457 0.826367
29.906 0.829582
30.204 0.832797
30.6157 0.836013
31.1703 0.839228
32.6763 0.842444
33.143 0.845659
33.3593 0.848875
34.341 0.85209
35.536 0.855305
36.313 0.858521
36.6843 0.861736
37.0757 0.864952
37.4797 0.868167
39.861 0.871383
40.5643 0.874598
40.6437 0.877814
40.906 0.881029
41.0987 0.884244
44.485 0.88746
44.6103 0.890675
45.486 0.893891
46.090 0.897106
46.667 0.900322
47.622 0.903537
47.809 0.906752
48.5127 0.909968
49.185 0.913183
51.457 0.916399
55.252 0.919614
57.842 0.92283
62.266 0.926045
62.336 0.92926
63.2073 0.932476
66.350 0.935691
81.440 0.938907
86.911 0.942122
95.522 0.945338
101.767 0.948553
104.420 0.951768
124.134 0.954984
132.787 0.958199
133.316 0.961415
134.376 0.96463
138.056 0.967846
147.236 0.971061
155.894 0.974277
317.963 0.977492
382.7977 0.980707
425.3187 0.983923
471.854 0.987138
824.125 0.990354
1784.771 0.993569
1883.402 0.996785
6316.714 1
