0 0.00519481
0 0.00519481
.100 0.012987
.100 0.012987
.100 0.012987
.300 0.0181818
.300 0.0181818
.400 0.0207792
.500 0.0233766
.600 0.0311688
.600 0.0311688
.600 0.0311688
.700 0.0337662
.800 0.038961
.800 0.038961
1.000 0.0441558
1.000 0.0441558
1.100 0.0467532
1.200 0.0493506
1.400 0.0545455
1.400 0.0545455
1.500 0.0623377
1.500 0.0623377
1.500 0.0623377
1.700 0.0649351
1.800 0.0675325
1.900 0.0727273
1.900 0.0727273
2.400 0.0805195
2.400 0.0805195
2.400 0.0805195
2.800 0.0883117
2.800 0.0883117
2.800 0.0883117
2.900 0.0961039
2.900 0.0961039
2.900 0.0961039
3.000 0.0987013
3.200 0.103896
3.200 0.103896
3.700 0.109091
3.700 0.109091
3.800 0.111688
3.900 0.116883
3.900 0.116883
4.200 0.119481
4.500 0.122078
4.700 0.124675
4.800 0.127273
5.100 0.12987
5.300 0.132468
5.500 0.137662
5.500 0.137662
5.700 0.14026
5.900 0.142857
6.100 0.145455
6.200 0.150649
6.200 0.150649
6.300 0.153247
6.600 0.155844
6.800 0.158442
6.900 0.161039
7.000 0.166234
7.000 0.166234
7.300 0.168831
8.100 0.171429
8.600 0.174026
8.700 0.176623
8.800 0.181818
8.800 0.181818
9.100 0.184416
9.200 0.192208
9.200 0.192208
9.200 0.192208
9.300 0.194805
9.500 0.197403
9.600 0.2
9.700 0.202597
9.900 0.205195
10.000 0.207792
10.100 0.212987
10.100 0.212987
10.900 0.218182
10.900 0.218182
11.000 0.220779
11.700 0.223377
11.800 0.225974
12.100 0.228571
12.500 0.233766
12.500 0.233766
12.800 0.236364
12.900 0.238961
13.300 0.241558
13.400 0.244156
14.300 0.249351
14.300 0.249351
14.500 0.251948
14.600 0.257143
14.600 0.257143
14.700 0.25974
15.000 0.262338
15.700 0.264935
15.900 0.267532
16.100 0.272727
16.100 0.272727
16.400 0.275325
16.500 0.280519
16.500 0.280519
17.000 0.283117
17.200 0.285714
17.400 0.288312
17.800 0.290909
18.300 0.296104
18.300 0.296104
18.900 0.301299
18.900 0.301299
19.000 0.306494
19.000 0.306494
19.600 0.311688
19.600 0.311688
20.100 0.314286
20.500 0.316883
20.700 0.319481
20.800 0.322078
21.000 0.327273
21.000 0.327273
21.100 0.32987
21.200 0.332468
21.400 0.337662
21.400 0.337662
21.500 0.34026
21.800 0.345455
21.800 0.345455
22.000 0.348052
22.200 0.350649
22.300 0.353247
22.400 0.355844
22.800 0.358442
22.900 0.363636
22.900 0.363636
23.000 0.366234
23.600 0.368831
24.800 0.374026
24.800 0.374026
24.900 0.379221
24.900 0.379221
25.100 0.381818
25.600 0.384416
26.000 0.387013
26.600 0.38961
27.000 0.392208
27.100 0.394805
27.200 0.397403
27.300 0.4
27.900 0.402597
28.100 0.405195
28.900 0.407792
29.800 0.41039
30.000 0.412987
30.100 0.415584
30.200 0.423377
30.200 0.423377
30.200 0.423377
30.700 0.425974
31.100 0.428571
31.400 0.431169
31.600 0.433766
31.700 0.436364
31.800 0.438961
32.300 0.444156
32.300 0.444156
32.400 0.446753
32.600 0.449351
33.200 0.451948
34.100 0.454545
34.500 0.457143
35.200 0.45974
35.300 0.462338
35.400 0.464935
35.500 0.47013
35.500 0.47013
35.600 0.472727
36.500 0.477922
36.500 0.477922
36.700 0.480519
37.800 0.483117
38.200 0.485714
38.600 0.490909
38.600 0.490909
38.800 0.493506
39.100 0.496104
40.200 0.498701
40.300 0.501299
40.900 0.503896
41.100 0.506494
41.300 0.509091
41.600 0.511688
42.000 0.514286
42.100 0.516883
42.400 0.519481
42.600 0.527273
42.600 0.527273
42.600 0.527273
42.800 0.532468
42.800 0.532468
42.900 0.535065
43.100 0.537662
43.200 0.54026
43.400 0.545455
43.400 0.545455
43.600 0.548052
43.800 0.550649
44.000 0.553247
44.200 0.558442
44.200 0.558442
44.300 0.561039
44.400 0.563636
44.500 0.566234
44.600 0.568831
44.900 0.571429
45.200 0.574026
45.400 0.576623
45.500 0.579221
45.700 0.584416
45.700 0.584416
46.100 0.587013
46.300 0.58961
46.400 0.592208
46.500 0.594805
46.900 0.597403
47.500 0.6
48.600 0.602597
48.800 0.605195
49.000 0.61039
49.000 0.61039
49.200 0.612987
49.400 0.615584
49.800 0.618182
50.000 0.623377
50.000 0.623377
50.100 0.625974
50.200 0.631169
50.200 0.631169
50.400 0.636364
50.400 0.636364
51.100 0.638961
51.200 0.641558
51.300 0.644156
51.700 0.646753
53.200 0.649351
53.400 0.651948
53.600 0.654545
54.000 0.657143
54.200 0.65974
54.400 0.662338
54.800 0.664935
54.900 0.667532
55.200 0.67013
56.000 0.672727
56.100 0.675325
56.200 0.677922
56.600 0.680519
56.700 0.683117
57.000 0.685714
57.100 0.688312
57.200 0.690909
57.400 0.693506
57.500 0.696104
57.800 0.698701
57.900 0.701299
58.100 0.703896
58.700 0.706494
59.000 0.709091
59.200 0.711688
59.800 0.716883
59.800 0.716883
60.100 0.719481
61.300 0.722078
61.400 0.724675
61.700 0.727273
61.800 0.72987
62.600 0.732468
72.300 0.735065
82.500 0.737662
94.600 0.74026
96.600 0.742857
102.500 0.745455
107.800 0.748052
108.200 0.750649
136.800 0.753247
147.200 0.755844
148.800 0.758442
151.500 0.761039
152.500 0.763636
164.200 0.766234
170.400 0.768831
185.900 0.771429
190.700 0.774026
193.400 0.776623
197.700 0.779221
215.400 0.781818
258.300 0.784416
259.300 0.787013
267.100 0.78961
302.200 0.792208
325.600 0.794805
343.400 0.797403
351.300 0.8
382.300 0.802597
385.800 0.805195
447.600 0.807792
468.000 0.81039
564.800 0.812987
666.800 0.815584
709.600 0.818182
746.700 0.820779
763.200 0.823377
796.500 0.825974
800.300 0.828571
821.100 0.831169
942.400 0.833766
1018.100 0.836364
1211.300 0.838961
1345.300 0.841558
1638.700 0.844156
1660.000 0.846753
1875.700 0.849351
1983.300 0.851948
2068.100 0.854545
2181.500 0.857143
2834.500 0.85974
2894.100 0.862338
3093.700 0.864935
3138.300 0.867532
3218.800 0.87013
3439.600 0.872727
4584.800 0.875325
5032.500 0.877922
5276.700 0.880519
5470.400 0.883117
6039.200 0.885714
6311.400 0.888312
6744.800 0.890909
6813.800 0.893506
7276.500 0.896104
7557.200 0.898701
8314.700 0.901299
9128.100 0.903896
10475.400 0.906494
10709.400 0.909091
12100.100 0.911688
12446.600 0.914286
12792.500 0.916883
22715.500 0.919481
22774.400 0.922078
23863.200 0.924675
24712.900 0.927273
26960.400 0.92987
27404.900 0.932468
36595.900 0.935065
41076.200 0.937662
57297.900 0.94026
77549.400 0.942857
102567.700 0.945455
164869.700 0.948052
167144.800 0.950649
205245.700 0.953247
206721.200 0.955844
305664.300 0.958442
307059.200 0.961039
486263.400 0.963636
564815.500 0.966234
600865.100 0.968831
1410007.300 0.971429
1752160.800 0.974026
2129772.900 0.976623
2533745.700 0.979221
3006688.300 0.981818
3705311.200 0.984416
5180672.400 0.987013
124314926.500 0.98961
801404457.500 0.992208
10153248126.000 0.994805
14188421272.800 0.997403
610168954022648.700 1
