 0.00626959
 0.00626959
.006 0.00940439
.0163 0.0125392
.0503 0.015674
.056 0.0188088
.0737 0.0219436
.0903 0.0250784
.095 0.0282132
.103 0.031348
.145 0.0344828
.1453 0.0407524
.1453 0.0407524
.162 0.0438871
.178 0.0470219
.201 0.0501567
.205 0.0532915
.2433 0.0564263
.256 0.0595611
.2627 0.0626959
.2753 0.0658307
.283 0.0689655
.2853 0.0721003
.287 0.0752351
.289 0.0783699
.2963 0.0815047
.2967 0.0846395
.3463 0.0877743
.35633 0.0909091
.3603 0.0940439
.362 0.0971787
.3757 0.100313
.389 0.103448
.4047 0.106583
.4063 0.109718
.47333 0.112853
.509 0.115987
.5583 0.119122
.572 0.122257
.5727 0.125392
.6853 0.128527
.7003 0.131661
.8083 0.134796
.9233 0.137931
.957 0.141066
.987 0.144201
.9917 0.147335
1.0313 0.15047
1.052 0.153605
1.0537 0.15674
1.0613 0.159875
1.146 0.163009
1.2003 0.166144
1.3043 0.169279
1.360 0.172414
1.4097 0.175549
1.428 0.178683
1.4443 0.181818
1.469 0.184953
1.4743 0.188088
1.4843 0.191223
1.5443 0.194357
1.5623 0.197492
1.645 0.200627
1.652 0.203762
1.6673 0.206897
1.719 0.210031
1.725 0.213166
1.7393 0.216301
1.798 0.219436
1.8387 0.222571
1.84467 0.225705
1.866 0.22884
1.8697 0.231975
1.8753 0.23511
1.9507 0.238245
2.0137 0.241379
2.0527 0.244514
2.1547 0.247649
2.2547 0.250784
2.504 0.253918
2.9543 0.257053
3.0713 0.260188
3.091 0.263323
3.2863 0.266458
3.3767 0.269592
3.3913 0.272727
3.4177 0.275862
3.4677 0.278997
3.481 0.282132
3.762 0.285266
3.8243 0.288401
3.8803 0.291536
3.8807 0.294671
3.9467 0.297806
3.979 0.30094
4.0023 0.304075
4.067 0.30721
4.078 0.310345
4.1663 0.31348
4.2233 0.316614
4.3613 0.319749
4.413 0.322884
4.741 0.326019
4.8503 0.329154
4.9087 0.332288
4.997 0.335423
5.0353 0.338558
5.1733 0.341693
5.2997 0.344828
5.3623 0.347962
5.4867 0.351097
5.6133 0.354232
5.7253 0.357367
5.8543 0.360502
5.938 0.363636
6.0867 0.366771
6.106 0.369906
6.2233 0.373041
6.4067 0.376176
6.4463 0.37931
6.6383 0.382445
6.7683 0.38558
6.930 0.388715
7.191 0.39185
7.684 0.394984
8.040 0.398119
8.067 0.401254
8.1167 0.404389
8.291 0.407524
8.4547 0.410658
8.5347 0.413793
8.634 0.416928
8.724 0.420063
8.9377 0.423197
9.0437 0.426332
9.1753 0.429467
9.183 0.432602
9.304 0.435737
9.3483 0.438871
9.5347 0.442006
9.632 0.445141
9.6463 0.448276
9.878 0.451411
10.174 0.454545
10.1787 0.45768
10.1983 0.460815
10.236 0.46395
10.5537 0.467085
10.575 0.470219
10.832 0.473354
11.0307 0.476489
11.1727 0.479624
11.3643 0.482759
11.6623 0.485893
11.765 0.489028
11.785 0.492163
11.8537 0.495298
12.1843 0.498433
12.4713 0.501567
12.5027 0.504702
12.6183 0.507837
12.703 0.510972
13.0417 0.514107
13.089 0.517241
13.1883 0.520376
13.308 0.523511
13.5273 0.526646
13.827 0.529781
14.315 0.532915
14.411 0.53605
14.4267 0.539185
14.781 0.54232
14.9927 0.545455
15.2213 0.548589
15.271 0.551724
15.2987 0.554859
15.3043 0.557994
15.5017 0.561129
15.5117 0.564263
15.5643 0.567398
15.6547 0.570533
16.224 0.573668
16.554 0.576803
16.731 0.579937
17.050 0.583072
17.242 0.586207
17.2617 0.589342
17.2867 0.592476
17.398 0.595611
17.8847 0.598746
17.9323 0.601881
17.9937 0.605016
18.2707 0.60815
18.942 0.611285
19.1403 0.61442
19.191 0.617555
19.2257 0.62069
19.3687 0.623824
19.4663 0.626959
19.7757 0.630094
19.9313 0.633229
20.022 0.636364
20.0647 0.639498
20.2253 0.642633
20.237 0.645768
20.275 0.648903
20.412 0.652038
20.624 0.655172
21.0617 0.658307
21.1063 0.661442
21.3537 0.664577
21.5103 0.667712
21.5677 0.670846
21.852 0.673981
21.9313 0.677116
22.024 0.680251
22.0547 0.683386
22.198 0.68652
22.229 0.689655
22.2917 0.69279
22.5473 0.695925
22.7287 0.69906
22.865 0.702194
23.0303 0.705329
23.6903 0.708464
23.843 0.711599
23.9177 0.714734
23.9223 0.717868
23.925 0.721003
23.9817 0.724138
23.9847 0.727273
24.8323 0.730408
24.944 0.733542
25.1103 0.736677
25.2883 0.739812
25.3123 0.742947
25.3387 0.746082
25.701 0.749216
25.7843 0.752351
25.802 0.755486
26.2043 0.758621
26.2623 0.761755
26.3213 0.76489
26.6317 0.768025
27.1247 0.77116
27.321 0.774295
28.355 0.777429
28.655 0.780564
28.6707 0.783699
28.751 0.786834
28.9267 0.789969
29.3537 0.793103
29.4177 0.796238
29.4427 0.799373
29.884 0.802508
29.8847 0.805643
29.8947 0.808777
29.9653 0.811912
30.012 0.815047
30.0657 0.818182
30.505 0.821317
30.7787 0.824451
30.9127 0.827586
32.450 0.830721
33.1833 0.833856
33.495 0.836991
33.5623 0.840125
33.6723 0.84326
33.9937 0.846395
34.1343 0.84953
34.825 0.852665
34.842 0.855799
36.402 0.858934
36.978 0.862069
37.2177 0.865204
37.315 0.868339
37.4813 0.871473
37.8603 0.874608
37.9737 0.877743
38.2223 0.880878
38.707 0.884013
40.063 0.887147
41.7033 0.890282
42.1633 0.893417
42.519 0.896552
43.883 0.899687
44.268 0.902821
45.019 0.905956
46.953 0.909091
48.204 0.912226
48.346 0.915361
49.4897 0.918495
50.323 0.92163
57.805 0.924765
58.366 0.9279
58.638 0.931034
63.120 0.934169
63.938 0.937304
69.124 0.940439
83.322 0.943574
84.198 0.946708
99.002 0.949843
105.518 0.952978
123.413 0.956113
144.368 0.959248
254.2317 0.962382
300.219 0.965517
340.883 0.968652
410.4587 0.971787
439.8937 0.974922
448.045 0.978056
460.312 0.981191
708.629 0.984326
773.017 0.987461
1098.697 0.990596
1354.096 0.99373
1613.944 0.996865
12211.887 1
