.0073 0.0025974
.0147 0.00519481
.017 0.00779221
.0347 0.0103896
.045 0.012987
.0713 0.0155844
.0727 0.0181818
.0757 0.0207792
.0787 0.0233766
.1013 0.025974
.105 0.0285714
.111 0.0311688
.1187 0.0337662
.119 0.038961
.119 0.038961
.131 0.0415584
.135 0.0441558
.142 0.0467532
.144 0.0493506
.147 0.0519481
.1653 0.0545455
.174 0.0571429
.222 0.0597403
.246 0.0623377
.2587 0.0649351
.303 0.0675325
.33033 0.0701299
.3317 0.0727273
.3423 0.0753247
.3773 0.0779221
.3953 0.0805195
.4257 0.0831169
.4443 0.0857143
.44933 0.0883117
.4663 0.0909091
.487 0.0935065
.6227 0.0961039
.646 0.0987013
.6527 0.101299
.6777 0.103896
.699 0.106494
.706 0.109091
.7083 0.111688
.8287 0.114286
.840 0.116883
.8913 0.119481
.8977 0.122078
.9117 0.124675
.918 0.127273
.9543 0.12987
.955 0.132468
1.0357 0.135065
1.066 0.137662
1.0773 0.14026
1.163 0.142857
1.1647 0.145455
1.1673 0.148052
1.1987 0.150649
1.2343 0.153247
1.2977 0.155844
1.343 0.158442
1.4353 0.161039
1.461 0.163636
1.4787 0.166234
1.5963 0.168831
1.728 0.171429
1.7893 0.174026
1.816 0.176623
1.822 0.179221
1.8337 0.181818
1.86167 0.184416
1.8753 0.187013
1.8897 0.18961
1.9477 0.192208
2.0137 0.194805
2.090 0.197403
2.103 0.2
2.1257 0.202597
2.2937 0.205195
2.3617 0.207792
2.4693 0.21039
2.4727 0.212987
2.5233 0.215584
2.810 0.218182
2.9427 0.220779
2.987 0.223377
2.9933 0.225974
3.215 0.228571
3.245 0.231169
3.337 0.233766
3.3573 0.236364
3.4247 0.238961
3.435 0.241558
3.6487 0.244156
3.7877 0.246753
3.8033 0.249351
3.881 0.251948
3.9703 0.254545
4.0423 0.257143
4.0453 0.25974
4.0653 0.262338
4.1133 0.264935
4.318 0.267532
4.394 0.27013
4.5267 0.272727
4.5553 0.275325
4.7393 0.277922
4.8783 0.280519
5.1383 0.283117
5.154 0.285714
5.2167 0.288312
5.4077 0.290909
5.5727 0.293506
5.6017 0.296104
5.745 0.298701
5.7907 0.301299
5.8413 0.303896
6.5613 0.306494
6.6213 0.309091
6.6843 0.311688
6.876 0.314286
7.122 0.316883
7.125 0.319481
7.4687 0.322078
7.660 0.324675
7.6897 0.327273
7.728 0.32987
7.7597 0.332468
7.8333 0.335065
7.844 0.337662
8.1623 0.34026
8.332 0.342857
8.340 0.345455
8.483 0.348052
8.714 0.350649
9.008 0.353247
9.1403 0.355844
9.2987 0.358442
9.416 0.361039
9.423 0.363636
9.5053 0.366234
9.519 0.368831
9.5917 0.371429
9.604 0.374026
9.698 0.376623
9.9723 0.379221
10.1157 0.381818
10.2347 0.384416
10.3003 0.387013
10.5037 0.38961
10.6933 0.392208
10.8123 0.394805
10.8397 0.397403
10.992 0.4
11.0263 0.402597
11.028 0.405195
11.100 0.407792
11.4463 0.41039
11.4657 0.412987
11.8657 0.415584
12.392 0.418182
12.4673 0.420779
12.569 0.423377
12.697 0.425974
12.7527 0.428571
13.048 0.431169
13.0813 0.433766
13.576 0.436364
13.6293 0.438961
13.6907 0.441558
13.705 0.444156
13.9977 0.446753
14.317 0.449351
14.508 0.451948
14.6057 0.454545
14.8497 0.457143
14.918 0.45974
15.035 0.462338
15.0677 0.464935
15.1233 0.467532
15.1837 0.47013
15.365 0.472727
15.7857 0.475325
15.805 0.477922
16.052 0.480519
16.2557 0.483117
16.278 0.485714
16.526 0.488312
16.6747 0.490909
16.807 0.493506
17.200 0.496104
17.222 0.498701
17.2857 0.501299
17.327 0.503896
17.618 0.506494
17.746 0.509091
17.7707 0.511688
18.1217 0.514286
18.132 0.516883
18.3553 0.519481
18.4597 0.522078
18.5293 0.524675
18.5527 0.527273
18.6337 0.52987
18.7407 0.532468
18.8917 0.535065
19.0997 0.537662
19.261 0.54026
19.285 0.542857
19.3217 0.545455
19.3727 0.548052
19.734 0.550649
19.919 0.553247
19.9613 0.555844
20.058 0.558442
20.1643 0.561039
20.346 0.563636
20.520 0.566234
20.5653 0.568831
20.8713 0.571429
21.1523 0.574026
21.273 0.576623
21.3607 0.579221
21.420 0.581818
21.482 0.584416
21.5917 0.587013
21.6143 0.58961
21.8333 0.592208
22.0667 0.594805
22.1177 0.597403
22.444 0.6
22.522 0.602597
22.6427 0.605195
22.6577 0.607792
22.8323 0.61039
23.0903 0.612987
23.5933 0.615584
23.8123 0.618182
23.8387 0.620779
24.1347 0.623377
24.3037 0.625974
24.5053 0.628571
24.6107 0.631169
25.0543 0.633766
25.3213 0.636364
25.4953 0.638961
26.1663 0.641558
26.277 0.644156
27.1273 0.646753
27.4947 0.649351
27.810 0.651948
27.8137 0.654545
28.1883 0.657143
29.0787 0.65974
29.2803 0.662338
29.4547 0.664935
29.6097 0.667532
29.752 0.67013
30.0867 0.672727
30.5057 0.675325
30.872 0.677922
30.9297 0.680519
31.011 0.683117
31.2997 0.685714
31.430 0.688312
31.521 0.690909
31.707 0.693506
31.917 0.696104
32.933 0.698701
33.831 0.701299
34.3553 0.703896
34.9817 0.706494
35.7913 0.709091
36.457 0.711688
36.5847 0.714286
36.985 0.716883
37.1923 0.719481
37.6823 0.722078
37.9737 0.724675
39.1943 0.727273
39.2337 0.72987
39.559 0.732468
39.8143 0.735065
42.577 0.737662
43.8373 0.74026
43.909 0.742857
45.031 0.745455
45.697 0.748052
45.950 0.750649
49.5107 0.753247
50.8983 0.755844
52.951 0.758442
53.451 0.761039
53.823 0.763636
54.0687 0.766234
57.018 0.768831
57.462 0.771429
59.198 0.774026
64.9017 0.776623
65.724 0.779221
67.134 0.781818
69.146 0.784416
83.200 0.787013
84.159 0.78961
88.594 0.792208
89.403 0.794805
97.035 0.797403
104.3297 0.8
113.8027 0.802597
147.046 0.805195
150.1033 0.807792
183.243 0.81039
191.7837 0.812987
192.763 0.815584
192.987 0.818182
199.341 0.820779
223.944 0.823377
226.656 0.825974
231.262 0.828571
267.0137 0.831169
268.119 0.833766
277.506 0.836364
279.686 0.838961
288.2157 0.841558
319.9357 0.844156
369.9483 0.846753
374.4027 0.849351
387.309 0.851948
477.349 0.854545
552.819 0.857143
592.841 0.85974
666.417 0.862338
785.559 0.864935
1119.7797 0.867532
1166.196 0.87013
1363.384 0.872727
1410.9267 0.875325
1581.655 0.877922
1709.7727 0.880519
2142.138 0.883117
2165.800 0.885714
2223.206 0.888312
2285.941 0.890909
2301.805 0.893506
2708.261 0.896104
2760.085 0.898701
2889.2747 0.901299
2972.974 0.903896
3188.353 0.906494
3260.394 0.909091
3279.998 0.911688
3552.417 0.914286
3765.438 0.916883
3926.005 0.919481
4398.548 0.922078
4459.873 0.924675
4879.358 0.927273
5055.746 0.92987
6052.528 0.932468
6431.616 0.935065
6803.932 0.937662
7110.9307 0.94026
8434.262 0.942857
12632.246 0.945455
18971.022 0.948052
19647.412 0.950649
21275.810 0.953247
27282.578 0.955844
28201.4547 0.958442
78423.587 0.961039
98224.688 0.963636
195936.546 0.966234
345422.287 0.968831
413281.395 0.971429
565183.438 0.974026
777003.742 0.976623
1023196.476 0.979221
1512879.658 0.981818
6265563.583 0.984416
6497227.094 0.987013
17192343.010 0.98961
46260832.586 0.992208
692347379.111 0.994805
974482729.274 0.997403
1466665628434649.859 1
