.014 0.00341297
.041 0.00682594
.052 0.0102389
.054 0.0136519
.0623 0.0170648
.0627 0.0204778
.070 0.0238908
.0763 0.0273038
.0933 0.0307167
.106 0.0341297
.1853 0.0375427
.2247 0.0409556
.2413 0.0443686
.2653 0.0477816
.27233 0.0511945
.3063 0.0546075
.319 0.0580205
.3427 0.0614334
.343 0.0648464
.3547 0.0682594
.3887 0.0716724
.41433 0.0750853
.488 0.0784983
.4933 0.0819113
.562 0.0853242
.6213 0.0887372
.676 0.0921502
.6813 0.0955631
.739 0.0989761
.789 0.102389
.8203 0.105802
.856 0.112628
.856 0.112628
.887 0.116041
.9023 0.119454
.9103 0.122867
.9213 0.12628
.9353 0.129693
.9837 0.133106
1.050 0.136519
1.0673 0.139932
1.221 0.143345
1.2313 0.146758
1.244 0.150171
1.3067 0.153584
1.312 0.156997
1.3233 0.16041
1.353 0.163823
1.3967 0.167235
1.4117 0.170648
1.417 0.174061
1.4343 0.177474
1.4563 0.180887
1.4727 0.1843
1.580 0.187713
1.7113 0.191126
1.818 0.194539
1.83167 0.197952
1.8517 0.201365
1.9733 0.204778
2.0013 0.208191
2.0833 0.211604
2.236 0.215017
2.2497 0.21843
2.2843 0.221843
2.3067 0.225256
2.4963 0.228669
2.5693 0.232082
2.6217 0.235495
2.6517 0.238908
2.7303 0.242321
2.757 0.245734
2.864 0.249147
2.8657 0.25256
2.9273 0.255973
3.0533 0.259386
3.1293 0.262799
3.3247 0.266212
3.3317 0.269625
3.373 0.273038
3.451 0.276451
3.6233 0.279863
3.8183 0.283276
3.8403 0.286689
3.855 0.290102
3.856 0.293515
3.996 0.296928
4.038 0.300341
4.1267 0.303754
4.290 0.307167
4.4807 0.31058
4.4913 0.313993
4.495 0.317406
4.616 0.320819
4.6233 0.324232
4.730 0.327645
4.7723 0.331058
4.7787 0.334471
4.7923 0.337884
4.8343 0.341297
5.1967 0.34471
5.3547 0.348123
5.3767 0.351536
5.3947 0.354949
5.6267 0.358362
5.6547 0.361775
5.6823 0.365188
5.885 0.368601
5.9937 0.372014
6.008 0.375427
6.0283 0.37884
6.1057 0.382253
6.169 0.385666
6.2033 0.389078
6.619 0.392491
6.7133 0.395904
6.9233 0.399317
7.2897 0.40273
7.6147 0.406143
7.760 0.409556
7.7683 0.412969
7.792 0.416382
7.869 0.419795
8.257 0.423208
8.309 0.426621
8.4847 0.430034
8.520 0.433447
8.6683 0.43686
8.987 0.440273
9.081 0.443686
9.3287 0.447099
9.3623 0.450512
9.3637 0.453925
9.472 0.457338
9.7807 0.460751
9.8493 0.464164
10.151 0.467577
10.431 0.47099
10.453 0.474403
10.584 0.477816
10.783 0.481229
10.9887 0.484642
11.059 0.488055
11.1283 0.491468
11.1373 0.494881
11.159 0.498294
11.476 0.501706
11.5603 0.505119
11.6537 0.508532
11.7783 0.511945
12.094 0.515358
12.0963 0.518771
12.1797 0.522184
12.3023 0.525597
12.5393 0.52901
12.6383 0.532423
12.730 0.535836
12.825 0.539249
12.8777 0.542662
12.936 0.546075
13.1813 0.549488
13.4733 0.552901
13.629 0.556314
13.768 0.559727
13.8687 0.56314
14.038 0.566553
14.0887 0.569966
14.2703 0.573379
14.3257 0.576792
14.6717 0.580205
14.7123 0.583618
14.7627 0.587031
14.804 0.590444
15.1227 0.593857
15.203 0.59727
15.3197 0.600683
15.6477 0.604096
16.0487 0.607509
16.103 0.610922
16.4773 0.614334
16.484 0.617747
16.496 0.62116
16.6867 0.624573
16.8567 0.627986
17.0143 0.631399
17.160 0.634812
17.230 0.638225
17.4133 0.641638
17.486 0.645051
17.5073 0.648464
17.5197 0.651877
17.6973 0.65529
18.1707 0.658703
18.2573 0.662116
18.431 0.665529
18.5303 0.668942
18.8173 0.672355
19.0197 0.675768
19.1457 0.679181
19.1777 0.682594
19.3223 0.686007
19.4307 0.68942
19.5993 0.692833
19.691 0.696246
19.7623 0.699659
19.8657 0.703072
20.2837 0.706485
20.3193 0.709898
20.7603 0.713311
20.820 0.716724
21.012 0.720137
21.0577 0.723549
21.2437 0.726962
21.3647 0.730375
21.4027 0.733788
21.5163 0.737201
21.5623 0.740614
21.638 0.744027
21.723 0.74744
21.731 0.750853
21.7693 0.754266
21.9347 0.757679
21.969 0.761092
22.094 0.764505
22.1327 0.767918
22.7497 0.771331
22.9183 0.774744
23.4547 0.778157
23.4937 0.78157
23.7943 0.784983
23.9163 0.788396
24.0283 0.791809
24.8333 0.795222
25.0633 0.798635
25.2607 0.802048
26.901 0.805461
27.7407 0.808874
27.8257 0.812287
28.4963 0.8157
28.5917 0.819113
28.8517 0.822526
29.0733 0.825939
29.1027 0.829352
29.209 0.832765
29.607 0.836177
29.669 0.83959
31.1253 0.843003
31.189 0.846416
32.957 0.849829
33.9887 0.853242
34.092 0.856655
36.6447 0.860068
38.516 0.863481
38.6253 0.866894
40.974 0.870307
41.1027 0.87372
42.008 0.877133
45.107 0.880546
45.789 0.883959
50.025 0.887372
54.236 0.890785
54.3907 0.894198
54.4263 0.897611
59.584 0.901024
63.470 0.904437
67.494 0.90785
67.983 0.911263
75.693 0.914676
78.2733 0.918089
82.3563 0.921502
82.656 0.924915
85.317 0.928328
90.199 0.931741
117.2487 0.935154
125.301 0.938567
135.0463 0.94198
140.115 0.945392
148.401 0.948805
154.782 0.952218
198.6323 0.955631
203.949 0.959044
230.740 0.962457
246.923 0.96587
309.249 0.969283
345.105 0.972696
429.7107 0.976109
440.221 0.979522
447.7607 0.982935
492.846 0.986348
802.0383 0.989761
994.282 0.993174
1706.111 0.996587
1799.794 1
