 0.00332226
.020 0.00664452
.0213 0.00996678
.0243 0.013289
.03667 0.0166113
.041 0.0199336
.063 0.0232558
.067 0.0265781
.070 0.0299003
.0817 0.0332226
.0927 0.0365449
.110 0.0398671
.111 0.0431894
.1347 0.0465116
.1397 0.0498339
.195 0.0531561
.1997 0.0564784
.20033 0.0598007
.213 0.0631229
.223 0.0664452
.2373 0.0697674
.2907 0.0730897
.2923 0.076412
.3483 0.0797342
.3673 0.0830565
.3823 0.0863787
.450 0.089701
.468 0.0930233
.4693 0.0963455
.471 0.0996678
.516 0.10299
.608 0.106312
.6803 0.109635
.7333 0.112957
.7557 0.116279
.7787 0.119601
.7823 0.122924
.800 0.126246
.8027 0.129568
.854 0.13289
.9063 0.136213
.9293 0.139535
1.033 0.142857
1.0653 0.146179
1.1353 0.149502
1.141 0.152824
1.2637 0.156146
1.333 0.159468
1.3563 0.162791
1.3737 0.166113
1.3863 0.169435
1.395 0.172757
1.4413 0.17608
1.4517 0.179402
1.4863 0.182724
1.593 0.186047
1.671 0.189369
1.7253 0.192691
1.7737 0.196013
1.821 0.199336
1.83467 0.202658
1.855 0.20598
1.8557 0.209302
1.8873 0.212625
1.9483 0.215947
2.0227 0.219269
2.0817 0.222591
2.2307 0.225914
2.357 0.229236
2.370 0.232558
2.3833 0.23588
2.4333 0.239203
2.666 0.242525
2.7253 0.245847
2.763 0.249169
2.8953 0.252492
2.9343 0.255814
2.9747 0.259136
3.0533 0.262458
3.139 0.265781
3.298 0.269103
3.3417 0.272425
3.4147 0.275748
3.4387 0.27907
3.5643 0.282392
3.5703 0.285714
3.6993 0.289037
3.827 0.292359
3.884 0.295681
4.3233 0.299003
4.4053 0.302326
4.4843 0.305648
4.5687 0.30897
4.5813 0.312292
4.593 0.315615
4.6023 0.318937
4.6227 0.322259
4.835 0.325581
4.9377 0.328904
5.206 0.332226
5.3747 0.335548
5.3907 0.33887
5.4157 0.342193
5.5017 0.345515
5.6057 0.348837
5.8607 0.352159
5.8813 0.355482
5.8897 0.358804
5.9117 0.362126
6.123 0.365449
6.213 0.368771
6.2663 0.372093
6.2957 0.375415
6.319 0.378738
6.6697 0.38206
6.961 0.385382
6.992 0.388704
7.075 0.392027
7.2337 0.395349
7.3417 0.398671
7.3893 0.401993
7.8327 0.405316
7.856 0.408638
7.9243 0.41196
7.969 0.415282
8.0683 0.418605
8.3513 0.421927
8.366 0.425249
8.5823 0.428571
8.705 0.431894
8.878 0.435216
8.9337 0.438538
9.315 0.44186
9.5293 0.445183
9.5397 0.448505
9.5673 0.451827
9.772 0.45515
9.8693 0.458472
9.956 0.461794
10.511 0.465116
10.591 0.468439
10.5933 0.471761
10.8487 0.475083
11.3713 0.478405
11.5667 0.481728
11.748 0.48505
11.7707 0.488372
11.8097 0.491694
11.913 0.495017
11.981 0.498339
12.1237 0.501661
12.2873 0.504983
12.345 0.508306
12.562 0.511628
12.7307 0.51495
12.8937 0.518272
13.112 0.521595
13.5373 0.524917
13.701 0.528239
13.7133 0.531561
13.730 0.534884
13.7887 0.538206
13.8807 0.541528
14.1697 0.54485
14.254 0.548173
14.2777 0.551495
14.4897 0.554817
14.494 0.55814
14.6327 0.561462
14.670 0.564784
14.782 0.568106
14.9743 0.571429
15.257 0.574751
15.3937 0.578073
15.758 0.581395
16.1453 0.584718
16.2827 0.58804
16.2947 0.591362
16.8817 0.594684
16.940 0.598007
17.066 0.601329
17.1727 0.604651
17.221 0.607973
17.4607 0.611296
17.6523 0.614618
17.9237 0.61794
18.338 0.621262
18.7583 0.624585
18.7673 0.627907
18.8947 0.631229
18.9837 0.634551
18.995 0.637874
19.063 0.641196
19.224 0.644518
19.3163 0.647841
19.7103 0.651163
19.777 0.654485
19.8183 0.657807
19.9437 0.66113
19.949 0.664452
20.5553 0.667774
20.798 0.671096
21.0057 0.674419
21.0237 0.677741
21.0823 0.681063
21.133 0.684385
21.3113 0.687708
21.712 0.69103
21.8503 0.694352
21.9117 0.697674
21.9797 0.700997
21.998 0.704319
22.028 0.707641
22.1177 0.710963
22.5773 0.714286
22.622 0.717608
22.8927 0.72093
22.9877 0.724252
23.2107 0.727575
23.3393 0.730897
23.6207 0.734219
23.8473 0.737542
24.0693 0.740864
24.506 0.744186
24.7643 0.747508
24.788 0.750831
24.8243 0.754153
24.8473 0.757475
24.961 0.760797
25.3073 0.76412
25.624 0.767442
25.900 0.770764
26.181 0.774086
26.2843 0.777409
26.8017 0.780731
27.007 0.784053
27.414 0.787375
27.7697 0.790698
27.8907 0.79402
28.3093 0.797342
28.4237 0.800664
28.6253 0.803987
28.7737 0.807309
29.166 0.810631
29.193 0.813953
29.419 0.817276
29.8017 0.820598
30.1777 0.82392
30.469 0.827243
31.006 0.830565
31.0513 0.833887
31.3913 0.837209
32.0217 0.840532
33.1577 0.843854
33.7443 0.847176
33.7973 0.850498
33.8353 0.853821
34.7853 0.857143
35.5353 0.860465
35.934 0.863787
36.0827 0.86711
36.434 0.870432
36.7427 0.873754
37.3973 0.877076
38.174 0.880399
38.924 0.883721
39.8293 0.887043
40.688 0.890365
43.4647 0.893688
43.9257 0.89701
44.377 0.900332
44.623 0.903654
44.954 0.906977
47.0237 0.910299
55.350 0.913621
55.860 0.916944
61.898 0.920266
62.446 0.923588
64.307 0.92691
73.5887 0.930233
76.4183 0.933555
77.218 0.936877
80.870 0.940199
84.997 0.943522
85.8083 0.946844
115.014 0.950166
126.568 0.953488
132.239 0.956811
153.1813 0.960133
163.962 0.963455
169.118 0.966777
173.225 0.9701
217.205 0.973422
355.5557 0.976744
439.693 0.980066
495.549 0.983389
523.2517 0.986711
570.453 0.990033
848.3407 0.993355
1209.796 0.996678
1485.621 1
