.022 0.00330033
.0427 0.00660066
.047 0.00990099
.0677 0.0132013
.0743 0.0165017
.0773 0.019802
.080 0.0231023
.147 0.0264026
.149 0.029703
.1673 0.0330033
.176 0.0363036
.2383 0.039604
.2433 0.0429043
.253 0.0462046
.2663 0.049505
.27733 0.0528053
.2783 0.0561056
.281 0.0594059
.2917 0.0627063
.2927 0.0660066
.316 0.0693069
.319 0.0726073
.3197 0.0759076
.324 0.0792079
.41833 0.0825083
.425 0.0858086
.5933 0.0891089
.6073 0.0924092
.6293 0.0957096
.6377 0.0990099
.647 0.10231
.724 0.105611
.774 0.108911
.8013 0.112211
.8073 0.115512
.823 0.118812
.9113 0.122112
.938 0.125413
.9423 0.128713
.9713 0.132013
1.0057 0.135314
1.0153 0.138614
1.0323 0.141914
1.0457 0.145215
1.0523 0.148515
1.0677 0.151815
1.081 0.155116
1.143 0.158416
1.1763 0.161716
1.265 0.165017
1.3063 0.168317
1.3627 0.171617
1.379 0.174917
1.382 0.178218
1.3933 0.181518
1.3977 0.184818
1.441 0.188119
1.530 0.191419
1.616 0.194719
1.822 0.19802
1.83267 0.20132
1.8527 0.20462
1.8733 0.207921
1.9073 0.211221
1.9403 0.214521
1.970 0.217822
2.0427 0.221122
2.0857 0.224422
2.139 0.227723
2.197 0.231023
2.375 0.234323
2.5687 0.237624
2.6197 0.240924
2.8163 0.244224
2.9303 0.247525
2.957 0.250825
2.9697 0.254125
3.1873 0.257426
3.2327 0.260726
3.293 0.264026
3.3357 0.267327
3.3467 0.270627
3.3503 0.273927
3.461 0.277228
3.5153 0.280528
3.710 0.283828
3.8933 0.287129
3.9073 0.290429
3.9857 0.293729
4.0157 0.29703
4.051 0.30033
4.1047 0.30363
4.361 0.306931
4.3847 0.310231
4.419 0.313531
4.447 0.316832
4.6103 0.320132
4.663 0.323432
4.8097 0.326733
4.8113 0.330033
4.8427 0.333333
4.8843 0.336634
4.9983 0.339934
5.022 0.343234
5.3243 0.346535
5.355 0.349835
5.4027 0.353135
5.488 0.356436
5.6523 0.359736
5.8607 0.363036
5.8883 0.366337
6.0237 0.369637
6.0493 0.372937
6.0743 0.376238
6.078 0.379538
6.2673 0.382838
6.7067 0.386139
6.7667 0.389439
6.8187 0.392739
7.5277 0.39604
7.626 0.39934
7.7377 0.40264
7.817 0.405941
7.8923 0.409241
7.925 0.412541
8.387 0.415842
8.667 0.419142
8.6707 0.422442
8.903 0.425743
9.141 0.429043
9.2327 0.432343
9.251 0.435644
9.2607 0.438944
9.334 0.442244
9.4547 0.445545
9.4663 0.448845
9.6633 0.452145
9.672 0.455446
9.7737 0.458746
10.1603 0.462046
10.3373 0.465347
10.578 0.468647
10.7707 0.471947
10.834 0.475248
11.0223 0.478548
11.067 0.481848
11.2543 0.485149
11.3733 0.488449
11.4907 0.491749
11.5883 0.49505
11.708 0.49835
11.7707 0.50165
11.9113 0.50495
11.9267 0.508251
12.303 0.511551
12.318 0.514851
12.4203 0.518152
12.4953 0.521452
12.8813 0.524752
13.041 0.528053
13.166 0.531353
13.2953 0.534653
13.350 0.537954
13.3663 0.541254
13.526 0.544554
14.061 0.547855
14.100 0.551155
14.200 0.554455
14.2277 0.557756
14.6523 0.561056
14.8083 0.564356
14.8707 0.567657
14.9207 0.570957
15.089 0.574257
15.1717 0.577558
15.275 0.580858
15.5157 0.584158
15.5947 0.587459
15.952 0.590759
16.2667 0.594059
16.287 0.59736
16.589 0.60066
16.793 0.60396
17.0633 0.607261
17.0937 0.610561
17.1347 0.613861
17.274 0.617162
17.3567 0.620462
17.5043 0.623762
17.8053 0.627063
17.8147 0.630363
18.3387 0.633663
18.3733 0.636964
18.5383 0.640264
18.6037 0.643564
18.776 0.646865
18.850 0.650165
18.9567 0.653465
19.4817 0.656766
19.5273 0.660066
19.849 0.663366
19.8627 0.666667
19.9443 0.669967
20.0713 0.673267
20.735 0.676568
20.7367 0.679868
20.8363 0.683168
20.9793 0.686469
21.2273 0.689769
21.5723 0.693069
21.7857 0.69637
21.870 0.69967
21.8957 0.70297
22.0713 0.706271
22.2147 0.709571
22.3067 0.712871
22.4473 0.716172
22.5537 0.719472
22.576 0.722772
22.614 0.726073
22.7513 0.729373
22.9403 0.732673
23.4667 0.735974
23.4867 0.739274
23.6867 0.742574
23.7287 0.745875
24.4423 0.749175
24.448 0.752475
24.490 0.755776
24.8317 0.759076
24.928 0.762376
25.1803 0.765677
25.5327 0.768977
25.6233 0.772277
25.693 0.775578
25.7113 0.778878
26.9023 0.782178
27.2157 0.785479
27.6243 0.788779
28.2857 0.792079
28.3993 0.79538
28.5237 0.79868
29.2797 0.80198
29.4173 0.805281
29.5677 0.808581
29.5957 0.811881
29.596 0.815182
31.5903 0.818482
32.095 0.821782
32.5093 0.825083
33.162 0.828383
33.458 0.831683
33.7253 0.834983
35.7487 0.838284
36.9437 0.841584
37.905 0.844884
39.266 0.848185
39.9403 0.851485
40.182 0.854785
43.419 0.858086
43.802 0.861386
44.9537 0.864686
45.167 0.867987
46.399 0.871287
47.8653 0.874587
47.886 0.877888
48.247 0.881188
50.3327 0.884488
50.9687 0.887789
53.402 0.891089
55.213 0.894389
56.271 0.89769
57.835 0.90099
59.432 0.90429
59.7623 0.907591
61.459 0.910891
63.394 0.914191
65.123 0.917492
66.596 0.920792
71.492 0.924092
76.5373 0.927393
77.789 0.930693
84.338 0.933993
124.482 0.937294
148.109 0.940594
173.113 0.943894
175.666 0.947195
176.196 0.950495
185.790 0.953795
188.237 0.957096
232.866 0.960396
241.3393 0.963696
311.681 0.966997
331.520 0.970297
346.509 0.973597
413.7927 0.976898
425.5267 0.980198
480.107 0.983498
601.202 0.986799
806.519 0.990099
1008.583 0.993399
1013.175 0.9967
1064.421 1
