.035 0.00342466
.040 0.00684932
.046 0.010274
.047 0.0136986
.0587 0.0171233
.0667 0.0205479
.078 0.0239726
.0793 0.0273973
.099 0.0308219
.13067 0.0342466
.13533 0.0376712
.1527 0.0410959
.154 0.0445205
.2647 0.0479452
.2777 0.0513699
.3257 0.0547945
.3317 0.0616438
.3317 0.0616438
.3413 0.0650685
.365 0.0684932
.3703 0.0719178
.393 0.0753425
.4123 0.0787671
.4943 0.0821918
.5297 0.0856164
.547 0.0890411
.584 0.0924658
.616 0.0958904
.6413 0.0993151
.7073 0.10274
.711 0.106164
.762 0.109589
.7747 0.113014
.797 0.116438
.839 0.119863
.9577 0.123288
.9613 0.126712
.989 0.130137
.991 0.133562
1.1043 0.136986
1.1437 0.140411
1.192 0.143836
1.218 0.14726
1.3663 0.150685
1.401 0.15411
1.4373 0.157534
1.4467 0.160959
1.526 0.164384
1.5503 0.167808
1.6253 0.171233
1.7253 0.174658
1.83267 0.178082
1.841 0.181507
1.8517 0.184932
1.856 0.188356
1.861 0.191781
1.8943 0.195205
1.9713 0.19863
2.1073 0.202055
2.1487 0.205479
2.2853 0.208904
2.3117 0.212329
2.3423 0.215753
2.352 0.219178
2.4213 0.222603
2.441 0.226027
2.4623 0.229452
2.495 0.232877
2.4993 0.236301
2.5057 0.239726
2.6183 0.243151
2.6707 0.246575
2.9267 0.25
2.9283 0.253425
3.0133 0.256849
3.087 0.260274
3.2783 0.263699
3.289 0.267123
3.3327 0.270548
3.3963 0.273973
3.4107 0.277397
3.4693 0.280822
3.5793 0.284247
3.642 0.287671
3.7423 0.291096
3.766 0.294521
3.815 0.297945
3.9267 0.30137
3.9663 0.304795
4.0217 0.308219
4.1603 0.311644
4.201 0.315068
4.3177 0.318493
4.372 0.321918
4.459 0.325342
4.4653 0.328767
4.466 0.332192
4.5343 0.335616
4.6487 0.339041
4.7043 0.342466
4.808 0.34589
4.8987 0.349315
5.1907 0.35274
5.3977 0.356164
5.4717 0.359589
5.861 0.363014
6.0737 0.366438
6.2083 0.369863
6.6973 0.373288
6.904 0.376712
6.9177 0.380137
6.9397 0.383562
7.2657 0.386986
7.4213 0.390411
7.5027 0.393836
7.6703 0.39726
7.801 0.400685
7.8223 0.40411
7.925 0.407534
8.1473 0.410959
8.214 0.414384
8.217 0.417808
8.2337 0.421233
8.3377 0.424658
8.610 0.428082
8.641 0.431507
8.885 0.434932
9.155 0.438356
9.4263 0.441781
9.4947 0.445205
9.584 0.44863
9.6033 0.452055
9.6173 0.455479
9.732 0.458904
9.7873 0.462329
9.962 0.465753
10.366 0.469178
10.7337 0.472603
11.0367 0.476027
11.0633 0.479452
11.1737 0.482877
11.3093 0.486301
11.4663 0.489726
11.557 0.493151
11.627 0.496575
11.7147 0.5
11.9747 0.503425
12.1193 0.506849
12.2447 0.510274
12.7397 0.513699
12.773 0.517123
12.8193 0.520548
12.939 0.523973
13.0257 0.527397
13.1633 0.530822
13.3507 0.534247
13.4463 0.537671
13.5277 0.541096
13.6567 0.544521
14.123 0.547945
14.1747 0.55137
14.223 0.554795
14.4827 0.558219
14.534 0.561644
14.7987 0.565068
15.3083 0.568493
15.709 0.571918
15.7537 0.575342
16.2847 0.578767
16.495 0.582192
16.4967 0.585616
16.793 0.589041
16.922 0.592466
16.9807 0.59589
17.0137 0.599315
17.153 0.60274
17.2377 0.606164
17.3517 0.609589
17.356 0.613014
17.425 0.616438
17.7733 0.619863
18.5767 0.623288
18.6617 0.626712
18.7283 0.630137
18.7553 0.633562
18.851 0.636986
19.4063 0.640411
19.681 0.643836
20.1313 0.64726
20.202 0.650685
20.3823 0.65411
20.461 0.657534
20.633 0.660959
20.6443 0.664384
20.6613 0.667808
20.6737 0.671233
20.687 0.674658
20.9813 0.678082
21.4087 0.681507
21.4937 0.684932
21.5093 0.688356
21.6027 0.691781
21.630 0.695205
21.8947 0.69863
21.9037 0.702055
22.3093 0.705479
22.418 0.708904
22.7553 0.712329
22.9793 0.715753
23.0613 0.719178
23.4787 0.722603
23.9783 0.726027
24.2503 0.729452
24.3523 0.732877
24.381 0.736301
24.7263 0.739726
25.1203 0.743151
25.3207 0.746575
25.7247 0.75
25.8707 0.753425
26.281 0.756849
26.4077 0.760274
27.0427 0.763699
27.137 0.767123
27.200 0.770548
27.460 0.773973
27.5923 0.777397
28.298 0.780822
28.5887 0.784247
28.903 0.787671
28.921 0.791096
28.9363 0.794521
28.986 0.797945
29.184 0.80137
29.2277 0.804795
29.4567 0.808219
29.9983 0.811644
30.2693 0.815068
30.6247 0.818493
32.5173 0.821918
33.0943 0.825342
33.6947 0.828767
33.7473 0.832192
33.8483 0.835616
34.113 0.839041
35.471 0.842466
35.5087 0.84589
35.7647 0.849315
38.467 0.85274
41.608 0.856164
42.225 0.859589
42.956 0.863014
43.953 0.866438
44.4427 0.869863
44.646 0.873288
45.152 0.876712
47.8097 0.880137
53.466 0.883562
53.635 0.886986
54.102 0.890411
56.5507 0.893836
60.958 0.89726
62.5503 0.900685
64.434 0.90411
66.819 0.907534
72.114 0.910959
73.070 0.914384
92.3263 0.917808
93.664 0.921233
98.941 0.924658
104.4237 0.928082
105.4953 0.931507
106.837 0.934932
126.057 0.938356
133.540 0.941781
136.280 0.945205
153.3093 0.94863
159.7653 0.952055
201.082 0.955479
204.659 0.958904
244.931 0.962329
252.383 0.965753
349.494 0.969178
366.981 0.972603
482.200 0.976027
887.4117 0.979452
905.473 0.982877
1233.144 0.986301
1362.9057 0.989726
2281.973 0.993151
5154.307 0.996575
20356.463 1
