0 0.00940439
0 0.00940439
0 0.00940439
.100 0.015674
.100 0.015674
.200 0.0250784
.200 0.0250784
.200 0.0250784
.300 0.0344828
.300 0.0344828
.300 0.0344828
.500 0.0501567
.500 0.0501567
.500 0.0501567
.500 0.0501567
.500 0.0501567
.600 0.0564263
.600 0.0564263
.700 0.0626959
.700 0.0626959
.800 0.0689655
.800 0.0689655
.900 0.0752351
.900 0.0752351
1.000 0.0815047
1.000 0.0815047
1.100 0.0846395
1.300 0.0971787
1.300 0.0971787
1.300 0.0971787
1.300 0.0971787
1.400 0.103448
1.400 0.103448
1.500 0.106583
1.600 0.115987
1.600 0.115987
1.600 0.115987
1.900 0.122257
1.900 0.122257
2.100 0.125392
2.400 0.131661
2.400 0.131661
2.500 0.134796
2.600 0.144201
2.600 0.144201
2.600 0.144201
2.900 0.147335
3.000 0.15047
3.100 0.153605
3.300 0.15674
3.400 0.159875
3.600 0.166144
3.600 0.166144
3.900 0.169279
4.200 0.172414
4.500 0.178683
4.500 0.178683
4.600 0.181818
4.800 0.184953
5.000 0.191223
5.000 0.191223
5.100 0.197492
5.100 0.197492
5.400 0.203762
5.400 0.203762
5.600 0.206897
5.700 0.210031
5.800 0.213166
5.900 0.216301
6.100 0.225705
6.100 0.225705
6.100 0.225705
6.400 0.22884
6.600 0.231975
6.800 0.23511
8.000 0.238245
8.200 0.241379
8.400 0.244514
8.700 0.247649
8.900 0.250784
9.100 0.253918
9.500 0.260188
9.500 0.260188
10.200 0.266458
10.200 0.266458
10.700 0.269592
11.000 0.272727
11.700 0.275862
12.100 0.278997
12.300 0.282132
12.400 0.288401
12.400 0.288401
12.500 0.291536
12.600 0.294671
12.900 0.297806
13.000 0.30094
13.200 0.304075
13.500 0.310345
13.500 0.310345
13.600 0.31348
13.900 0.316614
14.000 0.319749
14.700 0.322884
14.900 0.326019
15.000 0.332288
15.000 0.332288
15.400 0.338558
15.400 0.338558
15.800 0.341693
16.300 0.344828
17.000 0.351097
17.000 0.351097
17.400 0.354232
17.500 0.360502
17.500 0.360502
18.200 0.363636
18.700 0.366771
18.800 0.369906
18.900 0.376176
18.900 0.376176
19.200 0.37931
19.300 0.388715
19.300 0.388715
19.300 0.388715
19.400 0.39185
19.700 0.394984
19.800 0.398119
19.900 0.404389
19.900 0.404389
20.300 0.407524
20.800 0.410658
21.200 0.413793
21.300 0.420063
21.300 0.420063
21.400 0.423197
21.600 0.426332
21.900 0.429467
22.300 0.432602
22.400 0.435737
22.600 0.445141
22.600 0.445141
22.600 0.445141
22.800 0.448276
22.900 0.451411
23.000 0.454545
23.800 0.460815
23.800 0.460815
24.000 0.46395
25.600 0.467085
25.800 0.470219
25.900 0.473354
26.200 0.476489
26.500 0.479624
26.900 0.482759
27.100 0.485893
27.600 0.489028
28.000 0.492163
28.300 0.495298
28.600 0.498433
28.800 0.501567
28.900 0.504702
29.000 0.507837
29.100 0.510972
30.800 0.514107
30.900 0.520376
30.900 0.520376
31.300 0.523511
31.500 0.529781
31.500 0.529781
31.700 0.532915
32.600 0.53605
32.700 0.539185
33.200 0.54232
33.400 0.545455
33.500 0.548589
33.800 0.551724
33.900 0.554859
34.000 0.557994
34.200 0.561129
34.300 0.564263
34.700 0.567398
34.900 0.570533
35.600 0.573668
35.900 0.576803
36.200 0.579937
36.300 0.583072
36.800 0.586207
37.200 0.589342
37.400 0.592476
37.500 0.595611
38.000 0.598746
38.300 0.601881
38.600 0.605016
38.700 0.60815
38.800 0.611285
39.300 0.61442
39.900 0.617555
40.000 0.623824
40.000 0.623824
40.200 0.630094
40.200 0.630094
40.600 0.633229
42.100 0.636364
42.500 0.639498
42.900 0.645768
42.900 0.645768
43.000 0.648903
43.200 0.652038
43.300 0.655172
43.400 0.658307
43.600 0.661442
43.800 0.664577
43.900 0.670846
43.900 0.670846
44.000 0.673981
44.300 0.680251
44.300 0.680251
44.400 0.683386
44.500 0.68652
44.800 0.69279
44.800 0.69279
44.900 0.695925
45.000 0.702194
45.000 0.702194
45.200 0.705329
45.300 0.708464
45.500 0.711599
45.700 0.714734
46.000 0.717868
46.200 0.721003
46.400 0.727273
46.400 0.727273
46.600 0.730408
46.700 0.733542
47.300 0.736677
47.400 0.739812
47.500 0.742947
47.800 0.746082
47.900 0.749216
48.100 0.752351
48.400 0.761755
48.400 0.761755
48.400 0.761755
48.900 0.76489
49.100 0.768025
49.500 0.774295
49.500 0.774295
49.600 0.777429
49.800 0.780564
49.900 0.783699
50.000 0.786834
50.200 0.793103
50.200 0.793103
50.300 0.796238
50.400 0.799373
50.500 0.802508
50.600 0.805643
51.100 0.808777
51.400 0.811912
51.900 0.818182
51.900 0.818182
52.500 0.821317
52.800 0.824451
53.500 0.827586
54.500 0.830721
55.400 0.833856
55.600 0.836991
55.700 0.84326
55.700 0.84326
56.000 0.84953
56.000 0.84953
56.100 0.852665
56.600 0.855799
57.100 0.858934
57.300 0.862069
57.500 0.865204
57.600 0.871473
57.600 0.871473
57.700 0.874608
58.200 0.877743
59.400 0.880878
59.500 0.884013
59.800 0.887147
60.100 0.893417
60.100 0.893417
60.400 0.896552
60.600 0.899687
61.400 0.902821
61.800 0.909091
61.800 0.909091
62.800 0.912226
62.900 0.92163
62.900 0.92163
62.900 0.92163
63.300 0.924765
69.800 0.9279
73.400 0.931034
86.400 0.934169
97.100 0.937304
102.300 0.940439
107.600 0.943574
146.800 0.946708
147.000 0.949843
149.400 0.952978
160.600 0.956113
162.000 0.959248
179.600 0.962382
230.600 0.965517
401.900 0.968652
532.400 0.971787
551.600 0.974922
617.300 0.978056
927.800 0.981191
948.000 0.984326
1965.200 0.987461
2335.100 0.990596
2577.600 0.99373
3322.500 0.996865
11940.700 1
