0 0.00779221
0 0.00779221
0 0.00779221
.100 0.0155844
.100 0.0155844
.100 0.0155844
.200 0.0181818
.300 0.0233766
.300 0.0233766
.400 0.0285714
.400 0.0285714
.500 0.0337662
.500 0.0337662
.600 0.0363636
.700 0.0467532
.700 0.0467532
.700 0.0467532
.700 0.0467532
.800 0.0493506
.900 0.0571429
.900 0.0571429
.900 0.0571429
1.000 0.0649351
1.000 0.0649351
1.000 0.0649351
1.200 0.0727273
1.200 0.0727273
1.200 0.0727273
1.300 0.0779221
1.300 0.0779221
1.400 0.0883117
1.400 0.0883117
1.400 0.0883117
1.400 0.0883117
1.500 0.0909091
1.700 0.0935065
1.900 0.0961039
2.000 0.101299
2.000 0.101299
2.100 0.103896
2.300 0.109091
2.300 0.109091
2.400 0.114286
2.400 0.114286
2.600 0.116883
2.700 0.119481
2.800 0.122078
2.900 0.127273
2.900 0.127273
3.300 0.12987
3.400 0.132468
3.500 0.135065
3.700 0.137662
3.800 0.142857
3.800 0.142857
4.100 0.145455
4.300 0.148052
4.400 0.150649
4.500 0.153247
4.600 0.155844
4.900 0.161039
4.900 0.161039
5.300 0.163636
5.400 0.166234
5.500 0.171429
5.500 0.171429
5.600 0.174026
5.800 0.179221
5.800 0.179221
5.900 0.181818
6.000 0.184416
6.200 0.18961
6.200 0.18961
6.300 0.192208
6.800 0.194805
6.900 0.197403
8.100 0.2
8.200 0.205195
8.200 0.205195
8.300 0.207792
8.700 0.21039
8.900 0.212987
9.100 0.215584
9.600 0.220779
9.600 0.220779
10.300 0.225974
10.300 0.225974
10.700 0.228571
11.100 0.231169
11.800 0.233766
12.100 0.236364
12.200 0.238961
12.300 0.241558
12.500 0.249351
12.500 0.249351
12.500 0.249351
12.900 0.251948
13.000 0.254545
13.100 0.257143
13.300 0.25974
13.400 0.262338
13.600 0.264935
13.700 0.267532
14.000 0.272727
14.000 0.272727
14.600 0.275325
14.800 0.277922
14.900 0.280519
15.100 0.283117
15.400 0.285714
15.500 0.288312
15.600 0.290909
15.800 0.293506
16.400 0.296104
16.700 0.298701
17.000 0.301299
17.100 0.303896
17.500 0.309091
17.500 0.309091
17.600 0.311688
18.200 0.314286
18.800 0.316883
18.900 0.319481
19.000 0.322078
19.300 0.324675
19.400 0.32987
19.400 0.32987
19.500 0.332468
19.700 0.335065
19.800 0.337662
19.900 0.342857
19.900 0.342857
20.400 0.345455
20.900 0.348052
21.400 0.353247
21.400 0.353247
21.500 0.355844
21.600 0.358442
21.700 0.361039
22.300 0.366234
22.300 0.366234
22.400 0.368831
22.600 0.371429
22.700 0.374026
22.900 0.376623
23.000 0.379221
23.100 0.381818
23.500 0.384416
23.900 0.387013
24.000 0.38961
24.100 0.392208
25.200 0.394805
25.300 0.397403
25.700 0.4
25.800 0.402597
25.900 0.405195
26.000 0.407792
26.200 0.41039
26.600 0.415584
26.600 0.415584
27.200 0.418182
27.800 0.420779
28.100 0.423377
28.600 0.425974
28.900 0.428571
29.000 0.431169
29.200 0.436364
29.200 0.436364
30.900 0.438961
31.000 0.441558
31.300 0.444156
31.400 0.446753
31.500 0.449351
31.600 0.451948
31.800 0.454545
32.800 0.457143
33.500 0.462338
33.500 0.462338
33.600 0.464935
33.900 0.467532
34.000 0.47013
34.100 0.475325
34.100 0.475325
34.300 0.477922
34.800 0.480519
35.000 0.483117
35.700 0.485714
36.000 0.488312
36.100 0.490909
36.400 0.493506
36.500 0.496104
37.200 0.498701
37.500 0.503896
37.500 0.503896
38.100 0.506494
38.400 0.509091
38.700 0.511688
38.800 0.514286
38.900 0.516883
39.400 0.519481
40.000 0.522078
40.100 0.527273
40.100 0.527273
40.200 0.52987
40.300 0.532468
40.600 0.535065
42.200 0.537662
42.600 0.54026
42.900 0.542857
43.000 0.545455
43.100 0.548052
43.300 0.553247
43.300 0.553247
43.400 0.555844
43.700 0.558442
43.800 0.561039
44.000 0.568831
44.000 0.568831
44.000 0.568831
44.300 0.571429
44.400 0.574026
44.500 0.579221
44.500 0.579221
44.800 0.584416
44.800 0.584416
44.900 0.587013
45.000 0.58961
45.100 0.592208
45.300 0.597403
45.300 0.597403
45.500 0.6
45.800 0.602597
46.100 0.605195
46.300 0.607792
46.400 0.61039
46.500 0.612987
46.700 0.615584
46.800 0.620779
46.800 0.620779
47.300 0.623377
47.400 0.625974
47.600 0.628571
47.800 0.631169
47.900 0.633766
48.200 0.636364
48.400 0.641558
48.400 0.641558
48.500 0.644156
48.900 0.646753
49.200 0.649351
49.500 0.651948
49.600 0.657143
49.600 0.657143
49.800 0.65974
49.900 0.662338
50.100 0.664935
50.300 0.672727
50.300 0.672727
50.300 0.672727
50.500 0.677922
50.500 0.677922
50.600 0.680519
51.200 0.683117
51.400 0.685714
52.000 0.690909
52.000 0.690909
52.600 0.693506
52.800 0.696104
53.200 0.698701
53.500 0.701299
54.500 0.703896
55.300 0.706494
55.500 0.709091
55.600 0.711688
55.800 0.714286
56.000 0.716883
56.100 0.719481
56.200 0.722078
56.600 0.724675
57.200 0.727273
57.400 0.72987
57.500 0.732468
57.600 0.737662
57.600 0.737662
57.800 0.74026
58.200 0.742857
59.400 0.745455
59.500 0.748052
59.900 0.750649
60.100 0.753247
60.200 0.755844
60.400 0.758442
60.600 0.761039
61.500 0.763636
61.800 0.768831
61.800 0.768831
62.800 0.771429
62.900 0.779221
62.900 0.779221
62.900 0.779221
71.700 0.781818
78.500 0.784416
102.500 0.787013
104.700 0.78961
121.700 0.792208
129.400 0.794805
131.000 0.797403
139.400 0.8
142.000 0.802597
142.200 0.805195
150.400 0.807792
159.800 0.81039
179.400 0.812987
182.100 0.815584
185.400 0.818182
195.900 0.820779
215.400 0.823377
222.000 0.825974
271.900 0.828571
283.600 0.831169
293.400 0.833766
317.900 0.836364
342.500 0.838961
352.900 0.841558
382.600 0.844156
427.400 0.846753
442.800 0.849351
508.800 0.851948
531.100 0.854545
664.200 0.857143
664.800 0.85974
751.600 0.862338
818.500 0.864935
915.000 0.867532
946.200 0.87013
950.800 0.872727
960.900 0.875325
994.100 0.877922
1055.900 0.880519
1080.200 0.883117
1185.400 0.885714
1324.400 0.888312
1333.000 0.890909
1476.400 0.893506
1514.400 0.896104
1589.400 0.898701
1718.900 0.901299
1781.900 0.903896
1867.500 0.906494
1944.800 0.909091
1971.600 0.911688
2043.800 0.914286
2433.600 0.916883
3240.900 0.919481
3660.800 0.922078
4474.500 0.924675
4726.700 0.927273
5059.400 0.92987
6405.000 0.932468
6514.600 0.935065
6582.400 0.937662
6691.200 0.94026
6780.900 0.942857
6819.300 0.945455
8353.100 0.948052
8644.100 0.950649
12508.600 0.953247
28855.000 0.955844
30842.000 0.958442
77594.000 0.961039
78053.900 0.963636
86108.700 0.966234
139883.800 0.968831
299677.400 0.971429
301175.000 0.974026
393655.700 0.976623
404523.000 0.979221
567586.700 0.981818
2448633.500 0.984416
2629860.000 0.987013
6131800.700 0.98961
16826954.800 0.992208
186204485.200 0.994805
787963814.600 0.997403
599669484475220.600 1
