0 0.00342466
.100 0.00684932
.200 0.010274
.300 0.0205479
.300 0.0205479
.300 0.0205479
.400 0.0273973
.400 0.0273973
.500 0.0308219
.600 0.0342466
.800 0.0376712
1.000 0.0410959
1.100 0.0445205
1.300 0.0513699
1.300 0.0513699
1.400 0.0547945
1.600 0.0650685
1.600 0.0650685
1.600 0.0650685
1.700 0.0684932
1.900 0.0787671
1.900 0.0787671
1.900 0.0787671
2.000 0.0821918
2.100 0.0924658
2.100 0.0924658
2.100 0.0924658
2.600 0.0958904
2.700 0.0993151
2.800 0.106164
2.800 0.106164
3.000 0.109589
3.200 0.113014
3.800 0.116438
4.000 0.119863
4.200 0.126712
4.200 0.126712
4.300 0.130137
4.500 0.133562
4.600 0.136986
4.700 0.140411
5.000 0.143836
5.200 0.14726
5.500 0.150685
5.600 0.15411
5.700 0.157534
5.800 0.160959
5.900 0.164384
6.000 0.167808
6.200 0.171233
6.300 0.174658
7.000 0.181507
7.000 0.181507
7.100 0.184932
7.200 0.188356
7.400 0.191781
7.900 0.195205
8.000 0.202055
8.000 0.202055
8.200 0.205479
8.400 0.208904
8.500 0.215753
8.500 0.215753
8.700 0.219178
9.000 0.226027
9.000 0.226027
9.400 0.229452
9.600 0.232877
9.700 0.236301
9.800 0.239726
10.300 0.243151
11.000 0.246575
11.300 0.25
11.500 0.253425
11.600 0.267123
11.600 0.267123
11.600 0.267123
11.600 0.267123
11.700 0.270548
12.100 0.273973
12.500 0.277397
12.700 0.280822
13.400 0.284247
13.700 0.291096
13.700 0.291096
13.800 0.294521
14.800 0.297945
15.000 0.30137
15.600 0.304795
16.500 0.308219
16.600 0.315068
16.600 0.315068
16.800 0.325342
16.800 0.325342
16.800 0.325342
17.100 0.328767
17.500 0.332192
17.900 0.335616
18.100 0.339041
18.300 0.34589
18.300 0.34589
18.700 0.349315
18.800 0.35274
18.900 0.356164
19.100 0.359589
19.300 0.363014
19.400 0.366438
19.500 0.369863
19.800 0.373288
19.900 0.380137
19.900 0.380137
20.000 0.383562
20.500 0.386986
21.000 0.407534
21.000 0.407534
21.000 0.407534
21.000 0.407534
21.000 0.407534
21.000 0.407534
21.100 0.410959
21.200 0.421233
21.200 0.421233
21.200 0.421233
21.800 0.424658
21.900 0.428082
22.400 0.431507
22.600 0.434932
22.800 0.438356
22.900 0.441781
23.700 0.445205
24.300 0.452055
24.300 0.452055
24.600 0.455479
25.100 0.462329
25.100 0.462329
25.200 0.469178
25.200 0.469178
25.500 0.472603
25.600 0.476027
26.300 0.482877
26.300 0.482877
26.500 0.486301
26.700 0.489726
26.900 0.493151
27.500 0.496575
28.400 0.5
28.500 0.503425
28.900 0.506849
29.300 0.510274
29.400 0.513699
29.800 0.517123
30.900 0.520548
31.000 0.527397
31.000 0.527397
31.400 0.530822
31.600 0.534247
31.700 0.537671
32.100 0.541096
32.300 0.544521
32.600 0.547945
32.900 0.55137
33.200 0.554795
33.400 0.558219
33.500 0.561644
34.000 0.565068
34.100 0.568493
34.500 0.571918
34.600 0.575342
34.900 0.582192
34.900 0.582192
35.100 0.585616
36.500 0.589041
36.800 0.592466
37.300 0.59589
37.400 0.599315
37.500 0.60274
37.600 0.606164
37.800 0.609589
38.900 0.613014
39.000 0.616438
40.100 0.623288
40.100 0.623288
40.500 0.626712
41.000 0.630137
41.100 0.633562
41.200 0.640411
41.200 0.640411
41.300 0.64726
41.300 0.64726
41.400 0.65411
41.400 0.65411
41.700 0.660959
41.700 0.660959
42.000 0.664384
42.200 0.667808
42.600 0.671233
43.000 0.674658
43.100 0.678082
43.300 0.681507
43.800 0.691781
43.800 0.691781
43.800 0.691781
43.900 0.69863
43.900 0.69863
44.300 0.702055
44.500 0.705479
44.600 0.708904
44.800 0.712329
45.000 0.715753
45.200 0.719178
45.300 0.722603
45.600 0.726027
46.800 0.729452
47.400 0.732877
48.000 0.736301
48.600 0.739726
49.000 0.746575
49.000 0.746575
49.200 0.753425
49.200 0.753425
49.300 0.756849
49.400 0.760274
49.500 0.763699
49.600 0.767123
49.900 0.777397
49.900 0.777397
49.900 0.777397
50.200 0.780822
50.500 0.784247
51.900 0.787671
52.700 0.791096
52.900 0.794521
53.400 0.80137
53.400 0.80137
53.900 0.804795
54.000 0.808219
54.100 0.811644
54.200 0.818493
54.200 0.818493
54.900 0.821918
55.000 0.825342
55.400 0.828767
55.500 0.832192
55.900 0.835616
56.300 0.839041
56.800 0.842466
56.900 0.84589
57.600 0.849315
57.800 0.85274
57.900 0.856164
58.200 0.859589
58.400 0.863014
59.300 0.866438
59.400 0.869863
59.900 0.873288
60.500 0.876712
60.800 0.880137
61.000 0.883562
62.300 0.886986
63.300 0.890411
64.900 0.893836
65.500 0.89726
67.900 0.900685
73.700 0.90411
84.500 0.907534
90.600 0.910959
93.700 0.914384
94.800 0.917808
100.900 0.921233
101.600 0.924658
106.600 0.928082
125.400 0.931507
129.400 0.934932
139.600 0.938356
144.700 0.941781
150.200 0.945205
153.100 0.94863
164.300 0.952055
165.500 0.955479
173.300 0.958904
192.200 0.962329
197.100 0.965753
250.100 0.969178
274.600 0.972603
558.500 0.976027
1079.500 0.979452
1933.400 0.982877
2311.200 0.986301
2468.900 0.989726
2752.900 0.993151
4155.200 0.996575
16478.000 1
