dacapo-avrora 0.00606462 1298 660
dacapo-eclipse 0.0662417 14909 16234
dacapo-fop 0.0742433 19366 567
dacapo-h2 0.153023 26562 7074
dacapo-jython 0.0155872 3997 1654
dacapo-luindex 0.0321012 7881 4492
dacapo-lusearch 0.0129048 2834 1691
dacapo-pmd 0.0387712 8761 5714
dacapo-sunflow 0.0234829 4356 355
dacapo-tomcat 0.0200893 4449 3244
dacapo-tradebeans 0.054173 13656 5962
dacapo-tradesoap 0.194367 42926 1590
dacapo-xalan 0.0151672 3218 3595
dell-store-db-100 0.0424675 10834 3889
dell-store-db-300 0.0660828 16411 3843
dell-store-db-50 0.036452 9248 3858
dell-store-ws-100 0.0536206 13767 431
dell-store-ws-300 0.145664 37340 783
dell-store-ws-50 0.0306106 7877 420
file-server-10m 0.00259534 665 2837
file-server-20m 0.00262182 680 5440
kernel-1 0.0384118 8899 1696
kernel-2 0.0610888 13832 3473
linpack-1024 0.0027164 598 23753
mediawiki-db-10C 0.00821731 1744 1323
mediawiki-db-20C 0.00995006 2100 1865
mediawiki-ws-10C 0.286482 74668 642
mediawiki-ws-20C 0.556867 122512 856
minebench-ECLAT-600 0.0403464 4662 1091
minebench-HOP-600 0.00225324 232 2764
minebench-ScalParC-600 0.0824581 11954 458
minebench-Utility-mine-600 0.0110736 1689 1993
mummer-1024 0.0223139 5543 12618
oltp-epinions 0.0333492 12209 4305
oltp-seats 0.0365232 13484 1588
oltp-tatp 0.0114368 3472 2926
oltp-tpcc 0.0190798 5510 7122
oltp-twitter 0.0153038 5808 2024
oltp-voter 0.0431395 15429 3225
oltp-ycsb 0.012843 4665 3236
parsec-blackscholes 0.00121822 311 8081
parsec-bodytrack 0.00620838 1604 3061
parsec-ferret 0.00469507 1148 539
parsec-fluidanimate 0.385192 71289 63
parsec-freqmine 0.00515663 1168 3673
parsec-raytrace 0.00931068 2424 478
parsec-vips 0.00539876 1176 6250
parsec-x264 0.0763166 13250 3920
rubis-db-100C 0.0444045 9813 2517
rubis-db-300C 0.0734564 16744 2614
rubis-db-50C 0.0314581 6839 3087
rubis-ws-100C 0.0712129 17454 397
rubis-ws-300C 0.164524 37021 3568
rubis-ws-50C 0.0402126 10163 253
tar-1024 0.0016533 379 8937
