dacapo-avrora 0.00708989 1689 1044
dacapo-eclipse 0.0550091 13961 15434
dacapo-fop 0.0742244 19415 1088
dacapo-h2 0.0867774 17896 15320
dacapo-jython 0.0148986 3902 1623
dacapo-luindex 0.0305198 7969 3667
dacapo-lusearch 0.00965496 2433 2439
dacapo-pmd 0.0295664 7512 6894
dacapo-sunflow 0.0109375 2535 2272
dacapo-tomcat 0.0159314 4006 4560
dacapo-tradebeans 0.0497881 13038 6336
dacapo-tradesoap 0.184307 38857 3762
dacapo-xalan 0.010544 2648 4436
dell-store-db-100 0.0416919 10732 4363
dell-store-db-300 0.0637712 16114 4402
dell-store-db-50 0.0357294 9160 4297
dell-store-ws-100 0.0524894 13566 774
dell-store-ws-300 0.142857 37200 1077
dell-store-ws-50 0.0301377 7885 414
file-server-10m 0.00254994 657 2826
file-server-20m 0.00259912 682 5394
kernel-1 0.0355478 8984 1696
kernel-2 0.0625303 15853 2528
linpack-1024 0.0215459 4072 23122
mediawiki-db-10C 0.00632567 1559 1589
mediawiki-db-20C 0.00832324 1998 2169
mediawiki-ws-10C 0.286906 75257 718
mediawiki-ws-20C 0.412659 99824 21947
minebench-ECLAT-600 0.0319561 4345 4062
minebench-HOP-600 0.00270902 338 3431
minebench-ScalParC-600 0.0791136 11648 1432
minebench-Utility-mine-600 0.0108232 1672 2020
mummer-1024 0.0215383 5349 19004
oltp-epinions 0.0314574 11948 7151
oltp-seats 0.0359163 13798 1894
oltp-tatp 0.00815646 2796 3651
oltp-tpcc 0.00694248 2460 9075
oltp-twitter 0.0147474 5723 3712
oltp-voter 0.0394596 14712 3924
oltp-ycsb 0.0114519 4379 3844
parsec-blackscholes 0.00113877 299 14565
parsec-bodytrack 0.00676074 1759 3379
parsec-ferret 0.00461183 1183 989
parsec-fluidanimate 0.126752 32907 41078
parsec-freqmine 0.00582627 1373 4537
parsec-raytrace 0.00918962 2414 810
parsec-vips 0.00412757 1001 6225
parsec-x264 0.012447 2839 9996
rubis-db-100C 0.0347344 8619 4388
rubis-db-300C 0.0621103 15245 4699
rubis-db-50C 0.0237477 5937 4612
rubis-ws-100C 0.0655909 16759 1146
rubis-ws-300C 0.149686 35061 5645
rubis-ws-50C 0.0392933 10129 347
tar-1024 0.00162682 397 10076
