dacapo-avrora 0.00740012 1739 995
dacapo-eclipse 0.0588264 14566 14829
dacapo-fop 0.0752119 19571 931
dacapo-h2 0.154426 28624 4592
dacapo-jython 0.0155645 4007 1517
dacapo-luindex 0.0310306 8050 3586
dacapo-lusearch 0.0116828 2755 2117
dacapo-pmd 0.0356046 8470 5936
dacapo-sunflow 0.017441 3566 1241
dacapo-tomcat 0.0225446 5054 3511
dacapo-tradebeans 0.0503291 13124 6250
dacapo-tradesoap 0.193572 40327 2293
dacapo-xalan 0.0110434 2727 4357
dell-store-db-100 0.0426566 10885 4210
dell-store-db-300 0.0658861 16450 4067
dell-store-db-50 0.0365012 9283 4175
dell-store-ws-100 0.0530909 13662 679
dell-store-ws-300 0.144185 37410 866
dell-store-ws-50 0.0304479 7934 365
file-server-10m 0.00259534 664 2819
file-server-20m 0.00262561 686 5389
kernel-1 0.0373449 9269 1411
kernel-2 0.0648078 16214 2167
linpack-1024 0.0632075 10679 16515
mediawiki-db-10C 0.00712772 1686 1461
mediawiki-db-20C 0.00989331 2247 1920
mediawiki-ws-10C 0.287856 75407 567
mediawiki-ws-20C 0.487144 111636 10135
minebench-ECLAT-600 0.035596 4685 3722
minebench-HOP-600 0.0050778 559 3210
minebench-ScalParC-600 0.0818932 11908 1172
minebench-Utility-mine-600 0.0110479 1693 1999
mummer-1024 0.0219734 5418 18935
oltp-epinions 0.0347276 12724 6375
oltp-seats 0.038759 14473 1219
oltp-tatp 0.0101772 3276 3171
oltp-tpcc 0.00916812 2988 8547
oltp-twitter 0.0150787 5801 3634
oltp-voter 0.0420646 15330 3306
oltp-ycsb 0.0124661 4619 3603
parsec-blackscholes 0.00118039 306 14558
parsec-bodytrack 0.00689316 1780 3358
parsec-ferret 0.00507718 1257 915
parsec-fluidanimate 0.385162 73888 97
parsec-freqmine 0.00820218 1750 4160
parsec-raytrace 0.0092842 2429 795
parsec-vips 0.00519824 1171 6055
parsec-x264 0.0225068 4435 8401
rubis-db-100C 0.0394484 9367 3641
rubis-db-300C 0.0685457 16266 3678
rubis-db-50C 0.0280796 6624 3925
rubis-ws-100C 0.0685797 17233 672
rubis-ws-300C 0.160729 36812 3893
rubis-ws-50C 0.0395392 10168 308
tar-1024 0.00255751 544 9929
