dacapo-avrora 0.0013128 345 1613
dacapo-eclipse 0.0388544 10179 20964
dacapo-fop 0.0712091 18792 1141
dacapo-h2 0.0118795 3048 30588
dacapo-jython 0.0143879 3797 1854
dacapo-luindex 0.0258512 6771 5603
dacapo-lusearch 0.00786547 2071 2454
dacapo-pmd 0.0250454 6587 7889
dacapo-sunflow 0.00609489 1607 3104
dacapo-tomcat 0.0126173 3327 4366
dacapo-tradebeans 0.0478397 12631 6986
dacapo-tradesoap 0.0526824 13790 30726
dacapo-xalan 0.00839134 2212 4602
dell-store-db-100 0.0375605 9839 4884
dell-store-db-300 0.0514868 13442 6812
dell-store-db-50 0.0316586 8283 4823
dell-store-ws-100 0.0491601 12903 1295
dell-store-ws-300 0.130546 34372 3751
dell-store-ws-50 0.0281023 7407 890
file-server-10m 0.00231916 609 2894
file-server-20m 0.00251589 663 5458
kernel-1 0.0232067 6052 4543
kernel-2 0.0346701 8992 8313
linpack-1024 0.00094204 239 24113
mediawiki-db-10C 0.00368871 962 2104
mediawiki-db-20C 0.00400272 1032 2933
mediawiki-ws-10C 0.275734 72614 2697
mediawiki-ws-20C 0.247408 62483 60885
minebench-ECLAT-600 0.00408921 590 5163
minebench-HOP-600 0.000552075 85 2911
minebench-ScalParC-600 0.0610556 9345 3067
minebench-Utility-mine-600 0.0103803 1616 2066
mummer-1024 0.0184473 4729 13432
oltp-epinions 0.0264851 10427 6087
oltp-seats 0.0293759 11504 3568
oltp-tatp 0.00382658 1453 4945
oltp-tpcc 0.00385693 1513 11119
oltp-twitter 0.0136042 5342 2490
oltp-voter 0.0284629 11114 7541
oltp-ycsb 0.00976752 3819 4082
parsec-blackscholes 0.00111229 293 8099
parsec-bodytrack 0.0057733 1522 3143
parsec-ferret 0.00370384 972 716
parsec-fluidanimate 0.110593 29168 42185
parsec-freqmine 0.00280342 731 4111
parsec-raytrace 0.008921 2356 546
parsec-vips 0.00314013 822 6604
parsec-x264 0.00605327 1595 15576
rubis-db-100C 0.0252005 6622 5708
rubis-db-300C 0.042021 10903 8455
rubis-db-50C 0.0183301 4820 5106
rubis-ws-100C 0.0558111 14610 3242
rubis-ws-300C 0.0784617 19302 21287
rubis-ws-50C 0.0337697 8820 1595
tar-1024 0.00101014 262 9055
