dacapo-avrora 0.00598517 1485 1248
dacapo-eclipse 0.0522473 13450 15945
dacapo-fop 0.0733051 19244 1258
dacapo-h2 0.039437 9137 24079
dacapo-jython 0.0146413 3854 1670
dacapo-luindex 0.030115 7894 3742
dacapo-lusearch 0.00849349 2218 2654
dacapo-pmd 0.0272019 7075 7331
dacapo-sunflow 0.00692721 1793 3014
dacapo-tomcat 0.0141003 3667 4899
dacapo-tradebeans 0.0489293 12879 6495
dacapo-tradesoap 0.0758664 18793 23826
dacapo-xalan 0.00938257 2433 4651
dell-store-db-100 0.0405985 10530 4565
dell-store-db-300 0.0607559 15556 4960
dell-store-db-50 0.0345188 8936 4521
dell-store-ws-100 0.0517479 13429 912
dell-store-ws-300 0.140712 36803 1474
dell-store-ws-50 0.0296535 7796 504
file-server-10m 0.00243266 635 2848
file-server-20m 0.00256886 676 5399
kernel-1 0.0340307 8703 1977
kernel-2 0.0572904 14883 3498
linpack-1024 0.00184625 427 26767
mediawiki-db-10C 0.00559549 1424 1724
mediawiki-db-20C 0.00689316 1733 2434
mediawiki-ws-10C 0.284383 74790 1184
mediawiki-ws-20C 0.362909 90619 31152
minebench-ECLAT-600 0.0304925 4185 4221
minebench-HOP-600 0.00136093 191 3578
minebench-ScalParC-600 0.075294 11231 1848
minebench-Utility-mine-600 0.0107526 1664 2027
mummer-1024 0.0204222 5143 19210
oltp-epinions 0.0287512 11199 7900
oltp-seats 0.0347984 13489 2203
oltp-tatp 0.0060851 2223 4224
oltp-tpcc 0.00549075 2059 9477
oltp-twitter 0.014411 5630 3805
oltp-voter 0.0362526 13824 4811
oltp-ycsb 0.0109107 4229 3993
parsec-blackscholes 0.0011312 298 14566
parsec-bodytrack 0.00662833 1734 3403
parsec-ferret 0.004347 1134 1038
parsec-fluidanimate 0.123634 32330 41655
parsec-freqmine 0.00457778 1142 4768
parsec-raytrace 0.00909882 2397 827
parsec-vips 0.00315527 821 6405
parsec-x264 0.00828163 2068 10767
rubis-db-100C 0.0306144 7857 5151
rubis-db-300C 0.0556333 14047 5897
rubis-db-50C 0.0210919 5446 5103
rubis-ws-100C 0.062133 16119 1786
rubis-ws-300C 0.134746 32297 8409
rubis-ws-50C 0.0382453 9935 541
tar-1024 0.00138469 352 10121
