dacapo-avrora 0.00295475 697 1260
dacapo-eclipse 0.0409504 10631 20512
dacapo-fop 0.0722836 19031 903
dacapo-h2 0.0162871 4027 29609
dacapo-jython 0.014577 3840 1812
dacapo-luindex 0.0270127 7027 5347
dacapo-lusearch 0.00805841 2114 2411
dacapo-pmd 0.0260518 6810 7666
dacapo-sunflow 0.00624243 1639 3072
dacapo-tomcat 0.0130372 3420 4273
dacapo-tradebeans 0.0487061 12822 6795
dacapo-tradesoap 0.132623 31193 13323
dacapo-xalan 0.00875076 2291 4522
dell-store-db-100 0.0400045 10383 4339
dell-store-db-300 0.0592048 15155 5099
dell-store-db-50 0.0340118 8807 4299
dell-store-ws-100 0.0508512 13279 919
dell-store-ws-300 0.137458 35912 2211
dell-store-ws-50 0.0287001 7539 758
file-server-10m 0.00250076 650 2853
file-server-20m 0.00253102 666 5454
kernel-1 0.0282915 7188 3406
kernel-2 0.0409428 10396 6910
linpack-1024 0.00206946 492 23860
mediawiki-db-10C 0.00441889 1124 1943
mediawiki-db-20C 0.00539498 1342 2622
mediawiki-ws-10C 0.279911 73542 1768
mediawiki-ws-20C 0.360586 87740 35628
minebench-ECLAT-600 0.0151885 2034 3718
minebench-HOP-600 0.000577753 89 2908
minebench-ScalParC-600 0.0761093 11332 1080
minebench-Utility-mine-600 0.010682 1654 2028
mummer-1024 0.0212129 5351 12810
oltp-epinions 0.0278989 10898 5616
oltp-seats 0.031427 12194 2878
oltp-tatp 0.00529601 1945 4453
oltp-tpcc 0.00533142 2000 10632
oltp-twitter 0.0140797 5501 2331
oltp-voter 0.0336046 12823 5832
oltp-ycsb 0.01063 4105 3795
parsec-blackscholes 0.00112364 296 8097
parsec-bodytrack 0.00596247 1564 3101
parsec-ferret 0.00392706 1022 666
parsec-fluidanimate 0.116741 30531 40822
parsec-freqmine 0.00337848 859 3982
parsec-raytrace 0.00898154 2369 533
parsec-vips 0.00317418 829 6597
parsec-x264 0.0101241 2465 14705
rubis-db-100C 0.0266003 6932 5398
rubis-db-300C 0.0507567 12856 6503
rubis-db-50C 0.0188105 4927 4999
rubis-ws-100C 0.0592615 15379 2473
rubis-ws-300C 0.134432 31912 8678
rubis-ws-50C 0.0379086 9753 663
tar-1024 0.00124092 313 9004
