dacapo-avrora 0.00593977 1281 677
dacapo-eclipse 0.058206 13766 17376
dacapo-fop 0.0736153 19278 655
dacapo-h2 0.120082 21651 11985
dacapo-jython 0.0149781 3913 1738
dacapo-luindex 0.0300015 7586 4787
dacapo-lusearch 0.0092388 2314 2211
dacapo-pmd 0.0301377 7543 6933
dacapo-sunflow 0.0152883 3155 1556
dacapo-tomcat 0.01463 3697 3996
dacapo-tradebeans 0.0502535 13096 6521
dacapo-tradesoap 0.189433 42228 2288
dacapo-xalan 0.0105365 2599 4214
dell-store-db-100 0.0421572 10789 3934
dell-store-db-300 0.0648078 16231 4024
dell-store-db-50 0.0360056 9184 3923
dell-store-ws-100 0.0531515 13699 499
dell-store-ws-300 0.143175 36986 1137
dell-store-ws-50 0.0303117 7833 464
file-server-10m 0.00255372 660 2843
file-server-20m 0.00255751 671 5450
kernel-1 0.0350484 8418 2177
kernel-2 0.0546156 12907 4398
linpack-1024 0.00242131 557 23795
mediawiki-db-10C 0.00652996 1507 1560
mediawiki-db-20C 0.0081984 1852 2113
mediawiki-ws-10C 0.285082 74467 843
mediawiki-ws-20C 0.525291 117943 5425
minebench-ECLAT-600 0.0352301 4230 1522
minebench-HOP-600 0.000840951 116 2880
minebench-ScalParC-600 0.0794667 11701 711
minebench-Utility-mine-600 0.0108168 1668 2014
mummer-1024 0.0220036 5499 12662
oltp-epinions 0.0304331 11584 4930
oltp-seats 0.0349678 13160 1912
oltp-tatp 0.00928446 3010 3388
oltp-tpcc 0.015534 4750 7881
oltp-twitter 0.0148966 5722 2110
oltp-voter 0.0418243 15151 3503
oltp-ycsb 0.0120109 4489 3412
parsec-blackscholes 0.0011766 306 8087
parsec-bodytrack 0.00610624 1590 3074
parsec-ferret 0.00437349 1102 585
parsec-fluidanimate 0.152414 36709 34644
parsec-freqmine 0.00469128 1100 3741
parsec-raytrace 0.00918205 2406 496
parsec-vips 0.00439997 1043 6383
parsec-x264 0.0531893 10057 7113
rubis-db-100C 0.0366336 8699 3630
rubis-db-300C 0.0674296 15877 3481
rubis-db-50C 0.0228965 5627 4300
rubis-ws-100C 0.0690867 17145 707
rubis-ws-300C 0.15538 35712 4877
rubis-ws-50C 0.0396716 10085 331
tar-1024 0.00145278 352 8965
