dacapo-avrora 0.00497503 1271 1462
dacapo-eclipse 0.0464853 12231 17164
dacapo-fop 0.0718069 18928 1575
dacapo-h2 0.0176831 4537 28679
dacapo-jython 0.0144597 3816 1709
dacapo-luindex 0.0294719 7758 3878
dacapo-lusearch 0.00811138 2138 2735
dacapo-pmd 0.0256432 6745 7661
dacapo-sunflow 0.00628783 1657 3150
dacapo-tomcat 0.0132264 3482 5084
dacapo-tradebeans 0.048498 12788 6586
dacapo-tradesoap 0.0577217 14957 27663
dacapo-xalan 0.00865996 2280 4804
dell-store-db-100 0.0388998 10170 4925
dell-store-db-300 0.0554139 14427 6090
dell-store-db-50 0.0328579 8585 4872
dell-store-ws-100 0.0507226 13212 1128
dell-store-ws-300 0.136925 36002 2274
dell-store-ws-50 0.0291881 7697 602
file-server-10m 0.00234942 617 2866
file-server-20m 0.00254994 672 5403
kernel-1 0.0318742 8247 2433
kernel-2 0.0561289 14637 3743
linpack-1024 0.000820975 210 26984
mediawiki-db-10C 0.00488045 1273 1875
mediawiki-db-20C 0.00573547 1488 2678
mediawiki-ws-10C 0.280777 74027 1947
mediawiki-ws-20C 0.312258 79908 41863
minebench-ECLAT-600 0.0168896 2490 5917
minebench-HOP-600 0.000834532 125 3644
minebench-ScalParC-600 0.0656584 10031 3049
minebench-Utility-mine-600 0.010483 1631 2061
mummer-1024 0.0181447 4661 19692
oltp-epinions 0.0272717 10731 8368
oltp-seats 0.03277 12847 2845
oltp-tatp 0.00454486 1736 4711
oltp-tpcc 0.00443105 1723 9812
oltp-twitter 0.0139608 5487 3948
oltp-voter 0.0323755 12598 6038
oltp-ycsb 0.0104226 4074 4148
parsec-blackscholes 0.00111985 295 14569
parsec-bodytrack 0.00653375 1714 3423
parsec-ferret 0.00414649 1092 1081
parsec-fluidanimate 0.118341 31211 42774
parsec-freqmine 0.00349198 913 4998
parsec-raytrace 0.00899667 2376 848
parsec-vips 0.00304933 799 6427
parsec-x264 0.00608732 1604 11231
rubis-db-100C 0.0276521 7231 5777
rubis-db-300C 0.0478397 12399 7545
rubis-db-50C 0.0195256 5115 5434
rubis-ws-100C 0.0590421 15466 2440
rubis-ws-300C 0.100446 25044 15662
rubis-ws-50C 0.0364936 9565 911
tar-1024 0.00125605 325 10148
