dacapo-avrora 0.00567116 1236 722
dacapo-eclipse 0.0495044 12293 18850
dacapo-fop 0.0731575 19200 733
dacapo-h2 0.0284466 6338 27298
dacapo-jython 0.0147586 3876 1775
dacapo-luindex 0.0289762 7413 4960
dacapo-lusearch 0.0082665 2154 2371
dacapo-pmd 0.0277013 7136 7340
dacapo-sunflow 0.00675696 1736 2975
dacapo-tomcat 0.0134231 3495 4198
dacapo-tradebeans 0.0492698 12932 6686
dacapo-tradesoap 0.187489 41899 2617
dacapo-xalan 0.00918205 2375 4438
dell-store-db-100 0.0414044 10660 4063
dell-store-db-300 0.0634156 15993 4261
dell-store-db-50 0.0353549 9072 4034
dell-store-ws-100 0.0520241 13507 691
dell-store-ws-300 0.141121 36637 1486
dell-store-ws-50 0.0296156 7717 580
file-server-10m 0.00253102 656 2847
file-server-20m 0.00253859 668 5453
kernel-1 0.0314732 7816 2779
kernel-2 0.0481462 11810 5495
linpack-1024 0.00223971 526 23825
mediawiki-db-10C 0.00540254 1317 1750
mediawiki-db-20C 0.00671535 1600 2365
mediawiki-ws-10C 0.281836 73919 1391
mediawiki-ws-20C 0.444972 104213 19155
minebench-ECLAT-600 0.0273213 3439 2314
minebench-HOP-600 0.000654786 98 2899
minebench-ScalParC-600 0.0781892 11575 837
minebench-Utility-mine-600 0.0107077 1657 2025
mummer-1024 0.0216972 5447 12714
oltp-epinions 0.0290724 11246 5268
oltp-seats 0.0330027 12654 2418
oltp-tatp 0.00685396 2397 4001
oltp-tpcc 0.00985351 3305 9327
oltp-twitter 0.0144591 5612 2220
oltp-voter 0.0393963 14526 4128
oltp-ycsb 0.0114747 4353 3548
parsec-blackscholes 0.00116147 303 8090
parsec-bodytrack 0.00605705 1582 3083
parsec-ferret 0.00413136 1062 626
parsec-fluidanimate 0.125832 32285 39068
parsec-freqmine 0.00419189 1016 3826
parsec-raytrace 0.00907234 2387 515
parsec-vips 0.00334443 861 6565
parsec-x264 0.0236342 5069 12102
rubis-db-100C 0.0297518 7542 4788
rubis-db-300C 0.058433 14351 5008
rubis-db-50C 0.0195937 5078 4848
rubis-ws-100C 0.0634458 16192 1660
rubis-ws-300C 0.144041 33800 6789
rubis-ws-50C 0.0391003 9989 427
tar-1024 0.00133929 332 8985
