dacapo-avrora 0.00757037 1761 972
dacapo-eclipse 0.0649516 15376 14019
dacapo-fop 0.0762069 19703 800
dacapo-h2 0.160014 29363 3853
dacapo-jython 0.0173653 4245 1279
dacapo-luindex 0.0335578 8384 3252
dacapo-lusearch 0.0151067 3207 1665
dacapo-pmd 0.0459481 9837 4569
dacapo-sunflow 0.0239785 4430 377
dacapo-tomcat 0.0264982 5577 2989
dacapo-tradebeans 0.0518841 13329 6044
dacapo-tradesoap 0.198422 40968 1652
dacapo-xalan 0.0256621 4659 2425
dell-store-db-100 0.0436516 11016 4079
dell-store-db-300 0.0670853 16608 3908
dell-store-db-50 0.0372276 9379 4079
dell-store-ws-100 0.0538136 13757 583
dell-store-ws-300 0.145373 37567 709
dell-store-ws-50 0.0306787 7965 335
file-server-10m 0.00268992 676 2807
file-server-20m 0.00271262 697 5378
kernel-1 0.039036 9492 1188
kernel-2 0.0684927 16701 1680
linpack-1024 0.0944272 14805 12389
mediawiki-db-10C 0.00844053 1860 1288
mediawiki-db-20C 0.0119514 2519 1648
mediawiki-ws-10C 0.288786 75530 444
mediawiki-ws-20C 0.556606 120816 955
minebench-ECLAT-600 0.0397173 5006 3401
minebench-HOP-600 0.00917985 879 2891
minebench-ScalParC-600 0.0830487 11998 1082
minebench-Utility-mine-600 0.0114973 1728 1964
mummer-1024 0.022609 5502 18851
oltp-epinions 0.037588 13289 5810
oltp-seats 0.0407545 14867 825
oltp-tatp 0.0126912 3773 2674
oltp-tpcc 0.0159664 4332 7203
oltp-twitter 0.0156832 5921 3514
oltp-voter 0.0449377 15898 2738
oltp-ycsb 0.0135461 4833 3390
parsec-blackscholes 0.00122957 312 14552
parsec-bodytrack 0.00728662 1832 3306
parsec-ferret 0.00583384 1357 815
parsec-fluidanimate 0.385298 73906 79
parsec-freqmine 0.0298691 4613 1297
parsec-raytrace 0.0094885 2456 768
parsec-vips 0.0109224 1927 5299
parsec-x264 0.0383664 6531 6305
rubis-db-100C 0.0445331 10039 2969
rubis-db-300C 0.0742509 17020 2924
rubis-db-50C 0.0340459 7413 3136
rubis-ws-100C 0.0705811 17498 408
rubis-ws-300C 0.170123 38054 2652
rubis-ws-50C 0.0399251 10219 257
tar-1024 0.00491071 855 9618
