1 5.200
2 5.600
3 5.800
4 6.000
5 6.200
6 8.000
7 8.100
8 8.200
9 8.400
10 8.800
11 9.700
12 9.700
13 9.800
14 10.100
15 10.200
16 10.500
17 10.600
18 10.900
19 11.300
20 11.600
21 12.000
22 12.800
23 13.000
24 13.000
25 13.100
26 13.500
27 13.800
28 14.100
29 14.200
30 15.000
31 15.000
32 15.100
33 15.400
34 16.300
35 16.600
36 16.700
37 16.700
38 16.700
39 17.000
40 17.300
41 17.400
42 17.500
43 17.700
44 18.000
45 18.200
46 18.300
47 18.800
48 18.900
49 19.100
50 19.300
51 19.300
52 19.400
53 19.500
54 19.900
55 20.200
56 20.400
57 21.100
58 21.500
59 21.900
60 22.400
61 22.600
62 22.700
63 22.800
64 23.400
65 24.200
66 24.200
67 24.300
68 24.400
69 24.400
70 24.500
71 24.600
72 24.700
73 24.900
74 25.200
75 25.800
76 25.800
77 26.500
78 26.800
79 26.800
80 27.200
81 27.600
82 28.200
83 28.600
84 28.900
85 29.000
86 29.100
87 29.300
88 29.800
89 30.500
90 31.000
91 31.200
92 31.300
93 31.700
94 31.700
95 31.700
96 32.000
97 32.200
98 32.600
99 33.200
100 33.300
101 33.400
102 33.400
103 34.400
104 34.600
105 34.900
106 35.500
107 35.600
108 36.100
109 36.400
110 37.300
111 37.500
112 37.600
113 37.600
114 38.000
115 38.400
116 38.700
117 39.100
118 39.300
119 39.400
120 39.400
121 39.400
122 39.900
123 39.900
124 40.300
125 40.900
126 41.000
127 41.100
128 41.500
129 41.600
130 41.700
131 42.400
132 42.600
133 42.900
134 43.000
135 43.200
136 43.900
137 44.000
138 44.500
139 44.800
140 45.700
141 45.900
142 46.200
143 46.400
144 46.400
145 46.600
146 46.900
147 47.000
148 47.000
149 47.100
150 47.100
151 47.300
152 48.100
153 48.100
154 48.300
155 48.400
156 48.400
157 48.500
158 48.600
159 48.700
160 48.800
161 49.000
162 49.000
163 49.300
164 50.000
165 50.000
166 50.100
167 50.600
168 50.800
169 51.000
170 51.000
171 51.300
172 51.300
173 51.800
174 51.800
175 52.000
176 52.100
177 52.200
178 52.300
179 52.500
180 53.000
181 53.200
182 53.300
183 53.500
184 53.500
185 53.900
186 54.700
187 54.900
188 55.100
189 55.500
190 55.700
191 55.800
192 55.800
193 56.100
194 56.200
195 56.400
196 56.500
197 56.500
198 56.600
199 56.700
200 56.700
201 57.200
202 57.500
203 57.500
204 57.700
205 58.000
206 58.100
207 58.300
208 58.500
209 59.100
210 60.000
211 60.100
212 60.100
213 60.100
214 60.300
215 60.400
216 60.600
217 60.600
218 60.700
219 60.700
220 60.800
221 60.900
222 61.200
223 61.400
224 61.500
225 61.500
226 62.000
227 62.100
228 62.200
229 62.300
230 62.300
231 62.400
232 63.500
233 63.600
234 63.800
235 64.500
236 65.000
237 65.100
238 65.100
239 65.200
240 65.200
241 65.300
242 65.500
243 65.700
244 65.700
245 65.800
246 65.900
247 66.000
248 66.000
249 66.000
250 66.100
251 66.200
252 66.200
253 66.300
254 66.300
255 66.400
256 66.400
257 66.400
258 66.400
259 66.400
260 66.500
261 66.500
262 66.500
263 66.500
264 66.500
265 66.500
266 66.500
267 66.500
268 66.600
269 66.600
270 66.600
271 66.600
272 66.600
273 66.600
274 66.600
275 66.600
276 66.600
277 66.600
278 66.700
279 66.700
280 66.700
281 66.700
282 66.800
283 66.800
284 66.800
285 66.800
286 66.800
287 66.800
288 66.800
289 66.800
290 66.800
291 66.800
292 66.800
293 66.800
294 66.800
295 66.900
296 66.900
297 66.900
298 66.900
299 66.900
300 66.900
301 66.900
302 66.900
303 67.000
304 67.000
305 67.000
306 67.000
307 67.000
308 67.000
309 67.000
310 67.000
311 67.100
312 67.100
313 67.100
314 67.100
315 67.100
316 67.200
317 67.200
318 67.200
319 67.200
320 67.200
321 67.300
322 67.300
323 67.300
324 67.300
325 67.300
326 67.300
327 67.400
328 67.400
329 67.400
330 67.400
331 67.400
332 67.400
333 67.500
334 67.500
335 67.500
336 67.500
337 67.500
338 67.500
339 67.600
340 67.700
341 67.700
342 67.800
343 67.800
344 67.800
345 67.900
346 67.900
347 67.900
348 67.900
349 68.000
350 68.000
351 68.100
352 68.200
353 68.300
354 68.300
355 68.400
356 68.500
357 68.500
358 69.000
359 69.000
360 69.200
361 69.200
362 69.300
363 69.600
364 69.700
365 69.800
366 69.800
367 69.800
368 69.900
369 70.000
370 70.000
371 70.000
372 70.100
373 70.100
374 70.100
375 70.100
376 70.100
377 70.200
378 70.300
379 70.500
380 70.700
381 70.900
382 70.900
383 70.900
384 71.400
385 71.500
