1 .016
2 .033
3 .042
4 .046
5 .0523
6 .0827
7 .090
8 .1013
9 .1593
10 .1733
11 .2067
12 .2133
13 .236
14 .244
15 .2483
16 .2863
17 .30633
18 .331
19 .3573
20 .377
21 .4047
22 .44233
23 .474
24 .5257
25 .580
26 .6293
27 .6323
28 .684
29 .706
30 .741
31 .7627
32 .874
33 .9143
34 .9313
35 .9577
36 1.0083
37 1.0223
38 1.024
39 1.0967
40 1.1373
41 1.177
42 1.181
43 1.195
44 1.2413
45 1.2607
46 1.321
47 1.336
48 1.3967
49 1.418
50 1.4243
51 1.4923
52 1.532
53 1.609
54 1.652
55 1.7923
56 1.82067
57 1.8417
58 1.8487
59 1.978
60 2.0577
61 2.0593
62 2.073
63 2.1517
64 2.1907
65 2.2547
66 2.2693
67 2.3567
68 2.3877
69 2.6007
70 2.6047
71 2.6523
72 2.7983
73 2.8103
74 2.9163
75 3.0713
76 3.2143
77 3.2927
78 3.3097
79 3.3113
80 3.3523
81 3.439
82 3.454
83 3.5667
84 3.602
85 3.763
86 3.8383
87 4.025
88 4.0323
89 4.045
90 4.0893
91 4.2737
92 4.3427
93 4.4437
94 4.4653
95 4.627
96 4.7527
97 4.7853
98 5.005
99 5.0567
100 5.1003
101 5.1053
102 5.1947
103 5.216
104 5.3167
105 5.322
106 5.9963
107 6.0107
108 6.114
109 6.1223
110 6.298
111 6.4457
112 6.4573
113 6.555
114 7.014
115 7.4377
116 7.439
117 7.516
118 7.5233
119 7.553
120 7.7013
121 7.8367
122 7.862
123 7.879
124 7.952
125 8.228
126 8.3737
127 8.4733
128 8.624
129 8.646
130 8.833
131 8.8347
132 8.839
133 8.917
134 9.2333
135 9.3107
136 9.463
137 9.6573
138 9.973
139 10.034
140 10.2487
141 10.250
142 10.7397
143 10.7563
144 11.0503
145 11.1637
146 11.2943
147 11.3197
148 11.5123
149 11.5253
150 11.7333
151 11.783
152 11.9063
153 12.075
154 12.1473
155 12.7307
156 12.960
157 13.0553
158 13.375
159 13.487
160 13.609
161 13.6377
162 13.7143
163 13.7443
164 13.914
165 13.9223
166 14.230
167 14.2757
168 14.441
169 14.5307
170 14.6327
171 14.6807
172 14.843
173 14.9707
174 15.0557
175 15.3537
176 15.6447
177 15.8267
178 15.8597
179 15.8683
180 15.9003
181 15.937
182 16.0797
183 16.1553
184 16.1933
185 16.2863
186 16.299
187 16.321
188 16.889
189 16.9107
190 16.976
191 17.4093
192 17.424
193 17.6197
194 17.7793
195 17.8353
196 17.9017
197 17.9723
198 18.0457
199 18.1937
200 18.4553
201 18.615
202 18.6653
203 19.0387
204 19.2283
205 19.274
206 19.428
207 19.437
208 19.7527
209 19.8167
210 19.8423
211 20.0983
212 20.199
213 20.4023
214 20.8603
215 21.113
216 21.1393
217 21.580
218 22.0237
219 22.7107
220 22.9353
221 23.1017
222 23.1373
223 24.061
224 24.5593
225 24.9173
226 25.6087
227 26.052
228 26.4223
229 26.4953
230 27.5217
231 28.3997
232 28.564
233 28.8657
234 29.7037
235 30.0953
236 30.6007
237 30.667
238 31.2433
239 32.0757
240 32.562
241 33.194
242 33.833
243 34.4203
244 35.8567
245 36.2157
246 36.5677
247 37.211
248 39.792
249 43.541
250 44.932
251 47.338
252 49.591
253 50.505
254 50.9177
255 50.974
256 52.1267
257 53.674
258 56.721
259 56.781
260 59.0063
261 59.8007
262 61.819
263 71.593
264 71.9013
265 77.8443
266 79.192
267 85.003
268 87.9083
269 93.799
270 96.308
271 98.5487
272 105.834
273 121.2827
274 141.599
275 143.4177
276 148.645
277 150.5797
278 151.822
279 157.947
280 195.5443
281 211.4533
282 212.122
283 221.341
284 239.331
285 256.535
286 298.9447
287 327.922
288 338.410
289 338.755
290 355.9837
291 460.309
292 506.178
293 512.039
294 529.602
295 579.197
296 744.124
297 749.7003
298 885.4573
299 983.7863
300 986.8697
301 1000.307
302 1009.753
303 1102.466
304 1432.261
305 1520.8137
306 1802.6867
307 1862.407
308 2005.069
309 2010.3217
310 2055.856
311 2299.5847
312 2331.9293
313 2534.948
314 2538.788
315 2702.494
316 2869.205
317 3062.372
318 3589.3197
319 3743.5757
320 4711.007
321 6868.3717
322 7283.4407
323 7384.585
324 7680.2993
325 8417.856
326 8940.542
327 11035.924
328 12337.842
329 13520.635
330 16551.628
331 17828.0073
332 18162.283
333 20975.193
334 22435.7087
335 25811.133
336 30039.269
337 30977.234
338 35821.110
339 40025.287
340 41998.434
341 44867.773
342 45890.796
343 53651.283
344 55159.152
345 56081.016
346 56477.757
347 64943.702
348 76126.374
349 81959.305
350 93837.820
351 94466.731
352 133408.2617
353 169117.2653
354 208639.7487
355 297528.015
356 384283.803
357 448721.228
358 732162.906
359 945060.081
360 1191016.911
361 1463837.676
362 1696729.563
363 2337091.382
364 2734486.159
365 3234120.983
366 3375472.3267
367 6090308.974
368 6200674.279
369 6793886.839
370 11623758.020
371 26726708.912
372 27154970.854
373 74561022.194
374 101062753.430
375 229529253.162
376 252365574.340
377 378698840.721
378 388992499.370
379 894083735.570
380 1032211510.777
381 2303468318.586
382 7687984198.980
383 15402281013.527
384 455221300510.348
385 779589279098.157
