98.6895
73.2767
71.6331
70.1169
72.641
98.679
72.5113
72.6596
70.642
72.2631
2.51254
1.77429
1.87039
1.9412
1.61145
10.4121
12.9101
35.1693
31.0045
7.84705
60.1863
10.0029
50.9854
25.4792
2.40801
1.17048
2.95123
1.12555
0.335392
6.18914
16.4539
35.6835
31.2124
6.5286
38.7554
55.0009
10.2928
76.8877
0.485919
0.0532679
1.47445
11.0093
34.4895
40.8831
320.921
1.10889
0.669095
7.56131
14.4571
28.3627
5.27237
61.2191
669.931
95.1411
195.688
57.3417
82.2933
632.986
202
30.9652
132.446
94.9456
56.3577
61.4893
307.92
9.054
47.6992
41.5683
300.721
0.266998
35.1271
53.8165
39.8221
312.68
15.2135
39.0819
40.4952
45.6313
57.0441
313.984
5.9287
46.3221
42.1961
321.806
4.56226
46.3274
56.2868
156.88
38.0895
67.8652
66.9009
167.671
53.8914
60.6063
68.3622
66.2677
93.5743
63.6739
75.4772
77.1391
90.1241
65.6731
74.4929
76.2837
78.48
60.7609
74.9814
78.2787
80.8175
80.9374
58.2386
68.204
83.1353
80.0226
2932.83
2024.27
2001.45
2010.46
1954.23
3216.88
2080.04
2009.35
1972.67
1931.44
1023.03
642.509
595.818
592.35
1026.81
621.308
609.813
589.996
584.273
334.115
322.961
309.919
329.434
581.926
335.497
318.283
318.872
319.964
394.377
204.609
206.224
196.204
203.575
389.674
211.001
202.599
199.262
200.885
282.817
151.05
138.571
128.43
287.32
149.649
136.089
135.647
1606.89
672.62
585.524
609.488
1950.26
575.403
605.355
604.735
147.268
128.012
137.83
611.283
150.636
129.545
135.838
326.075
50.7156
38.7925
41.2709
330.776
51.0877
34.5613
39.9017
199.11
9.94437
0.685238
1.54937
0.0438678
205.743
8.76917
2.12371
0.0286658
143.481
13.0057
23.1826
20.5093
146.812
15.6801
21.7195
20.4116
124.729
64.9659
40.0677
51.6589
37.594
45.8603
52.9339
61.3714
64.585
126.084
67.8345
39.6325
53.8926
37.8479
47.4879
50.8437
60.2923
70.2914
52.3566
39.9105
72.3935
81.886
88.5521
90.7208
90.4366
52.6994
34.5162
77.9714
80.45
86.3653
85.877
86.8076
23.7324
50.7751
87.85
87.3045
94.3536
93.9139
20.1753
55.3698
82.4533
90.5007
91.7571
1.62674
71.146
89.0602
92.8096
94.6163
95.0703
0.30554
72.5758
88.9963
91.6724
93.734
11.9072
76.0691
89.6785
91.2541
6.41924
81.956
87.1854
89.239
806.268
340.06
205.148
196.062
198.004
745.017
342.962
205.254
196.102
198.215
211.173
48.7729
3.00867
2.86649
1.00552
222.724
48.4505
0.408278
0.821625
1.59515
1.54405
92.1973
10.0262
38.5324
40.9639
40.7338
90.5749
10.124
38.686
42.6023
38.7578
36.2728
34.3797
56.2229
56.5913
58.2478
58.1149
39.8866
34.5241
57.047
56.7302
57.2079
58.2375
57.5286
19.5389
46.1713
62.9315
63.3576
64.9081
64.3179
16.9752
46.1789
63.6483
63.296
65.1822
65.0514
126.837
253.896
90.3272
30.3543
23.6308
21.3118
20.1826
20.187
19.9352
22.7595
127.598
257.137
87.4678
33.4381
21.3782
20.6911
22.0005
19.1246
35.2647
70.2953
74.2348
75.3041
75.6174
77.4481
75.4038
18.7722
39.0153
68.9583
74.3202
75.4576
76.1313
76.1085
76.8
76.3404
46.2909
63.4472
81.9837
84.2719
87.5659
84.9928
46.5479
62.3458
82.6421
85.0262
85.5339
84.6126
87.7176
86.386
287.344
16.4284
36.2717
39.478
38.9577
298.329
12.4273
37.2318
38.6487
38.6145
40.09
38.8609
61.402
66.4557
79.4861
80.0879
79.9464
80.2066
80.0413
56.5275
65.9475
79.3453
80.2768
80.2231
1.06769
80.1091
87.6311
87.9847
87.9437
0.50249
79.9357
87.6019
88.072
87.9429
26.5131
85.7505
90.7997
91.5802
91.1602
24.5573
85.611
90.5074
91.6493
91.4018
38.3618
88.0089
92.4214
92.5259
92.7803
92.7408
37.8306
89.1174
91.7096
92.5507
92.6764
88.0451
237.134
66.1818
5.16063
0.422058
5.94353
5.29465
5.85902
5.46107
8.38226
5.45043
88.4656
231.008
70.6602
8.65031
2.21565
5.08753
5.45403
6.1193
1.24354
4.96997
51.2027
66.7459
68.0677
68.8414
69.8738
69.6687
0.125258
3.5349
50.5171
66.3444
67.7916
69.4065
69.8137
68.9614
30.1181
35.101
72.0329
78.6983
80.3801
82.3466
84.3294
29.7385
35.457
71.6025
78.0187
81.9938
81.9921
82.2241
82.7608
44.5807
53.571
82.7888
84.2199
85.3334
86.6803
87.0501
87.0628
45.4819
54.0932
79.8758
84.4089
86.7663
86.797
86.6417
87.1694
86.0498
52.4481
61.7546
83.7274
87.54
88.7008
89.6834
88.3513
52.6874
61.7559
83.844
88.0686
87.9483
89.7224
89.3115
