1 0
2 .008
3 .011
4 .0323
5 .0347
6 .050
7 .078
8 .0953
9 .1773
10 .2023
11 .2027
12 .2283
13 .230
14 .2313
15 .2593
16 .262
17 .27033
18 .300
19 .3723
20 .400
21 .41333
22 .4207
23 .485
24 .5917
25 .6153
26 .6873
27 .689
28 .699
29 .743
30 .7787
31 .851
32 .891
33 .8953
34 .8993
35 .9567
36 1.013
37 1.0223
38 1.0713
39 1.1437
40 1.148
41 1.1483
42 1.166
43 1.188
44 1.2353
45 1.2467
46 1.325
47 1.341
48 1.3937
49 1.424
50 1.4483
51 1.5063
52 1.573
53 1.597
54 1.696
55 1.7963
56 1.81767
57 1.8317
58 1.8767
59 1.970
60 2.0457
61 2.062
62 2.1567
63 2.2007
64 2.2057
65 2.2323
66 2.3283
67 2.3947
68 2.4087
69 2.6223
70 2.6337
71 2.6617
72 2.7953
73 2.8613
74 2.8983
75 3.0563
76 3.2133
77 3.2817
78 3.2983
79 3.2997
80 3.3783
81 3.430
82 3.445
83 3.6367
84 3.676
85 3.736
86 3.8853
87 3.970
88 4.0163
89 4.029
90 4.0813
91 4.2187
92 4.3867
93 4.5017
94 4.582
95 4.6033
96 4.7437
97 4.7783
98 5.0257
99 5.0397
100 5.040
101 5.0733
102 5.2947
103 5.539
104 5.6913
105 5.9717
106 5.9753
107 6.1353
108 6.1687
109 6.361
110 6.4257
111 6.452
112 6.5093
113 6.682
114 7.057
115 7.428
116 7.4857
117 7.490
118 7.5663
119 7.613
120 7.6783
121 7.829
122 7.8477
123 7.864
124 7.946
125 8.221
126 8.3497
127 8.3763
128 8.538
129 8.679
130 8.810
131 8.8137
132 8.826
133 9.2103
134 9.219
135 9.2947
136 9.519
137 9.6243
138 9.898
139 10.004
140 10.2127
141 10.216
142 10.7177
143 11.0333
144 11.1577
145 11.1763
146 11.2617
147 11.4823
148 11.6093
149 11.6823
150 11.765
151 11.9003
152 12.1263
153 12.183
154 12.651
155 12.7117
156 12.936
157 13.0413
158 13.348
159 13.6197
160 13.7073
161 13.7403
162 13.742
163 13.817
164 13.9063
165 14.206
166 14.2567
167 14.360
168 14.4697
169 14.5777
170 14.6427
171 14.9577
172 14.9887
173 15.3487
174 15.6677
175 15.7287
176 15.8293
177 15.8297
178 15.8343
179 15.927
180 16.0467
181 16.1503
182 16.1503
183 16.2673
184 16.269
185 16.295
186 16.8987
187 16.919
188 16.965
189 17.2663
190 17.390
191 17.5297
192 17.8203
193 17.8677
194 17.8913
195 17.8993
196 18.0347
197 18.1907
198 18.4223
199 18.6423
200 18.957
201 19.0137
202 19.1983
203 19.250
204 19.419
205 19.7167
206 19.8127
207 19.8333
208 19.993
209 20.0503
210 20.3893
211 20.844
212 20.8963
213 21.066
214 21.0883
215 21.498
216 22.0127
217 22.6947
218 22.9163
219 23.0857
220 23.1093
221 24.026
222 24.8943
223 25.2563
224 25.5827
225 25.950
226 26.4773
227 26.5603
228 27.5097
229 28.4957
230 28.532
231 28.8447
232 30.0383
233 30.188
234 30.2047
235 30.7817
236 31.6283
237 32.0267
238 33.146
239 34.291
240 36.2057
241 36.5047
242 37.178
243 40.029
244 43.427
245 44.879
246 46.8493
247 50.448
248 51.028
249 51.0907
250 55.097
251 56.628
252 56.696
253 56.899
254 59.8487
255 60.5323
256 72.4963
257 74.760
258 79.819
259 85.311
260 88.4053
261 97.460
262 105.2363
263 106.025
264 125.536
265 125.6087
266 149.575
267 151.308
268 152.525
269 168.5337
270 169.2417
271 170.726
272 221.808
273 222.737
274 273.815
275 339.682
276 386.417
277 435.2417
278 465.6583
279 581.2967
280 590.614
281 815.442
282 1807.106
