file-server 100 351.258 1579.663 1228.405 349.700
file-server 300 59.7043 63.650 3.9457 6.600
file-server 500 23.6743 24.887 1.2127 5.100
file-server 700
file-server 900
kernel 100 129.247 1637.908 1508.661 1167.200
kernel 300 68.3677 64.251 -4.1167 -6.000
kernel 500 20.416 24.690 4.274 20.900
kernel 700 14.7637 15.493 .7293 4.900
kernel 900 11.7513 11.250 -.5013 -4.200
mediawiki-ws/20C 100 303.431 16534239.313 16533935.882 5448993.600
mediawiki-ws/20C 300 79.595 10829.750 10750.155 13506.000
mediawiki-ws/20C 500 59.2203 6610.190 6550.9697 11062.000
mediawiki-ws/20C 700 45.8113 1401.033 1355.2217 2958.200
mediawiki-ws/20C 900 33.6117 194.054 160.4423 477.300
mediawiki-ws/10C 100 156.281 4631.347 4475.066 2863.400
mediawiki-ws/10C 300 54.2415 580.361 526.1195 969.900
mediawiki-ws/10C 500 33.4835 115.261 81.7775 244.200
mediawiki-ws/10C 700 26.2495 46.808 20.5585 78.300
mediawiki-ws/10C 900 19.969 25.849 5.880 29.400
mediawiki-db 100 103.351 145.817 42.466 41.000
mediawiki-db 300 29.467 31.948 2.481 8.400
mediawiki-db 500 16.8437 17.956 1.1123 6.600
mediawiki-db 700 11.965 12.474 .509 4.200
mediawiki-db 900 9.54133 9.557 .01567 .100
rubis-ws/300C 100 163.824 9545.318 9381.494 5726.500
rubis-ws/300C 300 56.11 134.045 77.935 138.800
rubis-ws/300C 500 32.448 37.306 4.858 14.900
rubis-ws/300C 700 26.466 20.209 -6.257 -23.600
rubis-ws/300C 900 21.2025 13.543 -7.6595 -36.100
rubis-db/300C 100 180.122 1386.659 1206.537 669.800
rubis-db/300C 300 29.988 45.655 15.667 52.200
rubis-db/300C 500 15.394 21.577 6.183 40.100
rubis-db/300C 700
rubis-db/300C 900
rubis-ws/100C 100 118.368 199.311 80.943 68.300
rubis-ws/100C 300 38.495 34.241 -4.254 -11.000
rubis-ws/100C 500 21.878 18.644 -3.234 -14.700
rubis-ws/100C 700 15.673 12.813 -2.860 -18.200
rubis-ws/100C 900 13.524 9.748 -3.776 -27.900
rubis-db/100C 100 164.096 592.445 428.349 261.000
rubis-db/100C 300 44.293 39.784 -4.509 -10.100
rubis-db/100C 500 24.5405 20.168 -4.3725 -17.800
rubis-db/100C 700 17.472 13.504 -3.968 -22.700
rubis-db/100C 900 13.309 10.157 -3.152 -23.600
