1 1.500
2 1.900
3 3.200
4 4.100
5 5.100
6 5.500
7 6.000
8 6.600
9 6.700
10 6.800
11 8.800
12 9.500
13 9.500
14 9.500
15 10.800
16 14.100
17 14.200
18 14.400
19 14.900
20 17.800
21 18.600
22 19.400
23 22.300
24 22.400
25 23.500
26 25.500
27 26.100
28 29.600
29 29.900
30 31.800
31 33.300
32 34.300
33 35.300
34 39.100
35 41.500
36 42.600
37 42.700
38 44.300
39 48.300
40 49.600
41 56.900
42 69.100
43 115.100
44 130.500
45 224.000
46 233.300
47 242.800
48 906.800
49 1493.000
50 3253.900
51 8709.200
52 13072.800
53 22709.400
54 25798.700
55 31938.300
56 81003.200
57 275641.200
58 313585.400
59 581675.000
60 771292.100
61 861677.400
62 39342806.400
63 43782791.600
64 1336656619.200
65 12696221612.100
66 73825182931.900
67 120215618317.900
68 146018412616.200
69 162034988844.800
70 716380905612704.600
