1 0
2 0
3 0
4 .100
5 .100
6 .200
7 .200
8 .200
9 .700
10 .700
11 .800
12 .900
13 1.100
14 1.300
15 1.300
16 1.300
17 1.400
18 1.400
19 1.500
20 2.100
21 2.500
22 2.600
23 2.700
24 2.700
25 2.900
26 3.200
27 3.400
28 3.600
29 3.700
30 3.900
31 4.100
32 4.100
33 4.100
34 4.400
35 4.600
36 4.700
37 4.900
38 4.900
39 5.000
40 5.300
41 5.400
42 5.400
43 5.400
44 5.900
45 5.900
46 6.000
47 6.200
48 6.300
49 6.400
50 6.600
51 6.600
52 6.700
53 6.900
54 7.100
55 7.200
56 7.300
57 7.400
58 7.600
59 7.900
60 7.900
61 8.000
62 8.000
63 8.200
64 8.300
65 8.500
66 8.800
67 8.900
68 9.100
69 9.200
70 9.300
71 9.600
72 9.700
73 9.700
74 10.300
75 10.700
76 11.500
77 11.700
78 11.700
79 12.100
80 12.800
81 12.900
82 12.900
83 13.100
84 13.100
85 13.300
86 13.300
87 13.300
88 13.400
89 13.800
90 14.300
91 14.400
92 14.500
93 14.500
94 14.700
95 14.700
96 14.900
97 15.300
98 16.100
99 16.100
100 16.800
101 16.900
102 17.100
103 17.300
104 17.400
105 17.700
106 17.800
107 17.800
108 18.600
109 19.200
110 19.300
111 19.300
112 20.200
113 20.300
114 20.500
115 20.500
116 20.600
117 20.600
118 20.600
119 20.600
120 20.700
121 20.800
122 20.800
123 21.200
124 21.800
125 21.900
126 22.100
127 22.200
128 22.300
129 22.400
130 22.600
131 22.700
132 22.700
133 22.800
134 23.500
135 23.800
136 23.900
137 24.200
138 24.300
139 25.100
140 25.300
141 25.500
142 25.600
143 26.000
144 26.300
145 27.200
146 27.700
147 28.100
148 28.200
149 28.300
150 28.500
151 28.700
152 28.900
153 29.000
154 29.100
155 29.300
156 30.200
157 30.200
158 30.400
159 30.400
160 30.800
161 30.900
162 30.900
163 31.000
164 31.400
165 31.600
166 31.700
167 32.900
168 33.300
169 33.500
170 33.600
171 34.000
172 34.200
173 34.500
174 34.700
175 36.100
176 36.400
177 36.500
178 36.700
179 36.700
180 36.900
181 37.000
182 37.500
183 37.900
184 37.900
185 38.300
186 38.300
187 39.000
188 39.600
189 39.700
190 40.000
191 40.200
192 40.400
193 40.500
194 40.600
195 40.700
196 42.100
197 42.600
198 43.000
199 43.000
200 43.200
201 43.200
202 43.600
203 43.800
204 44.200
205 44.300
206 44.600
207 44.800
208 44.800
209 45.100
210 46.000
211 46.000
212 46.000
213 46.000
214 46.300
215 46.500
216 46.600
217 46.600
218 46.700
219 46.900
220 47.600
221 47.600
222 47.800
223 47.900
224 48.400
225 48.500
226 49.200
227 50.800
228 50.900
229 52.100
230 52.300
231 52.600
232 53.900
233 54.300
234 55.000
235 55.200
236 55.400
237 55.900
238 56.000
239 56.200
240 57.000
241 57.400
242 58.300
243 58.900
244 59.800
245 59.900
246 61.100
247 61.400
248 62.500
249 62.600
250 65.100
251 66.600
252 73.800
253 80.100
254 80.900
255 86.200
256 87.700
257 89.200
258 93.400
259 95.100
260 113.100
261 113.100
262 119.400
263 132.300
264 138.000
265 145.500
266 153.400
267 158.400
268 175.000
269 184.800
270 205.600
271 232.200
272 235.400
273 261.000
274 279.200
275 291.800
276 445.200
277 466.000
278 475.600
279 587.100
280 937.100
281 1018.700
282 1617.300
