0.0286658
0.0438678
0.0532679
0.125258
0.266998
0.30554
0.335392
0.408278
0.422058
0.485919
0.50249
0.669095
0.685238
0.821625
1.00552
1.06769
1.10889
1.12555
1.17048
1.24354
1.47445
1.54405
1.54937
1.59515
1.61145
1.62674
1.77429
1.87039
1.9412
2.12371
2.21565
2.40801
2.51254
2.86649
2.95123
3.00867
3.5349
4.56226
4.96997
5.08753
5.16063
5.27237
5.29465
5.45043
5.45403
5.46107
5.85902
5.9287
5.94353
6.1193
6.18914
6.41924
6.5286
7.56131
7.84705
8.38226
8.65031
8.76917
9.054
9.94437
10.0029
10.0262
10.124
10.2928
10.4121
11.0093
11.9072
12.4273
12.9101
13.0057
14.4571
15.2135
15.6801
16.4284
16.4539
16.9752
18.7722
19.1246
19.5389
19.9352
20.1753
20.1826
20.187
20.4116
20.5093
20.6911
21.3118
21.3782
21.7195
22.0005
22.7595
23.1826
23.6308
23.7324
24.5573
25.4792
26.5131
28.3627
29.7385
30.1181
30.3543
30.9652
31.0045
31.2124
33.4381
34.3797
34.4895
34.5162
34.5241
34.5613
35.101
35.1271
35.1693
35.2647
35.457
35.6835
36.2717
36.2728
37.2318
37.594
37.8306
37.8479
38.0895
38.3618
38.5324
38.6145
38.6487
38.686
38.7554
38.7578
38.7925
38.8609
38.9577
39.0153
39.0819
39.478
39.6325
39.8221
39.8866
39.9017
39.9105
40.0677
40.09
40.4952
40.7338
40.8831
40.9639
41.2709
41.5683
42.1961
42.6023
44.5807
45.4819
45.6313
45.8603
46.1713
46.1789
46.2909
46.3221
46.3274
46.5479
47.4879
47.6992
48.4505
48.7729
50.5171
50.7156
50.7751
50.8437
50.9854
51.0877
51.2027
51.6589
52.3566
52.4481
52.6874
52.6994
52.9339
53.571
53.8165
53.8914
53.8926
54.0932
55.0009
55.3698
56.2229
56.2868
56.3577
56.5275
56.5913
56.7302
57.0441
57.047
57.2079
57.3417
57.5286
58.1149
58.2375
58.2386
58.2478
60.1863
60.2923
60.6063
60.7609
61.2191
61.3714
61.402
61.4893
61.7546
61.7559
62.3458
62.9315
63.296
63.3576
63.4472
63.6483
63.6739
64.3179
64.585
64.9081
64.9659
65.0514
65.1822
65.6731
65.9475
66.1818
66.2677
66.3444
66.4557
66.7459
66.9009
67.7916
67.8345
67.8652
68.0677
68.204
68.3622
68.8414
68.9583
68.9614
69.4065
69.6687
69.8137
69.8738
70.1169
70.2914
70.2953
70.642
70.6602
71.146
71.6025
71.6331
72.0329
72.2631
72.3935
72.5113
72.5758
72.641
72.6596
73.2767
74.2348
74.3202
74.4929
74.9814
75.3041
75.4038
75.4576
75.4772
75.6174
76.0691
76.1085
76.1313
76.2837
76.3404
76.8
76.8877
77.1391
77.4481
77.9714
78.0187
78.2787
78.48
78.6983
79.3453
79.4861
79.8758
79.9357
79.9464
80.0226
80.0413
80.0879
80.1091
80.2066
80.2231
80.2768
80.3801
80.45
80.8175
80.9374
81.886
81.956
81.9837
81.9921
81.9938
82.2241
82.2933
82.3466
82.4533
82.6421
82.7608
82.7888
83.1353
83.7274
83.844
84.2199
84.2719
84.3294
84.4089
84.6126
84.9928
85.0262
85.3334
85.5339
85.611
85.7505
85.877
86.0498
86.3653
86.386
86.6417
86.6803
86.7663
86.797
86.8076
87.0501
87.0628
87.1694
87.1854
87.3045
87.4678
87.54
87.5659
87.6019
87.6311
87.7176
87.85
87.9429
87.9437
87.9483
87.9847
88.0089
88.0451
88.0686
88.072
88.3513
88.4656
88.5521
88.7008
88.9963
89.0602
89.1174
89.239
89.3115
89.6785
89.6834
89.7224
90.1241
90.3272
90.4366
90.5007
90.5074
90.5749
90.7208
90.7997
91.1602
91.2541
91.4018
91.5802
91.6493
91.6724
91.7096
91.7571
92.1973
92.4214
92.5259
92.5507
92.6764
92.7408
92.7803
92.8096
93.5743
93.734
93.9139
94.3536
94.6163
94.9456
95.0703
95.1411
98.679
98.6895
124.729
126.084
126.837
127.598
128.012
128.43
129.545
132.446
135.647
135.838
136.089
137.83
138.571
143.481
146.812
147.268
149.649
150.636
151.05
156.88
167.671
195.688
196.062
196.102
196.204
198.004
198.215
199.11
199.262
200.885
202
202.599
203.575
204.609
205.148
205.254
205.743
206.224
211.001
211.173
222.724
231.008
237.134
253.896
257.137
282.817
287.32
287.344
298.329
300.721
307.92
309.919
312.68
313.984
318.283
318.872
319.964
320.921
321.806
322.961
326.075
329.434
330.776
334.115
335.497
340.06
342.962
389.674
394.377
575.403
581.926
584.273
585.524
589.996
592.35
595.818
604.735
605.355
609.488
609.813
611.283
621.308
632.986
642.509
669.931
672.62
745.017
806.268
1023.03
1026.81
1606.89
1931.44
1950.26
1954.23
1972.67
2001.45
2009.35
2010.46
2024.27
2080.04
2932.83
3216.88
