1 0
2 0
3 .100
4 .200
5 .200
6 .300
7 .600
8 .600
9 .700
10 .700
11 .900
12 .900
13 .900
14 1.100
15 1.200
16 1.300
17 1.300
18 1.400
19 1.400
20 1.900
21 2.400
22 2.500
23 2.500
24 2.700
25 3.100
26 3.100
27 3.100
28 3.700
29 3.800
30 3.800
31 3.900
32 4.000
33 4.100
34 4.200
35 4.200
36 4.300
37 4.700
38 4.800
39 5.300
40 5.300
41 5.300
42 5.400
43 5.400
44 5.500
45 6.000
46 6.000
47 6.100
48 6.200
49 6.400
50 6.400
51 6.400
52 6.500
53 6.700
54 7.000
55 7.100
56 7.200
57 7.300
58 7.300
59 7.500
60 7.800
61 7.800
62 7.900
63 7.900
64 8.200
65 8.400
66 8.600
67 8.900
68 8.900
69 9.200
70 9.300
71 9.300
72 9.500
73 9.800
74 10.100
75 10.800
76 11.200
77 11.500
78 11.600
79 12.000
80 12.700
81 12.800
82 12.900
83 12.900
84 13.000
85 13.200
86 13.200
87 13.300
88 13.400
89 13.500
90 13.600
91 13.900
92 14.000
93 14.100
94 14.300
95 14.400
96 14.700
97 14.900
98 15.000
99 15.500
100 16.000
101 16.300
102 16.800
103 17.000
104 17.200
105 17.400
106 17.500
107 17.700
108 17.700
109 17.800
110 17.900
111 18.500
112 18.700
113 19.000
114 19.100
115 19.400
116 20.400
117 20.400
118 20.400
119 20.500
120 20.600
121 20.700
122 20.700
123 20.700
124 20.800
125 20.900
126 21.300
127 21.900
128 21.900
129 22.200
130 22.200
131 22.300
132 22.300
133 22.600
134 22.700
135 22.700
136 22.800
137 23.600
138 23.900
139 23.900
140 24.300
141 24.400
142 25.400
143 25.400
144 25.500
145 25.800
146 26.100
147 26.400
148 27.800
149 28.100
150 28.300
151 28.300
152 28.600
153 28.700
154 28.900
155 29.100
156 29.100
157 29.300
158 29.400
159 29.900
160 30.000
161 30.300
162 30.400
163 30.500
164 30.700
165 31.000
166 31.000
167 31.400
168 31.700
169 31.800
170 32.700
171 33.000
172 33.300
173 33.600
174 33.700
175 34.300
176 34.400
177 34.800
178 34.900
179 36.300
180 36.500
181 36.600
182 36.700
183 36.800
184 37.000
185 37.500
186 37.900
187 38.000
188 38.200
189 38.400
190 39.000
191 39.700
192 39.800
193 40.100
194 40.300
195 40.400
196 40.600
197 40.700
198 40.700
199 42.200
200 42.600
201 43.100
202 43.100
203 43.200
204 43.300
205 43.400
206 43.600
207 43.800
208 44.200
209 44.400
210 44.900
211 44.900
212 45.200
213 45.800
214 46.000
215 46.100
216 46.100
217 46.400
218 46.600
219 46.600
220 46.600
221 46.800
222 47.000
223 47.600
224 47.700
225 47.700
226 47.800
227 48.500
228 48.500
229 49.300
230 50.900
231 51.000
232 52.200
233 52.300
234 52.400
235 54.000
236 54.400
237 54.800
238 55.200
239 55.400
240 55.800
241 55.800
242 56.000
243 56.200
244 57.000
245 57.500
246 58.300
247 58.300
248 58.500
249 58.900
250 59.900
251 61.500
252 62.200
253 62.700
254 64.200
255 69.900
256 73.500
257 75.700
258 79.900
259 80.000
260 84.700
261 87.600
262 88.600
263 92.300
264 108.700
265 110.200
266 112.200
267 114.200
268 131.700
269 137.400
270 144.300
271 145.000
272 148.100
273 154.700
274 157.600
275 172.200
276 173.900
277 174.200
278 176.700
279 195.000
280 205.300
281 215.800
282 217.500
283 218.500
284 249.500
285 339.800
286 381.100
287 386.100
288 393.500
289 414.400
290 509.000
291 527.500
292 535.700
293 569.200
294 803.400
295 807.300
296 819.900
297 900.300
298 912.400
299 1077.200
300 1191.100
301 1253.900
302 1611.200
303 1873.500
304 1954.300
305 2080.700
306 2257.500
307 2286.900
308 2560.500
309 2562.200
310 2997.300
311 3110.300
312 3399.200
313 3641.200
314 3762.500
315 3801.700
316 4456.500
317 4468.000
318 4738.900
319 5027.400
320 5992.700
321 7270.400
322 7328.500
323 8068.200
324 8258.400
325 8577.500
326 8660.800
327 12026.000
328 13293.700
329 13314.000
330 14023.500
331 15114.500
332 15145.000
333 16960.400
334 18478.200
335 18995.500
336 19857.000
337 24195.100
338 24216.800
339 25872.500
340 27442.600
341 32513.800
342 33089.200
343 34756.000
344 43341.700
345 45249.300
346 45742.500
347 51522.100
348 58908.900
349 61178.100
350 65877.300
351 74368.200
352 75067.700
353 155731.900
354 228175.400
355 261731.800
356 267657.400
357 291835.500
358 482320.000
359 505525.700
360 529820.900
361 549187.600
362 925525.700
363 967310.000
364 2170347.600
365 2356835.900
366 2620289.500
367 3179803.200
368 3907597.100
369 4145715.800
370 4425638.900
371 7228240.600
372 10921312.900
373 42254024.500
374 65989045.200
375 106258131.800
376 137748240.600
377 138029195.800
378 197085158.200
379 277609793.600
380 358100457.200
381 910681357.300
382 2057817124.500
383 6297466672.700
384 177904213111.700
385 315551647844.200
