0.0055571 0.0020202
0.797459 0.0040404
0.993063 0.00606061
2.04232 0.00808081
2.70332 0.010101
2.99735 0.0121212
3.30412 0.0141414
3.54413 0.0161616
3.68864 0.0181818
3.82669 0.020202
3.94715 0.0222222
4.16223 0.0242424
4.4352 0.0262626
4.58103 0.0282828
4.9921 0.030303
5.18067 0.0323232
6.65737 0.0343434
6.9881 0.0363636
7.45733 0.0383838
7.68702 0.040404
7.92971 0.0424242
8.18335 0.0444444
8.2255 0.0464646
8.57624 0.0484848
9.37874 0.0505051
9.63731 0.0525253
9.68149 0.0545455
11.5648 0.0565657
12.4624 0.0585859
12.6608 0.0606061
13.0191 0.0626263
13.1805 0.0646465
13.4907 0.0666667
13.75 0.0686869
13.8744 0.0707071
14.0911 0.0727273
14.3208 0.0747475
14.7116 0.0767677
14.7186 0.0787879
14.8159 0.0808081
14.843 0.0828283
15.0228 0.0848485
15.1988 0.0868687
15.3513 0.0888889
15.6388 0.0909091
15.6779 0.0929293
15.8928 0.0949495
16.1464 0.0969697
16.3019 0.0989899
16.5139 0.10101
16.5308 0.10303
16.8401 0.105051
17.0229 0.107071
17.0422 0.109091
17.0873 0.111111
17.0942 0.113131
17.446 0.115152
17.6858 0.117172
17.7931 0.119192
17.9043 0.121212
17.9315 0.123232
17.9629 0.125253
17.9633 0.127273
17.9863 0.129293
18.1913 0.131313
18.5265 0.133333
18.6475 0.135354
19.1553 0.137374
19.2759 0.139394
19.8884 0.141414
19.9902 0.143434
20.1449 0.145455
20.1682 0.147475
20.2341 0.149495
20.3856 0.151515
20.5466 0.153535
20.8798 0.155556
21.1202 0.157576
22.166 0.159596
22.1734 0.161616
22.1872 0.163636
22.74 0.165657
22.875 0.167677
23.1687 0.169697
23.6446 0.171717
23.6892 0.173737
23.6984 0.175758
24.1785 0.177778
24.759 0.179798
24.9652 0.181818
25.4888 0.183838
25.5604 0.185859
25.6098 0.187879
26.0662 0.189899
26.1394 0.191919
26.7514 0.193939
27.2542 0.19596
27.3293 0.19798
27.3761 0.2
27.4179 0.20202
27.6634 0.20404
27.8928 0.206061
28.254 0.208081
28.887 0.210101
29.1158 0.212121
29.1222 0.214141
29.6666 0.216162
29.9945 0.218182
30.1706 0.220202
30.2115 0.222222
30.319 0.224242
30.4715 0.226263
30.8461 0.228283
30.9318 0.230303
31.0982 0.232323
31.1332 0.234343
31.3076 0.236364
31.5784 0.238384
31.6648 0.240404
31.7952 0.242424
32.0022 0.244444
32.0455 0.246465
32.2315 0.248485
32.2686 0.250505
32.5849 0.252525
32.6118 0.254545
33.7083 0.256566
34.086 0.258586
34.1554 0.260606
34.5171 0.262626
34.674 0.264646
34.7078 0.266667
35.1158 0.268687
35.5783 0.270707
36.6081 0.272727
36.8825 0.274747
36.9057 0.276768
36.9104 0.278788
37.3658 0.280808
38.018 0.282828
38.6982 0.284848
39.1239 0.286869
39.2113 0.288889
39.7045 0.290909
41.3484 0.292929
41.7358 0.294949
42.2626 0.29697
42.4295 0.29899
42.597 0.30101
42.8013 0.30303
42.9341 0.305051
43.2708 0.307071
43.7309 0.309091
44.0278 0.311111
44.0827 0.313131
44.5433 0.315152
45.4667 0.317172
46.1452 0.319192
46.2108 0.321212
47.9102 0.323232
47.9182 0.325253
48.43 0.327273
48.7886 0.329293
49.1575 0.331313
49.4928 0.333333
49.652 0.335354
50.0545 0.337374
50.6698 0.339394
51.1626 0.341414
53.1991 0.343434
53.2041 0.345455
53.802 0.347475
53.9199 0.349495
55.1152 0.351515
55.4096 0.353535
55.5779 0.355556
56.0789 0.357576
56.9417 0.359596
57.1966 0.361616
57.3272 0.363636
57.5914 0.365657
58.3686 0.367677
58.4649 0.369697
59.1565 0.371717
61.5157 0.373737
61.6645 0.375758
62.7212 0.377778
65.2988 0.379798
65.3047 0.381818
65.4969 0.383838
69.995 0.385859
71.0324 0.387879
71.972 0.389899
72.7747 0.391919
73.0277 0.393939
73.2499 0.39596
74.1867 0.39798
75.6784 0.4
76.6221 0.40202
76.7578 0.40404
77.1377 0.406061
78.0185 0.408081
78.0714 0.410101
79.2663 0.412121
79.3106 0.414141
79.682 0.416162
79.8183 0.418182
79.8368 0.420202
80.2858 0.422222
81.4188 0.424242
82.3076 0.426263
82.3544 0.428283
82.4876 0.430303
82.6876 0.432323
82.7056 0.434343
83.7315 0.436364
84.4219 0.438384
84.7236 0.440404
85.057 0.442424
85.7823 0.444444
86.3788 0.446465
86.6875 0.448485
87.0697 0.450505
87.1579 0.452525
87.6587 0.454545
87.9604 0.456566
88.004 0.458586
88.1699 0.460606
88.3271 0.462626
88.562 0.464646
89.2541 0.466667
89.4559 0.468687
89.5265 0.470707
89.8999 0.472727
90.8029 0.474747
90.9046 0.476768
94.8787 0.478788
95.1823 0.480808
96.5217 0.482828
96.7496 0.484848
96.8925 0.486869
97.5003 0.488889
98.4185 0.490909
98.6474 0.492929
98.8174 0.494949
98.8865 0.49697
99.3764 0.49899
99.6637 0.50101
99.8139 0.50303
99.8354 0.505051
100.55 0.507071
100.676 0.509091
100.751 0.511111
102.539 0.513131
104.495 0.515152
104.83 0.517172
105.529 0.519192
107.349 0.521212
110.727 0.523232
110.912 0.525253
113.105 0.527273
113.875 0.529293
115.912 0.531313
120.811 0.533333
129.95 0.535354
129.962 0.537374
131.085 0.539394
131.118 0.541414
135.639 0.543434
139.534 0.545455
146.442 0.547475
153.476 0.549495
154.464 0.551515
155.319 0.553535
157.214 0.555556
162.113 0.557576
162.876 0.559596
162.948 0.561616
163.256 0.563636
163.916 0.565657
166.165 0.567677
166.493 0.569697
178.968 0.571717
180.507 0.573737
181.126 0.575758
181.746 0.577778
182.335 0.579798
184.976 0.581818
186.347 0.583838
188.591 0.585859
191.29 0.587879
202.044 0.589899
203.685 0.591919
219.162 0.593939
223.69 0.59596
223.997 0.59798
224.418 0.6
225.136 0.60202
227.727 0.60404
229.651 0.606061
234.692 0.608081
234.742 0.610101
237.133 0.612121
239.465 0.614141
245.132 0.616162
250.479 0.618182
255.903 0.620202
256.574 0.622222
260.554 0.624242
264.201 0.626263
268.136 0.628283
271.192 0.630303
285.89 0.632323
286.31 0.634343
295.991 0.636364
301.81 0.638384
305.772 0.640404
306.531 0.642424
306.897 0.644444
308.617 0.646465
308.647 0.648485
308.663 0.650505
309.336 0.652525
310.231 0.654545
314.505 0.656566
315.283 0.658586
317.05 0.660606
319.65 0.662626
322.509 0.664646
322.644 0.666667
322.728 0.668687
325.041 0.670707
325.83 0.672727
326.846 0.674747
331.111 0.676768
331.182 0.678788
331.679 0.680808
333.061 0.682828
334.045 0.684848
339.136 0.686869
341.6 0.688889
342.276 0.690909
345.772 0.692929
347.499 0.694949
350.563 0.69697
353.702 0.69899
354.526 0.70101
364.731 0.70303
368.445 0.705051
369.609 0.707071
373.029 0.709091
377.449 0.711111
380.329 0.713131
387.172 0.715152
402.242 0.717172
404.654 0.719192
405.9 0.721212
413.25 0.723232
421.026 0.725253
426.405 0.727273
429.26 0.729293
432.201 0.731313
432.275 0.733333
433.992 0.735354
435.551 0.737374
435.811 0.739394
438.603 0.741414
438.652 0.743434
447.054 0.745455
447.189 0.747475
449.668 0.749495
470.021 0.751515
475.845 0.753535
480.795 0.755556
481.716 0.757576
483.735 0.759596
484.061 0.761616
485.098 0.763636
486.465 0.765657
491.519 0.767677
497.217 0.769697
500.614 0.771717
506.351 0.773737
520.479 0.775758
537.384 0.777778
538.768 0.779798
539.427 0.781818
540.746 0.783838
540.769 0.785859
543.457 0.787879
546.766 0.789899
547.12 0.791919
547.133 0.793939
550.438 0.79596
554.484 0.79798
558.877 0.8
559.13 0.80202
563.544 0.80404
564.21 0.806061
573.38 0.808081
581.3 0.810101
594.976 0.812121
599.2 0.814141
611.417 0.816162
617.81 0.818182
618.272 0.820202
621.052 0.822222
635.764 0.824242
636.801 0.826263
637.629 0.828283
638.721 0.830303
643.992 0.832323
655.379 0.834343
663.472 0.836364
663.613 0.838384
666.045 0.840404
668.606 0.842424
689.676 0.844444
691.186 0.846465
696.346 0.848485
712.77 0.850505
714.587 0.852525
715.267 0.854545
718.249 0.856566
725.214 0.858586
726.423 0.860606
727.949 0.862626
739.224 0.864646
761.342 0.866667
769.615 0.868687
774.354 0.870707
811.084 0.872727
846.682 0.874747
861.622 0.876768
899.473 0.878788
901.534 0.880808
906.446 0.882828
914.717 0.884848
923.744 0.886869
927.929 0.888889
969.704 0.890909
1007.77 0.892929
1099.52 0.894949
1103.64 0.89697
1109.36 0.89899
1113.42 0.90101
1113.71 0.90303
1117.85 0.905051
1123.95 0.907071
1148.57 0.909091
1168.79 0.911111
1171.16 0.913131
1171.34 0.915152
1179.5 0.917172
1180.41 0.919192
1206.08 0.921212
1210.18 0.923232
1210.63 0.925253
1236.04 0.927273
1263.95 0.929293
1285.64 0.931313
1288.45 0.933333
1304.66 0.935354
1309.1 0.937374
1326.66 0.939394
1330.68 0.941414
1335.72 0.943434
1342.4 0.945455
1357.16 0.947475
1389.3 0.949495
1435.68 0.951515
1786.77 0.953535
1789.43 0.955556
1801.89 0.957576
1804.05 0.959596
1875.42 0.961616
1882.07 0.963636
2161.51 0.965657
2195.4 0.967677
2259.72 0.969697
2261.8 0.971717
2275.64 0.973737
2281.65 0.975758
2394.9 0.977778
2487.03 0.979798
2520.65 0.981818
3473.32 0.983838
3513.41 0.985859
3528.15 0.987879
3545.84 0.989899
3585.44 0.991919
3596.47 0.993939
3610.36 0.99596
3612.32 0.99798
3636.61 1
3689.95 1.00202
3734.71 1.00404
3791.14 1.00606
5234.78 1.00808
5615.33 1.0101
5734.43 1.01212
6765.06 1.01414
