file-server/10m 100    
file-server/10m 300    
file-server/10m 500    
file-server/10m 700    
file-server/10m 900    
file-server/20m 100    
file-server/20m 300    
file-server/20m 500    
file-server/20m 700    
file-server/20m 900    
kernel/1 100    
kernel/1 300    
kernel/1 500    
kernel/1 700    
kernel/1 900    
kernel/2 100    
kernel/2 300    
kernel/2 500    
kernel/2 700    
kernel/2 900    
mediawiki-ws/20C 100    
mediawiki-ws/20C 300    
mediawiki-ws/20C 500    
mediawiki-ws/20C 700    
mediawiki-ws/20C 900    
mediawiki-db/20C 100    
mediawiki-db/20C 300    
mediawiki-db/20C 500    
mediawiki-db/20C 700    
mediawiki-db/20C 900    
mediawiki-ws/10C 100    
mediawiki-ws/10C 300    
mediawiki-ws/10C 500    
mediawiki-ws/10C 700    
mediawiki-ws/10C 900    
mediawiki-db/10C 100    
mediawiki-db/10C 300    
file-server/10m 100 277.561 458.997 181.436 65.300
file-server/10m 300 36.1807 42.078 5.8973 16.200
file-server/10m 500 18.8183 20.742 1.9237 10.200
file-server/10m 700 12.7827 13.773 .9903 7.700
file-server/10m 900 10.8547 10.294 .5607 5.100
file-server/20m 100 277.242 1205.207 927.965 334.700
file-server/20m 300 59.4387 80.361 20.9223 35.100
file-server/20m 500 23.643 27.082 3.439 14.500
file-server/20m 700 15.8463 16.300 .4537 2.800
file-server/20m 900 13.9833 11.668 2.3153 16.500
kernel/1 100 174.281 3639406273083864350.064 3639406273083864175.783 2088240412370748489.900
kernel/1 300 52.5643 169932.146 169879.5817 323184.300
kernel/1 500 30.0693 73.793 43.7237 145.400
kernel/1 700 19.4393 26.294 6.8547 35.200
kernel/1 900 11.6523 16.019 4.3667 37.400
kernel/2 100 180.306 176200162176.532 176200161996.226 97722850041.700
kernel/2 300 80.4423 9357461483.007 9357461402.5647 11632513494.200
kernel/2 500 41.9423 10968.170 10926.2277 26050.600
kernel/2 700 29.1357 74.003 44.8673 153.900
kernel/2 900 24.4803 26.377 1.8967 7.700
mediawiki-ws/20C 100 275.031 154935780.147 154935505.116 56333833.300
mediawiki-ws/20C 300 90.5513 675127.579 675037.0277 745474.600
mediawiki-ws/20C 500 53.936 55807.393 55753.457 103369.600
mediawiki-ws/20C 700 38.2073 11065.785 11027.5777 28862.400
mediawiki-ws/20C 900 30.34 3374.393 3344.053 11021.900
mediawiki-db/20C 100 131.02 4480.204 4349.184 3319.400
mediawiki-db/20C 300 31.6097 41.805 10.1953 32.200
mediawiki-db/20C 500 17.019 20.676 3.657 21.400
mediawiki-db/20C 700 11.9427 13.726 1.7833 14.900
mediawiki-db/20C 900 9.50767 10.276 .76833 8.000
mediawiki-ws/10C 100 256.106 592176018.145 592175762.039 231222916.300
mediawiki-ws/10C 300 82.6007 6937960.770 6937878.1693 8399297.000
mediawiki-ws/10C 500 49.765 1005563.494 1005513.729 2020523.900
mediawiki-ws/10C 700 35.625 76383.459 76347.834 214309.700
mediawiki-ws/10C 900 27.9563 11642.877 11614.9207 41546.700
mediawiki-db/10C 100 126.427 1103.953 977.526 773.100
mediawiki-db/10C 300 30.435 39.675 9.240 30.300
mediawiki-db/10C 500 16.7317 20.119 3.3873 20.200
mediawiki-db/10C 700 11.893 13.492 1.599 13.400
mediawiki-db/10C 900 9.47833 10.157 .67867 7.100
rubis-ws/300C 100 250.611 788742641509.826 788742641259.215 314727861609.900
rubis-ws/300C 300 84.4687 68339469.087 68339384.6183 80904979.700
rubis-ws/300C 500 49.7283 312192.155 312142.4267 627695.700
rubis-ws/300C 700 35.479 18835.351 18799.872 52988.700
rubis-ws/300C 900 29.2223 1991.208 1961.9857 6714.000
rubis-db/300C 100 249.553 840587829641768.386 840587829641518.833 336837397122662.800
rubis-db/300C 300 81.5813 217483232.053 217483150.4717 266584561.000
rubis-db/300C 500 48.8453 24288.608 24239.7627 49625.500
rubis-db/300C 700 34.9443 129.728 94.7837 271.200
rubis-db/300C 900 28.21 31.929 3.719 13.100
rubis-ws/100C 100 245.731 7475428068851789821355.786 7475428068851789821110.055 3042118442057286146684.800
rubis-ws/100C 300 79.7017 6270680222.736 6270680143.0343 7867686816.000
rubis-ws/100C 500 45.887 7916.978 7871.091 17153.200
rubis-ws/100C 700 31.138 68.550 37.412 120.100
rubis-ws/100C 900 24.1997 25.704 1.5043 6.200
rubis-db/100C 100 248.526 838668586957662032.773 838668586957661784.247 337457081736985983.000
rubis-db/100C 300 71.3087 576208.235 576136.9263 807947.500
rubis-db/100C 500 38.0487 88.850 50.8013 133.500
rubis-db/100C 700 25.7863 28.061 2.2747 8.800
rubis-db/100C 900 20.2397 16.638 3.6017 17.700
rubis-ws/50C 100 177.987 42856986391866072.186 42856986391865894.199 24078717205113797.100
rubis-ws/50C 300 55.935 4364.481 4308.546 7702.700
rubis-ws/50C 500 31.5253 48.463 16.9377 53.700
rubis-ws/50C 700 21.5053 22.198 .6927 3.200
rubis-ws/50C 900 17.4517 14.399 3.0527 17.400
rubis-db/50C 100 233.747 13159688300335782832.537 13159688300335782598.790 5629885431828336876.500
rubis-db/50C 300 60.9473 545013.861 544952.9137 894137.900
rubis-db/50C 500 32.501 88.375 55.874 171.900
rubis-db/50C 700 22.31 27.991 5.681 25.400
rubis-db/50C 900 17.4287 16.602 .8267 4.700
file-server/10m 100 277.561 458.997 181.436 65.300
file-server/10m 300 36.1807 42.078 5.8973 16.200
file-server/10m 500 18.8183 20.742 1.9237 10.200
file-server/10m 700 12.7827 13.773 .9903 7.700
file-server/10m 900 10.8547 10.294 .5607 5.100
file-server/20m 100 277.242 1205.207 927.965 334.700
file-server/20m 300 59.4387 80.361 20.9223 35.100
file-server/20m 500 23.643 27.082 3.439 14.500
file-server/20m 700 15.8463 16.300 .4537 2.800
file-server/20m 900 13.9833 11.668 2.3153 16.500
kernel/1 100 174.281 3639406273083864350.064 3639406273083864175.783 2088240412370748489.900
kernel/1 300 52.5643 169932.146 169879.5817 323184.300
kernel/1 500 30.0693 73.793 43.7237 145.400
kernel/1 700 19.4393 26.294 6.8547 35.200
kernel/1 900 11.6523 16.019 4.3667 37.400
kernel/2 100 180.306 176200162176.532 176200161996.226 97722850041.700
kernel/2 300 80.4423 9357461483.007 9357461402.5647 11632513494.200
kernel/2 500 41.9423 10968.170 10926.2277 26050.600
kernel/2 700 29.1357 74.003 44.8673 153.900
kernel/2 900 24.4803 26.377 1.8967 7.700
mediawiki-ws/20C 100 275.031 154935780.147 154935505.116 56333833.300
mediawiki-ws/20C 300 90.5513 675127.579 675037.0277 745474.600
mediawiki-ws/20C 500 53.936 55807.393 55753.457 103369.600
mediawiki-ws/20C 700 38.2073 11065.785 11027.5777 28862.400
mediawiki-ws/20C 900 30.34 3374.393 3344.053 11021.900
mediawiki-db/20C 100 131.02 4480.204 4349.184 3319.400
mediawiki-db/20C 300 31.6097 41.805 10.1953 32.200
mediawiki-db/20C 500 17.019 20.676 3.657 21.400
mediawiki-db/20C 700 11.9427 13.726 1.7833 14.900
mediawiki-db/20C 900 9.50767 10.276 .76833 8.000
mediawiki-ws/10C 100 256.106 592176018.145 592175762.039 231222916.300
mediawiki-ws/10C 300 82.6007 6937960.770 6937878.1693 8399297.000
mediawiki-ws/10C 500 49.765 1005563.494 1005513.729 2020523.900
mediawiki-ws/10C 700 35.625 76383.459 76347.834 214309.700
mediawiki-ws/10C 900 27.9563 11642.877 11614.9207 41546.700
mediawiki-db/10C 100 126.427 1103.953 977.526 773.100
mediawiki-db/10C 300 30.435 39.675 9.240 30.300
mediawiki-db/10C 500 16.7317 20.119 3.3873 20.200
mediawiki-db/10C 700 11.893 13.492 1.599 13.400
mediawiki-db/10C 900 9.47833 10.157 .67867 7.100
rubis-ws/300C 100 250.611 788742641509.826 788742641259.215 314727861609.900
rubis-ws/300C 300 84.4687 68339469.087 68339384.6183 80904979.700
rubis-ws/300C 500 49.7283 312192.155 312142.4267 627695.700
rubis-ws/300C 700 35.479 18835.351 18799.872 52988.700
rubis-ws/300C 900 29.2223 1991.208 1961.9857 6714.000
rubis-db/300C 100 249.553 840587829641768.386 840587829641518.833 336837397122662.800
rubis-db/300C 300 81.5813 217483232.053 217483150.4717 266584561.000
rubis-db/300C 500 48.8453 24288.608 24239.7627 49625.500
rubis-db/300C 700 34.9443 129.728 94.7837 271.200
rubis-db/300C 900 28.21 31.929 3.719 13.100
rubis-ws/100C 100 245.731 7475428068851789821355.786 7475428068851789821110.055 3042118442057286146684.800
rubis-ws/100C 300 79.7017 6270680222.736 6270680143.0343 7867686816.000
rubis-ws/100C 500 45.887 7916.978 7871.091 17153.200
rubis-ws/100C 700 31.138 68.550 37.412 120.100
rubis-ws/100C 900 24.1997 25.704 1.5043 6.200
rubis-db/100C 100 248.526 838668586957662032.773 838668586957661784.247 337457081736985983.000
rubis-db/100C 300 71.3087 576208.235 576136.9263 807947.500
rubis-db/100C 500 38.0487 88.850 50.8013 133.500
rubis-db/100C 700 25.7863 28.061 2.2747 8.800
rubis-db/100C 900 20.2397 16.638 3.6017 17.700
rubis-ws/50C 100 177.987 42856986391866072.186 42856986391865894.199 24078717205113797.100
rubis-ws/50C 300 55.935 4364.481 4308.546 7702.700
rubis-ws/50C 500 31.5253 48.463 16.9377 53.700
rubis-ws/50C 700 21.5053 22.198 .6927 3.200
rubis-ws/50C 900 17.4517 14.399 3.0527 17.400
rubis-db/50C 100 233.747 13159688300335782832.537 13159688300335782598.790 5629885431828336876.500
rubis-db/50C 300 60.9473 545013.861 544952.9137 894137.900
rubis-db/50C 500 32.501 88.375 55.874 171.900
rubis-db/50C 700 22.31 27.991 5.681 25.400
rubis-db/50C 900 17.4287 16.602 .8267 4.700
