file-server/10m 300 36.1807 42.198 6.0173 16.600
file-server/10m 500 18.8183 20.785 1.9667 10.400
file-server/10m 700 12.7827 13.788 1.0053 7.800
file-server/10m 900 10.8547 10.315 .5397 4.900
file-server/20m 300 59.4387 80.604 21.1653 35.600
file-server/20m 500 23.643 27.158 3.515 14.800
file-server/20m 700 15.8463 16.330 .4837 3.000
file-server/20m 900 13.9833 11.675 2.3083 16.500
kernel/1 500 30.0693 73.860 43.7907 145.600
kernel/1 700 19.4393 26.348 6.9087 35.500
kernel/1 900 11.6523 16.034 4.3817 37.600
kernel/2 700 29.1357 74.662 45.5263 156.200
kernel/2 900 24.4803 26.449 1.9687 8.000
mediawiki-db/20C 300 31.6097 41.855 10.2453 32.400
mediawiki-db/20C 500 17.019 20.701 3.682 21.600
mediawiki-db/20C 700 11.9427 13.751 1.8083 15.100
mediawiki-db/20C 900 9.50767 10.295 .78733 8.200
mediawiki-db/10C 100 126.427 1302.798 1176.371 930.400
mediawiki-db/10C 300 30.435 39.711 9.276 30.400
mediawiki-db/10C 500 16.7317 20.163 3.4313 20.500
mediawiki-db/10C 700 11.893 13.511 1.618 13.600
mediawiki-db/10C 900 9.47833 10.160 .68167 7.100
rubis-db/300C 700 34.9443 145.454 110.5097 316.200
rubis-db/300C 900 28.21 31.960 3.750 13.200
rubis-ws/100C 700 31.138 69.147 38.009 122.000
rubis-ws/100C 900 24.1997 25.722 1.5223 6.200
rubis-db/100C 500 38.0487 89.494 51.4453 135.200
rubis-db/100C 700 25.7863 28.099 2.3127 8.900
rubis-db/100C 900 20.2397 16.666 3.5737 17.600
rubis-ws/50C 500 31.5253 48.553 17.0277 54.000
rubis-ws/50C 700 21.5053 22.217 .7117 3.300
rubis-ws/50C 900 17.4517 14.404 3.0477 17.400
rubis-db/50C 500 32.501 88.650 56.149 172.700
rubis-db/50C 700 22.31 28.015 5.705 25.500
rubis-db/50C 900 17.4287 16.636 .7927 4.500
