file-server 100 351.258 2471.854 2120.596 603.700
file-server 300 59.7043 80.306 20.6017 34.500
file-server 500 23.6743 27.082 3.4077 14.300
file-server 700    
file-server 900    
kernel 100 129.247 119660.789 119531.542 92483.000
kernel 300 68.3677 12418.905 12350.5373 18064.800
kernel 500 20.416 85.377 64.961 318.100
kernel 700 14.7637 36.884 22.1203 149.800
kernel 900 11.7513 21.526 9.7747 83.100
mediawiki-ws/20C 100 303.431 154935780.147 154935476.716 51061189.100
mediawiki-ws/20C 300 79.595 54993.492 54913.897 68991.600
mediawiki-ws/20C 500 59.2203 55807.393 55748.1727 94136.900
mediawiki-ws/20C 700 45.8113 11065.785 11019.9737 24055.100
mediawiki-ws/20C 900 33.6117 822.402 788.7903 2346.700
mediawiki-ws/10C 100 156.281 46600.765 46444.484 29718.500
mediawiki-ws/10C 300 54.2415 14740.406 14686.1645 27075.500
mediawiki-ws/10C 500 33.4835 2115.158 2081.6745 6217.000
mediawiki-ws/10C 700 26.2495 613.968 587.7185 2238.900
mediawiki-ws/10C 900 19.969 252.343 232.374 1163.600
mediawiki-db 100 103.351 475.873 372.522 360.400
mediawiki-db 300 29.467 39.675 10.208 34.600
mediawiki-db 500 16.8437 20.152 3.3083 19.600
mediawiki-db 700 11.965 13.492 1.527 12.700
mediawiki-db 900 9.54133 10.157 .61567 6.400
rubis-ws/300C 100 163.824 2345496.657 2345332.833 1431617.300
rubis-ws/300C 300 56.11 11621.160 11565.050 20611.300
rubis-ws/300C 500 32.448 1127.612 1095.164 3375.100
rubis-ws/300C 700 26.466 504.367 477.901 1805.700
rubis-ws/300C 900 21.2025 154.470 133.2675 628.500
rubis-db/300C 100 180.122 44364810.485 44364630.363 24630322.900
rubis-db/300C 300 29.988 10663.484 10633.496 35459.100
rubis-db/300C 500 15.394 276.742 261.348 1697.700
rubis-db/300C 700    
rubis-db/300C 900    
rubis-ws/100C 100 118.368 657780.080 657661.712 555607.600
rubis-ws/100C 300 38.495 1513.189 1474.694 3830.800
rubis-ws/100C 500 21.878 113.278 91.400 417.700
rubis-ws/100C 700 15.673 41.776 26.103 166.500
rubis-ws/100C 900 13.524 22.827 9.303 68.700
rubis-db/100C 100 164.096 8395485.184 8395321.088 5116103.400
rubis-db/100C 300 44.293 814.783 770.490 1739.500
rubis-db/100C 500 24.5405 67.665 43.1245 175.700
rubis-db/100C 700 17.472 27.686 10.214 58.400
rubis-db/100C 900 13.309 16.583 3.274 24.500
