1 2.800
2 3.200
3 4.700
4 5.100
5 6.200
6 7.100
7 7.700
8 7.700
9 8.000
10 8.800
11 10.200
12 13.100
13 13.400
14 14.500
15 14.900
16 16.200
17 16.500
18 17.400
19 17.700
20 20.200
21 21.400
22 25.400
23 30.300
24 32.200
25 35.100
26 35.200
27 37.400
28 53.700
29 65.300
30 120.100
31 133.500
32 145.400
33 153.900
34 171.900
35 271.200
36 334.700
37 773.100
38 3319.400
39 6714.000
40 7702.700
41 11021.900
42 17153.200
43 26050.600
44 28862.400
45 41546.700
46 49625.500
47 52988.700
48 103369.600
49 214309.700
50 323184.300
51 627695.700
52 745474.600
53 807947.500
54 894137.900
55 2020523.900
56 8399297.000
57 56333833.300
58 80904979.700
59 231222916.300
60 266584561.000
61 7867686816.000
62 11632513494.200
63 97722850041.700
64 314727861609.900
65 336837397122662.800
66 24078717205113797.100
67 337457081736985983.000
68 2088240412370748489.900
69 5629885431828336876.500
70 3042118442057286146684.800
