2.800 0.0142857
3.200 0.0285714
4.700 0.0428571
5.100 0.0571429
6.200 0.0714286
7.100 0.0857143
7.700 0.114286
7.700 0.114286
8.000 0.128571
8.800 0.142857
10.200 0.157143
13.100 0.171429
13.400 0.185714
14.500 0.2
14.900 0.214286
16.200 0.228571
16.500 0.242857
17.400 0.257143
17.700 0.271429
20.200 0.285714
21.400 0.3
25.400 0.314286
30.300 0.328571
32.200 0.342857
35.100 0.357143
35.200 0.371429
37.400 0.385714
53.700 0.4
65.300 0.414286
120.100 0.428571
133.500 0.442857
145.400 0.457143
153.900 0.471429
171.900 0.485714
271.200 0.5
334.700 0.514286
773.100 0.528571
3319.400 0.542857
6714.000 0.557143
7702.700 0.571429
11021.900 0.585714
17153.200 0.6
26050.600 0.614286
28862.400 0.628571
41546.700 0.642857
49625.500 0.657143
52988.700 0.671429
103369.600 0.685714
214309.700 0.7
323184.300 0.714286
627695.700 0.728571
745474.600 0.742857
807947.500 0.757143
894137.900 0.771429
2020523.900 0.785714
8399297.000 0.8
56333833.300 0.814286
80904979.700 0.828571
231222916.300 0.842857
266584561.000 0.857143
7867686816.000 0.871429
11632513494.200 0.885714
97722850041.700 0.9
314727861609.900 0.914286
336837397122662.800 0.928571
24078717205113797.100 0.942857
337457081736985983.000 0.957143
2088240412370748489.900 0.971429
5629885431828336876.500 0.985714
3042118442057286146684.800 1
