3.000 0.0285714
3.300 0.0571429
4.500 0.0857143
4.900 0.114286
6.200 0.142857
7.100 0.171429
7.800 0.2
8.000 0.228571
8.200 0.257143
8.900 0.285714
10.400 0.314286
13.200 0.342857
13.600 0.371429
14.800 0.4
15.100 0.428571
16.500 0.457143
16.600 0.485714
17.400 0.514286
17.600 0.542857
20.500 0.571429
21.600 0.6
25.500 0.628571
30.400 0.657143
32.400 0.685714
35.500 0.714286
35.600 0.742857
37.600 0.771429
54.000 0.8
122.000 0.828571
135.200 0.857143
145.600 0.885714
156.200 0.914286
172.700 0.942857
316.200 0.971429
930.400 1
