 206 47.128 169.256 122.128 259.100
 308 28.9287 55.202 26.2733 90.800
 413 21.856 32.979 11.123 50.800
 518 17.4393 23.513 6.0737 34.800
 619 14.504 18.269 3.765 25.900
 720 12.347 14.938 2.591 20.900
 413 32.23 342.131 309.901 961.500
 518 24.5423 66.094 41.5517 169.300
 619 19.8797 36.580 16.7003 84.000
 720 16.0757 25.288 9.2123 57.300
 518 33.232 -1217.598  
 619 24.3617 87.829 63.4673 260.500
 720 17.231 42.385 25.154 145.900
 413 25.28 96.069 70.789 280.000
 518 20.5937 44.216 23.6223 114.700
 619 16.5463 28.716 12.1697 73.500
 720 14.465 21.262 6.797 46.900
 413 24.6153 86.949 62.3337 253.200
 518 18.8067 42.179 23.3723 124.200
 619 15.8553 27.843 11.9877 75.600
 720 13.7807 20.780 6.9993 50.700
 518 24.568 91.103 66.535 270.800
 619 20.2783 43.133 22.8547 112.700
 720 17.5813 28.256 10.6747 60.700
 413 25.3887 4376.068 4350.6793 17136.200
 518 20.5493 80.414 59.8647 291.300
 619 16.591 40.580 23.989 144.500
 720 14.3397 27.137 12.7973 89.200
 619 35.4507 1171.624 1136.1733 3204.900
 720 29.3827 76.566 47.1833 160.500
 619 32.579 106.522 73.943 226.900
 720 26.9073 46.307 19.3997 72.000
 619 25.4943 101.607 76.1127 298.500
 720 21.5857 45.353 23.7673 110.100
 102 250.799 138.772 112.027 44.600
 206 71.7897 51.511 20.2787 28.200
 308 38.4663 31.625 6.8413 17.700
 413 26.2457 22.816 3.4297 13.000
 518 20.001 17.846 2.155 10.700
 619 16.071 14.653 1.418 8.800
 720 13.4697 12.430 1.0397 7.700
 102 282.109 193.536 88.573 31.300
 206 125.176 57.557 67.619 54.000
 308 62.253 33.805 28.448 45.600
 413 35.945 23.930 12.015 33.400
 518 25.0693 18.520 6.5493 26.100
 619 19.3183 15.105 4.2133 21.800
 720 16.8547 12.753 4.1017 24.300
 619 25.791 119.500 93.709 363.300
 720 22.136 48.602 26.466 119.500
 206 53.1113 240.997 187.8857 353.700
 308 32.7453 61.137 28.3917 86.700
 413 22.7017 35.009 12.3073 54.200
 518 17.967 24.527 6.560 36.500
 619 14.844 18.875 4.031 27.100
 720 12.7357 15.341 2.6053 20.400
 206 54.5467 2701.846 2647.2993 4853.200
 308 32.913 79.509 46.596 141.500
 413 23.1687 40.348 17.1793 74.100
 518 18.1723 27.033 8.8607 48.700
 619 14.919 20.325 5.406 36.200
 720 12.761 16.285 3.524 27.600
 720 12.9823 1428.571 1415.5887 10903.900
 308 20.2953 84.186 63.8907 314.800
 413 14.786 30.570 15.784 106.700
 518 11.744 18.675 6.931 59.000
 619 9.69833 13.444 3.74567 38.600
 720 8.29333 10.502 2.20867 26.600
 413 17.5847 399.733 382.1483 2173.100
 518 13.9173 42.854 28.9367 207.900
 619 10.7937 22.640 11.8463 109.700
 720 9.36967 15.384 6.01433 64.100
 619 39.176 1646.302 1607.126 4102.300
 720 27.5723 78.036 50.4637 183.000
 413 77.1237 212.624 135.5003 175.600
 518 60.1813 77.874 17.6927 29.300
 619 48.4417 47.666 .7757 1.600
 720 40.3217 34.343 5.9787 14.800
 619 40.1777 181.004 140.8263 350.500
 720 34.077 73.191 39.114 114.700
 102 369.754 133.797 235.957 63.800
 206 115.257 64.053 51.204 44.400
 308 57.6677 42.105 15.5627 26.900
 413 38.3637 31.359 7.0047 18.200
 518 29.3897 24.983 4.4067 14.900
 619 23.882 20.762 3.120 13.000
 720 20.1817 17.761 2.4207 11.900
 308 118.027 244.197 126.170 106.800
 413 60.3433 81.745 21.4017 35.400
 518 49.1723 49.089 .0833 .100
 619 32.7693 35.076 2.3067 7.000
 720 25.523 27.287 1.764 6.900
 308 71.4413 662.068 590.6267 826.700
 413 51.9903 103.643 51.6527 99.300
 518 40.954 56.222 15.268 37.200
 619 33.802 38.573 4.771 14.100
 720 28.9983 29.357 .3587 1.200
 619 49.3707 610.978 561.6073 1137.500
 720 40.5513 102.304 61.7527 152.200
 308 71.148 149.024 77.876 109.400
 413 49.3087 67.347 18.0383 36.500
 518 36.956 43.504 6.548 17.700
 619 30.0213 32.129 2.1077 7.000
 720 24.7613 25.469 .7077 2.800
 413 34.814 93.048 58.234 167.200
 518 27.4497 43.565 16.1153 58.700
 619 22.5237 28.440 5.9163 26.200
 720 19.2183 21.111 1.8927 9.800
 308 36.1513 108.039 71.8877 198.800
 413 25.422 46.592 21.170 83.200
 518 19.6867 29.700 10.0133 50.800
 619 16.0877 21.797 5.7093 35.400
 720 13.6383 17.216 3.5777 26.200
 102 96.888 257.674 160.786 165.900
 206 46.2213 62.158 15.9367 34.400
 308 30.658 35.342 4.684 15.200
 413 22.9293 24.690 1.7607 7.600
 518 18.318 18.972 .654 3.500
 619 15.195 15.404 .209 1.300
 720 13.0457 12.966 .0797 .600
 413 23.684 260.294 236.610 999.000
 518 20.8827 62.309 41.4263 198.300
 619 15.1297 35.390 20.2603 133.900
 720 13.3027 24.714 11.4113 85.700
 102 120.867 492.544 371.677 307.500
 206 56.5843 70.238 13.6537 24.100
 308 36.833 37.815 .982 2.600
 413 27.3917 25.872 1.5197 5.500
 518 21.7583 19.662 2.0963 9.600
 619 18.093 15.856 2.237 12.300
 720 15.448 13.285 2.163 14.000
 413 32.664 391.736 359.072 1099.200
 518 23.3433 67.751 44.4077 190.200
 619 18.1473 37.082 18.9347 104.300
 720 15.152 25.527 10.375 68.400
 619 39.0557 197.036 157.9803 404.400
 720 20.0527 57.862 37.8093 188.500
 720 26.4437 -732.474  
 720 22.8313 107.101 84.2697 369.000
 619 28.447 126.201 97.754 343.600
 720 23.9067 49.674 25.7673 107.700
 308 86.78 3447.811 3361.031 3873.000
 413 63.6613 80.018 16.3567 25.600
 518 50.347 40.479 9.868 19.500
 619 40.8047 27.092 13.7127 33.600
 720 31.1123 20.359 10.7533 34.500
