 102 108.102 27606705.274 27606597.172 25537545.200
 206 47.128 168.222 121.094 256.900
 308 28.9287 51.553 22.6243 78.200
 413 21.856 32.317 10.461 47.800
 518 17.4393 23.445 6.0057 34.400
 619 14.504 18.172 3.668 25.200
 720 12.347 14.767 2.420 19.500
 102 259.28 3142148251.566 3142147992.286 1211874418.400
 206 126.05 26064087.531 26063961.481 20677478.300
 308 86.7163 59785667.601 59785580.8847 68943878.900
 413 62.4683 21854998.773 21854936.3047 34985642.800
 518 49.5073 441797107.482 441797057.9747 892387704.300
 619 41.958 342745316.838 342745274.880 816877055.300
 720 36.0627 553129856.322 553129820.2593 1533800353.900
 102 175.43 81627063987675487.436 81627063987675312.006 46529706428589928.700
 206 122.194 6568606378839871431.557 6568606378839871309.363 5375555574610759373.900
 308 81.276 31638918340102.492 31638918340021.216 38927750307619.900
 413 61.4057 16264163581.890 16264163520.4843 26486406832.700
 518 48.1167 86884808.212 86884760.0953 180570903.800
 619 40.4953 504653.927 504613.4317 1246103.700
 720 35.1177 12861.726 12826.6083 36524.600
 102 250.882 4858736.394 4858485.512 1936562.000
 206 135.88 163166.289 163030.409 119981.100
 308 92.668 118833.199 118740.531 128135.400
 413 66.78 23001.640 22934.860 34343.900
 518 50.7393 20298.694 20247.9547 39905.800
 619 42.495 6258.139 6215.644 14626.700
 720 36.4573 5222.661 5186.2037 14225.400
 102 147.845 1422094197737313554.268 1422094197737313406.423 961881834175868921.100
 206 66.8337 4153889118.945 4153889052.1113 6215261241.100
 308 42.774 74660.529 74617.755 174446.500
 413 32.23 284.672 252.442 783.200
 518 24.5423 66.060 41.5177 169.100
 619 19.8797 36.494 16.6143 83.500
 720 16.0757 25.264 9.1883 57.100
 102 248.642 64362909150247986.298 64362909150247737.656 25885775190936260.800
 206 119.981 5353072276928.675 5353072276808.694 4461599984004.700
 308 61.4777 158233557.667 158233496.1893 257383565.400
 413 43.0017 71872.163 71829.1613 167037.900
 518 33.232 572.178 538.946 1621.700
 619 24.3617 86.901 62.5393 256.700
 720 17.231 42.244 25.013 145.100
 102 127.228 10484879501995639.193 10484879501995511.965 8241015737098368.200
 206 54.198 36252455.239 36252401.041 66888817.000
 308 35.2197 1673.448 1638.2283 4651.400
 413 25.28 95.682 70.402 278.400
 518 20.5937 44.154 23.5603 114.400
 619 16.5463 28.671 12.1247 73.200
 720 14.465 21.227 6.762 46.700
 102 247.056 11652444373571975625078567.649 11652444373571975625078320.593 4716519482858937093241338.200
 206 120.586 3524898402587303305.994 3524898402587303185.408 2923140665240826617.800
 308 70.526 136707245726376.526 136707245726306.000 193839499938045.500
 413 46.344 40094670046.044 40094669999.700 86515341791.100
 518 34.2357 79828294.729 79828260.4933 233172566.900
 619 26.539 568888.015 568861.476 2143492.500
 720 21.76 11295.542 11273.782 51809.600
 102 114.224 4717624552142022.819 4717624552141908.595 4130151765077311.700
 206 50.8163 16955137.228 16955086.4117 33365448.500
 308 32.8113 1043.362 1010.5507 3079.800
 413 24.6153 86.773 62.1577 252.500
 518 18.8067 42.106 23.2993 123.800
 619 15.8553 27.797 11.9417 75.300
 720 13.7807 20.747 6.9663 50.500
 102 175.407 15586912401274391508.336 15586912401274391332.929 8886140462623721592.000
 206 68.1993 42858070915.563 42858070847.3637 62842391120.300
 308 42.3917 632114.867 632072.4753 1491028.800
 413 31.263 856.883 825.620 2640.800
 518 24.568 90.734 66.166 269.300
 619 20.2783 43.061 22.7827 112.300
 720 17.5813 28.190 10.6087 60.300
 102 246.935 497701147150.663 497701146903.728 201551479905.100
 206 125.462 1719273311972.065 1719273311846.603 1370353821752.000
 308 81.6223 101554060939.163 101554060857.5407 124419504054.000
 413 61.099 906073345.617 906073284.518 1482959270.200
 518 49.1773 2997838.397 2997789.2197 6095880.000
 619 39.8147 56926.156 56886.3413 142877.700
 720 33.604 1532.833 1499.229 4461.400
 102 255.88 1217902299971236.413 1217902299970980.533 475966195080108.000
 206 128.049 626253163045.396 626253162917.347 489073060248.300
 308 86.3823 7646364713.022 7646364626.6397 8851772442.500
 413 64.6147 342505693.143 342505628.5283 530073850.800
 518 51.2947 31285560.754 31285509.4593 60991699.800
 619 41.787 4491603.533 4491561.746 10748705.900
 720 36.0297 886464.168 886428.1383 2460270.600
 102 140.108 6899237851717644875.612 6899237851717644735.504 4924228346502444354.000
 206 55.7787 19207196006.809 19207195951.0303 34434642526.600
 308 35.32 305385.443 305350.123 864524.600
 413 25.3887 557.056 531.6673 2094.100
 518 20.5493 80.232 59.6827 290.400
 619 16.591 40.508 23.917 144.100
 720 14.3397 27.078 12.7383 88.800
 102 247.641 150672924.098 150672676.457 60843186.800
 206 122.352 6537955352.576 6537955230.224 5343562205.900
 308 81.895 694195440.674 694195358.779 847665130.600
 413 60.3893 3827154.493 3827094.1037 6337371.100
 518 45.05 12310.183 12265.133 27225.600
 619 35.4507 336.764 301.3133 849.900
 720 29.3827 75.864 46.4813 158.100
 102 249.81 44668703.703 44668453.893 17880971.000
 206 124.495 3022137829.130 3022137704.635 2427517333.700
 308 81.8787 1380493724.038 1380493642.1593 1686022912.100
 413 62.1517 136216034.099 136215971.9473 219166928.500
 518 49.4643 6208732.364 6208682.8997 12551846.200
 619 40.7737 222101.378 222060.6043 544617.200
 720 35.0133 15705.710 15670.6967 44756.400
 102 246.999 296528497.131 296528250.132 120052409.100
 206 123.518 5670499068.313 5670498944.795 4590828012.700
 308 82.111 365505111.299 365505029.188 445135279.300
 413 56.2353 157035.950 156979.7147 279147.900
 518 41.7197 955.957 914.2373 2191.300
 619 32.579 103.926 71.347 218.900
 720 26.9073 46.246 19.3387 71.800
 102 226.619 35881604880372594002829200409.313 35881604880372594002829200182.694 15833449481452391018771241679.900
 206 108.258 76276134370248024379.473 76276134370248024271.215 70457734643396353406.800
 308 71.07 697727745713813.219 697727745713742.149 981747215018632.500
 413 52.505 200018019176.980 200018019124.475 380950422101.600
 518 41.6317 389962231.119 389962189.4873 936695329.400
 619 34.541 2642172.782 2642138.241 7649281.200
 720 29.731 46069.311 46039.580 154853.700
 102 252.515 8517474574433155.645 8517474574432903.130 3373056877584659.500
 206 124.441 20605482459422.351 20605482459297.910 16558435290055.400
 308 84.945 702806757675.330 702806757590.385 827366834528.600
 413 63.1537 13346872168.488 13346872105.3343 21133951146.700
 518 50.1903 630674757.697 630674707.5067 1256566921.300
 619 41.5333 52913639.406 52913597.8727 127400418.100
 720 35.281 6648889.542 6648854.261 18845424.600
 102 166.666 10914313808934540961656.340 10914313808934540961489.674 6548614479818643851469.200
 206 79.2473 26556021811266.232 26556021811186.9847 33510317463417.600
 308 51.8303 304057432.496 304057380.6657 586640209.800
 413 38.622 132389.724 132351.102 342683.100
 518 30.6023 840.318 809.7157 2645.900
 619 25.4943 99.707 74.2127 291.000
 720 21.5857 45.181 23.5953 109.300
 102 250.799 134.840 115.959 46.200
 206 71.7897 51.445 20.3447 28.300
 308 38.4663 31.593 6.8733 17.800
 413 26.2457 22.794 3.4517 13.100
 518 20.001 17.825 2.176 10.800
 619 16.071 14.636 1.435 8.900
 720 13.4697 12.415 1.0547 7.800
 102 282.109 171.950 110.159 39.000
 206 125.176 57.180 67.996 54.300
 308 62.253 33.777 28.476 45.700
 413 35.945 23.920 12.025 33.400
 518 25.0693 18.497 6.5723 26.200
 619 19.3183 15.100 4.2183 21.800
 720 16.8547 12.743 4.1117 24.300
 102 191.531 20688773977606723742175.805 20688773977606723741984.274 10801788732689081006199.600
 206 92.7693 50164041382738.575 50164041382645.8057 54073967770206.000
 308 60.5723 559167543.078 559167482.5057 923140581.500
 413 42.0947 233390.940 233348.8453 554342.500
 518 31.776 1247.821 1216.045 3826.900
 619 25.791 115.395 89.604 347.400
 720 22.136 48.551 26.415 119.300
 102 216.011 54137503971669163.376 54137503971668947.365 25062382921086864.700
 206 124.434 275297516179761596.743 275297516179761472.309 221239786697977620.500
 308 81.8463 2024361787604899.417 2024361787604817.5707 2473369947822708.600
 413 60.9297 754265049399.910 754265049338.9803 1237926740717.500
 518 49.1637 1767559002.537 1767558953.3733 3595252093.200
 619 40.3973 21914705.148 21914664.7507 54247845.100
 720 34.566 344306.834 344272.268 995985.200
 102 264.279 606155.325 605891.046 229261.800
 206 129.171 3671556.218 3671427.047 2842299.700
 308 84.693 3618289197.148 3618289112.455 4272241049.900
 413 41.8453 1487024.148 1486982.3027 3553522.800
 518 39.3 3914345.725 3914306.425 9960067.200
 619 30.441 213249.197 213218.756 700432.800
 720 16.4043 370.298 353.8937 2157.300
 102 132.225 299902703.861 299902571.636 226812306.000
 206 53.1113 239.943 186.8317 351.700
 308 32.7453 61.083 28.3377 86.500
 413 22.7017 34.816 12.1143 53.300
 518 17.967 24.428 6.461 35.900
 619 14.844 18.827 3.983 26.800
 720 12.7357 15.329 2.5933 20.300
 102 138.891 28853063617.249 28853063478.358 20773889941.200
 206 54.5467 957.440 902.8933 1655.200
 308 32.913 79.351 46.438 141.000
 413 23.1687 40.263 17.0943 73.700
 518 18.1723 26.984 8.8117 48.400
 619 14.919 20.288 5.369 35.900
 720 12.761 16.254 3.493 27.300
 102 266.546 4449303834.869 4449303568.323 1669244171.100
 206 125.842 1254583664.803 1254583538.961 996951366.700
 308 85.1283 75705562.352 75705477.2237 88931033.700
 413 66.097 91373380.218 91373314.121 138241242.500
 518 50.445 15834180.829 15834130.384 31388899.500
 619 41.665 3807804.374 3807762.709 9138996.000
 720 35.9423 1148955.814 1148919.8717 3196567.400
 102 280.38 424641285.816 424641005.436 151451959.900
 206 143.573 13561931.448 13561787.875 9445918.000
 308 91.075 1825752.203 1825661.128 2004568.900
 413 68.09 443238.092 443170.002 650859.100
 518 54.394 148659.585 148605.191 273201.400
 619 45.1093 61181.250 61136.1407 135528.900
 720 38.5413 29003.488 28964.9467 75153.000
 102 112.99 22494617971459281470903297.616 22494617971459281470903184.626 19908503382121675786267089.600
 206 49.8027 50336762705277721.848 50336762705277672.0453 101072356931005090.100
 308 30.8333 493052056050.528 493052056019.6947 1599089477998.400
 413 22.2187 155785615.788 155785593.5693 701146302.700
 518 14.7633 365116.944 365102.1807 2473039.000
 619 13.7223 3720.792 3707.0697 27014.900
 720 12.9823 186.510 173.5277 1336.600
 102 93.3923 1716956515.680 1716956422.2877 1838434669.900
 206 32.8277 246.840 214.0123 651.900
 308 20.2953 54.784 34.4887 169.900
 413 14.786 26.412 11.626 78.600
 518 11.744 16.512 4.768 40.500
 619 9.69833 12.544 2.84567 29.300
 720 8.29333 10.066 1.77267 21.300
 102 144.242 18507639664938294489972.240 18507639664938294489827.998 12830964396596202555308.400
 206 72.4583 10899186230408133.072 10899186230408060.6137 15042012068193789.500
 308 47.6707 759569748876.448 759569748828.7773 1593368146112.300
 413 35.678 4291405239.072 4291405203.394 12028155175.100
 518 24.9507 83488128.979 83488104.0283 334612271.500
 619 11.722 927.552 915.830 7812.900
 720 11.3183 1410.100 1398.7817 12358.500
 102 143.43 508338966111153466.656 508338966111153323.226 354416067845745885.200
 206 42.892 5588588216.880 5588588173.988 13029441793.300
 308 25.6687 94049.680 94024.0113 366298.200
 413 17.5847 231.864 214.2793 1218.500
 518 13.9173 42.662 28.7447 206.500
 619 10.7937 22.592 11.7983 109.300
 720 9.36967 15.373 6.00333 64.000
 102 288.206 20725.514 20437.308 7091.200
 206 137.144 1603.788 1466.644 1069.400
 308 90.6543 401.725 311.0707 343.100
 413 62.455 263.659 201.204 322.100
 518 49.2197 498.073 448.8533 911.900
 619 39.176 318.565 279.389 713.100
 720 27.5723 75.513 47.9407 173.800
 102 371.821 337308425033574.850 337308425033203.029 90717959726105.500
 206 177.39 502148081.971 502147904.581 283075655.000
 308 108.657 12783.288 12674.631 11664.800
 413 77.1237 209.725 132.6013 171.900
 518 60.1813 77.758 17.5767 29.200
 619 48.4417 47.616 .8257 1.700
 720 40.3217 34.282 6.0397 14.900
 102 283.59 32188552354149231274597.171 32188552354149231274313.581 11350383424714986873413.500
 206 132.343 77608730830028.513 77608730829896.170 58642112412364.900
 308 85.0743 864437820.784 864437735.7097 1016097382.700
 413 61.5943 363490.928 363429.3337 590037.200
 518 48.0623 1936.490 1888.4277 3929.100
 619 40.1777 174.428 134.2503 334.100
 720 34.077 73.129 39.052 114.500
 102 369.754 133.693 236.061 63.800
 206 115.257 63.959 51.298 44.500
 308 57.6677 42.065 15.6027 27.000
 413 38.3637 31.334 7.0297 18.300
 518 29.3897 24.969 4.4207 15.000
 619 23.882 20.746 3.136 13.100
 720 20.1817 17.747 2.4347 12.000
 102 400.074 49492.623 49092.549 12270.800
 206 186.946 10458.624 10271.678 5494.400
 308 118.027 242.810 124.783 105.700
 413 60.3433 81.684 21.3407 35.300
 518 49.1723 49.053 .1193 .200
 619 32.7693 35.061 2.2917 6.900
 720 25.523 27.243 1.720 6.700
 102 246.13 726511711885505.249 726511711885259.119 295173977932498.700
 206 111.471 3015531.479 3015420.008 2705116.100
 308 71.4413 557.547 486.1057 680.400
 413 51.9903 103.434 51.4437 98.900
 518 40.954 56.107 15.153 37.000
 619 33.802 38.563 4.761 14.000
 720 28.9983 29.350 .3517 1.200
 102 373.599 273692811230693207.040 273692811230692833.441 73258443205333213.800
 206 185.441 283711063826995.875 283711063826810.434 152992630446778.400
 308 115.578 8652678627.409 8652678511.831 7486440768.800
 413 81.3163 3207367.895 3207286.5787 3944211.100
 518 61.5197 11001.987 10940.4673 17783.600
 619 49.3707 381.890 332.5193 673.500
 720 40.5513 101.637 61.0857 150.600
 102 371.039 586987001.978 586986630.939 158200790.400
 206 129.413 7229.399 7099.986 5486.300
 308 71.148 148.930 77.782 109.300
 413 49.3087 67.215 17.9063 36.300
 518 36.956 43.474 6.518 17.600
 619 30.0213 32.092 2.0707 6.800
 720 24.7613 25.435 .6737 2.700
 102 244.579 915338768137.011 915338767892.432 374250760650.900
 206 123.671 821632.901 821509.230 664269.900
 308 48.082 326.252 278.170 578.500
 413 34.814 80.158 45.344 130.200
 518 27.4497 40.927 13.4773 49.000
 619 22.5237 27.838 5.3143 23.500
 720 19.2183 20.724 1.5057 7.800
 102 154.622 3664.936 3510.314 2270.200
 206 66.508 7810.703 7744.195 11644.000
 308 36.1513 93.987 57.8357 159.900
 413 25.422 43.970 18.548 72.900
 518 19.6867 28.491 8.8043 44.700
 619 16.0877 21.353 5.2653 32.700
 720 13.6383 17.026 3.3877 24.800
 102 96.888 257.310 160.422 165.500
 206 46.2213 61.890 15.6687 33.800
 308 30.658 35.252 4.594 14.900
 413 22.9293 24.657 1.7277 7.500
 518 18.318 18.956 .638 3.400
 619 15.195 15.373 .178 1.100
 720 13.0457 12.954 .0917 .700
 102 274.921 31006914899.886 31006914624.965 11278481681.900
 206 137.223 251983135.047 251982997.824 183630293.600
 308 91.4383 15369253.914 15369162.4757 16808232.900
 413 68.459 2141878.005 2141809.546 3128601.800
 518 54.7883 469959.720 469904.9317 857673.800
 619 45.7403 137449.993 137404.2527 300400.800
 720 39.2227 49033.345 48994.1223 124912.600
 102 108.259 2597589614.264 2597589506.005 2399421300.700
 206 53.5107 21826.109 21772.5983 40688.300
 308 33.9337 1288.515 1254.5813 3697.100
 413 23.684 72.826 49.142 207.400
 518 20.8827 60.735 39.8523 190.800
 619 15.1297 27.196 12.0663 79.700
 720 13.3027 23.696 10.3933 78.100
 102 120.867 464.486 343.619 284.200
 206 56.5843 69.263 12.6787 22.400
 308 36.833 37.573 .740 2.000
 413 27.3917 25.825 1.5667 5.700
 518 21.7583 19.562 2.1963 10.000
 619 18.093 15.796 2.297 12.600
 720 15.448 13.258 2.190 14.100
 102 208.991 6028.738 5819.747 2784.600
 206 123.537 185930.096 185806.559 150405.500
 308 52.672 2624.789 2572.117 4883.200
 413 32.664 174.264 141.600 433.500
 518 23.3433 58.015 34.6717 148.500
 619 18.1473 34.664 16.5167 91.000
 720 15.152 24.855 9.703 64.000
 102 205.803 97004.584 96798.781 47034.600
 206 124.412 235623.424 235499.012 189289.600
 308 82.648 189509.674 189427.026 229197.300
 413 61.9777 14968.852 14906.8743 24051.900
 518 49.6907 1127.104 1077.4133 2168.200
 619 39.0557 171.440 132.3843 338.900
 720 20.0527 56.427 36.3743 181.300
 102 281.819 189441578845709948224051.200 189441578845709948223769.381 67221010239093158454103.300
 206 117.921 151118484783658576.732 151118484783658458.811 128152309413640029.100
 308 72.7767 1469736747977.041 1469736747904.2643 2019515515136.300
 413 51.6597 459033429.852 459033378.1923 888571513.500
 518 39.1467 1054823.464 1054784.3173 2694439.900
 619 31.5883 10062.697 10031.1087 31755.700
 720 26.4437 420.487 394.0433 1490.100
 102 249.674 2809886753243964580.904 2809886753243964331.230 1125422251914081695.000
 206 124.043 687190372621090.897 687190372620966.854 553993673662332.200
 308 82.2933 1252512005974.228 1252512005891.9347 1522009696891.400
 413 61.105 32726580904.550 32726580843.445 53557942628.900
 518 49.584 1314696731.246 1314696681.662 2651453456.000
 619 40.7823 35760978.286 35760937.5037 87687397.400
 720 35.0883 1464274.150 1464239.0617 4173012.200
 102 239.179 1756833217197162265511942.389 1756833217197162265511703.210 734526533348313299040343.500
 206 104.273 4027229282037618.606 4027229282037514.333 3862197579466893.900
 308 62.843 41243933522.673 41243933459.830 65630115462.000
 413 44.051 14097781.288 14097737.237 32003217.200
 518 33.6753 39914.340 39880.6647 118427.000
 619 26.9417 711.348 684.4063 2540.300
 720 22.8313 102.755 79.9237 350.000
 102 248.35 17017262459431491904244291.174 17017262459431491904244042.824 6852129035406278197803117.700
 206 123.868 12522642957638447565.578 12522642957638447441.710 10109667515127754901.700
 308 82.3047 790949291604018.677 790949291603936.3723 961001366390906.400
 413 61.4027 297470634667.089 297470634605.6863 484458557369.100
 518 49.1317 1320801407.614 1320801358.4823 2688287518.000
 619 40.2163 8639208.059 8639167.8427 21481757.000
 720 33.9637 141086.941 141052.9773 415305.000
 102 252.939 66451280775030.702 66451280774777.763 26271662643869.700
 206 125.993 68291996987.842 68291996861.849 54203008787.600
 308 85.6653 8724545083.812 8724544998.1467 10184456247.900
 413 63.8637 389887902.965 389887839.1013 610499922.600
 518 50.3387 35642682.572 35642632.2333 70805627.100
 619 41.5367 5115798.036 5115756.4993 12316232.300
 720 35.892 1004124.455 1004088.563 2797527.400
 102 187.05 24955160379403124318910.791 24955160379403124318723.741 13341438320985364511480.200
 206 90.619 60358013930138.132 60358013930047.513 66606356205704.600
 308 59.3587 669707639.851 669707580.4923 1128238287.700
 413 43.6317 276321.853 276278.2213 633205.200
 518 34.3407 1431.011 1396.6703 4067.000
 619 28.447 120.870 92.423 324.800
 720 23.9067 49.581 25.6743 107.300
 102 281.543 3210.362 2928.819 1040.200
 206 138.193 327.475 189.282 136.900
 308 86.78 109.224 22.444 25.800
 413 63.6613 55.500 8.1613 12.800
 518 50.347 37.453 12.894 25.600
 619 40.8047 27.005 13.7997 33.800
 720 31.1123 20.349 10.7633 34.500
