.0917 0.0025974
.1193 0.00519481
.178 0.00779221
.3517 0.0103896
.638 0.012987
.6737 0.0155844
.740 0.0181818
.8257 0.0207792
1.0547 0.0233766
1.435 0.025974
1.5057 0.0285714
1.5667 0.0311688
1.720 0.0337662
1.7277 0.0363636
1.77267 0.038961
2.0707 0.0415584
2.176 0.0441558
2.190 0.0467532
2.1963 0.0493506
2.2917 0.0519481
2.297 0.0545455
2.420 0.0571429
2.4347 0.0597403
2.5933 0.0623377
2.84567 0.0649351
3.136 0.0675325
3.3877 0.0701299
3.4517 0.0727273
3.493 0.0753247
3.668 0.0779221
3.983 0.0805195
4.1117 0.0831169
4.2183 0.0857143
4.4207 0.0883117
4.594 0.0909091
4.761 0.0935065
4.768 0.0961039
5.2653 0.0987013
5.3143 0.101299
5.369 0.103896
6.00333 0.106494
6.0057 0.109091
6.0397 0.111688
6.461 0.114286
6.518 0.116883
6.5723 0.119481
6.762 0.122078
6.8733 0.124675
6.9663 0.127273
7.0297 0.12987
8.1613 0.132468
8.8043 0.135065
8.8117 0.137662
9.1883 0.14026
9.703 0.142857
10.3933 0.145455
10.461 0.148052
10.6087 0.150649
10.7633 0.153247
11.626 0.155844
11.7983 0.158442
11.9417 0.161039
12.025 0.163636
12.0663 0.166234
12.1143 0.168831
12.1247 0.171429
12.6787 0.174026
12.7383 0.176623
12.894 0.179221
13.4773 0.181818
13.7997 0.184416
15.153 0.187013
15.6027 0.18961
15.6687 0.192208
16.5167 0.194805
16.6143 0.197403
17.0943 0.2
17.5767 0.202597
17.9063 0.205195
18.548 0.207792
19.3387 0.21039
20.3447 0.212987
21.3407 0.215584
22.444 0.218182
22.6243 0.220779
22.7827 0.223377
23.2993 0.225974
23.5603 0.228571
23.5953 0.231169
23.917 0.233766
25.013 0.236364
25.6743 0.238961
26.415 0.241558
28.3377 0.244156
28.476 0.246753
28.7447 0.249351
34.4887 0.251948
34.6717 0.254545
36.3743 0.257143
39.052 0.25974
39.8523 0.262338
41.5177 0.264935
45.344 0.267532
46.438 0.27013
46.4813 0.272727
47.9407 0.275325
49.142 0.277922
51.298 0.280519
51.4437 0.283117
57.8357 0.285714
59.6827 0.288312
61.0857 0.290909
62.1577 0.293506
62.5393 0.296104
66.166 0.298701
67.996 0.301299
70.402 0.303896
71.347 0.306494
74.2127 0.309091
77.782 0.311688
79.9237 0.314286
89.604 0.316883
92.423 0.319481
110.159 0.322078
115.959 0.324675
121.094 0.327273
124.783 0.32987
132.3843 0.332468
132.6013 0.335065
134.2503 0.337662
141.600 0.34026
160.422 0.342857
173.5277 0.345455
186.8317 0.348052
189.282 0.350649
201.204 0.353247
214.0123 0.355844
214.2793 0.358442
236.061 0.361039
252.442 0.363636
278.170 0.366234
279.389 0.368831
301.3133 0.371429
311.0707 0.374026
332.5193 0.376623
343.619 0.379221
353.8937 0.381818
394.0433 0.384416
448.8533 0.387013
486.1057 0.38961
531.6673 0.392208
538.946 0.394805
684.4063 0.397403
809.7157 0.4
825.620 0.402597
902.8933 0.405195
914.2373 0.407792
915.830 0.41039
1010.5507 0.412987
1077.4133 0.415584
1216.045 0.418182
1254.5813 0.420779
1396.6703 0.423377
1398.7817 0.425974
1466.644 0.428571
1499.229 0.431169
1638.2283 0.433766
1888.4277 0.436364
2572.117 0.438961
2928.819 0.441558
3510.314 0.444156
3707.0697 0.446753
5186.2037 0.449351
5819.747 0.451948
6215.644 0.454545
7099.986 0.457143
7744.195 0.45974
10031.1087 0.462338
10271.678 0.464935
10940.4673 0.467532
11273.782 0.47013
12265.133 0.472727
12674.631 0.475325
12826.6083 0.477922
14906.8743 0.480519
15670.6967 0.483117
20247.9547 0.485714
20437.308 0.488312
21772.5983 0.490909
22934.860 0.493506
28964.9467 0.496104
39880.6647 0.498701
46039.580 0.501299
48994.1223 0.503896
49092.549 0.506494
56886.3413 0.509091
61136.1407 0.511688
71829.1613 0.514286
74617.755 0.516883
94024.0113 0.519481
96798.781 0.522078
118740.531 0.524675
132351.102 0.527273
137404.2527 0.52987
141052.9773 0.532468
148605.191 0.535065
156979.7147 0.537662
163030.409 0.54026
185806.559 0.542857
189427.026 0.545455
213218.756 0.548052
222060.6043 0.550649
233348.8453 0.553247
235499.012 0.555844
276278.2213 0.558442
305350.123 0.561039
344272.268 0.563636
363429.3337 0.566234
365102.1807 0.568831
443170.002 0.571429
469904.9317 0.574026
504613.4317 0.576623
568861.476 0.579221
605891.046 0.581818
632072.4753 0.584416
821509.230 0.587013
886428.1383 0.58961
1004088.563 0.592208
1054784.3173 0.594805
1148919.8717 0.597403
1464239.0617 0.6
1486982.3027 0.602597
1825661.128 0.605195
2141809.546 0.607792
2642138.241 0.61039
2997789.2197 0.612987
3015420.008 0.615584
3207286.5787 0.618182
3671427.047 0.620779
3807762.709 0.623377
3827094.1037 0.625974
3914306.425 0.628571
4491561.746 0.631169
4858485.512 0.633766
5115756.4993 0.636364
6208682.8997 0.638961
6648854.261 0.641558
8639167.8427 0.644156
13561787.875 0.646753
14097737.237 0.649351
15369162.4757 0.651948
15834130.384 0.654545
16955086.4117 0.657143
21854936.3047 0.65974
21914664.7507 0.662338
26063961.481 0.664935
27606597.172 0.667532
31285509.4593 0.67013
35642632.2333 0.672727
35760937.5037 0.675325
36252401.041 0.677922
44668453.893 0.680519
52913597.8727 0.683117
59785580.8847 0.685714
75705477.2237 0.688312
79828260.4933 0.690909
83488104.0283 0.693506
86884760.0953 0.696104
91373314.121 0.698701
136215971.9473 0.701299
150672676.457 0.703896
155785593.5693 0.706494
158233496.1893 0.709091
251982997.824 0.711688
296528250.132 0.714286
299902571.636 0.716883
304057380.6657 0.719481
342505628.5283 0.722078
342745274.880 0.724675
365505029.188 0.727273
389887839.1013 0.72987
389962189.4873 0.732468
424641005.436 0.735065
441797057.9747 0.737662
459033378.1923 0.74026
502147904.581 0.742857
553129820.2593 0.745455
559167482.5057 0.748052
586986630.939 0.750649
630674707.5067 0.753247
669707580.4923 0.755844
694195358.779 0.758442
864437735.7097 0.761039
906073284.518 0.763636
1254583538.961 0.766234
1314696681.662 0.768831
1320801358.4823 0.771429
1380493642.1593 0.774026
1716956422.2877 0.776623
1767558953.3733 0.779221
2597589506.005 0.781818
3022137704.635 0.784416
3142147992.286 0.787013
3618289112.455 0.78961
4153889052.1113 0.792208
4291405203.394 0.794805
4449303568.323 0.797403
5588588173.988 0.8
5670498944.795 0.802597
6537955230.224 0.805195
7646364626.6397 0.807792
8652678511.831 0.81039
8724544998.1467 0.812987
13346872105.3343 0.815584
16264163520.4843 0.818182
19207195951.0303 0.820779
28853063478.358 0.823377
31006914624.965 0.825974
32726580843.445 0.828571
40094669999.700 0.831169
41243933459.830 0.833766
42858070847.3637 0.836364
68291996861.849 0.838961
101554060857.5407 0.841558
200018019124.475 0.844156
297470634605.6863 0.846753
493052056019.6947 0.849351
497701146903.728 0.851948
626253162917.347 0.854545
702806757590.385 0.857143
754265049338.9803 0.85974
759569748828.7773 0.862338
915338767892.432 0.864935
1252512005891.9347 0.867532
1469736747904.2643 0.87013
1719273311846.603 0.872727
5353072276808.694 0.875325
20605482459297.910 0.877922
26556021811186.9847 0.880519
31638918340021.216 0.883117
50164041382645.8057 0.885714
60358013930047.513 0.888312
66451280774777.763 0.890909
77608730829896.170 0.893506
136707245726306.000 0.896104
283711063826810.434 0.898701
337308425033203.029 0.901299
687190372620966.854 0.903896
697727745713742.149 0.906494
726511711885259.119 0.909091
790949291603936.3723 0.911688
1217902299970980.533 0.914286
2024361787604817.5707 0.916883
4027229282037514.333 0.919481
4717624552141908.595 0.922078
8517474574432903.130 0.924675
10484879501995511.965 0.927273
10899186230408060.6137 0.92987
50336762705277672.0453 0.932468
54137503971668947.365 0.935065
64362909150247737.656 0.937662
81627063987675312.006 0.94026
151118484783658458.811 0.942857
273692811230692833.441 0.945455
275297516179761472.309 0.948052
508338966111153323.226 0.950649
1422094197737313406.423 0.953247
2809886753243964331.230 0.955844
3524898402587303185.408 0.958442
6568606378839871309.363 0.961039
6899237851717644735.504 0.963636
12522642957638447441.710 0.966234
15586912401274391332.929 0.968831
76276134370248024271.215 0.971429
10914313808934540961489.674 0.974026
18507639664938294489827.998 0.976623
20688773977606723741984.274 0.979221
24955160379403124318723.741 0.981818
32188552354149231274313.581 0.984416
189441578845709948223769.381 0.987013
1756833217197162265511703.210 0.98961
11652444373571975625078320.593 0.992208
17017262459431491904244042.824 0.994805
22494617971459281470903184.626 0.997403
35881604880372594002829200182.694 1
