 0.0136986
 0.0136986
.100 0.0205479
.600 0.0273973
1.200 0.0342466
1.300 0.0410959
1.600 0.0479452
2.600 0.0547945
2.800 0.0616438
3.500 0.0684932
5.500 0.0753425
6.900 0.0821918
7.000 0.0958904
7.000 0.0958904
7.600 0.10274
7.700 0.109589
8.800 0.116438
9.600 0.123288
9.800 0.130137
10.700 0.136986
11.900 0.143836
12.300 0.150685
13.000 0.164384
13.000 0.164384
14.000 0.171233
14.100 0.178082
14.800 0.184932
14.900 0.191781
15.200 0.19863
17.700 0.212329
17.700 0.212329
18.200 0.219178
19.500 0.226027
20.400 0.232877
20.900 0.239726
21.800 0.246575
24.100 0.253425
24.300 0.260274
25.600 0.267123
25.900 0.273973
26.100 0.280822
26.200 0.294521
26.200 0.294521
26.600 0.30137
26.900 0.308219
27.100 0.315068
27.600 0.321918
28.200 0.328767
29.300 0.335616
31.300 0.342466
33.400 0.349315
33.600 0.356164
34.400 0.363014
34.500 0.369863
34.800 0.376712
35.400 0.390411
35.400 0.390411
36.200 0.39726
36.500 0.410959
36.500 0.410959
37.200 0.417808
38.600 0.424658
44.400 0.431507
44.600 0.438356
45.600 0.445205
46.900 0.452055
48.700 0.458904
50.700 0.465753
50.800 0.479452
50.800 0.479452
54.000 0.486301
54.200 0.493151
57.300 0.5
58.700 0.506849
59.000 0.513699
60.700 0.520548
63.800 0.527397
64.100 0.534247
68.400 0.541096
72.000 0.547945
73.500 0.554795
74.100 0.561644
75.600 0.568493
83.200 0.575342
84.000 0.582192
85.700 0.589041
86.700 0.59589
89.200 0.60274
90.800 0.609589
99.300 0.616438
104.300 0.623288
106.700 0.630137
106.800 0.636986
107.700 0.643836
109.400 0.650685
109.700 0.657534
110.100 0.664384
112.700 0.671233
114.700 0.684932
114.700 0.684932
119.500 0.691781
124.200 0.69863
133.900 0.705479
141.500 0.712329
144.500 0.719178
145.900 0.726027
152.200 0.732877
160.500 0.739726
165.900 0.746575
167.200 0.753425
169.300 0.760274
175.600 0.767123
183.000 0.773973
188.500 0.780822
190.200 0.787671
198.300 0.794521
198.800 0.80137
207.900 0.808219
226.900 0.815068
253.200 0.821918
259.100 0.828767
260.500 0.835616
270.800 0.842466
280.000 0.849315
291.300 0.856164
298.500 0.863014
307.500 0.869863
314.800 0.876712
343.600 0.883562
350.500 0.890411
353.700 0.89726
363.300 0.90411
369.000 0.910959
404.400 0.917808
826.700 0.924658
961.500 0.931507
999.000 0.938356
1099.200 0.945205
1137.500 0.952055
2173.100 0.958904
3204.900 0.965753
3873.000 0.972603
4102.300 0.979452
4853.200 0.986301
10903.900 0.993151
17136.200 1
