 0.0136986
 0.0136986
.0797 0.0205479
.0833 0.0273973
.209 0.0342466
.3587 0.0410959
.654 0.0479452
.7077 0.0547945
.7757 0.0616438
.982 0.0684932
1.0397 0.0753425
1.418 0.0821918
1.5197 0.0890411
1.7607 0.0958904
1.764 0.10274
1.8927 0.109589
2.0963 0.116438
2.1077 0.123288
2.155 0.130137
2.163 0.136986
2.20867 0.143836
2.237 0.150685
2.3067 0.157534
2.4207 0.164384
2.591 0.171233
2.6053 0.178082
3.120 0.184932
3.4297 0.191781
3.524 0.19863
3.5777 0.205479
3.74567 0.212329
3.765 0.219178
4.031 0.226027
4.1017 0.232877
4.2133 0.239726
4.4067 0.246575
4.684 0.253425
4.771 0.260274
5.406 0.267123
5.7093 0.273973
5.9163 0.280822
5.9787 0.287671
6.01433 0.294521
6.0737 0.30137
6.548 0.308219
6.5493 0.315068
6.560 0.321918
6.797 0.328767
6.8413 0.335616
6.931 0.342466
6.9993 0.349315
7.0047 0.356164
8.8607 0.363014
9.2123 0.369863
9.868 0.376712
10.0133 0.383562
10.375 0.390411
10.6747 0.39726
10.7533 0.40411
11.123 0.410959
11.4113 0.417808
11.8463 0.424658
11.9877 0.431507
12.015 0.438356
12.1697 0.445205
12.3073 0.452055
12.7973 0.458904
13.6537 0.465753
13.7127 0.472603
15.268 0.479452
15.5627 0.486301
15.784 0.493151
15.9367 0.5
16.1153 0.506849
16.3567 0.513699
16.7003 0.520548
17.1793 0.527397
17.6927 0.534247
18.0383 0.541096
18.9347 0.547945
19.3997 0.554795
20.2603 0.561644
20.2787 0.568493
21.170 0.575342
21.4017 0.582192
22.8547 0.589041
23.3723 0.59589
23.6223 0.60274
23.7673 0.609589
23.989 0.616438
25.154 0.623288
25.7673 0.630137
26.2733 0.636986
26.466 0.643836
28.3917 0.650685
28.448 0.657534
28.9367 0.664384
37.8093 0.671233
39.114 0.678082
41.4263 0.684932
41.5517 0.691781
44.4077 0.69863
46.596 0.705479
47.1833 0.712329
50.4637 0.719178
51.204 0.726027
51.6527 0.732877
58.234 0.739726
59.8647 0.746575
61.7527 0.753425
62.3337 0.760274
63.4673 0.767123
63.8907 0.773973
66.535 0.780822
67.619 0.787671
70.789 0.794521
71.8877 0.80137
73.943 0.808219
76.1127 0.815068
77.876 0.821918
84.2697 0.828767
88.573 0.835616
93.709 0.842466
97.754 0.849315
112.027 0.856164
122.128 0.863014
126.170 0.869863
135.5003 0.876712
140.8263 0.883562
157.9803 0.890411
160.786 0.89726
187.8857 0.90411
235.957 0.910959
236.610 0.917808
309.901 0.924658
359.072 0.931507
371.677 0.938356
382.1483 0.945205
561.6073 0.952055
590.6267 0.958904
1136.1733 0.965753
1415.5887 0.972603
1607.126 0.979452
2647.2993 0.986301
3361.031 0.993151
4350.6793 1
