.200 0.0025974
.700 0.00519481
1.100 0.00779221
1.200 0.0103896
1.700 0.012987
2.000 0.0155844
2.700 0.0181818
3.400 0.0207792
5.700 0.0233766
6.700 0.025974
6.800 0.0285714
6.900 0.0311688
7.500 0.0337662
7.800 0.038961
7.800 0.038961
8.900 0.0415584
10.000 0.0441558
10.800 0.0467532
12.000 0.0493506
12.600 0.0519481
12.800 0.0545455
13.100 0.0597403
13.100 0.0597403
14.000 0.0623377
14.100 0.0649351
14.900 0.0701299
14.900 0.0701299
15.000 0.0727273
17.600 0.0753247
17.800 0.0779221
18.300 0.0805195
19.500 0.0831169
20.300 0.0857143
21.300 0.0883117
21.800 0.0909091
22.400 0.0935065
23.500 0.0961039
24.300 0.0987013
24.800 0.101299
25.200 0.103896
25.600 0.106494
25.800 0.109091
26.200 0.111688
26.800 0.114286
27.000 0.116883
27.300 0.119481
28.300 0.122078
29.200 0.124675
29.300 0.127273
32.700 0.12987
33.400 0.132468
33.800 0.137662
33.800 0.137662
34.400 0.14026
34.500 0.142857
35.300 0.145455
35.900 0.150649
35.900 0.150649
36.300 0.153247
37.000 0.155844
39.000 0.158442
40.500 0.161039
44.500 0.163636
44.700 0.166234
45.700 0.168831
46.200 0.171429
46.700 0.174026
47.800 0.176623
48.400 0.179221
49.000 0.181818
50.500 0.184416
53.300 0.187013
54.300 0.18961
57.100 0.192208
60.300 0.194805
63.800 0.197403
64.000 0.202597
64.000 0.202597
71.800 0.205195
72.900 0.207792
73.200 0.21039
73.700 0.212987
75.300 0.215584
78.100 0.218182
78.200 0.220779
78.600 0.223377
79.700 0.225974
83.500 0.228571
86.500 0.231169
88.800 0.233766
91.000 0.236364
98.900 0.238961
105.700 0.241558
107.300 0.244156
109.300 0.251948
109.300 0.251948
109.300 0.251948
112.300 0.254545
114.400 0.257143
114.500 0.25974
119.300 0.262338
123.800 0.264935
130.200 0.267532
136.900 0.27013
141.000 0.272727
144.100 0.275325
145.100 0.277922
148.500 0.280519
150.600 0.283117
158.100 0.285714
159.900 0.288312
165.500 0.290909
169.100 0.293506
169.900 0.296104
171.900 0.298701
173.800 0.301299
181.300 0.303896
190.800 0.306494
206.500 0.309091
207.400 0.311688
218.900 0.314286
252.500 0.316883
256.700 0.319481
256.900 0.322078
269.300 0.324675
278.400 0.327273
284.200 0.32987
290.400 0.332468
291.000 0.335065
322.100 0.337662
324.800 0.34026
334.100 0.342857
338.900 0.345455
343.100 0.348052
347.400 0.350649
350.000 0.353247
351.700 0.355844
433.500 0.358442
578.500 0.361039
651.900 0.363636
673.500 0.366234
680.400 0.368831
713.100 0.371429
783.200 0.374026
849.900 0.376623
911.900 0.379221
1040.200 0.381818
1069.400 0.384416
1218.500 0.387013
1336.600 0.38961
1490.100 0.392208
1621.700 0.394805
1655.200 0.397403
2094.100 0.4
2157.300 0.402597
2168.200 0.405195
2191.300 0.407792
2270.200 0.41039
2540.300 0.412987
2640.800 0.415584
2645.900 0.418182
2784.600 0.420779
3079.800 0.423377
3697.100 0.425974
3826.900 0.428571
3929.100 0.431169
4067.000 0.433766
4461.400 0.436364
4651.400 0.438961
4883.200 0.441558
5486.300 0.444156
5494.400 0.446753
7091.200 0.449351
7812.900 0.451948
11644.000 0.454545
11664.800 0.457143
12270.800 0.45974
12358.500 0.462338
14225.400 0.464935
14626.700 0.467532
17783.600 0.47013
24051.900 0.472727
27014.900 0.475325
27225.600 0.477922
31755.700 0.480519
34343.900 0.483117
36524.600 0.485714
39905.800 0.488312
40688.300 0.490909
44756.400 0.493506
47034.600 0.496104
51809.600 0.498701
75153.000 0.501299
118427.000 0.503896
119981.100 0.506494
124912.600 0.509091
128135.400 0.511688
135528.900 0.514286
142877.700 0.516883
150405.500 0.519481
154853.700 0.522078
167037.900 0.524675
174446.500 0.527273
189289.600 0.52987
229197.300 0.532468
229261.800 0.535065
273201.400 0.537662
279147.900 0.54026
300400.800 0.542857
342683.100 0.545455
366298.200 0.548052
415305.000 0.550649
544617.200 0.553247
554342.500 0.555844
590037.200 0.558442
633205.200 0.561039
650859.100 0.563636
664269.900 0.566234
700432.800 0.568831
857673.800 0.571429
864524.600 0.574026
995985.200 0.576623
1246103.700 0.579221
1491028.800 0.581818
1936562.000 0.584416
2004568.900 0.587013
2143492.500 0.58961
2460270.600 0.592208
2473039.000 0.594805
2694439.900 0.597403
2705116.100 0.6
2797527.400 0.602597
2842299.700 0.605195
3128601.800 0.607792
3196567.400 0.61039
3553522.800 0.612987
3944211.100 0.615584
4173012.200 0.618182
6095880.000 0.620779
6337371.100 0.623377
7649281.200 0.625974
9138996.000 0.628571
9445918.000 0.631169
9960067.200 0.633766
10748705.900 0.636364
12316232.300 0.638961
12551846.200 0.641558
16808232.900 0.644156
17880971.000 0.646753
18845424.600 0.649351
20677478.300 0.651948
21481757.000 0.654545
25537545.200 0.657143
31388899.500 0.65974
32003217.200 0.662338
33365448.500 0.664935
34985642.800 0.667532
54247845.100 0.67013
60843186.800 0.672727
60991699.800 0.675325
66888817.000 0.677922
68943878.900 0.680519
70805627.100 0.683117
87687397.400 0.685714
88931033.700 0.688312
120052409.100 0.690909
127400418.100 0.693506
138241242.500 0.696104
151451959.900 0.698701
158200790.400 0.701299
180570903.800 0.703896
183630293.600 0.706494
219166928.500 0.709091
226812306.000 0.711688
233172566.900 0.714286
257383565.400 0.716883
283075655.000 0.719481
334612271.500 0.722078
445135279.300 0.724675
530073850.800 0.727273
586640209.800 0.72987
610499922.600 0.732468
701146302.700 0.735065
816877055.300 0.737662
847665130.600 0.74026
888571513.500 0.742857
892387704.300 0.745455
923140581.500 0.748052
936695329.400 0.750649
996951366.700 0.753247
1016097382.700 0.755844
1128238287.700 0.758442
1211874418.400 0.761039
1256566921.300 0.763636
1482959270.200 0.766234
1533800353.900 0.768831
1669244171.100 0.771429
1686022912.100 0.774026
1838434669.900 0.776623
2399421300.700 0.779221
2427517333.700 0.781818
2651453456.000 0.784416
2688287518.000 0.787013
3595252093.200 0.78961
4272241049.900 0.792208
4590828012.700 0.794805
5343562205.900 0.797403
6215261241.100 0.8
7486440768.800 0.802597
8851772442.500 0.805195
10184456247.900 0.807792
11278481681.900 0.81039
12028155175.100 0.812987
13029441793.300 0.815584
20773889941.200 0.818182
21133951146.700 0.820779
26486406832.700 0.823377
34434642526.600 0.825974
53557942628.900 0.828571
54203008787.600 0.831169
62842391120.300 0.833766
65630115462.000 0.836364
86515341791.100 0.838961
124419504054.000 0.841558
201551479905.100 0.844156
374250760650.900 0.846753
380950422101.600 0.849351
484458557369.100 0.851948
489073060248.300 0.854545
827366834528.600 0.857143
1237926740717.500 0.85974
1370353821752.000 0.862338
1522009696891.400 0.864935
1593368146112.300 0.867532
1599089477998.400 0.87013
2019515515136.300 0.872727
4461599984004.700 0.875325
16558435290055.400 0.877922
26271662643869.700 0.880519
33510317463417.600 0.883117
38927750307619.900 0.885714
54073967770206.000 0.888312
58642112412364.900 0.890909
66606356205704.600 0.893506
90717959726105.500 0.896104
152992630446778.400 0.898701
193839499938045.500 0.901299
295173977932498.700 0.903896
475966195080108.000 0.906494
553993673662332.200 0.909091
961001366390906.400 0.911688
981747215018632.500 0.914286
2473369947822708.600 0.916883
3373056877584659.500 0.919481
3862197579466893.900 0.922078
4130151765077311.700 0.924675
8241015737098368.200 0.927273
15042012068193789.500 0.92987
25062382921086864.700 0.932468
25885775190936260.800 0.935065
46529706428589928.700 0.937662
73258443205333213.800 0.94026
101072356931005090.100 0.942857
128152309413640029.100 0.945455
221239786697977620.500 0.948052
354416067845745885.200 0.950649
961881834175868921.100 0.953247
1125422251914081695.000 0.955844
2923140665240826617.800 0.958442
4924228346502444354.000 0.961039
5375555574610759373.900 0.963636
8886140462623721592.000 0.966234
10109667515127754901.700 0.968831
70457734643396353406.800 0.971429
6548614479818643851469.200 0.974026
10801788732689081006199.600 0.976623
11350383424714986873413.500 0.979221
12830964396596202555308.400 0.981818
13341438320985364511480.200 0.984416
67221010239093158454103.300 0.987013
734526533348313299040343.500 0.98961
4716519482858937093241338.200 0.992208
6852129035406278197803117.700 0.994805
19908503382121675786267089.600 0.997403
15833449481452391018771241679.900 1
