1 
2 
3 .100
4 .600
5 1.200
6 1.300
7 1.600
8 2.600
9 2.800
10 3.500
11 5.500
12 6.900
13 7.000
14 7.000
15 7.600
16 7.700
17 8.800
18 9.600
19 9.800
20 10.700
21 11.900
22 12.300
23 13.000
24 13.000
25 14.000
26 14.100
27 14.800
28 14.900
29 15.200
30 17.700
31 17.700
32 18.200
33 19.500
34 20.400
35 20.900
36 21.800
37 24.100
38 24.300
39 25.600
40 25.900
41 26.100
42 26.200
43 26.200
44 26.600
45 26.900
46 27.100
47 27.600
48 28.200
49 29.300
50 31.300
51 33.400
52 33.600
53 34.400
54 34.500
55 34.800
56 35.400
57 35.400
58 36.200
59 36.500
60 36.500
61 37.200
62 38.600
63 44.400
64 44.600
65 45.600
66 46.900
67 48.700
68 50.700
69 50.800
70 50.800
71 54.000
72 54.200
73 57.300
74 58.700
75 59.000
76 60.700
77 63.800
78 64.100
79 68.400
80 72.000
81 73.500
82 74.100
83 75.600
84 83.200
85 84.000
86 85.700
87 86.700
88 89.200
89 90.800
90 99.300
91 104.300
92 106.700
93 106.800
94 107.700
95 109.400
96 109.700
97 110.100
98 112.700
99 114.700
100 114.700
101 119.500
102 124.200
103 133.900
104 141.500
105 144.500
106 145.900
107 152.200
108 160.500
109 165.900
110 167.200
111 169.300
112 175.600
113 183.000
114 188.500
115 190.200
116 198.300
117 198.800
118 207.900
119 226.900
120 253.200
121 259.100
122 260.500
123 270.800
124 280.000
125 291.300
126 298.500
127 307.500
128 314.800
129 343.600
130 350.500
131 353.700
132 363.300
133 369.000
134 404.400
135 826.700
136 961.500
137 999.000
138 1099.200
139 1137.500
140 2173.100
141 3204.900
142 3873.000
143 4102.300
144 4853.200
145 10903.900
146 17136.200
