1 
2 
3 .0797
4 .0833
5 .209
6 .3587
7 .654
8 .7077
9 .7757
10 .982
11 1.0397
12 1.418
13 1.5197
14 1.7607
15 1.764
16 1.8927
17 2.0963
18 2.1077
19 2.155
20 2.163
21 2.20867
22 2.237
23 2.3067
24 2.4207
25 2.591
26 2.6053
27 3.120
28 3.4297
29 3.524
30 3.5777
31 3.74567
32 3.765
33 4.031
34 4.1017
35 4.2133
36 4.4067
37 4.684
38 4.771
39 5.406
40 5.7093
41 5.9163
42 5.9787
43 6.01433
44 6.0737
45 6.548
46 6.5493
47 6.560
48 6.797
49 6.8413
50 6.931
51 6.9993
52 7.0047
53 8.8607
54 9.2123
55 9.868
56 10.0133
57 10.375
58 10.6747
59 10.7533
60 11.123
61 11.4113
62 11.8463
63 11.9877
64 12.015
65 12.1697
66 12.3073
67 12.7973
68 13.6537
69 13.7127
70 15.268
71 15.5627
72 15.784
73 15.9367
74 16.1153
75 16.3567
76 16.7003
77 17.1793
78 17.6927
79 18.0383
80 18.9347
81 19.3997
82 20.2603
83 20.2787
84 21.170
85 21.4017
86 22.8547
87 23.3723
88 23.6223
89 23.7673
90 23.989
91 25.154
92 25.7673
93 26.2733
94 26.466
95 28.3917
96 28.448
97 28.9367
98 37.8093
99 39.114
100 41.4263
101 41.5517
102 44.4077
103 46.596
104 47.1833
105 50.4637
106 51.204
107 51.6527
108 58.234
109 59.8647
110 61.7527
111 62.3337
112 63.4673
113 63.8907
114 66.535
115 67.619
116 70.789
117 71.8877
118 73.943
119 76.1127
120 77.876
121 84.2697
122 88.573
123 93.709
124 97.754
125 112.027
126 122.128
127 126.170
128 135.5003
129 140.8263
130 157.9803
131 160.786
132 187.8857
133 235.957
134 236.610
135 309.901
136 359.072
137 371.677
138 382.1483
139 561.6073
140 590.6267
141 1136.1733
142 1415.5887
143 1607.126
144 2647.2993
145 3361.031
146 4350.6793
