1 .0917
2 .1193
3 .178
4 .3517
5 .638
6 .6737
7 .740
8 .8257
9 1.0547
10 1.435
11 1.5057
12 1.5667
13 1.720
14 1.7277
15 1.77267
16 2.0707
17 2.176
18 2.190
19 2.1963
20 2.2917
21 2.297
22 2.420
23 2.4347
24 2.5933
25 2.84567
26 3.136
27 3.3877
28 3.4517
29 3.493
30 3.668
31 3.983
32 4.1117
33 4.2183
34 4.4207
35 4.594
36 4.761
37 4.768
38 5.2653
39 5.3143
40 5.369
41 6.00333
42 6.0057
43 6.0397
44 6.461
45 6.518
46 6.5723
47 6.762
48 6.8733
49 6.9663
50 7.0297
51 8.1613
52 8.8043
53 8.8117
54 9.1883
55 9.703
56 10.3933
57 10.461
58 10.6087
59 10.7633
60 11.626
61 11.7983
62 11.9417
63 12.025
64 12.0663
65 12.1143
66 12.1247
67 12.6787
68 12.7383
69 12.894
70 13.4773
71 13.7997
72 15.153
73 15.6027
74 15.6687
75 16.5167
76 16.6143
77 17.0943
78 17.5767
79 17.9063
80 18.548
81 19.3387
82 20.3447
83 21.3407
84 22.444
85 22.6243
86 22.7827
87 23.2993
88 23.5603
89 23.5953
90 23.917
91 25.013
92 25.6743
93 26.415
94 28.3377
95 28.476
96 28.7447
97 34.4887
98 34.6717
99 36.3743
100 39.052
101 39.8523
102 41.5177
103 45.344
104 46.438
105 46.4813
106 47.9407
107 49.142
108 51.298
109 51.4437
110 57.8357
111 59.6827
112 61.0857
113 62.1577
114 62.5393
115 66.166
116 67.996
117 70.402
118 71.347
119 74.2127
120 77.782
121 79.9237
122 89.604
123 92.423
124 110.159
125 115.959
126 121.094
127 124.783
128 132.3843
129 132.6013
130 134.2503
131 141.600
132 160.422
133 173.5277
134 186.8317
135 189.282
136 201.204
137 214.0123
138 214.2793
139 236.061
140 252.442
141 278.170
142 279.389
143 301.3133
144 311.0707
145 332.5193
146 343.619
147 353.8937
148 394.0433
149 448.8533
150 486.1057
151 531.6673
152 538.946
153 684.4063
154 809.7157
155 825.620
156 902.8933
157 914.2373
158 915.830
159 1010.5507
160 1077.4133
161 1216.045
162 1254.5813
163 1396.6703
164 1398.7817
165 1466.644
166 1499.229
167 1638.2283
168 1888.4277
169 2572.117
170 2928.819
171 3510.314
172 3707.0697
173 5186.2037
174 5819.747
175 6215.644
176 7099.986
177 7744.195
178 10031.1087
179 10271.678
180 10940.4673
181 11273.782
182 12265.133
183 12674.631
184 12826.6083
185 14906.8743
186 15670.6967
187 20247.9547
188 20437.308
189 21772.5983
190 22934.860
191 28964.9467
192 39880.6647
193 46039.580
194 48994.1223
195 49092.549
196 56886.3413
197 61136.1407
198 71829.1613
199 74617.755
200 94024.0113
201 96798.781
202 118740.531
203 132351.102
204 137404.2527
205 141052.9773
206 148605.191
207 156979.7147
208 163030.409
209 185806.559
210 189427.026
211 213218.756
212 222060.6043
213 233348.8453
214 235499.012
215 276278.2213
216 305350.123
217 344272.268
218 363429.3337
219 365102.1807
220 443170.002
221 469904.9317
222 504613.4317
223 568861.476
224 605891.046
225 632072.4753
226 821509.230
227 886428.1383
228 1004088.563
229 1054784.3173
230 1148919.8717
231 1464239.0617
232 1486982.3027
233 1825661.128
234 2141809.546
235 2642138.241
236 2997789.2197
237 3015420.008
238 3207286.5787
239 3671427.047
240 3807762.709
241 3827094.1037
242 3914306.425
243 4491561.746
244 4858485.512
245 5115756.4993
246 6208682.8997
247 6648854.261
248 8639167.8427
249 13561787.875
250 14097737.237
251 15369162.4757
252 15834130.384
253 16955086.4117
254 21854936.3047
255 21914664.7507
256 26063961.481
257 27606597.172
258 31285509.4593
259 35642632.2333
260 35760937.5037
261 36252401.041
262 44668453.893
263 52913597.8727
264 59785580.8847
265 75705477.2237
266 79828260.4933
267 83488104.0283
268 86884760.0953
269 91373314.121
270 136215971.9473
271 150672676.457
272 155785593.5693
273 158233496.1893
274 251982997.824
275 296528250.132
276 299902571.636
277 304057380.6657
278 342505628.5283
279 342745274.880
280 365505029.188
281 389887839.1013
282 389962189.4873
283 424641005.436
284 441797057.9747
285 459033378.1923
286 502147904.581
287 553129820.2593
288 559167482.5057
289 586986630.939
290 630674707.5067
291 669707580.4923
292 694195358.779
293 864437735.7097
294 906073284.518
295 1254583538.961
296 1314696681.662
297 1320801358.4823
298 1380493642.1593
299 1716956422.2877
300 1767558953.3733
301 2597589506.005
302 3022137704.635
303 3142147992.286
304 3618289112.455
305 4153889052.1113
306 4291405203.394
307 4449303568.323
308 5588588173.988
309 5670498944.795
310 6537955230.224
311 7646364626.6397
312 8652678511.831
313 8724544998.1467
314 13346872105.3343
315 16264163520.4843
316 19207195951.0303
317 28853063478.358
318 31006914624.965
319 32726580843.445
320 40094669999.700
321 41243933459.830
322 42858070847.3637
323 68291996861.849
324 101554060857.5407
325 200018019124.475
326 297470634605.6863
327 493052056019.6947
328 497701146903.728
329 626253162917.347
330 702806757590.385
331 754265049338.9803
332 759569748828.7773
333 915338767892.432
334 1252512005891.9347
335 1469736747904.2643
336 1719273311846.603
337 5353072276808.694
338 20605482459297.910
339 26556021811186.9847
340 31638918340021.216
341 50164041382645.8057
342 60358013930047.513
343 66451280774777.763
344 77608730829896.170
345 136707245726306.000
346 283711063826810.434
347 337308425033203.029
348 687190372620966.854
349 697727745713742.149
350 726511711885259.119
351 790949291603936.3723
352 1217902299970980.533
353 2024361787604817.5707
354 4027229282037514.333
355 4717624552141908.595
356 8517474574432903.130
357 10484879501995511.965
358 10899186230408060.6137
359 50336762705277672.0453
360 54137503971668947.365
361 64362909150247737.656
362 81627063987675312.006
363 151118484783658458.811
364 273692811230692833.441
365 275297516179761472.309
366 508338966111153323.226
367 1422094197737313406.423
368 2809886753243964331.230
369 3524898402587303185.408
370 6568606378839871309.363
371 6899237851717644735.504
372 12522642957638447441.710
373 15586912401274391332.929
374 76276134370248024271.215
375 10914313808934540961489.674
376 18507639664938294489827.998
377 20688773977606723741984.274
378 24955160379403124318723.741
379 32188552354149231274313.581
380 189441578845709948223769.381
381 1756833217197162265511703.210
382 11652444373571975625078320.593
383 17017262459431491904244042.824
384 22494617971459281470903184.626
385 35881604880372594002829200182.694
