1 .200
2 .700
3 1.100
4 1.200
5 1.700
6 2.000
7 2.700
8 3.400
9 5.700
10 6.700
11 6.800
12 6.900
13 7.500
14 7.800
15 7.800
16 8.900
17 10.000
18 10.800
19 12.000
20 12.600
21 12.800
22 13.100
23 13.100
24 14.000
25 14.100
26 14.900
27 14.900
28 15.000
29 17.600
30 17.800
31 18.300
32 19.500
33 20.300
34 21.300
35 21.800
36 22.400
37 23.500
38 24.300
39 24.800
40 25.200
41 25.600
42 25.800
43 26.200
44 26.800
45 27.000
46 27.300
47 28.300
48 29.200
49 29.300
50 32.700
51 33.400
52 33.800
53 33.800
54 34.400
55 34.500
56 35.300
57 35.900
58 35.900
59 36.300
60 37.000
61 39.000
62 40.500
63 44.500
64 44.700
65 45.700
66 46.200
67 46.700
68 47.800
69 48.400
70 49.000
71 50.500
72 53.300
73 54.300
74 57.100
75 60.300
76 63.800
77 64.000
78 64.000
79 71.800
80 72.900
81 73.200
82 73.700
83 75.300
84 78.100
85 78.200
86 78.600
87 79.700
88 83.500
89 86.500
90 88.800
91 91.000
92 98.900
93 105.700
94 107.300
95 109.300
96 109.300
97 109.300
98 112.300
99 114.400
100 114.500
101 119.300
102 123.800
103 130.200
104 136.900
105 141.000
106 144.100
107 145.100
108 148.500
109 150.600
110 158.100
111 159.900
112 165.500
113 169.100
114 169.900
115 171.900
116 173.800
117 181.300
118 190.800
119 206.500
120 207.400
121 218.900
122 252.500
123 256.700
124 256.900
125 269.300
126 278.400
127 284.200
128 290.400
129 291.000
130 322.100
131 324.800
132 334.100
133 338.900
134 343.100
135 347.400
136 350.000
137 351.700
138 433.500
139 578.500
140 651.900
141 673.500
142 680.400
143 713.100
144 783.200
145 849.900
146 911.900
147 1040.200
148 1069.400
149 1218.500
150 1336.600
151 1490.100
152 1621.700
153 1655.200
154 2094.100
155 2157.300
156 2168.200
157 2191.300
158 2270.200
159 2540.300
160 2640.800
161 2645.900
162 2784.600
163 3079.800
164 3697.100
165 3826.900
166 3929.100
167 4067.000
168 4461.400
169 4651.400
170 4883.200
171 5486.300
172 5494.400
173 7091.200
174 7812.900
175 11644.000
176 11664.800
177 12270.800
178 12358.500
179 14225.400
180 14626.700
181 17783.600
182 24051.900
183 27014.900
184 27225.600
185 31755.700
186 34343.900
187 36524.600
188 39905.800
189 40688.300
190 44756.400
191 47034.600
192 51809.600
193 75153.000
194 118427.000
195 119981.100
196 124912.600
197 128135.400
198 135528.900
199 142877.700
200 150405.500
201 154853.700
202 167037.900
203 174446.500
204 189289.600
205 229197.300
206 229261.800
207 273201.400
208 279147.900
209 300400.800
210 342683.100
211 366298.200
212 415305.000
213 544617.200
214 554342.500
215 590037.200
216 633205.200
217 650859.100
218 664269.900
219 700432.800
220 857673.800
221 864524.600
222 995985.200
223 1246103.700
224 1491028.800
225 1936562.000
226 2004568.900
227 2143492.500
228 2460270.600
229 2473039.000
230 2694439.900
231 2705116.100
232 2797527.400
233 2842299.700
234 3128601.800
235 3196567.400
236 3553522.800
237 3944211.100
238 4173012.200
239 6095880.000
240 6337371.100
241 7649281.200
242 9138996.000
243 9445918.000
244 9960067.200
245 10748705.900
246 12316232.300
247 12551846.200
248 16808232.900
249 17880971.000
250 18845424.600
251 20677478.300
252 21481757.000
253 25537545.200
254 31388899.500
255 32003217.200
256 33365448.500
257 34985642.800
258 54247845.100
259 60843186.800
260 60991699.800
261 66888817.000
262 68943878.900
263 70805627.100
264 87687397.400
265 88931033.700
266 120052409.100
267 127400418.100
268 138241242.500
269 151451959.900
270 158200790.400
271 180570903.800
272 183630293.600
273 219166928.500
274 226812306.000
275 233172566.900
276 257383565.400
277 283075655.000
278 334612271.500
279 445135279.300
280 530073850.800
281 586640209.800
282 610499922.600
283 701146302.700
284 816877055.300
285 847665130.600
286 888571513.500
287 892387704.300
288 923140581.500
289 936695329.400
290 996951366.700
291 1016097382.700
292 1128238287.700
293 1211874418.400
294 1256566921.300
295 1482959270.200
296 1533800353.900
297 1669244171.100
298 1686022912.100
299 1838434669.900
300 2399421300.700
301 2427517333.700
302 2651453456.000
303 2688287518.000
304 3595252093.200
305 4272241049.900
306 4590828012.700
307 5343562205.900
308 6215261241.100
309 7486440768.800
310 8851772442.500
311 10184456247.900
312 11278481681.900
313 12028155175.100
314 13029441793.300
315 20773889941.200
316 21133951146.700
317 26486406832.700
318 34434642526.600
319 53557942628.900
320 54203008787.600
321 62842391120.300
322 65630115462.000
323 86515341791.100
324 124419504054.000
325 201551479905.100
326 374250760650.900
327 380950422101.600
328 484458557369.100
329 489073060248.300
330 827366834528.600
331 1237926740717.500
332 1370353821752.000
333 1522009696891.400
334 1593368146112.300
335 1599089477998.400
336 2019515515136.300
337 4461599984004.700
338 16558435290055.400
339 26271662643869.700
340 33510317463417.600
341 38927750307619.900
342 54073967770206.000
343 58642112412364.900
344 66606356205704.600
345 90717959726105.500
346 152992630446778.400
347 193839499938045.500
348 295173977932498.700
349 475966195080108.000
350 553993673662332.200
351 961001366390906.400
352 981747215018632.500
353 2473369947822708.600
354 3373056877584659.500
355 3862197579466893.900
356 4130151765077311.700
357 8241015737098368.200
358 15042012068193789.500
359 25062382921086864.700
360 25885775190936260.800
361 46529706428589928.700
362 73258443205333213.800
363 101072356931005090.100
364 128152309413640029.100
365 221239786697977620.500
366 354416067845745885.200
367 961881834175868921.100
368 1125422251914081695.000
369 2923140665240826617.800
370 4924228346502444354.000
371 5375555574610759373.900
372 8886140462623721592.000
373 10109667515127754901.700
374 70457734643396353406.800
375 6548614479818643851469.200
376 10801788732689081006199.600
377 11350383424714986873413.500
378 12830964396596202555308.400
379 13341438320985364511480.200
380 67221010239093158454103.300
381 734526533348313299040343.500
382 4716519482858937093241338.200
383 6852129035406278197803117.700
384 19908503382121675786267089.600
385 15833449481452391018771241679.900
