0.000384 0.00277008
0.000650 0.00554017
0.000921 0.00831025
0.001556 0.0110803
0.001775 0.0138504
0.001878 0.0166205
0.002478 0.0193906
0.003253 0.0221607
0.003539 0.0249307
0.005172 0.0277008
0.006679 0.0304709
0.007231 0.033241
0.007245 0.0360111
0.007689 0.0387812
0.007741 0.0415512
0.008220 0.0443213
0.008962 0.0470914
0.009185 0.0498615
0.010233 0.0526316
0.010635 0.0554017
0.010807 0.0581717
0.010841 0.0609418
0.012096 0.0637119
0.012389 0.066482
0.012945 0.0692521
0.013297 0.0720222
0.014334 0.0747922
0.014547 0.0775623
0.014924 0.0803324
0.015193 0.0831025
0.015513 0.0858726
0.015584 0.0886427
0.016404 0.0914127
0.016770 0.0941828
0.017387 0.0969529
0.017691 0.099723
0.018485 0.102493
0.018623 0.105263
0.018770 0.108033
0.018911 0.110803
0.019330 0.113573
0.020228 0.116343
0.020727 0.119114
0.022209 0.121884
0.022235 0.124654
0.022290 0.127424
0.024078 0.130194
0.024689 0.132964
0.024938 0.135734
0.025035 0.138504
0.025215 0.141274
0.025334 0.144044
0.025527 0.146814
0.025824 0.149584
0.025875 0.152355
0.025916 0.155125
0.027216 0.157895
0.027482 0.160665
0.028129 0.163435
0.028618 0.166205
0.028629 0.168975
0.029091 0.171745
0.029340 0.174515
0.029618 0.177285
0.029789 0.180055
0.030114 0.182825
0.030561 0.185596
0.031315 0.188366
0.031416 0.191136
0.031422 0.193906
0.031527 0.196676
0.032259 0.199446
0.032476 0.202216
0.032546 0.204986
0.032805 0.207756
0.033213 0.210526
0.033712 0.213296
0.034021 0.216066
0.035305 0.218837
0.035483 0.221607
0.035991 0.224377
0.036805 0.227147
0.040351 0.229917
0.040828 0.232687
0.042173 0.235457
0.044120 0.238227
0.044519 0.240997
0.050388 0.243767
0.050606 0.246537
0.056167 0.249307
0.056584 0.252078
0.059110 0.254848
0.059412 0.257618
0.063747 0.260388
0.067488 0.263158
0.071623 0.265928
0.071951 0.268698
0.073179 0.271468
0.074631 0.274238
0.075242 0.277008
0.075446 0.279778
0.080704 0.282548
0.083558 0.285319
0.084928 0.288089
0.089334 0.290859
0.090237 0.293629
0.090634 0.296399
0.091729 0.299169
0.094964 0.301939
0.102737 0.304709
0.109873 0.307479
0.110189 0.310249
0.112286 0.313019
0.125501 0.315789
0.127077 0.31856
0.138902 0.32133
0.143978 0.3241
0.150842 0.32687
0.155537 0.32964
0.165743 0.33241
0.171944 0.33518
0.173304 0.33795
0.181326 0.34072
0.187302 0.34349
0.191615 0.34626
0.196936 0.34903
0.200654 0.351801
0.201941 0.354571
0.203125 0.357341
0.208092 0.360111
0.210650 0.362881
0.213637 0.365651
0.218776 0.368421
0.232412 0.371191
0.243786 0.373961
0.261339 0.376731
0.268705 0.379501
0.271285 0.382271
0.279463 0.385042
0.283438 0.387812
0.285486 0.390582
0.288668 0.393352
0.288809 0.396122
0.289543 0.398892
0.290099 0.401662
0.295747 0.404432
0.297992 0.407202
0.300599 0.409972
0.301041 0.412742
0.312152 0.415512
0.313955 0.418283
0.316676 0.421053
0.320831 0.423823
0.324810 0.426593
0.334310 0.429363
0.339292 0.432133
0.345209 0.434903
0.348329 0.437673
0.368727 0.440443
0.369757 0.443213
0.371320 0.445983
0.375836 0.448753
0.386027 0.451524
0.387729 0.454294
0.389633 0.457064
0.399550 0.459834
0.401445 0.462604
0.401617 0.465374
0.403441 0.468144
0.404649 0.470914
0.408046 0.473684
0.429929 0.476454
0.433463 0.479224
0.453019 0.481994
0.457452 0.484765
0.461457 0.487535
0.474728 0.490305
0.490884 0.493075
0.498299 0.495845
0.501417 0.498615
0.503795 0.501385
0.508227 0.504155
0.509745 0.506925
0.510786 0.509695
0.513803 0.512465
0.516069 0.515235
0.516236 0.518006
0.520013 0.520776
0.526099 0.523546
0.533776 0.526316
0.556386 0.529086
0.568182 0.531856
0.576431 0.534626
0.581672 0.537396
0.581982 0.540166
0.583546 0.542936
0.584294 0.545706
0.586857 0.548476
0.588457 0.551247
0.595293 0.554017
0.601689 0.556787
0.605536 0.559557
0.613028 0.562327
0.619273 0.565097
0.620568 0.567867
0.659481 0.570637
0.660692 0.573407
0.663817 0.576177
0.664718 0.578947
0.668600 0.581717
0.678884 0.584488
0.685432 0.587258
0.699431 0.590028
0.699854 0.592798
0.703403 0.595568
0.703906 0.598338
0.706278 0.601108
0.717321 0.603878
0.731212 0.606648
0.755004 0.609418
0.756868 0.612188
0.762154 0.614958
0.766735 0.617729
0.788229 0.620499
0.789691 0.623269
0.791366 0.626039
0.799980 0.628809
0.801075 0.631579
0.815634 0.634349
0.831249 0.637119
0.847226 0.639889
0.848218 0.642659
0.873872 0.645429
0.879236 0.648199
0.882837 0.65097
0.887108 0.65374
0.888901 0.65651
0.890592 0.65928
0.904558 0.66205
0.920172 0.66482
0.952014 0.66759
0.959768 0.67036
0.990159 0.67313
1.017124 0.6759
1.029980 0.67867
1.048828 0.68144
1.052471 0.684211
1.061566 0.686981
1.070050 0.689751
1.072930 0.692521
1.078578 0.695291
1.088976 0.698061
1.100577 0.700831
1.106091 0.703601
1.111123 0.706371
1.140156 0.709141
1.141176 0.711911
1.197945 0.714681
1.227771 0.717452
1.237622 0.720222
1.251613 0.722992
1.269544 0.725762
1.278277 0.728532
1.278462 0.731302
1.303735 0.734072
1.408785 0.736842
1.409991 0.739612
1.416113 0.742382
1.431002 0.745152
1.435146 0.747922
1.448519 0.750693
1.468707 0.753463
1.484440 0.756233
1.497774 0.759003
1.540680 0.761773
1.561696 0.764543
1.590303 0.767313
1.609277 0.770083
1.649076 0.772853
1.659025 0.775623
1.672791 0.778393
1.681701 0.781163
1.684699 0.783934
1.701048 0.786704
1.716626 0.789474
1.810768 0.792244
1.819602 0.795014
1.821035 0.797784
1.871889 0.800554
1.961641 0.803324
1.980582 0.806094
2.007735 0.808864
2.010448 0.811634
2.051917 0.814404
2.079109 0.817175
2.344597 0.819945
2.355921 0.822715
2.401905 0.825485
2.441902 0.828255
2.460275 0.831025
2.487551 0.833795
2.533716 0.836565
2.656835 0.839335
2.665584 0.842105
2.682151 0.844875
2.755540 0.847645
2.902787 0.850416
2.911127 0.853186
2.915756 0.855956
3.105187 0.858726
3.119735 0.861496
3.302758 0.864266
3.339237 0.867036
3.391841 0.869806
3.554736 0.872576
3.592748 0.875346
3.772107 0.878116
4.042293 0.880886
4.105051 0.883657
4.220718 0.886427
5.142944 0.889197
5.384935 0.891967
5.513061 0.894737
5.516364 0.897507
5.607800 0.900277
5.893559 0.903047
6.791246 0.905817
7.844264 0.908587
7.875044 0.911357
9.171454 0.914127
11.149728 0.916898
11.830992 0.919668
12.437147 0.922438
13.204323 0.925208
13.369293 0.927978
17.418787 0.930748
18.565496 0.933518
22.016905 0.936288
22.276817 0.939058
23.416029 0.941828
23.945721 0.944598
25.017641 0.947368
26.648495 0.950139
41.077557 0.952909
47.577850 0.955679
49.403156 0.958449
50.432896 0.961219
54.431419 0.963989
58.526581 0.966759
90.413025 0.969529
122.937592 0.972299
129.238434 0.975069
162.125916 0.977839
172.759216 0.980609
176.763794 0.98338
268.624908 0.98615
297.051300 0.98892
346.545197 0.99169
395.386841 0.99446
732.208679 0.99723
1127.861938 1
