3.341735 0.00277008
8.491348 0.00554017
9.694266 0.00831025
10.420676 0.0110803
19.902736 0.0138504
20.206690 0.0166205
20.211853 0.0193906
24.218714 0.0221607
27.542594 0.0249307
40.809542 0.0277008
67.255825 0.0304709
68.806374 0.033241
70.069253 0.0360111
70.473599 0.0387812
75.337410 0.0415512
78.016347 0.0443213
79.016703 0.0470914
80.316961 0.0498615
81.756324 0.0526316
81.995636 0.0554017
82.005554 0.0581717
82.147747 0.0609418
83.351934 0.0637119
83.958954 0.066482
85.606456 0.0692521
85.919315 0.0720222
86.751455 0.0747922
87.203765 0.0775623
87.741780 0.0803324
88.602227 0.0831025
88.887167 0.0858726
89.577186 0.0886427
89.724016 0.0914127
90.388060 0.0941828
90.412313 0.0969529
90.487736 0.099723
90.812874 0.102493
90.871900 0.105263
91.731364 0.108033
91.850299 0.110803
92.009729 0.113573
92.442793 0.116343
92.612666 0.119114
92.771423 0.121884
93.071669 0.124654
93.313658 0.127424
93.555498 0.130194
93.663114 0.132964
93.670648 0.135734
93.766958 0.138504
93.924797 0.141274
94.153762 0.144044
94.156051 0.146814
94.162297 0.149584
94.246030 0.152355
94.296515 0.155125
94.438297 0.157895
94.701290 0.160665
95.196003 0.163435
95.252723 0.166205
95.310903 0.168975
95.422083 0.171745
95.465451 0.174515
95.539516 0.177285
95.629930 0.180055
95.636821 0.182825
95.897758 0.185596
95.909059 0.188366
96.013522 0.191136
96.046340 0.193906
96.047014 0.196676
96.121389 0.199446
96.367675 0.202216
96.374512 0.204986
96.462274 0.207756
96.848994 0.210526
96.885365 0.213296
96.927124 0.216066
97.057581 0.218837
97.128153 0.221607
97.384441 0.224377
97.443545 0.227147
97.563767 0.229917
97.617769 0.232687
97.640085 0.235457
97.681731 0.238227
97.743207 0.240997
97.770578 0.243767
97.867513 0.246537
97.927755 0.249307
97.952306 0.252078
98.040223 0.254848
98.040599 0.257618
98.086923 0.260388
98.100841 0.263158
98.148602 0.265928
98.357677 0.268698
98.371816 0.271468
98.437363 0.274238
98.522955 0.277008
98.560971 0.279778
98.601097 0.282548
98.695636 0.285319
98.736989 0.288089
98.749226 0.290859
98.773396 0.293629
98.801333 0.296399
98.801643 0.299169
98.809141 0.301939
98.826349 0.304709
98.896813 0.307479
98.911774 0.310249
99.023432 0.313019
99.075466 0.315789
99.087989 0.31856
99.088180 0.32133
99.095672 0.3241
99.098873 0.32687
99.105024 0.32964
99.127507 0.33241
99.185610 0.33518
99.195582 0.33795
99.209648 0.34072
99.212861 0.34349
99.215263 0.34626
99.223852 0.34903
99.224591 0.351801
99.258828 0.354571
99.292433 0.357341
99.301577 0.360111
99.301893 0.362881
99.320745 0.365651
99.325329 0.368421
99.345326 0.371191
99.379921 0.373961
99.392635 0.376731
99.396914 0.379501
99.404979 0.382271
99.408084 0.385042
99.409282 0.387812
99.409610 0.390582
99.413711 0.393352
99.421066 0.396122
99.427778 0.398892
99.434233 0.401662
99.439508 0.404432
99.445552 0.407202
99.446279 0.409972
99.448305 0.412742
99.449521 0.415512
99.461335 0.418283
99.463910 0.421053
99.469632 0.423823
99.486971 0.426593
99.488038 0.429363
99.491346 0.432133
99.492741 0.434903
99.505693 0.437673
99.511683 0.440443
99.515140 0.443213
99.523020 0.445983
99.523705 0.448753
99.543637 0.451524
99.548888 0.454294
99.552000 0.457064
99.555814 0.459834
99.565738 0.462604
99.574059 0.465374
99.579763 0.468144
99.581873 0.470914
99.581945 0.473684
99.582046 0.476454
99.587250 0.479224
99.587941 0.481994
99.600834 0.484765
99.601293 0.487535
99.602795 0.490305
99.604666 0.493075
99.605131 0.495845
99.610144 0.498615
99.613607 0.501385
99.621260 0.504155
99.625874 0.506925
99.626768 0.509695
99.627256 0.512465
99.632090 0.515235
99.633116 0.518006
99.635011 0.520776
99.640477 0.523546
99.640656 0.526316
99.645364 0.529086
99.648541 0.531856
99.649525 0.534626
99.652356 0.537396
99.653590 0.540166
99.654895 0.542936
99.655962 0.545706
99.660057 0.548476
99.664295 0.551247
99.664402 0.554017
99.664944 0.556787
99.667907 0.559557
99.672073 0.562327
99.673110 0.565097
99.676347 0.567867
99.680829 0.570637
99.681473 0.573407
99.684519 0.576177
99.685562 0.578947
99.685729 0.581717
99.687195 0.584488
99.690074 0.587258
99.691498 0.590028
99.691916 0.592798
99.693495 0.595568
99.695426 0.598338
99.696052 0.601108
99.696523 0.603878
99.696851 0.606648
99.697953 0.609418
99.699461 0.612188
99.701768 0.614958
99.702191 0.617729
99.703556 0.620499
99.704248 0.623269
99.705511 0.626039
99.706578 0.628809
99.706715 0.631579
99.707216 0.634349
99.711770 0.637119
99.713469 0.639889
99.719125 0.642659
99.719983 0.645429
99.721915 0.648199
99.722189 0.65097
99.724025 0.65374
99.726188 0.65651
99.728131 0.65928
99.729007 0.66205
99.730551 0.66482
99.730676 0.66759
99.730933 0.67036
99.731201 0.67313
99.735129 0.6759
99.736828 0.67867
99.742109 0.68144
99.742877 0.684211
99.743307 0.686981
99.744725 0.689751
99.745029 0.692521
99.746555 0.695291
99.747956 0.698061
99.751019 0.700831
99.756128 0.703601
99.756604 0.706371
99.757493 0.709141
99.764234 0.711911
99.764800 0.714681
99.766207 0.717452
99.771875 0.720222
99.772179 0.722992
99.775130 0.725762
99.775666 0.728532
99.780482 0.731302
99.780977 0.734072
99.781013 0.736842
99.783903 0.739612
99.785662 0.742382
99.786586 0.745152
99.788249 0.747922
99.790204 0.750693
99.791557 0.753463
99.792314 0.756233
99.793458 0.759003
99.796319 0.761773
99.796343 0.764543
99.797976 0.767313
99.798959 0.770083
99.800187 0.772853
99.801129 0.775623
99.802071 0.778393
99.804705 0.781163
99.806172 0.783934
99.806392 0.786704
99.808592 0.789474
99.809378 0.792244
99.811029 0.795014
99.813068 0.797784
99.816418 0.800554
99.821162 0.803324
99.824560 0.806094
99.826145 0.808864
99.829477 0.811634
99.831539 0.814404
99.833864 0.817175
99.835759 0.819945
99.835843 0.822715
99.837011 0.825485
99.837232 0.828255
99.838436 0.831025
99.839038 0.833795
99.841619 0.836565
99.843842 0.839335
99.844033 0.842105
99.847388 0.844875
99.852997 0.847645
99.854296 0.850416
99.855077 0.853186
99.855107 0.855956
99.856758 0.858726
99.859411 0.861496
99.867296 0.864266
99.872637 0.867036
99.873418 0.869806
99.875361 0.872576
99.876046 0.875346
99.880940 0.878116
99.893308 0.880886
99.899930 0.883657
99.904317 0.886427
99.910766 0.889197
99.910963 0.891967
99.916679 0.894737
99.917716 0.897507
99.918866 0.900277
99.927449 0.903047
99.938971 0.905817
99.953926 0.908587
99.976104 0.911357
99.978131 0.914127
186.430967 0.916898
231.067371 0.919668
238.675976 0.922438
240.574622 0.925208
272.130656 0.927978
294.626236 0.930748
313.736320 0.933518
315.094590 0.936288
323.999310 0.939058
327.440667 0.941828
396.148086 0.944598
442.993546 0.947368
502.530003 0.950139
513.407707 0.952909
708.926535 0.955679
721.098757 0.958449
738.967037 0.961219
836.331940 0.963989
873.336601 0.966759
1050.969982 0.969529
1114.329910 0.972299
1537.232208 0.975069
1598.436165 0.977839
1666.996765 0.980609
1734.336472 0.98338
2270.704842 0.98615
2559.696770 0.98892
2937.081528 0.99169
3607.885742 0.99446
64227.923584 0.99723
532352.294922 1
