1.009521 0.00277008
3.233398 0.00554017
3.424438 0.00831025
3.763367 0.0110803
3.989075 0.0138504
4.685303 0.0166205
5.206055 0.0193906
5.315552 0.0221607
6.219849 0.0249307
7.265137 0.0277008
7.282715 0.0304709
7.654419 0.033241
8.216431 0.0360111
8.857666 0.0387812
9.547485 0.0415512
10.867554 0.0443213
10.917725 0.0470914
11.523804 0.0498615
11.968506 0.0526316
12.167603 0.0554017
12.645752 0.0581717
12.860718 0.0609418
13.920410 0.0637119
14.975586 0.066482
15.044678 0.0692521
15.046631 0.0720222
15.306152 0.0747922
15.894287 0.0775623
16.037964 0.0803324
18.273804 0.0831025
18.458618 0.0858726
20.558472 0.0886427
20.734131 0.0914127
21.836548 0.0941828
23.180908 0.0969529
23.265381 0.099723
24.059448 0.102493
24.268311 0.105263
25.213379 0.108033
25.328857 0.110803
26.154297 0.113573
26.860901 0.116343
27.065186 0.119114
27.460571 0.121884
27.699707 0.124654
27.922974 0.127424
28.832397 0.130194
28.896606 0.132964
29.439880 0.135734
30.427734 0.138504
30.949585 0.141274
30.989136 0.144044
31.704102 0.146814
32.721313 0.149584
32.915894 0.152355
33.580688 0.155125
33.665039 0.157895
33.704956 0.160665
34.454346 0.163435
34.668823 0.166205
34.999023 0.168975
35.048950 0.171745
35.076294 0.174515
35.449585 0.177285
35.707764 0.180055
36.122803 0.182825
36.252197 0.185596
36.345825 0.188366
36.424927 0.191136
36.644531 0.193906
36.936646 0.196676
38.466675 0.199446
38.521851 0.202216
40.427002 0.204986
40.772461 0.207756
40.789062 0.210526
40.974609 0.213296
41.267700 0.216066
41.580994 0.218837
41.677612 0.221607
41.744751 0.224377
42.813477 0.227147
43.161072 0.229917
43.859497 0.232687
45.180420 0.235457
45.468262 0.238227
46.344238 0.240997
46.422607 0.243767
46.545776 0.246537
47.135620 0.249307
48.857666 0.252078
50.255127 0.254848
50.300903 0.257618
50.728027 0.260388
50.739502 0.263158
51.783752 0.265928
53.149902 0.268698
53.453125 0.271468
53.492310 0.274238
53.763916 0.277008
54.571167 0.279778
55.057983 0.282548
55.849365 0.285319
56.062134 0.288089
56.084473 0.290859
57.006226 0.293629
57.110352 0.296399
57.535889 0.299169
58.680420 0.301939
61.180359 0.304709
61.338379 0.307479
62.522583 0.310249
62.561829 0.313019
63.296509 0.315789
64.192993 0.31856
64.516968 0.32133
68.437378 0.3241
70.473999 0.32687
71.496094 0.32964
71.637756 0.33241
72.688232 0.33518
74.999512 0.33795
77.848877 0.34072
78.755371 0.34349
79.412842 0.34626
79.824951 0.34903
79.972412 0.351801
80.602051 0.354571
83.265747 0.357341
84.836914 0.360111
85.746704 0.362881
86.862915 0.365651
87.084595 0.368421
87.467163 0.371191
88.088623 0.373961
89.224182 0.376731
89.913452 0.379501
90.307983 0.382271
91.123169 0.385042
92.924438 0.387812
93.567261 0.390582
94.764099 0.393352
98.240723 0.396122
98.744263 0.398892
99.368713 0.401662
100.287598 0.404432
100.574829 0.407202
101.759399 0.409972
102.823730 0.412742
103.469971 0.415512
107.230103 0.418283
110.041626 0.421053
111.710938 0.423823
111.979980 0.426593
112.948853 0.429363
114.509155 0.432133
114.686157 0.434903
119.588745 0.437673
119.612671 0.440443
119.733154 0.443213
120.471191 0.445983
121.505005 0.448753
122.144165 0.451524
126.488281 0.454294
126.775391 0.457064
127.862061 0.459834
128.800415 0.462604
129.655029 0.465374
130.225830 0.468144
132.098511 0.470914
135.482422 0.473684
136.018555 0.476454
136.726196 0.479224
137.056152 0.481994
137.107300 0.484765
141.871582 0.487535
145.157715 0.490305
148.434204 0.493075
148.742310 0.495845
151.198975 0.498615
153.134521 0.501385
156.793823 0.504155
160.237549 0.506925
162.732483 0.509695
162.889526 0.512465
168.430908 0.515235
168.443359 0.518006
169.189331 0.520776
173.899170 0.523546
174.301636 0.526316
176.503296 0.529086
180.274170 0.531856
181.364380 0.534626
184.471069 0.537396
185.175171 0.540166
186.404175 0.542936
189.803833 0.545706
195.788208 0.548476
198.775269 0.551247
202.827454 0.554017
202.912476 0.556787
204.734009 0.559557
223.343140 0.562327
223.547363 0.565097
225.018677 0.567867
229.317139 0.570637
232.511963 0.573407
233.008179 0.576177
234.204102 0.578947
237.085693 0.581717
248.059937 0.584488
254.982178 0.587258
257.340210 0.590028
262.012939 0.592798
262.478149 0.595568
263.475342 0.598338
265.711060 0.601108
267.651001 0.603878
268.226196 0.606648
269.798706 0.609418
270.608887 0.612188
279.605103 0.614958
286.416260 0.617729
287.135254 0.620499
288.391968 0.623269
295.511597 0.626039
304.655518 0.628809
307.480103 0.631579
317.866455 0.634349
320.239746 0.637119
327.890381 0.639889
331.191162 0.642659
332.823608 0.645429
341.683960 0.648199
342.342041 0.65097
345.731689 0.65374
347.354370 0.65651
363.467041 0.65928
364.463989 0.66205
368.517090 0.66482
369.981567 0.66759
380.484131 0.67036
384.483887 0.67313
386.966797 0.6759
389.426270 0.67867
392.080322 0.68144
392.283691 0.684211
400.577637 0.686981
400.779053 0.689751
410.895874 0.692521
435.023804 0.695291
437.894409 0.698061
443.370728 0.700831
447.358765 0.703601
447.851074 0.706371
455.950806 0.709141
462.352539 0.711911
471.985107 0.714681
478.281372 0.717452
480.536377 0.720222
481.476685 0.722992
489.612305 0.725762
493.506226 0.728532
498.099365 0.731302
500.080688 0.734072
500.355713 0.736842
504.189819 0.739612
530.041504 0.742382
536.091309 0.745152
541.333618 0.747922
555.223633 0.750693
569.070557 0.753463
576.789795 0.756233
587.052490 0.759003
590.684570 0.761773
592.251587 0.764543
597.142578 0.767313
598.601318 0.770083
603.859131 0.772853
611.910522 0.775623
618.907837 0.778393
619.386963 0.781163
646.512085 0.783934
657.680542 0.786704
672.826904 0.789474
674.208862 0.792244
681.215698 0.795014
692.524658 0.797784
704.820557 0.800554
710.552490 0.803324
710.753174 0.806094
712.747925 0.808864
728.897583 0.811634
749.749512 0.814404
756.392334 0.817175
768.064697 0.819945
775.598633 0.822715
803.378906 0.825485
808.829956 0.828255
810.003540 0.831025
823.741699 0.833795
824.938599 0.836565
846.910889 0.839335
854.512695 0.842105
860.961182 0.844875
870.929565 0.847645
871.073975 0.850416
891.374390 0.853186
927.731506 0.855956
931.980347 0.858726
945.438232 0.861496
957.677490 0.864266
961.120972 0.867036
974.159668 0.869806
985.477051 0.872576
1025.306641 0.875346
1034.463013 0.878116
1065.661621 0.880886
1101.153076 0.883657
1137.327637 0.886427
1187.743408 0.889197
1211.611084 0.891967
1215.404785 0.894737
1279.369141 0.897507
1288.957397 0.900277
1295.767334 0.903047
1298.973267 0.905817
1314.189697 0.908587
1317.695923 0.911357
1336.588135 0.914127
1375.432373 0.916898
1442.480469 0.919668
1444.815430 0.922438
1458.533813 0.925208
1464.236328 0.927978
1477.283936 0.930748
1522.408325 0.933518
1586.050659 0.936288
1615.795898 0.939058
1624.715576 0.941828
1649.662842 0.944598
1708.466431 0.947368
1775.489624 0.950139
1791.833862 0.952909
1801.070801 0.955679
1841.751831 0.958449
1852.870361 0.961219
1899.692627 0.963989
1922.513428 0.966759
2052.535400 0.969529
2273.122559 0.972299
2285.678955 0.975069
2365.600830 0.977839
2371.384277 0.980609
2456.288330 0.98338
2562.427979 0.98615
3431.069336 0.98892
3727.287598 0.99169
3830.445801 0.99446
3864.634033 0.99723
3947.185059 1
