1 0.094133
2 0.288918
3 0.318745
4 0.321607
5 0.344592
6 0.378876
7 0.428430
8 0.477152
9 0.508948
10 0.602215
11 0.672368
12 0.673831
13 0.689878
14 0.696935
15 0.698759
16 0.709914
17 0.789534
18 0.899108
19 0.980039
20 1.087246
21 1.105423
22 1.127952
23 1.165047
24 1.173449
25 1.184510
26 1.370593
27 1.373509
28 1.401298
29 1.427263
30 1.452458
31 1.599931
32 1.693221
33 1.746293
34 1.882518
35 1.883535
36 1.941914
37 1.968723
38 2.006827
39 2.013659
40 2.028296
41 2.148424
42 2.156550
43 2.173832
44 2.325949
45 2.333009
46 2.368621
47 2.379211
48 2.382991
49 2.383313
50 2.388223
51 2.388518
52 2.488186
53 2.491027
54 2.492671
55 2.618194
56 2.673820
57 2.699425
58 2.721581
59 2.760664
60 2.800015
61 2.824323
62 2.867179
63 2.909052
64 2.932397
65 2.978350
66 2.983725
67 3.030779
68 3.077090
69 3.095490
70 3.103572
71 3.168322
72 3.186092
73 3.193308
74 3.219445
75 3.222280
76 3.281724
77 3.288731
78 3.289489
79 3.303733
80 3.310983
81 3.334293
82 3.499585
83 3.558508
84 3.562137
85 3.574894
86 3.582152
87 3.791697
88 3.955722
89 3.964609
90 3.979848
91 4.019767
92 4.058621
93 4.175211
94 4.197473
95 4.216227
96 4.314561
97 4.345516
98 4.354638
99 4.410021
100 4.416280
101 4.504440
102 4.521550
103 4.543398
104 4.677131
105 4.698784
106 4.711064
107 4.740429
108 4.744620
109 4.746595
110 4.804897
111 4.942803
112 4.963548
113 4.990286
114 5.071324
115 5.194538
116 5.259316
117 5.312702
118 5.353295
119 5.550756
120 5.577207
121 5.620038
122 5.653003
123 5.868388
124 6.013163
125 6.025455
126 6.317788
127 6.527192
128 6.580361
129 6.605203
130 6.695887
131 6.751136
132 6.905034
133 6.932195
134 6.945568
135 7.037441
136 7.100100
137 7.331625
138 7.341234
139 7.371309
140 7.403748
141 7.421964
142 7.468893
143 7.518329
144 7.544176
145 7.551163
146 7.569233
147 7.592246
148 7.610564
149 7.622327
150 7.624637
151 7.650268
152 7.721737
153 7.842849
154 7.874055
155 7.902647
156 7.934143
157 8.414896
158 8.544203
159 8.578443
160 8.646780
161 8.685204
162 8.686709
163 8.780406
164 8.831776
165 8.866698
166 8.951356
167 8.968073
168 9.127262
169 9.221258
170 9.374179
171 9.412515
172 9.465583
173 9.473819
174 10.166357
175 10.182784
176 10.312597
177 10.360365
178 10.407227
179 10.676692
180 10.700457
181 10.764803
182 10.938641
183 10.945786
184 11.042044
185 11.137435
186 11.144643
187 11.193081
188 11.546355
189 11.734468
190 11.965967
191 12.048798
192 12.085173
193 12.484271
194 12.513714
195 12.529939
196 12.560435
197 12.586237
198 12.600090
199 12.655616
200 12.831637
201 12.882000
202 12.885338
203 13.032168
204 13.123283
205 13.158832
206 13.412319
207 13.776252
208 13.803670
209 13.882437
210 13.944121
211 14.159510
212 14.232044
213 14.267294
214 14.271502
215 14.283676
216 14.784949
217 15.232143
218 15.594794
219 15.793295
220 15.980431
221 16.495243
222 16.675152
223 16.692597
224 16.759567
225 17.197646
226 17.729530
227 17.956917
228 18.244906
229 18.286940
230 18.576907
231 18.668766
232 18.864708
233 19.060825
234 19.061923
235 19.113897
236 19.366372
237 19.478767
238 19.484904
239 19.720279
240 20.130308
241 20.134261
242 20.222247
243 20.386960
244 20.698869
245 20.853883
246 20.872015
247 21.364959
248 21.617158
249 21.983287
250 22.556655
251 22.638774
252 23.019201
253 23.138775
254 23.292539
255 23.585507
256 23.887429
257 23.949717
258 24.020411
259 24.614520
260 25.811487
261 25.995955
262 26.243266
263 26.281765
264 26.601419
265 26.746306
266 26.795360
267 26.916063
268 26.923221
269 26.970997
270 27.652290
271 27.804908
272 27.997056
273 28.184202
274 28.791958
275 29.086748
276 29.460609
277 29.876468
278 30.340952
279 30.724502
280 31.236297
281 31.444642
282 31.496429
283 31.568617
284 31.861264
285 32.047269
286 32.892543
287 33.055088
288 33.100092
289 33.129585
290 33.250985
291 33.570942
292 33.638254
293 33.728606
294 33.929333
295 33.947176
296 33.962137
297 34.013554
298 34.893268
299 35.030946
300 35.035086
301 35.226834
302 35.423112
303 35.604694
304 35.801232
305 37.388766
306 39.117455
307 39.173034
308 39.797488
309 40.136701
310 41.539267
311 41.930863
312 42.717344
313 43.654016
314 45.428950
315 45.972854
316 46.090645
317 47.286111
318 47.741410
319 48.326203
320 48.844346
321 49.222335
322 49.224567
323 51.674354
324 56.361651
325 56.851399
326 57.971179
327 58.058518
328 58.512998
329 59.032667
330 59.402615
331 59.407502
332 61.947727
333 63.693178
334 68.121493
335 73.224539
336 77.282792
337 79.539865
338 85.693848
339 90.217197
340 92.598867
341 102.073789
342 102.626324
343 103.114629
344 105.563045
345 110.740650
346 115.433514
347 120.246756
348 122.916222
349 123.850012
350 136.651981
351 137.737143
352 159.588623
353 159.704649
354 166.283619
355 167.244387
356 200.874043
357 222.237778
358 224.165106
359 228.289819
360 302.932858
361 314.037204
