0.001197 0.00277008
0.001627 0.00554017
0.001767 0.00831025
0.001992 0.0110803
0.002371 0.0138504
0.002638 0.0166205
0.003625 0.0193906
0.004157 0.0221607
0.004160 0.0249307
0.004451 0.0277008
0.004694 0.0304709
0.004697 0.033241
0.004891 0.0360111
0.005250 0.0387812
0.005275 0.0415512
0.006999 0.0443213
0.007010 0.0470914
0.007319 0.0498615
0.007532 0.0526316
0.007783 0.0554017
0.007975 0.0581717
0.007994 0.0609418
0.008148 0.0637119
0.008793 0.066482
0.009100 0.0692521
0.009583 0.0720222
0.010265 0.0747922
0.010407 0.0775623
0.010459 0.0803324
0.010867 0.0831025
0.011147 0.0858726
0.011350 0.0886427
0.011381 0.0914127
0.012240 0.0941828
0.012438 0.0969529
0.013093 0.099723
0.013445 0.102493
0.013848 0.105263
0.014252 0.108033
0.014260 0.110803
0.014442 0.113573
0.014631 0.116343
0.016350 0.119114
0.016556 0.121884
0.016969 0.124654
0.017116 0.127424
0.017148 0.130194
0.017252 0.132964
0.017293 0.135734
0.017836 0.138504
0.018515 0.141274
0.018696 0.144044
0.018865 0.146814
0.019340 0.149584
0.019408 0.152355
0.019975 0.155125
0.020520 0.157895
0.020537 0.160665
0.021127 0.163435
0.021365 0.166205
0.021631 0.168975
0.021740 0.171745
0.022195 0.174515
0.022258 0.177285
0.022290 0.180055
0.022308 0.182825
0.022447 0.185596
0.022976 0.188366
0.023830 0.191136
0.024050 0.193906
0.024126 0.196676
0.024190 0.199446
0.024857 0.202216
0.025117 0.204986
0.025888 0.207756
0.026067 0.210526
0.026297 0.213296
0.026304 0.216066
0.026406 0.218837
0.026842 0.221607
0.027340 0.224377
0.027370 0.227147
0.028334 0.229917
0.029142 0.232687
0.029694 0.235457
0.030253 0.238227
0.031117 0.240997
0.031494 0.243767
0.031566 0.246537
0.031910 0.249307
0.031979 0.252078
0.032060 0.254848
0.033143 0.257618
0.034018 0.260388
0.034963 0.263158
0.035060 0.265928
0.035252 0.268698
0.035481 0.271468
0.035759 0.274238
0.036082 0.277008
0.036240 0.279778
0.036609 0.282548
0.036682 0.285319
0.036887 0.288089
0.037822 0.290859
0.038919 0.293629
0.039351 0.296399
0.039529 0.299169
0.040935 0.301939
0.041275 0.304709
0.042702 0.307479
0.043323 0.310249
0.043833 0.313019
0.044926 0.315789
0.045110 0.31856
0.045849 0.32133
0.046702 0.3241
0.047631 0.32687
0.048037 0.32964
0.049863 0.33241
0.051587 0.33518
0.051753 0.33795
0.051870 0.34072
0.052244 0.34349
0.052780 0.34626
0.052809 0.34903
0.053826 0.351801
0.054144 0.354571
0.054246 0.357341
0.055522 0.360111
0.055579 0.362881
0.055713 0.365651
0.056027 0.368421
0.056760 0.371191
0.056814 0.373961
0.057020 0.376731
0.057490 0.379501
0.058437 0.382271
0.058862 0.385042
0.059396 0.387812
0.059433 0.390582
0.059434 0.393352
0.065470 0.396122
0.065892 0.398892
0.066277 0.401662
0.066933 0.404432
0.067875 0.407202
0.068429 0.409972
0.068640 0.412742
0.069024 0.415512
0.069398 0.418283
0.070217 0.421053
0.073469 0.423823
0.074854 0.426593
0.075664 0.429363
0.075992 0.432133
0.076379 0.434903
0.077767 0.437673
0.078525 0.440443
0.084255 0.443213
0.084318 0.445983
0.085521 0.448753
0.086336 0.451524
0.087284 0.454294
0.091027 0.457064
0.091375 0.459834
0.091435 0.462604
0.092385 0.465374
0.092868 0.468144
0.093409 0.470914
0.094661 0.473684
0.094887 0.476454
0.095276 0.479224
0.096777 0.481994
0.096811 0.484765
0.097592 0.487535
0.098103 0.490305
0.098265 0.493075
0.100487 0.495845
0.101785 0.498615
0.102670 0.501385
0.102941 0.504155
0.103908 0.506925
0.105071 0.509695
0.112836 0.512465
0.113630 0.515235
0.113754 0.518006
0.113907 0.520776
0.115776 0.523546
0.116455 0.526316
0.118585 0.529086
0.119475 0.531856
0.122036 0.534626
0.122270 0.537396
0.122632 0.540166
0.129511 0.542936
0.130153 0.545706
0.132131 0.548476
0.136674 0.551247
0.140144 0.554017
0.140369 0.556787
0.141093 0.559557
0.142036 0.562327
0.142296 0.565097
0.154624 0.567867
0.155262 0.570637
0.158390 0.573407
0.161713 0.576177
0.164775 0.578947
0.164849 0.581717
0.165846 0.584488
0.166668 0.587258
0.167755 0.590028
0.168290 0.592798
0.168294 0.595568
0.169599 0.598338
0.170084 0.601108
0.172594 0.603878
0.178619 0.606648
0.179196 0.609418
0.179241 0.612188
0.179914 0.614958
0.182369 0.617729
0.182501 0.620499
0.186815 0.623269
0.187999 0.626039
0.189472 0.628809
0.190915 0.631579
0.191014 0.634349
0.192254 0.637119
0.192429 0.639889
0.192800 0.642659
0.196037 0.645429
0.196868 0.648199
0.196948 0.65097
0.199074 0.65374
0.201843 0.65651
0.203857 0.65928
0.206922 0.66205
0.207296 0.66482
0.213699 0.66759
0.215440 0.67036
0.219540 0.67313
0.219866 0.6759
0.221425 0.67867
0.223668 0.68144
0.227795 0.684211
0.229567 0.686981
0.230712 0.689751
0.232311 0.692521
0.232841 0.695291
0.240818 0.698061
0.275069 0.700831
0.275249 0.703601
0.282602 0.706371
0.291618 0.709141
0.293078 0.711911
0.297445 0.714681
0.304465 0.717452
0.323366 0.720222
0.348772 0.722992
0.351782 0.725762
0.365063 0.728532
0.366892 0.731302
0.383501 0.734072
0.387858 0.736842
0.394971 0.739612
0.395642 0.742382
0.396134 0.745152
0.400131 0.747922
0.402094 0.750693
0.417030 0.753463
0.424369 0.756233
0.426004 0.759003
0.439740 0.761773
0.482670 0.764543
0.501448 0.767313
0.521807 0.770083
0.539267 0.772853
0.550881 0.775623
0.565033 0.778393
0.589064 0.781163
0.597888 0.783934
0.606647 0.786704
0.611857 0.789474
0.653599 0.792244
0.659254 0.795014
0.661558 0.797784
0.702341 0.800554
0.719633 0.803324
0.723603 0.806094
0.746068 0.808864
0.761824 0.811634
0.769404 0.814404
0.782960 0.817175
0.826407 0.819945
0.826655 0.822715
0.845625 0.825485
0.861394 0.828255
0.883384 0.831025
0.927397 0.833795
0.951628 0.836565
0.958154 0.839335
0.991576 0.842105
1.004210 0.844875
1.041676 0.847645
1.045394 0.850416
1.070593 0.853186
1.084788 0.855956
1.183415 0.858726
1.254754 0.861496
1.277311 0.864266
1.296775 0.867036
1.303310 0.869806
1.306361 0.872576
1.334945 0.875346
1.335370 0.878116
1.374053 0.880886
1.391769 0.883657
1.412432 0.886427
1.515257 0.889197
1.552656 0.891967
1.561427 0.894737
1.613007 0.897507
1.638371 0.900277
1.659649 0.903047
1.704038 0.905817
1.852666 0.908587
1.931414 0.911357
1.962908 0.914127
2.110536 0.916898
2.243306 0.919668
2.332978 0.922438
2.528356 0.925208
2.743791 0.927978
2.788812 0.930748
2.990608 0.933518
3.122774 0.936288
4.054521 0.939058
4.154393 0.941828
4.464321 0.944598
4.503212 0.947368
5.099761 0.950139
5.612824 0.952909
5.984410 0.955679
6.009874 0.958449
6.519036 0.961219
6.996324 0.963989
7.963527 0.966759
8.110464 0.969529
8.379215 0.972299
9.391929 0.975069
10.914441 0.977839
12.757656 0.980609
13.581982 0.98338
16.525574 0.98615
17.825056 0.98892
20.749306 0.99169
21.098289 0.99446
21.750404 0.99723
41.495872 1
