0.005929 0.00277008
0.117377 0.00554017
0.120289 0.00831025
0.134103 0.0110803
0.174779 0.0138504
0.213966 0.0166205
0.243224 0.0193906
0.301464 0.0221607
0.320798 0.0249307
0.335279 0.0277008
0.360448 0.0304709
0.365852 0.033241
0.393909 0.0360111
0.425998 0.0387812
0.460978 0.0415512
0.507738 0.0443213
0.525255 0.0470914
0.525561 0.0498615
0.527472 0.0526316
0.551306 0.0554017
0.621712 0.0581717
0.629105 0.0609418
0.676696 0.0637119
0.743249 0.066482
0.755293 0.0692521
0.773650 0.0720222
0.784217 0.0747922
0.871873 0.0775623
0.932421 0.0803324
1.038733 0.0831025
1.068767 0.0858726
1.071536 0.0886427
1.096605 0.0914127
1.151268 0.0941828
1.155881 0.0969529
1.187323 0.099723
1.193326 0.102493
1.208277 0.105263
1.237979 0.108033
1.276454 0.110803
1.346973 0.113573
1.358764 0.116343
1.407399 0.119114
1.412608 0.121884
1.437410 0.124654
1.450168 0.127424
1.542708 0.130194
1.633488 0.132964
1.653436 0.135734
1.674929 0.138504
1.708372 0.141274
1.742817 0.144044
1.795873 0.146814
1.865550 0.149584
1.962407 0.152355
1.972367 0.155125
1.984292 0.157895
2.124156 0.160665
2.142211 0.163435
2.182969 0.166205
2.311314 0.168975
2.341283 0.171745
2.345445 0.174515
2.389848 0.177285
2.391943 0.180055
2.409903 0.182825
2.491011 0.185596
2.522517 0.188366
2.560792 0.191136
2.596309 0.193906
2.604538 0.196676
2.606073 0.199446
2.640514 0.202216
2.704425 0.204986
2.744023 0.207756
2.752082 0.210526
2.904419 0.213296
2.977976 0.216066
3.024504 0.218837
3.049391 0.221607
3.055418 0.224377
3.091598 0.227147
3.143056 0.229917
3.194449 0.232687
3.221846 0.235457
3.246479 0.238227
3.308228 0.240997
3.325344 0.243767
3.329678 0.246537
3.345821 0.249307
3.356841 0.252078
3.377882 0.254848
3.400738 0.257618
3.483804 0.260388
3.522670 0.263158
3.529589 0.265928
3.606999 0.268698
3.704843 0.271468
3.712174 0.274238
3.783674 0.277008
3.835395 0.279778
3.886221 0.282548
3.912821 0.285319
3.922965 0.288089
3.942601 0.290859
3.972657 0.293629
4.186125 0.296399
4.202618 0.299169
4.244997 0.301939
4.275609 0.304709
4.284408 0.307479
4.346432 0.310249
4.363126 0.313019
4.369925 0.315789
4.454569 0.31856
4.457143 0.32133
4.471339 0.3241
4.519264 0.32687
4.534498 0.32964
4.541932 0.33241
4.545929 0.33518
4.554386 0.33795
4.614241 0.34072
4.717960 0.34349
4.770318 0.34626
4.818526 0.34903
4.867265 0.351801
5.008839 0.354571
5.055290 0.357341
5.198106 0.360111
5.321667 0.362881
5.348179 0.365651
5.429414 0.368421
5.500722 0.371191
5.545281 0.373961
5.585228 0.376731
5.700969 0.379501
5.734491 0.382271
5.848283 0.385042
5.874737 0.387812
5.888353 0.390582
6.001012 0.393352
6.119840 0.396122
6.158290 0.398892
6.201624 0.401662
6.216247 0.404432
6.243200 0.407202
6.397096 0.409972
6.438074 0.412742
6.576017 0.415512
6.583327 0.418283
6.765714 0.421053
6.819218 0.423823
6.850901 0.426593
6.979626 0.429363
7.004959 0.432133
7.040654 0.434903
7.104072 0.437673
7.116326 0.440443
7.153981 0.443213
7.357299 0.445983
7.379278 0.448753
7.476202 0.451524
7.521766 0.454294
7.705853 0.457064
7.784743 0.459834
7.789338 0.462604
7.876682 0.465374
7.925463 0.468144
7.939292 0.470914
8.037811 0.473684
8.107331 0.476454
8.146115 0.479224
8.180619 0.481994
8.233210 0.484765
8.271407 0.487535
8.342195 0.490305
8.410655 0.493075
8.511733 0.495845
8.571853 0.498615
8.585034 0.501385
8.589373 0.504155
8.758795 0.506925
8.936541 0.509695
9.063498 0.512465
9.154419 0.515235
9.156446 0.518006
9.156685 0.520776
9.213093 0.523546
9.333951 0.526316
9.504917 0.529086
9.550057 0.531856
9.607290 0.534626
9.739032 0.537396
9.746195 0.540166
9.843668 0.542936
9.857565 0.545706
9.965532 0.548476
9.983714 0.551247
10.104587 0.554017
10.195102 0.556787
10.405963 0.559557
10.450422 0.562327
10.529745 0.565097
10.603987 0.567867
10.631257 0.570637
10.858685 0.573407
10.915308 0.576177
10.966362 0.578947
11.193924 0.581717
11.363940 0.584488
11.538026 0.587258
11.543103 0.590028
11.600618 0.592798
11.688683 0.595568
11.696362 0.598338
11.764076 0.601108
11.899041 0.603878
11.985431 0.606648
12.012959 0.609418
12.043040 0.612188
12.159206 0.614958
12.223750 0.617729
12.230482 0.620499
12.320801 0.623269
12.401251 0.626039
12.524900 0.628809
12.683362 0.631579
12.842415 0.634349
13.015002 0.637119
13.145441 0.639889
13.209587 0.642659
13.632792 0.645429
13.821794 0.648199
13.854750 0.65097
13.948670 0.65374
14.008649 0.65651
14.321080 0.65928
14.353099 0.66205
14.633937 0.66482
14.749546 0.66759
14.803398 0.67036
14.809690 0.67313
15.100296 0.6759
15.452795 0.67867
15.847941 0.68144
15.876612 0.684211
16.056007 0.686981
16.224396 0.689751
16.296580 0.692521
16.380440 0.695291
16.702449 0.698061
16.849917 0.700831
17.071922 0.703601
17.295799 0.706371
17.714259 0.709141
17.722614 0.711911
17.756537 0.714681
17.852925 0.717452
17.878798 0.720222
17.927673 0.722992
17.939962 0.725762
18.018447 0.728532
18.236981 0.731302
18.658537 0.734072
18.949258 0.736842
19.587365 0.739612
19.646075 0.742382
19.657879 0.745152
19.793099 0.747922
19.861104 0.750693
20.055839 0.753463
20.209637 0.756233
20.225754 0.759003
20.335056 0.761773
20.626742 0.764543
20.640866 0.767313
20.682591 0.770083
21.039447 0.772853
21.101946 0.775623
21.252966 0.778393
21.406965 0.781163
21.464533 0.783934
21.528812 0.786704
21.658504 0.789474
21.673672 0.792244
21.683843 0.795014
21.964975 0.797784
22.142762 0.800554
22.154289 0.803324
22.462396 0.806094
23.295903 0.808864
23.508972 0.811634
23.950687 0.814404
24.154717 0.817175
24.243475 0.819945
24.582934 0.822715
24.686128 0.825485
24.702004 0.828255
24.783474 0.831025
25.047883 0.833795
25.142658 0.836565
25.427985 0.839335
25.733665 0.842105
25.828469 0.844875
25.930619 0.847645
25.955844 0.850416
26.509482 0.853186
27.397522 0.855956
27.710170 0.858726
27.919292 0.861496
27.999431 0.864266
28.310424 0.867036
28.891790 0.869806
31.084070 0.872576
31.802163 0.875346
32.110548 0.878116
32.487053 0.880886
32.642674 0.883657
32.892326 0.886427
32.907754 0.889197
33.440590 0.891967
33.453858 0.894737
33.527580 0.897507
33.949688 0.900277
34.595802 0.903047
34.923443 0.905817
35.068798 0.908587
37.447959 0.911357
38.418984 0.914127
38.579437 0.916898
38.593641 0.919668
40.060398 0.922438
41.178808 0.925208
41.310012 0.927978
41.360441 0.930748
41.717750 0.933518
42.261133 0.936288
43.166408 0.939058
43.265474 0.941828
43.493241 0.944598
43.777242 0.947368
45.177764 0.950139
45.282021 0.952909
46.725178 0.955679
46.896061 0.958449
47.855681 0.961219
48.965240 0.963989
50.602162 0.966759
69.063181 0.969529
72.564143 0.972299
78.873795 0.975069
88.061327 0.977839
104.973233 0.980609
113.719893 0.98338
116.054356 0.98615
128.616321 0.98892
140.016472 0.99169
140.698481 0.99446
145.831215 0.99723
178.513885 1
