0.000971 0.00277008
0.001449 0.00554017
0.001930 0.00831025
0.002003 0.0110803
0.002270 0.0138504
0.002834 0.0166205
0.004297 0.0193906
0.004386 0.0221607
0.005760 0.0249307
0.006350 0.0277008
0.006614 0.0304709
0.006637 0.033241
0.006903 0.0360111
0.007462 0.0387812
0.007772 0.0415512
0.008859 0.0443213
0.009578 0.0470914
0.009697 0.0498615
0.009741 0.0526316
0.009933 0.0554017
0.010804 0.0581717
0.010943 0.0609418
0.011317 0.0637119
0.011754 0.066482
0.011795 0.0692521
0.012426 0.0720222
0.012543 0.0747922
0.012599 0.0775623
0.013062 0.0803324
0.013230 0.0831025
0.015480 0.0858726
0.016634 0.0886427
0.016722 0.0914127
0.017387 0.0941828
0.018885 0.0969529
0.018929 0.099723
0.019278 0.102493
0.019823 0.105263
0.019917 0.108033
0.019976 0.110803
0.020727 0.113573
0.021296 0.116343
0.021543 0.119114
0.021614 0.121884
0.021725 0.124654
0.023146 0.127424
0.023486 0.130194
0.023990 0.132964
0.024187 0.135734
0.024402 0.138504
0.024784 0.141274
0.024791 0.144044
0.025887 0.146814
0.025891 0.149584
0.025938 0.152355
0.026021 0.155125
0.026349 0.157895
0.026589 0.160665
0.027308 0.163435
0.027845 0.166205
0.027918 0.168975
0.028196 0.171745
0.028481 0.174515
0.028535 0.177285
0.029528 0.180055
0.030197 0.182825
0.030499 0.185596
0.030829 0.188366
0.031413 0.191136
0.032046 0.193906
0.032433 0.196676
0.032648 0.199446
0.032834 0.202216
0.033374 0.204986
0.034059 0.207756
0.034945 0.210526
0.035474 0.213296
0.036455 0.216066
0.036643 0.218837
0.037785 0.221607
0.039750 0.224377
0.043046 0.227147
0.043439 0.229917
0.044376 0.232687
0.046880 0.235457
0.048579 0.238227
0.049237 0.240997
0.049395 0.243767
0.053358 0.246537
0.053401 0.249307
0.053478 0.252078
0.054633 0.254848
0.055046 0.257618
0.058584 0.260388
0.060020 0.263158
0.061429 0.265928
0.063035 0.268698
0.063286 0.271468
0.064685 0.274238
0.064762 0.277008
0.065119 0.279778
0.065405 0.282548
0.066439 0.285319
0.066573 0.288089
0.067042 0.290859
0.069572 0.293629
0.069666 0.296399
0.070451 0.299169
0.070872 0.301939
0.071076 0.304709
0.071367 0.307479
0.071708 0.310249
0.071857 0.313019
0.072114 0.315789
0.072617 0.31856
0.073652 0.32133
0.073919 0.3241
0.075429 0.32687
0.075902 0.32964
0.076561 0.33241
0.077410 0.33518
0.078097 0.33795
0.079829 0.34072
0.079942 0.34349
0.080908 0.34626
0.081687 0.34903
0.081915 0.351801
0.083566 0.354571
0.084443 0.357341
0.085309 0.360111
0.085348 0.362881
0.086635 0.365651
0.087824 0.368421
0.089339 0.371191
0.089402 0.373961
0.090282 0.376731
0.092211 0.379501
0.092260 0.382271
0.092783 0.385042
0.093027 0.387812
0.094077 0.390582
0.094580 0.393352
0.094583 0.396122
0.098000 0.398892
0.099582 0.401662
0.100144 0.404432
0.102567 0.407202
0.104223 0.409972
0.104594 0.412742
0.104900 0.415512
0.106746 0.418283
0.106967 0.421053
0.108061 0.423823
0.109429 0.426593
0.110328 0.429363
0.111156 0.432133
0.117996 0.434903
0.120767 0.437673
0.123915 0.440443
0.124252 0.443213
0.124967 0.445983
0.128732 0.448753
0.130270 0.451524
0.130556 0.454294
0.131697 0.457064
0.134966 0.459834
0.136500 0.462604
0.137478 0.465374
0.138748 0.468144
0.139779 0.470914
0.143815 0.473684
0.145203 0.476454
0.147178 0.479224
0.154609 0.481994
0.154657 0.484765
0.155631 0.487535
0.156511 0.490305
0.157342 0.493075
0.166828 0.495845
0.170014 0.498615
0.171481 0.501385
0.173058 0.504155
0.175665 0.506925
0.175701 0.509695
0.177499 0.512465
0.177554 0.515235
0.181434 0.518006
0.185362 0.520776
0.188703 0.523546
0.190663 0.526316
0.191252 0.529086
0.191266 0.531856
0.194648 0.534626
0.196456 0.537396
0.199641 0.540166
0.200169 0.542936
0.201291 0.545706
0.202955 0.548476
0.203545 0.551247
0.205387 0.554017
0.206686 0.556787
0.208390 0.559557
0.210795 0.562327
0.211680 0.565097
0.212974 0.567867
0.213877 0.570637
0.216260 0.573407
0.220554 0.576177
0.222569 0.578947
0.224836 0.581717
0.224878 0.584488
0.226733 0.587258
0.226834 0.590028
0.226966 0.592798
0.231261 0.595568
0.233808 0.598338
0.237818 0.601108
0.238765 0.603878
0.240818 0.606648
0.241742 0.609418
0.243940 0.612188
0.244745 0.614958
0.245270 0.617729
0.245736 0.620499
0.247445 0.623269
0.248530 0.626039
0.249752 0.628809
0.266683 0.631579
0.267907 0.634349
0.269799 0.637119
0.274315 0.639889
0.287322 0.642659
0.289495 0.645429
0.290812 0.648199
0.295232 0.65097
0.296055 0.65374
0.301841 0.65651
0.309021 0.65928
0.313125 0.66205
0.313262 0.66482
0.316759 0.66759
0.338682 0.67036
0.341464 0.67313
0.342114 0.6759
0.345246 0.67867
0.352775 0.68144
0.354055 0.684211
0.354858 0.686981
0.356827 0.689751
0.363444 0.692521
0.363902 0.695291
0.378647 0.698061
0.380331 0.700831
0.389811 0.703601
0.390516 0.706371
0.394524 0.709141
0.401606 0.711911
0.402156 0.714681
0.403158 0.717452
0.413368 0.720222
0.428642 0.722992
0.450228 0.725762
0.451895 0.728532
0.462069 0.731302
0.463944 0.734072
0.475830 0.736842
0.483589 0.739612
0.484925 0.742382
0.487715 0.745152
0.489310 0.747922
0.490165 0.750693
0.495806 0.753463
0.497767 0.756233
0.497969 0.759003
0.500399 0.761773
0.508401 0.764543
0.523239 0.767313
0.535832 0.770083
0.540245 0.772853
0.543707 0.775623
0.563310 0.778393
0.570624 0.781163
0.577976 0.783934
0.597401 0.786704
0.605955 0.789474
0.611344 0.792244
0.612303 0.795014
0.621938 0.797784
0.624202 0.800554
0.633206 0.803324
0.637231 0.806094
0.657076 0.808864
0.664056 0.811634
0.668193 0.814404
0.676544 0.817175
0.701120 0.819945
0.720816 0.822715
0.730432 0.825485
0.746821 0.828255
0.750964 0.831025
0.772614 0.833795
0.788299 0.836565
0.799267 0.839335
0.802852 0.842105
0.860892 0.844875
0.878264 0.847645
0.893570 0.850416
0.954206 0.853186
0.966959 0.855956
0.971597 0.858726
1.014297 0.861496
1.038167 0.864266
1.049646 0.867036
1.065825 0.869806
1.084725 0.872576
1.110903 0.875346
1.145322 0.878116
1.170211 0.880886
1.317586 0.883657
1.323263 0.886427
1.466956 0.889197
1.524931 0.891967
1.686224 0.894737
1.694319 0.897507
1.867847 0.900277
1.970605 0.903047
2.277704 0.905817
2.391083 0.908587
2.449746 0.911357
2.682319 0.914127
3.014922 0.916898
3.481757 0.919668
3.754413 0.922438
3.819846 0.925208
4.196116 0.927978
4.251734 0.930748
4.720244 0.933518
4.793578 0.936288
5.496667 0.939058
5.581127 0.941828
5.702188 0.944598
6.242447 0.947368
6.389050 0.950139
6.578972 0.952909
6.672369 0.955679
6.827170 0.958449
6.827594 0.961219
8.152652 0.963989
8.487222 0.966759
10.823010 0.969529
11.385311 0.972299
15.394707 0.975069
15.891800 0.977839
17.236019 0.980609
18.669174 0.98338
21.916033 0.98615
26.171055 0.98892
29.157408 0.99169
39.147625 0.99446
50.675179 0.99723
64.532753 1
