0.014835 0.00277008
0.01939 0.00554017
0.02943 0.00831025
0.033749 0.0110803
0.044294 0.0138504
0.045343 0.0166205
0.049078 0.0193906
0.055503 0.0221607
0.058478 0.0249307
0.060706 0.0277008
0.062525 0.0304709
0.064267 0.033241
0.066186 0.0360111
0.072054 0.0387812
0.078983 0.0415512
0.082337 0.0443213
0.099337 0.0470914
0.109564 0.0498615
0.110777 0.0526316
0.117624 0.0554017
0.120528 0.0581717
0.134303 0.0609418
0.144955 0.0637119
0.145237 0.066482
0.152745 0.0692521
0.164792 0.0720222
0.175753 0.0747922
0.187546 0.0775623
0.190678 0.0803324
0.198326 0.0831025
0.202983 0.0858726
0.209679 0.0886427
0.209846 0.0914127
0.214782 0.0941828
0.217517 0.0969529
0.236452 0.099723
0.244541 0.102493
0.258662 0.105263
0.270995 0.108033
0.275702 0.110803
0.276798 0.113573
0.28332 0.116343
0.291985 0.119114
0.295983 0.121884
0.304243 0.124654
0.315138 0.127424
0.395392 0.130194
0.414662 0.132964
0.442745 0.135734
0.449681 0.138504
0.45312 0.141274
0.461933 0.144044
0.498752 0.146814
0.505443 0.149584
0.510056 0.152355
0.525401 0.155125
0.578084 0.157895
0.582759 0.160665
0.599961 0.163435
0.61428 0.166205
0.620951 0.168975
0.62644 0.171745
0.630671 0.174515
0.631989 0.177285
0.643588 0.180055
0.649434 0.182825
0.675933 0.185596
0.680841 0.188366
0.689128 0.191136
0.696437 0.193906
0.702255 0.196676
0.712255 0.199446
0.715358 0.202216
0.717022 0.204986
0.719197 0.207756
0.727235 0.210526
0.782537 0.213296
0.788625 0.216066
0.803041 0.218837
0.805425 0.221607
0.824177 0.224377
0.83302 0.227147
0.841509 0.229917
0.841628 0.232687
0.852677 0.235457
0.855521 0.238227
0.868943 0.240997
0.870167 0.243767
0.876308 0.246537
0.887452 0.249307
0.92462 0.252078
0.927016 0.254848
0.945161 0.257618
0.955172 0.260388
0.976379 0.263158
0.986219 0.265928
0.989639 0.268698
1.00451 0.271468
1.00976 0.274238
1.02281 0.277008
1.041 0.279778
1.04303 0.282548
1.04702 0.285319
1.06014 0.288089
1.06329 0.290859
1.07312 0.293629
1.13632 0.296399
1.13893 0.299169
1.19059 0.301939
1.20068 0.304709
1.24522 0.307479
1.27269 0.310249
1.31379 0.313019
1.3501 0.315789
1.3572 0.31856
1.37366 0.32133
1.3739 0.3241
1.38171 0.32687
1.41456 0.32964
1.4761 0.33241
1.49414 0.33518
1.52417 0.33795
1.56289 0.34072
1.57624 0.34349
1.58193 0.34626
1.59586 0.34903
1.60063 0.351801
1.61158 0.354571
1.62943 0.357341
1.62988 0.360111
1.63208 0.362881
1.68023 0.365651
1.71759 0.368421
1.74604 0.371191
1.82579 0.373961
1.82669 0.376731
1.84392 0.379501
1.85965 0.382271
1.86965 0.385042
1.94586 0.387812
1.96934 0.390582
1.99018 0.393352
2.00387 0.396122
2.01049 0.398892
2.12085 0.401662
2.12758 0.404432
2.14805 0.407202
2.16277 0.409972
2.16335 0.412742
2.18134 0.415512
2.19578 0.418283
2.22551 0.421053
2.24107 0.423823
2.2613 0.426593
2.29291 0.429363
2.30777 0.432133
2.31385 0.434903
2.32012 0.437673
2.32074 0.440443
2.35875 0.443213
2.35988 0.445983
2.36281 0.448753
2.36495 0.451524
2.37416 0.454294
2.40243 0.457064
2.4386 0.459834
2.45034 0.462604
2.47162 0.465374
2.48033 0.468144
2.55994 0.470914
2.56285 0.473684
2.59799 0.476454
2.63201 0.479224
2.66919 0.481994
2.6766 0.484765
2.70076 0.487535
2.71796 0.490305
2.72744 0.493075
2.73241 0.495845
2.74492 0.498615
2.76036 0.501385
2.78025 0.504155
2.85985 0.506925
2.86517 0.509695
2.95212 0.512465
3.02759 0.515235
3.03152 0.518006
3.03702 0.520776
3.03961 0.523546
3.06029 0.526316
3.06241 0.529086
3.06721 0.531856
3.12539 0.534626
3.28435 0.537396
3.43417 0.540166
3.46276 0.542936
3.48854 0.545706
3.51297 0.548476
3.5216 0.551247
3.57057 0.554017
3.73141 0.556787
3.74301 0.559557
3.77404 0.562327
3.88145 0.565097
3.88849 0.567867
3.88918 0.570637
4.0113 0.573407
4.05856 0.576177
4.06893 0.578947
4.07103 0.581717
4.16752 0.584488
4.19941 0.587258
4.20736 0.590028
4.37685 0.592798
4.49622 0.595568
4.53482 0.598338
4.57207 0.601108
4.62717 0.603878
4.64973 0.606648
4.71223 0.609418
4.75385 0.612188
5.08752 0.614958
5.19039 0.617729
5.2058 0.620499
5.21826 0.623269
5.25035 0.626039
5.25752 0.628809
5.26089 0.631579
5.49222 0.634349
5.626 0.637119
5.71165 0.639889
5.78482 0.642659
5.80208 0.645429
5.832 0.648199
5.83491 0.65097
5.8544 0.65374
5.89749 0.65651
5.91165 0.65928
6.07319 0.66205
6.44867 0.66482
6.485 0.66759
6.50703 0.67036
6.65363 0.67313
6.73521 0.6759
6.76786 0.67867
6.88665 0.68144
6.94444 0.684211
7.04 0.686981
7.05943 0.689751
7.17614 0.692521
7.18592 0.695291
7.27111 0.698061
7.40192 0.700831
7.51407 0.703601
7.68051 0.706371
7.84803 0.709141
7.85922 0.711911
7.90221 0.714681
8.24653 0.717452
8.28674 0.720222
8.47449 0.722992
8.5026 0.725762
8.78805 0.728532
8.84642 0.731302
8.92238 0.734072
9.01849 0.736842
9.42784 0.739612
9.73664 0.742382
9.81671 0.745152
9.87954 0.747922
9.97172 0.750693
9.97229 0.753463
10.3738 0.756233
10.3767 0.759003
10.3924 0.761773
10.3962 0.764543
10.4093 0.767313
10.4433 0.770083
10.6766 0.772853
10.6999 0.775623
10.7501 0.778393
10.753 0.781163
10.7752 0.783934
11.0267 0.786704
11.0724 0.789474
11.0829 0.792244
11.1327 0.795014
11.218 0.797784
11.2642 0.800554
11.3509 0.803324
11.6094 0.806094
11.626 0.808864
11.8213 0.811634
11.9786 0.814404
12.3308 0.817175
12.6029 0.819945
12.7848 0.822715
12.8503 0.825485
12.9518 0.828255
13.648 0.831025
14.1518 0.833795
14.2173 0.836565
14.37 0.839335
14.5736 0.842105
14.8725 0.844875
15.1239 0.847645
15.2961 0.850416
15.4014 0.853186
16.2892 0.855956
16.9266 0.858726
17.2462 0.861496
17.381 0.864266
17.4053 0.867036
17.5494 0.869806
17.6342 0.872576
17.742 0.875346
17.8049 0.878116
17.9082 0.880886
18.3928 0.883657
18.494 0.886427
18.7372 0.889197
19.0594 0.891967
19.166 0.894737
19.1818 0.897507
20.0005 0.900277
21.2898 0.903047
21.3628 0.905817
21.4728 0.908587
22.0063 0.911357
22.1606 0.914127
24.0069 0.916898
25.2764 0.919668
25.3709 0.922438
25.3727 0.925208
25.7009 0.927978
25.8128 0.930748
26.7038 0.933518
26.788 0.936288
27.4386 0.939058
28.9128 0.941828
29.2068 0.944598
29.5351 0.947368
29.8486 0.950139
31.5294 0.952909
34.2038 0.955679
34.6814 0.958449
36.5378 0.961219
39.3566 0.963989
42.1711 0.966759
42.6796 0.969529
44.2922 0.972299
46.2821 0.975069
54.1509 0.977839
57.505 0.980609
62.2634 0.98338
65.9492 0.98615
79.6656 0.98892
79.9259 0.99169
98.3813 0.99446
99.6328 0.99723
130.582 1
