0.000986 0.00277008
0.016869 0.00554017
0.017191 0.00831025
0.029104 0.0110803
0.032701 0.0138504
0.034125 0.0166205
0.044636 0.0193906
0.046059 0.0221607
0.046760 0.0249307
0.046937 0.0277008
0.047005 0.0304709
0.050247 0.033241
0.068220 0.0360111
0.069843 0.0387812
0.089272 0.0415512
0.091736 0.0443213
0.094221 0.0470914
0.104177 0.0498615
0.116506 0.0526316
0.132078 0.0554017
0.141058 0.0581717
0.147976 0.0609418
0.154625 0.0637119
0.167446 0.066482
0.168213 0.0692521
0.174089 0.0720222
0.177473 0.0747922
0.179695 0.0775623
0.182271 0.0803324
0.197666 0.0831025
0.198290 0.0858726
0.200971 0.0886427
0.220774 0.0914127
0.237879 0.0941828
0.252457 0.0969529
0.261894 0.099723
0.275446 0.102493
0.280293 0.105263
0.281693 0.108033
0.285908 0.110803
0.300885 0.113573
0.323240 0.116343
0.345100 0.119114
0.362106 0.121884
0.374595 0.124654
0.378244 0.127424
0.410502 0.130194
0.413896 0.132964
0.424824 0.135734
0.440041 0.138504
0.454121 0.141274
0.459124 0.144044
0.461260 0.146814
0.471176 0.149584
0.495035 0.152355
0.506746 0.155125
0.511192 0.157895
0.528080 0.160665
0.564999 0.163435
0.574741 0.166205
0.579677 0.168975
0.585744 0.171745
0.594110 0.174515
0.612061 0.177285
0.614693 0.180055
0.619171 0.182825
0.619398 0.185596
0.638981 0.188366
0.650385 0.191136
0.650631 0.193906
0.653370 0.196676
0.655413 0.199446
0.663589 0.202216
0.692972 0.204986
0.693130 0.207756
0.704473 0.210526
0.725517 0.213296
0.755833 0.216066
0.773085 0.218837
0.793279 0.221607
0.801048 0.224377
0.805975 0.227147
0.811687 0.229917
0.814140 0.232687
0.827732 0.235457
0.828323 0.238227
0.833361 0.240997
0.834916 0.243767
0.847061 0.246537
0.861046 0.249307
0.873937 0.252078
0.897254 0.254848
0.898972 0.257618
0.909989 0.260388
0.915869 0.263158
0.921529 0.265928
0.928432 0.268698
0.933432 0.271468
0.948046 0.274238
0.973782 0.277008
0.975885 0.279778
0.997396 0.282548
1.000555 0.285319
1.037104 0.288089
1.038439 0.290859
1.059589 0.293629
1.062851 0.296399
1.072625 0.299169
1.072721 0.301939
1.076653 0.304709
1.114954 0.307479
1.184192 0.310249
1.214907 0.313019
1.288376 0.315789
1.300930 0.31856
1.347275 0.32133
1.361418 0.3241
1.364357 0.32687
1.386164 0.32964
1.388481 0.33241
1.444916 0.33518
1.445847 0.33795
1.456726 0.34072
1.465307 0.34349
1.528873 0.34626
1.529684 0.34903
1.530411 0.351801
1.572613 0.354571
1.579296 0.357341
1.634289 0.360111
1.660826 0.362881
1.669647 0.365651
1.743199 0.368421
1.748993 0.371191
1.786972 0.373961
1.810216 0.376731
1.819523 0.379501
1.848141 0.382271
1.874451 0.385042
1.882439 0.387812
1.900156 0.390582
1.932638 0.393352
1.941124 0.396122
2.001228 0.398892
2.002724 0.401662
2.006866 0.404432
2.045380 0.407202
2.065346 0.409972
2.068104 0.412742
2.075823 0.415512
2.092476 0.418283
2.115234 0.421053
2.127855 0.423823
2.132738 0.426593
2.173922 0.429363
2.174960 0.432133
2.201723 0.434903
2.222418 0.437673
2.228746 0.440443
2.258385 0.443213
2.269947 0.445983
2.289118 0.448753
2.350296 0.451524
2.364079 0.454294
2.383606 0.457064
2.401634 0.459834
2.407013 0.462604
2.433844 0.465374
2.437670 0.468144
2.438511 0.470914
2.443069 0.473684
2.461922 0.476454
2.493838 0.479224
2.510757 0.481994
2.514565 0.484765
2.581023 0.487535
2.629465 0.490305
2.643105 0.493075
2.648109 0.495845
2.651474 0.498615
2.660503 0.501385
2.686565 0.504155
2.741495 0.506925
2.756542 0.509695
2.777424 0.512465
2.838213 0.515235
2.880046 0.518006
2.895510 0.520776
2.940495 0.523546
2.963614 0.526316
3.023436 0.529086
3.043083 0.531856
3.135284 0.534626
3.265762 0.537396
3.268764 0.540166
3.270332 0.542936
3.286701 0.545706
3.304260 0.548476
3.308184 0.551247
3.346886 0.554017
3.516329 0.556787
3.530388 0.559557
3.531586 0.562327
3.539158 0.565097
3.558601 0.567867
3.661582 0.570637
3.753603 0.573407
3.871889 0.576177
3.892447 0.578947
4.006609 0.581717
4.085440 0.584488
4.114143 0.587258
4.140053 0.590028
4.215136 0.592798
4.220453 0.595568
4.236687 0.598338
4.328728 0.601108
4.344406 0.603878
4.488689 0.606648
4.513054 0.609418
4.542801 0.612188
4.571453 0.614958
4.735718 0.617729
4.759096 0.620499
4.941341 0.623269
4.967810 0.626039
5.155396 0.628809
5.318777 0.631579
5.392258 0.634349
5.397690 0.637119
5.401947 0.639889
5.530449 0.642659
5.553257 0.645429
5.811123 0.648199
5.858837 0.65097
5.971081 0.65374
6.019524 0.65651
6.086634 0.65928
6.152180 0.66205
6.297791 0.66482
6.337067 0.66759
6.351076 0.67036
6.355488 0.67313
6.450272 0.6759
6.470413 0.67867
6.621452 0.68144
6.637909 0.684211
6.733521 0.686981
6.827599 0.689751
6.874977 0.692521
6.918684 0.695291
6.923532 0.698061
6.973581 0.700831
6.996941 0.703601
7.024179 0.706371
7.147179 0.709141
7.197304 0.711911
7.735191 0.714681
7.784668 0.717452
7.804749 0.720222
7.849003 0.722992
7.876983 0.725762
7.882870 0.728532
8.085712 0.731302
8.254831 0.734072
8.439861 0.736842
8.694035 0.739612
8.999718 0.742382
9.004051 0.745152
9.235580 0.747922
9.418015 0.750693
9.485168 0.753463
9.578522 0.756233
9.607346 0.759003
9.688622 0.761773
9.734898 0.764543
9.849663 0.767313
9.866570 0.770083
9.969952 0.772853
10.074547 0.775623
10.186157 0.778393
10.252266 0.781163
10.287338 0.783934
10.377487 0.786704
10.387003 0.789474
10.543678 0.792244
10.544567 0.795014
10.652027 0.797784
10.754044 0.800554
10.798920 0.803324
10.843016 0.806094
10.942184 0.808864
10.997574 0.811634
11.053467 0.814404
11.122675 0.817175
11.141075 0.819945
11.256302 0.822715
11.324030 0.825485
11.645416 0.828255
11.856327 0.831025
12.023685 0.833795
12.041275 0.836565
12.218132 0.839335
12.629173 0.842105
12.643789 0.844875
12.665913 0.847645
12.727308 0.850416
12.797529 0.853186
13.868500 0.855956
14.156586 0.858726
14.238371 0.861496
15.177740 0.864266
15.289059 0.867036
15.299572 0.869806
15.439499 0.872576
15.442368 0.875346
15.996445 0.878116
16.389378 0.880886
16.563644 0.883657
17.264076 0.886427
17.418320 0.889197
17.506317 0.891967
17.781738 0.894737
17.811401 0.897507
17.831188 0.900277
18.099022 0.903047
18.232712 0.905817
19.073122 0.908587
19.188835 0.911357
19.758032 0.914127
20.522213 0.916898
20.869534 0.919668
22.024323 0.922438
22.974319 0.925208
23.838596 0.927978
23.999226 0.930748
24.280411 0.933518
25.090813 0.936288
25.665794 0.939058
26.159767 0.941828
26.169044 0.944598
26.429680 0.947368
27.207497 0.950139
27.275375 0.952909
30.933395 0.955679
31.246185 0.958449
32.828735 0.961219
33.776299 0.963989
33.791924 0.966759
34.900257 0.969529
37.625359 0.972299
38.430069 0.975069
41.833935 0.977839
46.481155 0.980609
48.681377 0.98338
59.057617 0.98615
66.547081 0.98892
78.883499 0.99169
78.919540 0.99446
95.258575 0.99723
130.340912 1
