0.0335006 0.00277008
0.0808014 0.00554017
0.0890498 0.00831025
0.150816 0.0110803
0.191282 0.0138504
0.19859 0.0166205
0.231917 0.0193906
0.282137 0.0221607
0.294198 0.0249307
0.308563 0.0277008
0.361545 0.0304709
0.364053 0.033241
0.375343 0.0360111
0.398298 0.0387812
0.412543 0.0415512
0.415485 0.0443213
0.477047 0.0470914
0.482769 0.0498615
0.491275 0.0526316
0.572341 0.0554017
0.60309 0.0581717
0.62792 0.0609418
0.667197 0.0637119
0.670378 0.066482
0.79417 0.0692521
0.818835 0.0720222
0.819943 0.0747922
0.845309 0.0775623
0.923648 0.0803324
1.00686 0.0831025
1.02193 0.0858726
1.04896 0.0886427
1.09063 0.0914127
1.19019 0.0941828
1.26957 0.0969529
1.35283 0.099723
1.36207 0.102493
1.36585 0.105263
1.38982 0.108033
1.41507 0.110803
1.47389 0.113573
1.53237 0.116343
1.58574 0.119114
1.5866 0.121884
1.59061 0.124654
1.65207 0.127424
1.65474 0.130194
1.71346 0.132964
1.72157 0.135734
1.73993 0.138504
1.85483 0.141274
1.87414 0.144044
1.95874 0.146814
1.9621 0.149584
1.99363 0.152355
2.06049 0.155125
2.28572 0.157895
2.34288 0.160665
2.4039 0.163435
2.4082 0.166205
2.4176 0.168975
2.45055 0.171745
2.47385 0.174515
2.47738 0.177285
2.5096 0.180055
2.51514 0.182825
2.53145 0.185596
2.6111 0.188366
2.65957 0.191136
2.71069 0.193906
2.76011 0.196676
2.86754 0.199446
2.89162 0.202216
2.97846 0.204986
3.00308 0.207756
3.02586 0.210526
3.05072 0.213296
3.09159 0.216066
3.11585 0.218837
3.12961 0.221607
3.21092 0.224377
3.23108 0.227147
3.25095 0.229917
3.38302 0.232687
3.39638 0.235457
3.55074 0.238227
3.55299 0.240997
3.61038 0.243767
3.64634 0.246537
3.68028 0.249307
3.70189 0.252078
3.72669 0.254848
3.77764 0.257618
3.79302 0.260388
3.81309 0.263158
3.82606 0.265928
3.83426 0.268698
3.84317 0.271468
3.86447 0.274238
3.98851 0.277008
4.01431 0.279778
4.04461 0.282548
4.10916 0.285319
4.12056 0.288089
4.12157 0.290859
4.13532 0.293629
4.1627 0.296399
4.21516 0.299169
4.21671 0.301939
4.23283 0.304709
4.25976 0.307479
4.27504 0.310249
4.32534 0.313019
4.43159 0.315789
4.43936 0.31856
4.4944 0.32133
4.55315 0.3241
4.63818 0.32687
4.70615 0.32964
4.74803 0.33241
4.7974 0.33518
4.80962 0.33795
4.83447 0.34072
4.85079 0.34349
5.03768 0.34626
5.04145 0.34903
5.04688 0.351801
5.23593 0.354571
5.24659 0.357341
5.42353 0.360111
5.46646 0.362881
5.60151 0.365651
5.78931 0.368421
5.87775 0.371191
5.97453 0.373961
6.07064 0.376731
6.1174 0.379501
6.13244 0.382271
6.22959 0.385042
6.24431 0.387812
6.32138 0.390582
6.34962 0.393352
6.35412 0.396122
6.35538 0.398892
6.37807 0.401662
6.42838 0.404432
6.48065 0.407202
6.54481 0.409972
6.5964 0.412742
6.83466 0.415512
6.89252 0.418283
6.96306 0.421053
6.98577 0.423823
7.08487 0.426593
7.13459 0.429363
7.25941 0.432133
7.36555 0.434903
7.49606 0.437673
7.61061 0.440443
7.61278 0.443213
7.68806 0.445983
7.73057 0.448753
7.8854 0.451524
7.89164 0.454294
7.89505 0.457064
8.03068 0.459834
8.12749 0.462604
8.26585 0.465374
8.31025 0.468144
8.34187 0.470914
8.41909 0.473684
8.42712 0.476454
8.4285 0.479224
8.44322 0.481994
8.45283 0.484765
8.54511 0.487535
8.57332 0.490305
8.61633 0.493075
8.63335 0.495845
8.83988 0.498615
8.99706 0.501385
9.11038 0.504155
9.17264 0.506925
9.23738 0.509695
9.37896 0.512465
9.38094 0.515235
9.41547 0.518006
9.64618 0.520776
9.66418 0.523546
9.66816 0.526316
9.98058 0.529086
10.0121 0.531856
10.2634 0.534626
10.5481 0.537396
10.586 0.540166
10.8307 0.542936
10.8461 0.545706
10.8959 0.548476
10.9482 0.551247
11.08 0.554017
11.0853 0.556787
11.0908 0.559557
11.1524 0.562327
11.2525 0.565097
11.2763 0.567867
11.3899 0.570637
11.5378 0.573407
11.653 0.576177
11.6896 0.578947
11.6935 0.581717
11.717 0.584488
11.8147 0.587258
11.8316 0.590028
12.0196 0.592798
12.0232 0.595568
12.0478 0.598338
12.0719 0.601108
12.1231 0.603878
12.4065 0.606648
12.4205 0.609418
12.5017 0.612188
12.6479 0.614958
12.7963 0.617729
12.9364 0.620499
12.9779 0.623269
13.1147 0.626039
13.1255 0.628809
13.2811 0.631579
13.3308 0.634349
13.4307 0.637119
13.4974 0.639889
13.6563 0.642659
13.7061 0.645429
13.7521 0.648199
13.9037 0.65097
14.0341 0.65374
14.3136 0.65651
14.3219 0.65928
14.5408 0.66205
14.6154 0.66482
14.631 0.66759
14.824 0.67036
15.2886 0.67313
15.4783 0.6759
15.6302 0.67867
15.7079 0.68144
15.7643 0.684211
15.8105 0.686981
15.8884 0.689751
16.124 0.692521
16.3723 0.695291
16.7627 0.698061
16.9852 0.700831
17.0773 0.703601
17.1768 0.706371
17.3008 0.709141
17.3468 0.711911
17.5227 0.714681
17.7786 0.717452
17.87 0.720222
17.886 0.722992
17.9463 0.725762
18.3301 0.728532
18.4076 0.731302
18.6321 0.734072
19.0786 0.736842
19.0903 0.739612
19.134 0.742382
19.1909 0.745152
19.6126 0.747922
19.8009 0.750693
20.1348 0.753463
20.2245 0.756233
21.0567 0.759003
21.2417 0.761773
21.3104 0.764543
21.3723 0.767313
21.5042 0.770083
21.54 0.772853
21.6023 0.775623
21.6316 0.778393
21.6584 0.781163
21.6699 0.783934
21.8112 0.786704
21.82 0.789474
21.8277 0.792244
21.965 0.795014
23.0619 0.797784
23.5473 0.800554
24.2439 0.803324
24.2969 0.806094
24.4453 0.808864
24.475 0.811634
24.5428 0.814404
24.7296 0.817175
24.8769 0.819945
24.9276 0.822715
25.0607 0.825485
25.7825 0.828255
25.8858 0.831025
26.0093 0.833795
26.3613 0.836565
26.6736 0.839335
26.7607 0.842105
26.7764 0.844875
27.5168 0.847645
27.5537 0.850416
27.8356 0.853186
28.3232 0.855956
28.4982 0.858726
28.5029 0.861496
28.6686 0.864266
29.0008 0.867036
30.9007 0.869806
31.0979 0.872576
31.903 0.875346
32.0097 0.878116
32.6767 0.880886
32.7337 0.883657
32.9371 0.886427
32.9414 0.889197
32.9794 0.891967
33.6375 0.894737
34.371 0.897507
35.1008 0.900277
35.2376 0.903047
35.6779 0.905817
35.9987 0.908587
36.4535 0.911357
37.5638 0.914127
37.7967 0.916898
38.1174 0.919668
38.4397 0.922438
38.6388 0.925208
38.7414 0.927978
40.0821 0.930748
41.1409 0.933518
41.2695 0.936288
43.0019 0.939058
43.3797 0.941828
44.0577 0.944598
44.3781 0.947368
45.1516 0.950139
45.3103 0.952909
49.4925 0.955679
51.5507 0.958449
54.605 0.961219
54.6822 0.963989
62.4524 0.966759
71.3447 0.969529
71.5104 0.972299
76.5534 0.975069
95.8005 0.977839
103.757 0.980609
105.011 0.98338
113.632 0.98615
138.158 0.98892
161.533 0.99169
178.492 0.99446
186.449 0.99723
225.418 1
