0.063843 0.00277008
1.305176 0.00554017
1.547119 0.00831025
1.773193 0.0110803
1.884521 0.0138504
2.298706 0.0166205
2.943237 0.0193906
3.071289 0.0221607
3.253540 0.0249307
3.453735 0.0277008
3.637024 0.0304709
3.981567 0.033241
4.208374 0.0360111
4.224243 0.0387812
4.311768 0.0415512
5.278564 0.0443213
5.939941 0.0470914
6.285889 0.0498615
6.517700 0.0526316
6.702454 0.0554017
7.282104 0.0581717
7.290405 0.0609418
8.552002 0.0637119
9.014648 0.066482
9.375977 0.0692521
10.082886 0.0720222
11.007446 0.0747922
11.461792 0.0775623
11.491333 0.0803324
11.635254 0.0831025
12.280396 0.0858726
13.015503 0.0886427
13.317871 0.0914127
13.941162 0.0941828
14.219849 0.0969529
14.295044 0.099723
14.470093 0.102493
14.542358 0.105263
14.799561 0.108033
15.294434 0.110803
15.550171 0.113573
15.760620 0.116343
15.828369 0.119114
16.346558 0.121884
16.404419 0.124654
16.941650 0.127424
17.846069 0.130194
20.929810 0.132964
23.281006 0.135734
23.702209 0.138504
25.039795 0.141274
25.233398 0.144044
25.548218 0.146814
25.556152 0.149584
26.685547 0.152355
26.702148 0.155125
26.969238 0.157895
27.284424 0.160665
27.622559 0.163435
28.794434 0.166205
29.266724 0.168975
29.404297 0.171745
29.866577 0.174515
31.344482 0.177285
31.389526 0.180055
31.976440 0.182825
32.611938 0.185596
32.811768 0.188366
32.870728 0.191136
32.987427 0.193906
33.713623 0.196676
35.132080 0.199446
36.457275 0.202216
36.583740 0.204986
36.945190 0.207756
37.250610 0.210526
37.490601 0.213296
37.510742 0.216066
37.571533 0.218837
38.399780 0.221607
38.799316 0.224377
39.910522 0.227147
39.979980 0.229917
41.608398 0.232687
41.903320 0.235457
42.129272 0.238227
42.305786 0.240997
42.925781 0.243767
43.022217 0.246537
45.027832 0.249307
45.036621 0.252078
45.116943 0.254848
45.321899 0.257618
45.969238 0.260388
46.014526 0.263158
47.527344 0.265928
47.589722 0.268698
48.472778 0.271468
48.940186 0.274238
48.942871 0.277008
51.531616 0.279778
51.570190 0.282548
51.653564 0.285319
52.170898 0.288089
52.785767 0.290859
53.182739 0.293629
53.456543 0.296399
53.595703 0.299169
53.618713 0.301939
53.633911 0.304709
54.017761 0.307479
55.391113 0.310249
55.629272 0.313019
55.725342 0.315789
55.752686 0.31856
58.556763 0.32133
58.920898 0.3241
58.921814 0.32687
60.115967 0.32964
60.380493 0.33241
60.802979 0.33518
60.875000 0.33795
61.981079 0.34072
62.920166 0.34349
63.402466 0.34626
64.281494 0.34903
64.601562 0.351801
64.750000 0.354571
65.296509 0.357341
68.059937 0.360111
69.552979 0.362881
70.283203 0.365651
70.980957 0.368421
71.303345 0.371191
71.395142 0.373961
72.166260 0.376731
72.224365 0.379501
74.733276 0.382271
75.717773 0.385042
76.676453 0.387812
77.853455 0.390582
78.928101 0.393352
78.969971 0.396122
79.622070 0.398892
79.919189 0.401662
80.245850 0.404432
80.296875 0.407202
80.733521 0.409972
80.752808 0.412742
82.428223 0.415512
82.994324 0.418283
84.235229 0.421053
85.806763 0.423823
85.852539 0.426593
87.392944 0.429363
89.754150 0.432133
91.634033 0.434903
92.670044 0.437673
93.618530 0.440443
94.878662 0.443213
95.656616 0.445983
96.898804 0.448753
98.623657 0.451524
99.254883 0.454294
99.510498 0.457064
99.688110 0.459834
101.826660 0.462604
101.952209 0.465374
102.081787 0.468144
103.604492 0.470914
105.592773 0.473684
109.341675 0.476454
111.464722 0.479224
115.583740 0.481994
121.333984 0.484765
122.126221 0.487535
122.493774 0.490305
123.053711 0.493075
123.984375 0.495845
125.138428 0.498615
125.844727 0.501385
125.907715 0.504155
127.365112 0.506925
129.873535 0.509695
132.751465 0.512465
134.431885 0.515235
134.880005 0.518006
135.378662 0.520776
135.919922 0.523546
137.686157 0.526316
139.512939 0.529086
140.065430 0.531856
140.931763 0.534626
143.384521 0.537396
143.517822 0.540166
146.522827 0.542936
147.024536 0.545706
149.474365 0.548476
157.591431 0.551247
163.756958 0.554017
164.642822 0.556787
166.094482 0.559557
168.207153 0.562327
168.594971 0.565097
170.257812 0.567867
170.358276 0.570637
172.267578 0.573407
173.752563 0.576177
177.030640 0.578947
180.171265 0.581717
180.496338 0.584488
188.322754 0.587258
190.241638 0.590028
191.894043 0.592798
191.946411 0.595568
194.269897 0.598338
195.746460 0.601108
196.853760 0.603878
199.706665 0.606648
200.017700 0.609418
206.020508 0.612188
207.872803 0.614958
212.392700 0.617729
213.800415 0.620499
216.710815 0.623269
219.465942 0.626039
219.876221 0.628809
220.117004 0.631579
222.083557 0.634349
224.445435 0.637119
226.717041 0.639889
229.160400 0.642659
231.742798 0.645429
231.751587 0.648199
231.854370 0.65097
232.467163 0.65374
234.522095 0.65651
236.001221 0.65928
244.242920 0.66205
244.686279 0.66482
246.734619 0.66759
249.482056 0.67036
250.704712 0.67313
252.035889 0.6759
252.920654 0.67867
254.308594 0.68144
256.463257 0.684211
259.204102 0.686981
260.595947 0.689751
262.862549 0.692521
263.995850 0.695291
272.930054 0.698061
273.274292 0.700831
276.916626 0.703601
278.655640 0.706371
278.875488 0.709141
280.810059 0.711911
283.314941 0.714681
290.435059 0.717452
299.869507 0.720222
303.942139 0.722992
305.300415 0.725762
309.575195 0.728532
314.222412 0.731302
314.616699 0.734072
316.110962 0.736842
319.907837 0.739612
324.934570 0.742382
325.201233 0.745152
327.151001 0.747922
327.238770 0.750693
327.874268 0.753463
334.035034 0.756233
334.720337 0.759003
341.832397 0.761773
344.390747 0.764543
347.760986 0.767313
360.594849 0.770083
371.560913 0.772853
374.793579 0.775623
376.270142 0.778393
379.359619 0.781163
379.862915 0.783934
398.353638 0.786704
398.388916 0.789474
405.204712 0.792244
417.225952 0.795014
417.424805 0.797784
422.026489 0.800554
428.318604 0.803324
462.012329 0.806094
462.779785 0.808864
462.911865 0.811634
476.786865 0.814404
486.204956 0.817175
489.983398 0.819945
494.112427 0.822715
497.740479 0.825485
513.608154 0.828255
520.098389 0.831025
534.500366 0.833795
535.333008 0.836565
535.708374 0.839335
543.495972 0.842105
567.749634 0.844875
591.588623 0.847645
609.481445 0.850416
615.863037 0.853186
627.622314 0.855956
637.700317 0.858726
637.765625 0.861496
653.877930 0.864266
673.613892 0.867036
680.564209 0.869806
682.760742 0.872576
689.718872 0.875346
709.458252 0.878116
715.961182 0.880886
752.984619 0.883657
795.982910 0.886427
796.535034 0.889197
803.694336 0.891967
828.639893 0.894737
845.339844 0.897507
860.617065 0.900277
862.040771 0.903047
869.739746 0.905817
897.295776 0.908587
903.763672 0.911357
919.513672 0.914127
923.970215 0.916898
933.973755 0.919668
968.853027 0.922438
975.871582 0.925208
1006.224121 0.927978
1007.508057 0.930748
1019.162598 0.933518
1059.459473 0.936288
1083.714844 0.939058
1137.941162 0.941828
1145.457642 0.944598
1154.569458 0.947368
1171.911621 0.950139
1182.990845 0.952909
1194.853149 0.955679
1196.889771 0.958449
1214.546753 0.961219
1234.984497 0.963989
1281.453247 0.966759
1365.996704 0.969529
1376.961426 0.972299
1528.777832 0.975069
1610.606445 0.977839
1614.780151 0.980609
1661.846802 0.98338
1713.587280 0.98615
1761.685547 0.98892
1801.725830 0.99169
1874.232910 0.99446
2031.250244 0.99723
2188.027100 1
