0.373595 0.00277008
0.381422 0.00554017
0.540326 0.00831025
0.594691 0.0110803
0.650518 0.0138504
0.770346 0.0166205
0.854541 0.0193906
0.881054 0.0221607
0.901902 0.0249307
0.990317 0.0277008
1.021062 0.0304709
1.416821 0.033241
1.555989 0.0360111
1.666436 0.0387812
1.728520 0.0415512
1.961368 0.0443213
1.975615 0.0470914
2.317249 0.0498615
2.505698 0.0526316
2.523799 0.0554017
2.568004 0.0581717
2.732999 0.0609418
2.889378 0.0637119
2.990930 0.066482
3.000923 0.0692521
3.056652 0.0720222
3.286931 0.0747922
3.554972 0.0775623
3.599807 0.0803324
3.691230 0.0831025
3.717386 0.0858726
3.727405 0.0886427
3.999816 0.0914127
4.014201 0.0941828
4.096872 0.0969529
4.119354 0.099723
4.167912 0.102493
4.290715 0.105263
4.320686 0.108033
4.700052 0.110803
4.841470 0.113573
4.925805 0.116343
5.130518 0.119114
5.199553 0.121884
5.380089 0.124654
5.416582 0.127424
5.453455 0.130194
5.525751 0.132964
5.727773 0.135734
5.859857 0.138504
5.902527 0.141274
6.036708 0.144044
6.087876 0.146814
6.228112 0.149584
6.415615 0.152355
6.428882 0.155125
6.468043 0.157895
6.735412 0.160665
6.782877 0.163435
6.997091 0.166205
7.203964 0.168975
7.407219 0.171745
7.726723 0.174515
7.747065 0.177285
7.791916 0.180055
7.939196 0.182825
8.492511 0.185596
9.146912 0.188366
9.572841 0.191136
9.619128 0.193906
9.658132 0.196676
10.117660 0.199446
10.322793 0.202216
10.334443 0.204986
10.350458 0.207756
10.467564 0.210526
10.598254 0.213296
11.166796 0.216066
11.175701 0.218837
11.322330 0.221607
11.405798 0.224377
11.540053 0.227147
11.542045 0.229917
11.818576 0.232687
12.164466 0.235457
12.197535 0.238227
12.285133 0.240997
12.399384 0.243767
12.430506 0.246537
12.536430 0.249307
12.604699 0.252078
12.810874 0.254848
12.993844 0.257618
13.002083 0.260388
13.701917 0.263158
13.797945 0.265928
14.751625 0.268698
14.823468 0.271468
15.041322 0.274238
15.230721 0.277008
15.425418 0.279778
15.465334 0.282548
15.931579 0.285319
16.151914 0.288089
16.513287 0.290859
16.727892 0.293629
16.750723 0.296399
17.179660 0.299169
17.217191 0.301939
17.269468 0.304709
17.280559 0.307479
17.451519 0.310249
17.515153 0.313019
18.123962 0.315789
18.263152 0.31856
18.339808 0.32133
18.407942 0.3241
18.941633 0.32687
19.001187 0.32964
19.058225 0.33241
19.075912 0.33518
19.222577 0.33795
19.308414 0.34072
19.314827 0.34349
19.931862 0.34626
20.379576 0.34903
21.264413 0.351801
21.390927 0.354571
21.415208 0.357341
21.493843 0.360111
21.578872 0.362881
21.650386 0.365651
21.796484 0.368421
22.491890 0.371191
24.142134 0.373961
24.602485 0.376731
24.713641 0.379501
24.965674 0.382271
25.248256 0.385042
25.484538 0.387812
25.817916 0.390582
25.899068 0.393352
26.043591 0.396122
26.420990 0.398892
26.618084 0.401662
26.847112 0.404432
26.852551 0.407202
26.890656 0.409972
27.035820 0.412742
27.561563 0.415512
27.894425 0.418283
27.928707 0.421053
28.218803 0.423823
28.374058 0.426593
29.371610 0.429363
29.391196 0.432133
29.586381 0.434903
30.333406 0.437673
30.574608 0.440443
30.651316 0.443213
30.880600 0.445983
31.991109 0.448753
32.503709 0.451524
32.811332 0.454294
32.979092 0.457064
33.206511 0.459834
33.297613 0.462604
33.353060 0.465374
33.407515 0.468144
33.521655 0.470914
34.357733 0.473684
34.561396 0.476454
34.687993 0.479224
34.863573 0.481994
35.167620 0.484765
35.304299 0.487535
35.750315 0.490305
35.753691 0.493075
36.156175 0.495845
36.284703 0.498615
37.065920 0.501385
37.178284 0.504155
37.416375 0.506925
37.667069 0.509695
37.946826 0.512465
38.797215 0.515235
39.638981 0.518006
39.753920 0.520776
40.052360 0.523546
40.119073 0.526316
40.125605 0.529086
40.334645 0.531856
41.621864 0.534626
41.622978 0.537396
42.665628 0.540166
42.992759 0.542936
43.743429 0.545706
43.750769 0.548476
44.353789 0.551247
44.783559 0.554017
44.950098 0.556787
45.019943 0.559557
45.502120 0.562327
45.540074 0.565097
45.599788 0.567867
45.717406 0.570637
45.884809 0.573407
45.919219 0.576177
46.369272 0.578947
46.445626 0.581717
47.309938 0.584488
47.348088 0.587258
47.419879 0.590028
47.445068 0.592798
47.496825 0.595568
48.874459 0.598338
49.082479 0.601108
49.117884 0.603878
49.138597 0.606648
49.557048 0.609418
49.873802 0.612188
50.012791 0.614958
50.197989 0.617729
50.427848 0.620499
50.999266 0.623269
51.048338 0.626039
51.189697 0.628809
51.437956 0.631579
51.608729 0.634349
52.255601 0.637119
52.643377 0.639889
52.682614 0.642659
52.918035 0.645429
53.349245 0.648199
53.874117 0.65097
54.432189 0.65374
54.480839 0.65651
54.720616 0.65928
54.801357 0.66205
54.904354 0.66482
55.226237 0.66759
55.921263 0.67036
56.056678 0.67313
56.483775 0.6759
57.107395 0.67867
57.511687 0.68144
57.649058 0.684211
57.852197 0.686981
57.857150 0.689751
58.091533 0.692521
58.744663 0.695291
58.984035 0.698061
59.660774 0.700831
61.000299 0.703601
62.895358 0.706371
63.732249 0.709141
63.846761 0.711911
65.229392 0.714681
65.443665 0.717452
65.587294 0.720222
65.944147 0.722992
66.022110 0.725762
66.083461 0.728532
66.722220 0.731302
66.838813 0.734072
67.683196 0.736842
67.831439 0.739612
68.179452 0.742382
68.201447 0.745152
69.732761 0.747922
70.549166 0.750693
70.756370 0.753463
71.723503 0.756233
73.409325 0.759003
73.445529 0.761773
73.528653 0.764543
73.840851 0.767313
73.861533 0.770083
74.239796 0.772853
74.913150 0.775623
75.152504 0.778393
76.365256 0.781163
76.799506 0.783934
77.548409 0.786704
78.851998 0.789474
79.053968 0.792244
80.571550 0.795014
82.887608 0.797784
83.998054 0.800554
84.284329 0.803324
84.402406 0.806094
87.482274 0.808864
88.359857 0.811634
88.437951 0.814404
89.517218 0.817175
92.446798 0.819945
93.831432 0.822715
97.700185 0.825485
99.445480 0.828255
102.657473 0.831025
103.756225 0.833795
107.155740 0.836565
109.835899 0.839335
116.715240 0.842105
117.655718 0.844875
120.515990 0.847645
121.925080 0.850416
122.813356 0.853186
133.729982 0.855956
135.336304 0.858726
136.065459 0.861496
142.294717 0.864266
143.875217 0.867036
144.327104 0.869806
147.115314 0.872576
152.063024 0.875346
155.717921 0.878116
157.561219 0.880886
160.713685 0.883657
172.656763 0.886427
177.156687 0.889197
179.099083 0.891967
194.901574 0.894737
237.846851 0.897507
243.740678 0.900277
244.005466 0.903047
255.365539 0.905817
267.420340 0.908587
273.465228 0.911357
354.964495 0.914127
359.931850 0.916898
379.338360 0.919668
397.698998 0.922438
403.862429 0.925208
411.749029 0.927978
431.315708 0.930748
445.175076 0.933518
450.474644 0.936288
574.054480 0.939058
651.493502 0.941828
719.139004 0.944598
949.080086 0.947368
1245.633030 0.950139
1336.298275 0.952909
1719.883728 0.955679
2173.717880 0.958449
3433.495712 0.961219
4696.482849 0.963989
5979.394150 0.966759
6707.480621 0.969529
7042.463684 0.972299
16801.440430 0.975069
17998.327637 0.977839
23727.789307 0.980609
32639.636230 0.98338
33686.471558 0.98615
34115.942383 0.98892
63003.674316 0.99169
97845.819092 0.99446
110773.034668 0.99723
202933.166504 1
