0.002085 0.00277008
0.027298 0.00554017
0.028416 0.00831025
0.055601 0.0110803
0.061163 0.0138504
0.080271 0.0166205
0.082928 0.0193906
0.083136 0.0221607
0.086075 0.0249307
0.117075 0.0277008
0.118932 0.0304709
0.133049 0.033241
0.167454 0.0360111
0.185400 0.0387812
0.192585 0.0415512
0.209209 0.0443213
0.238789 0.0470914
0.260571 0.0498615
0.270142 0.0526316
0.275330 0.0554017
0.280203 0.0581717
0.288063 0.0609418
0.288833 0.0637119
0.295910 0.066482
0.308712 0.0692521
0.310782 0.0720222
0.311943 0.0747922
0.317663 0.0775623
0.339452 0.0803324
0.353813 0.0831025
0.377924 0.0858726
0.379120 0.0886427
0.382845 0.0914127
0.390970 0.0941828
0.395645 0.0969529
0.411911 0.099723
0.427156 0.102493
0.432669 0.105263
0.457085 0.108033
0.464067 0.110803
0.467491 0.113573
0.470475 0.116343
0.487755 0.119114
0.503956 0.121884
0.516284 0.124654
0.524311 0.127424
0.528969 0.130194
0.529148 0.132964
0.532813 0.135734
0.547020 0.138504
0.558255 0.141274
0.560394 0.144044
0.574196 0.146814
0.575882 0.149584
0.600935 0.152355
0.608387 0.155125
0.615408 0.157895
0.626083 0.160665
0.627472 0.163435
0.636688 0.166205
0.652973 0.168975
0.666412 0.171745
0.668968 0.174515
0.674335 0.177285
0.675608 0.180055
0.680206 0.182825
0.701435 0.185596
0.734692 0.188366
0.737799 0.191136
0.753994 0.193906
0.764460 0.196676
0.764516 0.199446
0.771366 0.202216
0.774656 0.204986
0.832901 0.207756
0.833441 0.210526
0.841373 0.213296
0.850136 0.216066
0.850687 0.218837
0.857998 0.221607
0.862076 0.224377
0.867538 0.227147
0.939939 0.229917
0.953744 0.232687
0.958471 0.235457
0.962910 0.238227
0.971450 0.240997
0.976690 0.243767
0.994095 0.246537
1.016041 0.249307
1.017298 0.252078
1.021643 0.254848
1.056010 0.257618
1.064594 0.260388
1.088520 0.263158
1.101065 0.265928
1.104774 0.268698
1.115673 0.271468
1.125398 0.274238
1.127438 0.277008
1.131279 0.279778
1.139336 0.282548
1.150688 0.285319
1.211897 0.288089
1.223850 0.290859
1.256357 0.293629
1.258553 0.296399
1.283363 0.299169
1.296713 0.301939
1.305025 0.304709
1.324975 0.307479
1.325445 0.310249
1.334429 0.313019
1.337910 0.315789
1.354162 0.31856
1.354350 0.32133
1.376066 0.3241
1.394829 0.32687
1.394924 0.32964
1.401459 0.33241
1.438499 0.33518
1.444035 0.33795
1.470043 0.34072
1.473446 0.34349
1.485259 0.34626
1.489687 0.34903
1.517418 0.351801
1.530486 0.354571
1.530769 0.357341
1.536293 0.360111
1.564064 0.362881
1.592315 0.365651
1.597440 0.368421
1.598831 0.371191
1.601131 0.373961
1.633021 0.376731
1.644405 0.379501
1.646160 0.382271
1.649942 0.385042
1.727299 0.387812
1.759161 0.390582
1.762413 0.393352
1.777351 0.396122
1.781054 0.398892
1.793110 0.401662
1.798705 0.404432
1.809958 0.407202
1.813263 0.409972
1.842628 0.412742
1.927795 0.415512
1.942326 0.418283
1.948940 0.421053
1.962145 0.423823
1.975433 0.426593
1.983546 0.429363
2.015949 0.432133
2.047838 0.434903
2.062498 0.437673
2.137571 0.440443
2.150696 0.443213
2.158224 0.445983
2.215931 0.448753
2.232857 0.451524
2.243855 0.454294
2.254402 0.457064
2.276672 0.459834
2.312969 0.462604
2.375536 0.465374
2.423666 0.468144
2.457428 0.470914
2.462576 0.473684
2.490747 0.476454
2.560511 0.479224
2.580944 0.481994
2.587885 0.484765
2.594872 0.487535
2.606194 0.490305
2.634447 0.493075
2.646820 0.495845
2.675711 0.498615
2.684633 0.501385
2.707329 0.504155
2.766012 0.506925
2.787483 0.509695
2.816235 0.512465
2.817314 0.515235
2.865492 0.518006
2.865570 0.520776
2.892183 0.523546
2.960478 0.526316
2.961309 0.529086
3.020787 0.531856
3.023795 0.534626
3.075283 0.537396
3.087770 0.540166
3.108284 0.542936
3.113835 0.545706
3.141590 0.548476
3.190325 0.551247
3.207443 0.554017
3.233379 0.556787
3.265177 0.559557
3.275642 0.562327
3.315210 0.565097
3.336721 0.567867
3.344896 0.570637
3.415482 0.573407
3.487789 0.576177
3.529606 0.578947
3.530121 0.581717
3.589741 0.584488
3.637545 0.587258
3.642838 0.590028
3.647806 0.592798
3.696129 0.595568
3.732376 0.598338
3.795528 0.601108
3.960712 0.603878
4.004215 0.606648
4.068872 0.609418
4.095840 0.612188
4.111465 0.614958
4.131886 0.617729
4.134644 0.620499
4.154087 0.623269
4.235931 0.626039
4.296593 0.628809
4.326714 0.631579
4.435856 0.634349
4.443007 0.637119
4.487770 0.639889
4.493073 0.642659
4.509958 0.645429
4.573660 0.648199
4.615751 0.65097
4.646928 0.65374
4.696419 0.65651
4.733696 0.65928
4.757277 0.66205
4.777542 0.66482
4.845379 0.66759
4.862667 0.67036
4.924509 0.67313
4.942260 0.6759
4.956947 0.67867
4.997005 0.68144
5.051727 0.684211
5.178810 0.686981
5.224365 0.689751
5.271213 0.692521
5.464273 0.695291
5.618404 0.698061
5.627052 0.700831
5.643322 0.703601
5.657951 0.706371
5.852173 0.709141
5.867334 0.711911
5.953579 0.714681
5.969002 0.717452
6.008196 0.720222
6.217934 0.722992
6.238073 0.725762
6.268877 0.728532
6.272762 0.731302
6.282880 0.734072
6.382637 0.736842
6.427162 0.739612
6.433754 0.742382
6.488188 0.745152
6.737419 0.747922
6.810541 0.750693
6.852287 0.753463
6.990707 0.756233
7.029602 0.759003
7.051987 0.761773
7.171566 0.764543
7.219537 0.767313
7.395484 0.770083
7.659592 0.772853
7.730331 0.775623
7.887894 0.778393
7.998795 0.781163
8.158997 0.783934
8.169571 0.786704
8.244701 0.789474
8.269482 0.792244
8.310135 0.795014
8.820511 0.797784
8.876801 0.800554
8.882172 0.803324
9.289467 0.806094
9.368717 0.808864
9.404228 0.811634
9.472969 0.814404
9.740656 0.817175
10.175667 0.819945
10.190720 0.822715
10.640343 0.825485
10.743923 0.828255
11.014097 0.831025
11.045853 0.833795
11.331402 0.836565
11.439316 0.839335
11.481239 0.842105
11.632475 0.844875
11.658623 0.847645
11.718800 0.850416
11.761356 0.853186
11.793648 0.855956
11.795792 0.858726
11.909389 0.861496
12.066269 0.864266
12.383484 0.867036
12.416260 0.869806
12.512001 0.872576
12.578463 0.875346
12.804367 0.878116
13.273846 0.880886
14.192886 0.883657
14.207932 0.886427
14.290340 0.889197
14.297260 0.891967
14.406357 0.894737
14.458118 0.897507
14.953369 0.900277
15.285461 0.903047
15.458611 0.905817
15.692125 0.908587
16.301739 0.911357
17.965750 0.914127
18.129860 0.916898
19.357407 0.919668
19.675856 0.922438
20.997719 0.925208
21.137741 0.927978
22.097950 0.930748
23.135811 0.933518
23.192291 0.936288
23.529137 0.939058
24.290108 0.941828
25.195389 0.944598
25.922699 0.947368
25.994263 0.950139
26.587173 0.952909
28.131989 0.955679
28.376080 0.958449
29.580093 0.961219
29.706055 0.963989
30.380478 0.966759
33.471298 0.969529
34.062393 0.972299
35.049187 0.975069
35.819965 0.977839
37.137009 0.980609
44.712112 0.98338
46.096565 0.98615
50.150440 0.98892
50.169037 0.99169
76.955688 0.99446
78.146683 0.99723
140.510651 1
