 102 108.102 81.920 26.182 24.200
 206 47.128 40.960 6.168 13.000
 308 28.9287 27.306 1.6227 5.600
 413 21.856 20.480 1.376 6.200
 518 17.4393 16.384 1.0553 6.000
 619 14.504 13.653 .851 5.800
 720 12.347 11.702 .645 5.200
 102 259.28 81.920 177.360 68.400
 206 126.05 40.960 85.090 67.500
 308 86.7163 27.306 59.4103 68.500
 413 62.4683 20.480 41.9883 67.200
 518 49.5073 16.384 33.1233 66.900
 619 41.958 13.653 28.305 67.400
 720 36.0627 11.702 24.3607 67.500
 102 175.43 81.920 93.510 53.300
 206 122.194 40.960 81.234 66.400
 308 81.276 27.306 53.970 66.400
 413 61.4057 20.480 40.9257 66.600
 518 48.1167 16.384 31.7327 65.900
 619 40.4953 13.653 26.8423 66.200
 720 35.1177 11.702 23.4157 66.600
 102 250.882 81.920 168.962 67.300
 206 135.88 40.960 94.920 69.800
 308 92.668 27.306 65.362 70.500
 413 66.78 20.480 46.300 69.300
 518 50.7393 16.384 34.3553 67.700
 619 42.495 13.653 28.842 67.800
 720 36.4573 11.702 24.7553 67.900
 102 147.845 81.920 65.925 44.500
 206 66.8337 40.960 25.8737 38.700
 308 42.774 27.306 15.468 36.100
 413 32.23 20.480 11.750 36.400
 518 24.5423 16.384 8.1583 33.200
 619 19.8797 13.653 6.2267 31.300
 720 16.0757 11.702 4.3737 27.200
 102 248.642 81.920 166.722 67.000
 206 119.981 40.960 79.021 65.800
 308 61.4777 27.306 34.1717 55.500
 413 43.0017 20.480 22.5217 52.300
 518 33.232 16.384 16.848 50.600
 619 24.3617 13.653 10.7087 43.900
 720 17.231 11.702 5.529 32.000
 102 127.228 81.920 45.308 35.600
 206 54.198 40.960 13.238 24.400
 308 35.2197 27.306 7.9137 22.400
 413 25.28 20.480 4.800 18.900
 518 20.5937 16.384 4.2097 20.400
 619 16.5463 13.653 2.8933 17.400
 720 14.465 11.702 2.763 19.100
 102 247.056 81.920 165.136 66.800
 206 120.586 40.960 79.626 66.000
 308 70.526 27.306 43.220 61.200
 413 46.344 20.480 25.864 55.800
 518 34.2357 16.384 17.8517 52.100
 619 26.539 13.653 12.886 48.500
 720 21.76 11.702 10.058 46.200
 102 114.224 81.920 32.304 28.200
 206 50.8163 40.960 9.8563 19.300
 308 32.8113 27.306 5.5053 16.700
 413 24.6153 20.480 4.1353 16.700
 518 18.8067 16.384 2.4227 12.800
 619 15.8553 13.653 2.2023 13.800
 720 13.7807 11.702 2.0787 15.000
 102 175.407 81.920 93.487 53.200
 206 68.1993 40.960 27.2393 39.900
 308 42.3917 27.306 15.0857 35.500
 413 31.263 20.480 10.783 34.400
 518 24.568 16.384 8.184 33.300
 619 20.2783 13.653 6.6253 32.600
 720 17.5813 11.702 5.8793 33.400
 102 246.935 81.920 165.015 66.800
 206 125.462 40.960 84.502 67.300
 308 81.6223 27.306 54.3163 66.500
 413 61.099 20.480 40.619 66.400
 518 49.1773 16.384 32.7933 66.600
 619 39.8147 13.653 26.1617 65.700
 720 33.604 11.702 21.902 65.100
 102 255.88 81.920 173.960 67.900
 206 128.049 40.960 87.089 68.000
 308 86.3823 27.306 59.0763 68.300
 413 64.6147 20.480 44.1347 68.300
 518 51.2947 16.384 34.9107 68.000
 619 41.787 13.653 28.134 67.300
 720 36.0297 11.702 24.3277 67.500
 102 140.108 81.920 58.188 41.500
 206 55.7787 40.960 14.8187 26.500
 308 35.32 27.306 8.014 22.600
 413 25.3887 20.480 4.9087 19.300
 518 20.5493 16.384 4.1653 20.200
 619 16.591 13.653 2.938 17.700
 720 14.3397 11.702 2.6377 18.300
 102 247.641 81.920 165.721 66.900
 206 122.352 40.960 81.392 66.500
 308 81.895 27.306 54.589 66.600
 413 60.3893 20.480 39.9093 66.000
 518 45.05 16.384 28.666 63.600
 619 35.4507 13.653 21.7977 61.400
 720 29.3827 11.702 17.6807 60.100
 102 249.81 81.920 167.890 67.200
 206 124.495 40.960 83.535 67.000
 308 81.8787 27.306 54.5727 66.600
 413 62.1517 20.480 41.6717 67.000
 518 49.4643 16.384 33.0803 66.800
 619 40.7737 13.653 27.1207 66.500
 720 35.0133 11.702 23.3113 66.500
 102 246.999 81.920 165.079 66.800
 206 123.518 40.960 82.558 66.800
 308 82.111 27.306 54.805 66.700
 413 56.2353 20.480 35.7553 63.500
 518 41.7197 16.384 25.3357 60.700
 619 32.579 13.653 18.926 58.000
 720 26.9073 11.702 15.2053 56.500
 102 226.619 81.920 144.699 63.800
 206 108.258 40.960 67.298 62.100
 308 71.07 27.306 43.764 61.500
 413 52.505 20.480 32.025 60.900
 518 41.6317 16.384 25.2477 60.600
 619 34.541 13.653 20.888 60.400
 720 29.731 11.702 18.029 60.600
 102 252.515 81.920 170.595 67.500
 206 124.441 40.960 83.481 67.000
 308 84.945 27.306 57.639 67.800
 413 63.1537 20.480 42.6737 67.500
 518 50.1903 16.384 33.8063 67.300
 619 41.5333 13.653 27.8803 67.100
 720 35.281 11.702 23.579 66.800
 102 166.666 81.920 84.746 50.800
 206 79.2473 40.960 38.2873 48.300
 308 51.8303 27.306 24.5243 47.300
 413 38.622 20.480 18.142 46.900
 518 30.6023 16.384 14.2183 46.400
 619 25.4943 13.653 11.8413 46.400
 720 21.5857 11.702 9.8837 45.700
 102 250.799 81.920 168.879 67.300
 206 71.7897 40.960 30.8297 42.900
 308 38.4663 27.306 11.1603 29.000
 413 26.2457 20.480 5.7657 21.900
 518 20.001 16.384 3.617 18.000
 619 16.071 13.653 2.418 15.000
 720 13.4697 11.702 1.7677 13.100
 102 282.109 81.920 200.189 70.900
 206 125.176 40.960 84.216 67.200
 308 62.253 27.306 34.947 56.100
 413 35.945 20.480 15.465 43.000
 518 25.0693 16.384 8.6853 34.600
 619 19.3183 13.653 5.6653 29.300
 720 16.8547 11.702 5.1527 30.500
 102 191.531 81.920 109.611 57.200
 206 92.7693 40.960 51.8093 55.800
 308 60.5723 27.306 33.2663 54.900
 413 42.0947 20.480 21.6147 51.300
 518 31.776 16.384 15.392 48.400
 619 25.791 13.653 12.138 47.000
 720 22.136 11.702 10.434 47.100
 102 216.011 81.920 134.091 62.000
 206 124.434 40.960 83.474 67.000
 308 81.8463 27.306 54.5403 66.600
 413 60.9297 20.480 40.4497 66.300
 518 49.1637 16.384 32.7797 66.600
 619 40.3973 13.653 26.7443 66.200
 720 34.566 11.702 22.864 66.100
 102 264.279 81.920 182.359 69.000
 206 129.171 40.960 88.211 68.200
 308 84.693 27.306 57.387 67.700
 413 41.8453 20.480 21.3653 51.000
 518 39.3 16.384 22.916 58.300
 619 30.441 13.653 16.788 55.100
 720 16.4043 11.702 4.7023 28.600
 102 132.225 81.920 50.305 38.000
 206 53.1113 40.960 12.1513 22.800
 308 32.7453 27.306 5.4393 16.600
 413 22.7017 20.480 2.2217 9.700
 518 17.967 16.384 1.583 8.800
 619 14.844 13.653 1.191 8.000
 720 12.7357 11.702 1.0337 8.100
 102 138.891 81.920 56.971 41.000
 206 54.5467 40.960 13.5867 24.900
 308 32.913 27.306 5.607 17.000
 413 23.1687 20.480 2.6887 11.600
 518 18.1723 16.384 1.7883 9.800
 619 14.919 13.653 1.266 8.400
 720 12.761 11.702 1.059 8.200
 102 266.546 81.920 184.626 69.200
 206 125.842 40.960 84.882 67.400
 308 85.1283 27.306 57.8223 67.900
 413 66.097 20.480 45.617 69.000
 518 50.445 16.384 34.061 67.500
 619 41.665 13.653 28.012 67.200
 720 35.9423 11.702 24.2403 67.400
 102 280.38 81.920 198.460 70.700
 206 143.573 40.960 102.613 71.400
 308 91.075 27.306 63.769 70.000
 413 68.09 20.480 47.610 69.900
 518 54.394 16.384 38.010 69.800
 619 45.1093 13.653 31.4563 69.700
 720 38.5413 11.702 26.8393 69.600
 102 112.99 81.920 31.070 27.400
 206 49.8027 40.960 8.8427 17.700
 308 30.8333 27.306 3.5273 11.400
 413 22.2187 20.480 1.7387 7.800
 518 14.7633 16.384 1.6207 10.900
 619 13.7223 13.653 .0693 .500
 720 12.9823 11.702 1.2803 9.800
 102 93.3923 81.920 11.4723 12.200
 206 32.8277 40.960 8.1323 24.700
 308 20.2953 27.306 7.0107 34.500
 413 14.786 20.480 5.694 38.500
 518 11.744 16.384 4.640 39.500
 619 9.69833 13.653 3.95467 40.700
 720 8.29333 11.702 3.40867 41.100
 102 144.242 81.920 62.322 43.200
 206 72.4583 40.960 31.4983 43.400
 308 47.6707 27.306 20.3647 42.700
 413 35.678 20.480 15.198 42.500
 518 24.9507 16.384 8.5667 34.300
 619 11.722 13.653 1.931 16.400
 720 11.3183 11.702 .3837 3.300
 102 143.43 81.920 61.510 42.800
 206 42.892 40.960 1.932 4.500
 308 25.6687 27.306 1.6373 6.300
 413 17.5847 20.480 2.8953 16.400
 518 13.9173 16.384 2.4667 17.700
 619 10.7937 13.653 2.8593 26.400
 720 9.36967 11.702 2.33233 24.800
 102 288.206 81.920 206.286 71.500
 206 137.144 40.960 96.184 70.100
 308 90.6543 27.306 63.3483 69.800
 413 62.455 20.480 41.975 67.200
 518 49.2197 16.384 32.8357 66.700
 619 39.176 13.653 25.523 65.100
 720 27.5723 11.702 15.8703 57.500
 102 371.821 81.920 289.901 77.900
 206 177.39 40.960 136.430 76.900
 308 108.657 27.306 81.351 74.800
 413 77.1237 20.480 56.6437 73.400
 518 60.1813 16.384 43.7973 72.700
 619 48.4417 13.653 34.7887 71.800
 720 40.3217 11.702 28.6197 70.900
 102 283.59 81.920 201.670 71.100
 206 132.343 40.960 91.383 69.000
 308 85.0743 27.306 57.7683 67.900
 413 61.5943 20.480 41.1143 66.700
 518 48.0623 16.384 31.6783 65.900
 619 40.1777 13.653 26.5247 66.000
 720 34.077 11.702 22.375 65.600
 102 369.754 81.920 287.834 77.800
 206 115.257 40.960 74.297 64.400
 308 57.6677 27.306 30.3617 52.600
 413 38.3637 20.480 17.8837 46.600
 518 29.3897 16.384 13.0057 44.200
 619 23.882 13.653 10.229 42.800
 720 20.1817 11.702 8.4797 42.000
 102 400.074 81.920 318.154 79.500
 206 186.946 40.960 145.986 78.000
 308 118.027 27.306 90.721 76.800
 413 60.3433 20.480 39.8633 66.000
 518 49.1723 16.384 32.7883 66.600
 619 32.7693 13.653 19.1163 58.300
 720 25.523 11.702 13.821 54.100
 102 246.13 81.920 164.210 66.700
 206 111.471 40.960 70.511 63.200
 308 71.4413 27.306 44.1353 61.700
 413 51.9903 20.480 31.5103 60.600
 518 40.954 16.384 24.570 59.900
 619 33.802 13.653 20.149 59.600
 720 28.9983 11.702 17.2963 59.600
 102 373.599 81.920 291.679 78.000
 206 185.441 40.960 144.481 77.900
 308 115.578 27.306 88.272 76.300
 413 81.3163 20.480 60.8363 74.800
 518 61.5197 16.384 45.1357 73.300
 619 49.3707 13.653 35.7177 72.300
 720 40.5513 11.702 28.8493 71.100
 102 371.039 81.920 289.119 77.900
 206 129.413 40.960 88.453 68.300
 308 71.148 27.306 43.842 61.600
 413 49.3087 20.480 28.8287 58.400
 518 36.956 16.384 20.572 55.600
 619 30.0213 13.653 16.3683 54.500
 720 24.7613 11.702 13.0593 52.700
 102 244.579 81.920 162.659 66.500
 206 123.671 40.960 82.711 66.800
 308 48.082 27.306 20.776 43.200
 413 34.814 20.480 14.334 41.100
 518 27.4497 16.384 11.0657 40.300
 619 22.5237 13.653 8.8707 39.300
 720 19.2183 11.702 7.5163 39.100
 102 154.622 81.920 72.702 47.000
 206 66.508 40.960 25.548 38.400
 308 36.1513 27.306 8.8453 24.400
 413 25.422 20.480 4.942 19.400
 518 19.6867 16.384 3.3027 16.700
 619 16.0877 13.653 2.4347 15.100
 720 13.6383 11.702 1.9363 14.100
 102 96.888 81.920 14.968 15.400
 206 46.2213 40.960 5.2613 11.300
 308 30.658 27.306 3.352 10.900
 413 22.9293 20.480 2.4493 10.600
 518 18.318 16.384 1.934 10.500
 619 15.195 13.653 1.542 10.100
 720 13.0457 11.702 1.3437 10.200
 102 274.921 81.920 193.001 70.200
 206 137.223 40.960 96.263 70.100
 308 91.4383 27.306 64.1323 70.100
 413 68.459 20.480 47.979 70.000
 518 54.7883 16.384 38.4043 70.000
 619 45.7403 13.653 32.0873 70.100
 720 39.2227 11.702 27.5207 70.100
 102 108.259 81.920 26.339 24.300
 206 53.5107 40.960 12.5507 23.400
 308 33.9337 27.306 6.6277 19.500
 413 23.684 20.480 3.204 13.500
 518 20.8827 16.384 4.4987 21.500
 619 15.1297 13.653 1.4767 9.700
 720 13.3027 11.702 1.6007 12.000
 102 120.867 81.920 38.947 32.200
 206 56.5843 40.960 15.6243 27.600
 308 36.833 27.306 9.527 25.800
 413 27.3917 20.480 6.9117 25.200
 518 21.7583 16.384 5.3743 24.600
 619 18.093 13.653 4.440 24.500
 720 15.448 11.702 3.746 24.200
 102 208.991 81.920 127.071 60.800
 206 123.537 40.960 82.577 66.800
 308 52.672 27.306 25.366 48.100
 413 32.664 20.480 12.184 37.300
 518 23.3433 16.384 6.9593 29.800
 619 18.1473 13.653 4.4943 24.700
 720 15.152 11.702 3.450 22.700
 102 205.803 81.920 123.883 60.100
 206 124.412 40.960 83.452 67.000
 308 82.648 27.306 55.342 66.900
 413 61.9777 20.480 41.4977 66.900
 518 49.6907 16.384 33.3067 67.000
 619 39.0557 13.653 25.4027 65.000
 720 20.0527 11.702 8.3507 41.600
 102 281.819 81.920 199.899 70.900
 206 117.921 40.960 76.961 65.200
 308 72.7767 27.306 45.4707 62.400
 413 51.6597 20.480 31.1797 60.300
 518 39.1467 16.384 22.7627 58.100
 619 31.5883 13.653 17.9353 56.700
 720 26.4437 11.702 14.7417 55.700
 102 249.674 81.920 167.754 67.100
 206 124.043 40.960 83.083 66.900
 308 82.2933 27.306 54.9873 66.800
 413 61.105 20.480 40.625 66.400
 518 49.584 16.384 33.200 66.900
 619 40.7823 13.653 27.1293 66.500
 720 35.0883 11.702 23.3863 66.600
 102 239.179 81.920 157.259 65.700
 206 104.273 40.960 63.313 60.700
 308 62.843 27.306 35.537 56.500
 413 44.051 20.480 23.571 53.500
 518 33.6753 16.384 17.2913 51.300
 619 26.9417 13.653 13.2887 49.300
 720 22.8313 11.702 11.1293 48.700
 102 248.35 81.920 166.430 67.000
 206 123.868 40.960 82.908 66.900
 308 82.3047 27.306 54.9987 66.800
 413 61.4027 20.480 40.9227 66.600
 518 49.1317 16.384 32.7477 66.600
 619 40.2163 13.653 26.5633 66.000
 720 33.9637 11.702 22.2617 65.500
 102 252.939 81.920 171.019 67.600
 206 125.993 40.960 85.033 67.400
 308 85.6653 27.306 58.3593 68.100
 413 63.8637 20.480 43.3837 67.900
 518 50.3387 16.384 33.9547 67.400
 619 41.5367 13.653 27.8837 67.100
 720 35.892 11.702 24.190 67.300
 102 187.05 81.920 105.130 56.200
 206 90.619 40.960 49.659 54.700
 308 59.3587 27.306 32.0527 53.900
 413 43.6317 20.480 23.1517 53.000
 518 34.3407 16.384 17.9567 52.200
 619 28.447 13.653 14.794 52.000
 720 23.9067 11.702 12.2047 51.000
 102 281.543 81.920 199.623 70.900
 206 138.193 40.960 97.233 70.300
 308 86.78 27.306 59.474 68.500
 413 63.6613 20.480 43.1813 67.800
 518 50.347 16.384 33.963 67.400
 619 40.8047 13.653 27.1517 66.500
 720 31.1123 11.702 19.4103 62.300
