 102 108.102 105.306 2.796 2.500
 206 47.128 46.076 1.052 2.200
 308 28.9287 29.489 .5603 1.900
 413 21.856 21.683 .173 .700
 518 17.4393 17.145 .2943 1.600
 619 14.504 14.178 .326 2.200
 720 12.347 12.086 .261 2.100
 619 41.958 179.365 137.407 327.400
 720 36.0627 56.235 20.1723 55.900
 308 81.276 442.906 361.630 444.900
 413 61.4057 69.133 7.7273 12.500
 518 48.1167 37.492 10.6247 22.000
 619 40.4953 25.720 14.7753 36.400
 720 35.1177 19.574 15.5437 44.200
 206 66.8337 85.884 19.0503 28.500
 308 42.774 41.927 .847 1.900
 413 32.23 27.733 4.497 13.900
 518 24.5423 20.719 3.8233 15.500
 619 19.8797 16.536 3.3437 16.800
 720 16.0757 13.759 2.3167 14.400
 206 119.981 169.958 49.977 41.600
 308 61.4777 55.276 6.2017 10.000
 413 43.0017 33.005 9.9967 23.200
 518 33.232 23.526 9.706 29.200
 619 24.3617 18.277 6.0847 24.900
 720 17.231 14.943 2.288 13.200
 102 127.228 208.638 81.410 63.900
 206 54.198 58.823 4.625 8.500
 308 35.2197 34.238 .9817 2.700
 413 25.28 24.146 1.134 4.400
 518 20.5937 18.649 1.9447 9.400
 619 16.5463 15.191 1.3553 8.100
 720 14.465 12.814 1.651 11.400
 308 70.526 88.321 17.795 25.200
 413 46.344 42.500 3.844 8.200
 518 34.2357 27.982 6.2537 18.200
 619 26.539 20.857 5.682 21.400
 720 21.76 16.624 5.136 23.600
 102 114.224 241.965 127.741 111.800
 206 50.8163 61.200 10.3837 20.400
 308 32.8113 35.030 2.2187 6.700
 413 24.6153 24.537 .0783 .300
 518 18.8067 18.881 .0743 .300
 619 15.8553 15.344 .5113 3.200
 720 13.7807 12.924 .8567 6.200
 206 68.1993 109.133 40.9337 60.000
 308 42.3917 46.794 4.4023 10.300
 413 31.263 29.782 1.481 4.700
 518 24.568 21.841 2.727 11.000
 619 20.2783 17.243 3.0353 14.900
 720 17.5813 14.245 3.3363 18.900
 413 61.099 742.567 681.468 1115.300
 518 49.1773 73.780 24.6027 50.000
 619 39.8147 38.818 .9967 2.500
 720 33.604 26.338 7.266 21.600
 102 140.108 888.117 748.009 533.800
 206 55.7787 75.001 19.2223 34.400
 308 35.32 39.154 3.834 10.800
 413 25.3887 26.492 1.1033 4.300
 518 20.5493 20.018 .5313 2.500
 619 16.591 16.087 .504 3.000
 720 14.3397 13.446 .8937 6.200
 206 122.352 313.917 191.565 156.500
 308 81.895 64.966 16.929 20.600
 413 60.3893 36.232 24.1573 40.000
 518 45.05 25.121 19.929 44.200
 619 35.4507 19.225 16.2257 45.700
 720 29.3827 15.571 13.8117 47.000
 308 81.8787 169.986 88.1073 107.600
 413 62.1517 55.279 6.8727 11.000
 518 49.4643 33.006 16.4583 33.200
 619 40.7737 23.527 17.2467 42.200
 720 35.0133 18.277 16.7363 47.700
 206 123.518 173.972 50.454 40.800
 308 82.111 55.694 26.417 32.100
 413 56.2353 33.154 23.0813 41.000
 518 41.7197 23.602 18.1177 43.400
 619 32.579 18.323 14.256 43.700
 720 26.9073 14.973 11.9343 44.300
 206 108.258 188.062 79.804 73.700
 308 71.07 57.063 14.007 19.700
 413 52.505 33.634 18.871 35.900
 518 41.6317 23.844 17.7877 42.700
 619 34.541 18.468 16.073 46.500
 720 29.731 15.071 14.660 49.300
 619 41.5333 164.815 123.2817 296.800
 720 35.281 54.721 19.440 55.100
 102 166.666 345.129 178.463 107.000
 206 79.2473 66.205 13.0423 16.400
 308 51.8303 36.614 15.2163 29.300
 413 38.622 25.304 13.318 34.400
 518 30.6023 19.332 11.2703 36.800
 619 25.4943 15.641 9.8533 38.600
 720 21.5857 13.133 8.4527 39.100
 102 250.799 137.283 113.516 45.200
 206 71.7897 51.305 20.4847 28.500
 308 38.4663 31.547 6.9193 17.900
 413 26.2457 22.776 3.4697 13.200
 518 20.001 17.821 2.180 10.800
 619 16.071 14.637 1.434 8.900
 720 13.4697 12.418 1.0517 7.800
 206 125.176 79.725 45.451 36.300
 308 62.253 40.404 21.849 35.000
 413 35.945 27.058 8.887 24.700
 518 25.0693 20.340 4.7293 18.800
 619 19.3183 16.294 3.0243 15.600
 720 16.8547 13.590 3.2647 19.300
 206 92.7693 166.072 73.3027 79.000
 308 60.5723 54.859 5.7133 9.400
 413 42.0947 32.856 9.2387 21.900
 518 31.776 23.450 8.326 26.200
 619 25.791 18.231 7.560 29.300
 720 22.136 14.912 7.224 32.600
 308 81.8463 -36571.428  
 413 60.9297 82.103 21.1733 34.700
 518 49.1637 41.005 8.1587 16.500
 619 40.3973 27.327 13.0703 32.300
 720 34.566 20.491 14.075 40.700
 413 41.8453 453.498 411.6527 983.700
 518 39.3 69.386 30.086 76.500
 619 30.441 37.566 7.125 23.400
 720 16.4043 25.755 9.3507 57.000
 102 132.225 108.199 24.026 18.100
 206 53.1113 46.621 6.4903 12.200
 308 32.7453 29.712 3.0333 9.200
 413 22.7017 21.803 .8987 3.900
 518 17.967 17.220 .747 4.100
 619 14.844 14.229 .615 4.100
 720 12.7357 12.123 .6127 4.800
 102 138.891 107.483 31.408 22.600
 206 54.5467 46.488 8.0587 14.700
 308 32.913 29.657 3.256 9.800
 413 23.1687 21.774 1.3947 6.000
 518 18.1723 17.202 .9703 5.300
 619 14.919 14.216 .703 4.700
 720 12.761 12.114 .647 5.000
 102 112.99 246.865 133.875 118.400
 206 49.8027 61.508 11.7053 23.500
 308 30.8333 35.131 4.2977 13.900
 413 22.2187 24.587 2.3683 10.600
 518 14.7633 18.911 4.1477 28.000
 619 13.7223 15.364 1.6417 11.900
 720 12.9823 12.937 .0453 .300
 102 93.3923 220.357 126.9647 135.900
 206 32.8277 59.718 26.8903 81.900
 308 20.2953 34.539 14.2437 70.100
 413 14.786 24.295 9.509 64.300
 518 11.744 18.738 6.994 59.500
 619 9.69833 15.250 5.55167 57.200
 720 8.29333 12.856 4.56267 55.000
 206 72.4583 188.131 115.6727 159.600
 308 47.6707 57.069 9.3983 19.700
 413 35.678 33.636 2.042 5.700
 518 24.9507 23.845 1.1057 4.400
 619 11.722 18.469 6.747 57.500
 720 11.3183 15.071 3.7527 33.100
 102 143.43 131.214 12.216 8.500
 206 42.892 50.433 7.541 17.500
 308 25.6687 31.215 5.5463 21.600
 413 17.5847 22.602 5.0173 28.500
 518 13.9173 17.715 3.7977 27.200
 619 10.7937 14.565 3.7713 34.900
 720 9.36967 12.366 2.99633 31.900
 206 137.144 198.334 61.190 44.600
 308 90.6543 57.974 32.6803 36.000
 413 62.455 33.948 28.507 45.600
 518 49.2197 24.002 25.2177 51.200
 619 39.176 18.563 20.613 52.600
 720 27.5723 15.133 12.4393 45.100
 206 177.39 628.992 451.602 254.500
 308 108.657 72.480 36.177 33.200
 413 77.1237 38.455 38.6687 50.100
 518 60.1813 26.170 34.0113 56.500
 619 48.4417 19.834 28.6077 59.000
 720 40.3217 15.968 24.3537 60.300
 308 85.0743 106.433 21.3587 25.100
 413 61.5943 46.290 15.3043 24.800
 518 48.0623 29.577 18.4853 38.400
 619 40.1777 21.731 18.4467 45.900
 720 34.077 17.175 16.902 49.500
 102 369.754 204.146 165.608 44.700
 206 115.257 58.460 56.797 49.200
 308 57.6677 34.115 23.5527 40.800
 413 38.3637 24.085 14.2787 37.200
 518 29.3897 18.612 10.7777 36.600
 619 23.882 15.166 8.716 36.400
 720 20.1817 12.797 7.3847 36.500
 206 186.946 91.912 95.034 50.800
 308 118.027 43.314 74.713 63.300
 413 60.3433 28.333 32.0103 53.000
 518 49.1723 21.052 28.1203 57.100
 619 32.7693 16.748 16.0213 48.800
 720 25.523 13.905 11.618 45.500
 102 246.13 210.699 35.431 14.300
 206 111.471 58.986 52.485 47.000
 308 71.4413 34.293 37.1483 51.900
 413 51.9903 24.173 27.8173 53.500
 518 40.954 18.665 22.289 54.400
 619 33.802 15.201 18.601 55.000
 720 28.9983 12.822 16.1763 55.700
 308 115.578 305.034 189.456 163.900
 413 81.3163 64.577 16.7393 20.500
 518 61.5197 36.111 25.4087 41.300
 619 49.3707 25.063 24.3077 49.200
 720 40.5513 19.191 21.3603 52.600
 102 371.039 309.646 61.393 16.500
 206 129.413 64.781 64.632 49.900
 308 71.148 36.174 34.974 49.100
 413 49.3087 25.093 24.2157 49.100
 518 36.956 19.209 17.747 48.000
 619 30.0213 15.560 14.4613 48.100
 720 24.7613 13.076 11.6853 47.100
 206 123.671 88.093 35.578 28.700
 308 48.082 42.447 5.635 11.700
 413 34.814 27.959 6.855 19.600
 518 27.4497 20.845 6.6047 24.000
 619 22.5237 16.616 5.9077 26.200
 720 19.2183 13.814 5.4043 28.100
 206 66.508 84.189 17.681 26.500
 308 36.1513 41.519 5.3677 14.800
 413 25.422 27.554 2.132 8.300
 518 19.6867 20.618 .9313 4.700
 619 16.0877 16.472 .3843 2.300
 720 13.6383 13.714 .0757 .500
 102 96.888 112.576 15.688 16.100
 206 46.2213 47.416 1.1947 2.500
 308 30.658 30.032 .626 2.000
 413 22.9293 21.976 .9533 4.100
 518 18.318 17.327 .991 5.400
 619 15.195 14.302 .893 5.800
 720 13.0457 12.176 .8697 6.600
 102 108.259 223.678 115.419 106.600
 206 53.5107 59.960 6.4493 12.000
 308 33.9337 34.620 .6863 2.000
 413 23.684 24.335 .651 2.700
 518 20.8827 18.762 2.1207 10.100
 619 15.1297 15.265 .1353 .800
 720 13.3027 12.867 .4357 3.200
 102 120.867 126.576 5.709 4.700
 206 56.5843 49.732 6.8523 12.100
 308 36.833 30.945 5.888 15.900
 413 27.3917 22.461 4.9307 18.000
 518 21.7583 17.627 4.1313 18.900
 619 18.093 14.506 3.587 19.800
 720 15.448 12.323 3.125 20.200
 206 123.537 90.892 32.645 26.400
 308 52.672 43.086 9.586 18.100
 413 32.664 28.235 4.429 13.500
 518 23.3433 20.998 2.3453 10.000
 619 18.1473 16.714 1.4333 7.800
 720 15.152 13.881 1.271 8.300
 206 124.412 86.552 37.860 30.400
 308 82.648 42.086 40.562 49.000
 413 61.9777 27.802 34.1757 55.100
 518 49.6907 20.757 28.9337 58.200
 619 39.0557 16.561 22.4947 57.500
 720 20.0527 13.776 6.2767 31.300
 206 117.921 91.929 25.992 22.000
 308 72.7767 43.318 29.4587 40.400
 413 51.6597 28.335 23.3247 45.100
 518 39.1467 21.053 18.0937 46.200
 619 31.5883 16.748 14.8403 46.900
 720 26.4437 13.905 12.5387 47.400
 206 124.043 380.103 256.060 206.400
 308 82.2933 67.395 14.8983 18.100
 413 61.105 36.975 24.130 39.400
 518 49.584 25.476 24.108 48.600
 619 40.7823 19.432 21.3503 52.300
 720 35.0883 15.706 19.3823 55.200
 102 239.179 592.249 353.070 147.600
 206 104.273 71.965 32.308 30.900
 308 62.843 38.310 24.533 39.000
 413 44.051 26.103 17.948 40.700
 518 33.6753 19.795 13.8803 41.200
 619 26.9417 15.942 10.9997 40.800
 720 22.8313 13.345 9.4863 41.500
 206 123.868 859.781 735.913 594.100
 308 82.3047 74.793 7.5117 9.100
 413 61.4027 39.097 22.3057 36.300
 518 49.1317 26.466 22.6657 46.100
 619 40.2163 20.003 20.2133 50.200
 720 33.9637 16.077 17.8867 52.600
 720 35.892 121.298 85.406 237.900
 102 187.05 1549.167 1362.117 728.200
 206 90.619 77.805 12.814 14.100
 308 59.3587 39.904 19.4547 32.700
 413 43.6317 26.833 16.7987 38.500
 518 34.3407 20.212 14.1287 41.100
 619 28.447 16.212 12.235 43.000
 720 23.9067 13.534 10.3727 43.300
 206 138.193 211.701 73.508 53.100
 308 86.78 59.064 27.716 31.900
 413 63.6613 34.319 29.3423 46.000
 518 50.347 24.186 26.161 51.900
 619 40.8047 18.673 22.1317 54.200
 720 31.1123 15.207 15.9053 51.100
