 0.00337838
.0453 0.00675676
.0743 0.0101351
.0757 0.0135135
.0783 0.0168919
.1353 0.0202703
.173 0.0236486
.261 0.027027
.2943 0.0304054
.326 0.0337838
.3843 0.0371622
.4357 0.0405405
.504 0.0439189
.5113 0.0472973
.5313 0.0506757
.5603 0.0540541
.6127 0.0574324
.615 0.0608108
.626 0.0641892
.647 0.0675676
.651 0.0709459
.6863 0.0743243
.703 0.0777027
.747 0.0810811
.847 0.0844595
.8567 0.0878378
.8697 0.0912162
.893 0.0945946
.8937 0.097973
.8987 0.101351
.9313 0.10473
.9533 0.108108
.9703 0.111486
.9817 0.114865
.991 0.118243
.9967 0.121622
1.0517 0.125
1.052 0.128378
1.1033 0.131757
1.1057 0.135135
1.134 0.138514
1.1947 0.141892
1.271 0.14527
1.3553 0.148649
1.3947 0.152027
1.4333 0.155405
1.434 0.158784
1.481 0.162162
1.6417 0.165541
1.651 0.168919
1.9447 0.172297
2.042 0.175676
2.1207 0.179054
2.132 0.182432
2.180 0.185811
2.2187 0.189189
2.288 0.192568
2.3167 0.195946
2.3453 0.199324
2.3683 0.202703
2.727 0.206081
2.796 0.209459
2.99633 0.212838
3.0243 0.216216
3.0333 0.219595
3.0353 0.222973
3.125 0.226351
3.256 0.22973
3.2647 0.233108
3.3363 0.236486
3.3437 0.239865
3.4697 0.243243
3.587 0.246622
3.7527 0.25
3.7713 0.253378
3.7977 0.256757
3.8233 0.260135
3.834 0.263514
3.844 0.266892
4.1313 0.27027
4.1477 0.273649
4.2977 0.277027
4.4023 0.280405
4.429 0.283784
4.497 0.287162
4.56267 0.290541
4.625 0.293919
4.7293 0.297297
4.9307 0.300676
5.0173 0.304054
5.136 0.307432
5.3677 0.310811
5.4043 0.314189
5.5463 0.317568
5.55167 0.320946
5.635 0.324324
5.682 0.327703
5.709 0.331081
5.7133 0.334459
5.888 0.337838
5.9077 0.341216
6.0847 0.344595
6.2017 0.347973
6.2537 0.351351
6.2767 0.35473
6.4493 0.358108
6.4903 0.361486
6.6047 0.364865
6.747 0.368243
6.8523 0.371622
6.855 0.375
6.8727 0.378378
6.9193 0.381757
6.994 0.385135
7.125 0.388514
7.224 0.391892
7.266 0.39527
7.3847 0.398649
7.5117 0.402027
7.541 0.405405
7.560 0.408784
7.7273 0.412162
8.0587 0.415541
8.1587 0.418919
8.326 0.422297
8.4527 0.425676
8.716 0.429054
8.887 0.432432
9.2387 0.435811
9.3507 0.439189
9.3983 0.442568
9.4863 0.445946
9.509 0.449324
9.586 0.452703
9.706 0.456081
9.8533 0.459459
9.9967 0.462838
10.3727 0.466216
10.3837 0.469595
10.6247 0.472973
10.7777 0.476351
10.9997 0.47973
11.2703 0.483108
11.618 0.486486
11.6853 0.489865
11.7053 0.493243
11.9343 0.496622
12.216 0.5
12.235 0.503378
12.4393 0.506757
12.5387 0.510135
12.814 0.513514
13.0423 0.516892
13.0703 0.52027
13.318 0.523649
13.8117 0.527027
13.8803 0.530405
14.007 0.533784
14.075 0.537162
14.1287 0.540541
14.2437 0.543919
14.256 0.547297
14.2787 0.550676
14.4613 0.554054
14.660 0.557432
14.7753 0.560811
14.8403 0.564189
14.8983 0.567568
15.2163 0.570946
15.3043 0.574324
15.5437 0.577703
15.688 0.581081
15.9053 0.584459
16.0213 0.587838
16.073 0.591216
16.1763 0.594595
16.2257 0.597973
16.4583 0.601351
16.7363 0.60473
16.7393 0.608108
16.7987 0.611486
16.902 0.614865
16.929 0.618243
17.2467 0.621622
17.681 0.625
17.747 0.628378
17.7877 0.631757
17.795 0.635135
17.8867 0.638514
17.948 0.641892
18.0937 0.64527
18.1177 0.648649
18.4467 0.652027
18.4853 0.655405
18.601 0.658784
18.871 0.662162
19.0503 0.665541
19.2223 0.668919
19.3823 0.672297
19.440 0.675676
19.4547 0.679054
19.929 0.682432
20.1723 0.685811
20.2133 0.689189
20.4847 0.692568
20.613 0.695946
21.1733 0.699324
21.3503 0.702703
21.3587 0.706081
21.3603 0.709459
21.849 0.712838
22.1317 0.716216
22.289 0.719595
22.3057 0.722973
22.4947 0.726351
22.6657 0.72973
23.0813 0.733108
23.3247 0.736486
23.5527 0.739865
24.026 0.743243
24.108 0.746622
24.130 0.75
24.1573 0.753378
24.2157 0.756757
24.3077 0.760135
24.3537 0.763514
24.533 0.766892
24.6027 0.77027
25.2177 0.773649
25.4087 0.777027
25.992 0.780405
26.161 0.783784
26.417 0.787162
26.8903 0.790541
27.716 0.793919
27.8173 0.797297
28.1203 0.800676
28.507 0.804054
28.6077 0.807432
28.9337 0.810811
29.3423 0.814189
29.4587 0.817568
30.086 0.820946
31.408 0.824324
32.0103 0.827703
32.308 0.831081
32.645 0.834459
32.6803 0.837838
34.0113 0.841216
34.1757 0.844595
34.974 0.847973
35.431 0.851351
35.578 0.85473
36.177 0.858108
37.1483 0.861486
37.860 0.864865
38.6687 0.868243
40.562 0.871622
40.9337 0.875
45.451 0.878378
49.977 0.881757
50.454 0.885135
52.485 0.888514
56.797 0.891892
61.190 0.89527
61.393 0.898649
64.632 0.902027
73.3027 0.905405
73.508 0.908784
74.713 0.912162
79.804 0.915541
81.410 0.918919
85.406 0.922297
88.1073 0.925676
95.034 0.929054
113.516 0.932432
115.419 0.935811
115.6727 0.939189
123.2817 0.942568
126.9647 0.945946
127.741 0.949324
133.875 0.952703
137.407 0.956081
165.608 0.959459
178.463 0.962838
189.456 0.966216
191.565 0.969595
256.060 0.972973
353.070 0.976351
361.630 0.97973
411.6527 0.983108
451.602 0.986486
681.468 0.989865
735.913 0.993243
748.009 0.996622
1362.117 1
