 0.0025974
.0527 0.00519481
.0633 0.00779221
.0673 0.0103896
.1013 0.012987
.1063 0.0155844
.189 0.0181818
.283 0.0207792
.3023 0.0233766
.333 0.025974
.3773 0.0285714
.4547 0.0311688
.522 0.0337662
.5233 0.0363636
.5343 0.038961
.5453 0.0415584
.6247 0.0441558
.625 0.0467532
.632 0.0493506
.662 0.0519481
.6623 0.0545455
.677 0.0571429
.720 0.0597403
.764 0.0623377
.8737 0.0649351
.8877 0.0675325
.8913 0.0701299
.901 0.0727273
.9067 0.0753247
.914 0.0779221
.9317 0.0805195
.9753 0.0831169
.9863 0.0857143
1.001 0.0883117
1.0057 0.0909091
1.0407 0.0935065
1.0503 0.0961039
1.0657 0.0987013
1.089 0.101299
1.1457 0.103896
1.1687 0.106494
1.176 0.109091
1.297 0.111688
1.3643 0.114286
1.4197 0.116883
1.449 0.119481
1.4503 0.122078
1.506 0.124675
1.6227 0.127273
1.664 0.12987
1.9657 0.132468
2.050 0.135065
2.062 0.137662
2.1397 0.14026
2.1947 0.142857
2.208 0.145455
2.311 0.148052
2.3267 0.150649
2.3573 0.153247
2.3723 0.155844
2.761 0.158442
2.835 0.161039
2.97533 0.163636
3.0303 0.166234
3.0483 0.168831
3.0913 0.171429
3.138 0.174026
3.2807 0.176623
3.286 0.179221
3.3523 0.181818
3.3597 0.184416
3.4927 0.187013
3.608 0.18961
3.7417 0.192208
3.7603 0.194805
3.782 0.197403
3.7937 0.2
3.8333 0.202597
3.869 0.205195
4.1267 0.207792
4.1463 0.21039
4.2547 0.212987
4.3553 0.215584
4.464 0.218182
4.521 0.220779
4.538 0.223377
4.54367 0.225974
4.7533 0.228571
4.9457 0.231169
4.9833 0.233766
5.144 0.236364
5.3257 0.238961
5.4223 0.241558
5.51067 0.244156
5.5143 0.246753
5.535 0.249351
5.704 0.251948
5.705 0.254545
5.7423 0.257143
5.9217 0.25974
5.923 0.262338
6.0947 0.264935
6.2107 0.267532
6.2847 0.27013
6.2917 0.272727
6.3313 0.275325
6.422 0.277922
6.5403 0.280519
6.6097 0.283117
6.723 0.285714
6.880 0.288312
6.9003 0.290909
6.950 0.293506
6.9553 0.296104
6.9587 0.298701
7.0457 0.301299
7.240 0.303896
7.310 0.306494
7.4037 0.309091
7.488 0.311688
7.5503 0.314286
7.565 0.316883
7.7057 0.319481
8.1397 0.322078
8.2037 0.324675
8.347 0.327273
8.4687 0.32987
8.741 0.332468
8.891 0.335065
9.2867 0.337662
9.3163 0.34026
9.4913 0.342857
9.503 0.345455
9.611 0.348052
9.738 0.350649
9.8623 0.353247
10.0297 0.355844
10.2957 0.358442
10.3797 0.361039
10.6307 0.363636
10.7947 0.366234
11.0227 0.368831
11.2863 0.371429
11.633 0.374026
11.6773 0.376623
11.6903 0.379221
11.9523 0.381818
12.255 0.384416
12.358 0.387013
12.4653 0.38961
12.5537 0.392208
12.918 0.394805
13.0913 0.397403
13.0973 0.4
13.350 0.402597
13.8317 0.405195
13.9003 0.407792
14.083 0.41039
14.111 0.412987
14.1397 0.415584
14.2187 0.418182
14.284 0.420779
14.2997 0.423377
14.4843 0.425974
14.671 0.428571
14.7873 0.431169
14.8643 0.433766
15.0393 0.436364
15.2403 0.438961
15.3713 0.441558
15.5527 0.444156
15.588 0.446753
15.9233 0.449351
16.0453 0.451948
16.096 0.454545
16.174 0.457143
16.1853 0.45974
16.2547 0.462338
16.5003 0.464935
16.7583 0.467532
16.8447 0.47013
16.922 0.472727
16.9273 0.475325
17.044 0.477922
17.2777 0.480519
17.459 0.483117
17.535 0.485714
17.541 0.488312
17.582 0.490909
17.754 0.493506
17.8267 0.496104
17.8977 0.498701
17.980 0.501299
18.1267 0.503896
18.1597 0.506494
18.4837 0.509091
18.4893 0.511688
18.620 0.514286
18.877 0.516883
19.0183 0.519481
19.0953 0.522078
19.3103 0.524675
19.4083 0.527273
19.5197 0.52987
19.967 0.532468
20.2293 0.535065
20.5497 0.537662
20.636 0.54026
20.9903 0.542857
21.1727 0.545455
21.3683 0.548052
21.3723 0.550649
21.868 0.553247
22.1557 0.555844
22.310 0.558442
22.3277 0.561039
22.5087 0.563636
22.7207 0.566234
23.0993 0.568831
23.3367 0.571429
23.5907 0.574026
24.139 0.576623
24.157 0.579221
24.173 0.581818
24.2057 0.584416
24.2223 0.587013
24.2617 0.58961
24.3317 0.592208
24.3607 0.594805
24.560 0.597403
25.2337 0.6
25.252 0.602597
25.4427 0.605195
26.089 0.607792
26.263 0.61039
26.516 0.612987
26.8503 0.615584
27.8453 0.618182
28.1523 0.620779
28.6317 0.623377
28.868 0.625974
28.9657 0.628571
29.5247 0.631169
30.2593 0.633766
31.576 0.636364
32.0203 0.638961
32.430 0.641558
32.715 0.644156
32.729 0.646753
33.856 0.649351
34.0653 0.651948
34.2077 0.654545
34.995 0.657143
35.596 0.65974
35.607 0.662338
36.242 0.664935
37.2003 0.667532
37.2713 0.67013
38.274 0.672727
38.7037 0.675325
40.597 0.677922
40.7127 0.680519
45.530 0.683117
49.333 0.685714
49.892 0.688312
49.962 0.690909
52.571 0.693506
56.849 0.696104
62.529 0.698701
64.738 0.701299
73.0367 0.703896
74.0937 0.706494
74.775 0.709091
79.2263 0.711688
79.625 0.714286
81.176 0.716883
86.230 0.719481
95.114 0.722078
97.9507 0.724675
114.727 0.727273
115.0147 0.72987
117.188 0.732468
126.8077 0.735065
127.358 0.737662
133.753 0.74026
156.4313 0.742857
165.596 0.745455
166.019 0.748052
168.404 0.750649
169.643 0.753247
177.479 0.755844
183.1887 0.758442
211.951 0.761039
248.607 0.763636
273.819 0.766234
281.183 0.768831
325.944 0.771429
330.929 0.774026
342.453 0.776623
357.547 0.779221
396.352 0.781818
408.0697 0.784416
436.2447 0.787013
456.446 0.78961
489.406 0.792208
504.171 0.794805
689.659 0.797403
704.1933 0.8
727.9353 0.802597
964.9047 0.805195
1040.193 0.807792
1238.173 0.81039
1265.8437 0.812987
1472.8187 0.815584
1712.051 0.818182
1803.387 0.820779
2006.606 0.823377
2227.7233 0.825974
2875.046 0.828571
2964.562 0.831169
3014.6097 0.833766
3430.106 0.836364
4597.8073 0.838961
4631.941 0.841558
5338.4323 0.844156
5888.076 0.846753
5916.3737 0.849351
7102.284 0.851948
7879.433 0.854545
7945.4797 0.857143
8206.663 0.85974
8525.3337 0.862338
9873.967 0.864935
10412.595 0.867532
15764.278 0.87013
17160.2773 0.872727
18462.171 0.875325
19243.1547 0.877922
20533.356 0.880519
26562.420 0.883117
28864.086 0.885714
34330.588 0.888312
46329.6207 0.890909
82030.136 0.893506
83735.393 0.896104
89900.5477 0.898701
104596.227 0.901299
159353.642 0.903896
162521.1073 0.906494
207226.290 0.909091
517614.753 0.911688
574707.110 0.914286
576314.3287 0.916883
591458.131 0.919481
681697.428 0.922078
960217.7677 0.924675
1398282.078 0.927273
1428671.969 0.92987
1537886.438 0.932468
1892734.279 0.935065
1962040.297 0.937662
2898810.385 0.94026
3243332.6667 0.942857
4261147.298 0.945455
9102750.549 0.948052
12090553.011 0.950649
13262071.806 0.953247
15290441.756 0.955844
18002823.527 0.958442
23235766.433 0.961039
62369744.130 0.963636
110303909.172 0.966234
242028367.618 0.968831
311166438.864 0.971429
339388691.305 0.974026
888986055.424 0.976623
1083561496.742 0.979221
1574238159.205 0.981818
1780314849.619 0.984416
1975359075.083 0.987013
12862597365.692 0.98961
14003334958.247 0.992208
68841222816.847 0.994805
435824782519.456 0.997403
840090087602.274 1
