.0693 0.0025974
.3837 0.00519481
.645 0.00779221
.851 0.0103896
1.0337 0.012987
1.0553 0.0155844
1.059 0.0181818
1.191 0.0207792
1.266 0.0233766
1.2803 0.025974
1.3437 0.0285714
1.376 0.0311688
1.4767 0.0337662
1.542 0.0363636
1.583 0.038961
1.6007 0.0415584
1.6207 0.0441558
1.6227 0.0467532
1.6373 0.0493506
1.7387 0.0519481
1.7677 0.0545455
1.7883 0.0571429
1.931 0.0597403
1.932 0.0623377
1.934 0.0649351
1.9363 0.0675325
2.0787 0.0701299
2.2023 0.0727273
2.2217 0.0753247
2.33233 0.0779221
2.418 0.0805195
2.4227 0.0831169
2.4347 0.0857143
2.4493 0.0883117
2.4667 0.0909091
2.6377 0.0935065
2.6887 0.0961039
2.763 0.0987013
2.8593 0.101299
2.8933 0.103896
2.8953 0.106494
2.938 0.109091
3.204 0.111688
3.3027 0.114286
3.352 0.116883
3.40867 0.119481
3.450 0.122078
3.5273 0.124675
3.617 0.127273
3.746 0.12987
3.95467 0.132468
4.1353 0.135065
4.1653 0.137662
4.2097 0.14026
4.3737 0.142857
4.440 0.145455
4.4943 0.148052
4.4987 0.150649
4.640 0.153247
4.7023 0.155844
4.800 0.158442
4.9087 0.161039
4.942 0.163636
5.1527 0.166234
5.2613 0.168831
5.3743 0.171429
5.4393 0.174026
5.5053 0.176623
5.529 0.179221
5.607 0.181818
5.6653 0.184416
5.694 0.187013
5.7657 0.18961
5.8793 0.192208
6.168 0.194805
6.2267 0.197403
6.6253 0.2
6.6277 0.202597
6.9117 0.205195
6.9593 0.207792
7.0107 0.21039
7.5163 0.212987
7.9137 0.215584
8.014 0.218182
8.1323 0.220779
8.1583 0.223377
8.184 0.225974
8.3507 0.228571
8.4797 0.231169
8.5667 0.233766
8.6853 0.236364
8.8427 0.238961
8.8453 0.241558
8.8707 0.244156
9.527 0.246753
9.8563 0.249351
9.8837 0.251948
10.058 0.254545
10.229 0.257143
10.434 0.25974
10.7087 0.262338
10.783 0.264935
11.0657 0.267532
11.1293 0.27013
11.1603 0.272727
11.4723 0.275325
11.750 0.277922
11.8413 0.280519
12.138 0.283117
12.1513 0.285714
12.184 0.288312
12.2047 0.290909
12.5507 0.293506
12.886 0.296104
13.0057 0.298701
13.0593 0.301299
13.238 0.303896
13.2887 0.306494
13.5867 0.309091
13.821 0.311688
14.2183 0.314286
14.334 0.316883
14.7417 0.319481
14.794 0.322078
14.8187 0.324675
14.968 0.327273
15.0857 0.32987
15.198 0.332468
15.2053 0.335065
15.392 0.337662
15.465 0.34026
15.468 0.342857
15.6243 0.345455
15.8703 0.348052
16.3683 0.350649
16.788 0.353247
16.848 0.355844
17.2913 0.358442
17.2963 0.361039
17.6807 0.363636
17.8517 0.366234
17.8837 0.368831
17.9353 0.371429
17.9567 0.374026
18.029 0.376623
18.142 0.379221
18.926 0.381818
19.1163 0.384416
19.4103 0.387013
20.149 0.38961
20.3647 0.392208
20.572 0.394805
20.776 0.397403
20.888 0.4
21.3653 0.402597
21.6147 0.405195
21.7977 0.407792
21.902 0.41039
22.2617 0.412987
22.375 0.415584
22.5217 0.418182
22.7627 0.420779
22.864 0.423377
22.916 0.425974
23.1517 0.428571
23.3113 0.431169
23.3863 0.433766
23.4157 0.436364
23.571 0.438961
23.579 0.441558
24.190 0.444156
24.2403 0.446753
24.3277 0.449351
24.3607 0.451948
24.5243 0.454545
24.570 0.457143
24.7553 0.45974
25.2477 0.462338
25.3357 0.464935
25.366 0.467532
25.4027 0.47013
25.523 0.472727
25.548 0.475325
25.864 0.477922
25.8737 0.480519
26.1617 0.483117
26.182 0.485714
26.339 0.488312
26.5247 0.490909
26.5633 0.493506
26.7443 0.496104
26.8393 0.498701
26.8423 0.501299
27.1207 0.503896
27.1293 0.506494
27.1517 0.509091
27.2393 0.511688
27.5207 0.514286
27.8803 0.516883
27.8837 0.519481
28.012 0.522078
28.134 0.524675
28.305 0.527273
28.6197 0.52987
28.666 0.532468
28.8287 0.535065
28.842 0.537662
28.8493 0.54026
30.3617 0.542857
30.8297 0.545455
31.070 0.548052
31.1797 0.550649
31.4563 0.553247
31.4983 0.555844
31.5103 0.558442
31.6783 0.561039
31.7327 0.563636
32.025 0.566234
32.0527 0.568831
32.0873 0.571429
32.304 0.574026
32.7477 0.576623
32.7797 0.579221
32.7883 0.581818
32.7933 0.584416
32.8357 0.587013
33.0803 0.58961
33.1233 0.592208
33.200 0.594805
33.2663 0.597403
33.3067 0.6
33.8063 0.602597
33.9547 0.605195
33.963 0.607792
34.061 0.61039
34.1717 0.612987
34.3553 0.615584
34.7887 0.618182
34.9107 0.620779
34.947 0.623377
35.537 0.625974
35.7177 0.628571
35.7553 0.631169
38.010 0.633766
38.2873 0.636364
38.4043 0.638961
38.947 0.641558
39.8633 0.644156
39.9093 0.646753
40.4497 0.649351
40.619 0.651948
40.625 0.654545
40.9227 0.657143
40.9257 0.65974
41.1143 0.662338
41.4977 0.664935
41.6717 0.667532
41.975 0.67013
41.9883 0.672727
42.6737 0.675325
43.1813 0.677922
43.220 0.680519
43.3837 0.683117
43.764 0.685714
43.7973 0.688312
43.842 0.690909
44.1347 0.693506
44.1353 0.696104
45.1357 0.698701
45.308 0.701299
45.4707 0.703896
45.617 0.706494
46.300 0.709091
47.610 0.711688
47.979 0.714286
49.659 0.716883
50.305 0.719481
51.8093 0.722078
53.970 0.724675
54.3163 0.727273
54.5403 0.72987
54.5727 0.732468
54.589 0.735065
54.805 0.737662
54.9873 0.74026
54.9987 0.742857
55.342 0.745455
56.6437 0.748052
56.971 0.750649
57.387 0.753247
57.639 0.755844
57.7683 0.758442
57.8223 0.761039
58.188 0.763636
58.3593 0.766234
59.0763 0.768831
59.4103 0.771429
59.474 0.774026
60.8363 0.776623
61.510 0.779221
62.322 0.781818
63.313 0.784416
63.3483 0.787013
63.769 0.78961
64.1323 0.792208
65.362 0.794805
65.925 0.797403
67.298 0.8
70.511 0.802597
72.702 0.805195
74.297 0.807792
76.961 0.81039
79.021 0.812987
79.626 0.815584
81.234 0.818182
81.351 0.820779
81.392 0.823377
82.558 0.825974
82.577 0.828571
82.711 0.831169
82.908 0.833766
83.083 0.836364
83.452 0.838961
83.474 0.841558
83.481 0.844156
83.535 0.846753
84.216 0.849351
84.502 0.851948
84.746 0.854545
84.882 0.857143
85.033 0.85974
85.090 0.862338
87.089 0.864935
88.211 0.867532
88.272 0.87013
88.453 0.872727
90.721 0.875325
91.383 0.877922
93.487 0.880519
93.510 0.883117
94.920 0.885714
96.184 0.888312
96.263 0.890909
97.233 0.893506
102.613 0.896104
105.130 0.898701
109.611 0.901299
123.883 0.903896
127.071 0.906494
134.091 0.909091
136.430 0.911688
144.481 0.914286
144.699 0.916883
145.986 0.919481
157.259 0.922078
162.659 0.924675
164.210 0.927273
165.015 0.92987
165.079 0.932468
165.136 0.935065
165.721 0.937662
166.430 0.94026
166.722 0.942857
167.754 0.945455
167.890 0.948052
168.879 0.950649
168.962 0.953247
170.595 0.955844
171.019 0.958442
173.960 0.961039
177.360 0.963636
182.359 0.966234
184.626 0.968831
193.001 0.971429
198.460 0.974026
199.623 0.976623
199.899 0.979221
200.189 0.981818
201.670 0.984416
206.286 0.987013
287.834 0.98961
289.119 0.992208
289.901 0.994805
291.679 0.997403
318.154 1
