.500 0.0025974
3.300 0.00519481
4.500 0.00779221
5.200 0.0103896
5.600 0.012987
5.800 0.0155844
6.000 0.0181818
6.200 0.0207792
6.300 0.0233766
7.800 0.025974
8.000 0.0285714
8.100 0.0311688
8.200 0.0337662
8.400 0.0363636
8.800 0.038961
9.700 0.0441558
9.700 0.0441558
9.800 0.0493506
9.800 0.0493506
10.100 0.0519481
10.200 0.0545455
10.500 0.0571429
10.600 0.0597403
10.900 0.0649351
10.900 0.0649351
11.300 0.0675325
11.400 0.0701299
11.600 0.0727273
12.000 0.0753247
12.200 0.0779221
12.800 0.0805195
13.000 0.0831169
13.100 0.0857143
13.500 0.0883117
13.800 0.0909091
14.100 0.0935065
15.000 0.0987013
15.000 0.0987013
15.100 0.101299
15.400 0.103896
16.400 0.109091
16.400 0.109091
16.600 0.111688
16.700 0.119481
16.700 0.119481
16.700 0.119481
17.000 0.122078
17.400 0.124675
17.700 0.132468
17.700 0.132468
17.700 0.132468
18.000 0.135065
18.300 0.137662
18.900 0.14026
19.100 0.142857
19.300 0.148052
19.300 0.148052
19.400 0.150649
19.500 0.153247
20.200 0.155844
20.400 0.158442
21.500 0.161039
21.900 0.163636
22.400 0.166234
22.600 0.168831
22.700 0.171429
22.800 0.174026
23.400 0.176623
24.200 0.181818
24.200 0.181818
24.300 0.184416
24.400 0.18961
24.400 0.18961
24.500 0.192208
24.600 0.194805
24.700 0.2
24.700 0.2
24.800 0.202597
24.900 0.205195
25.200 0.207792
25.800 0.21039
26.400 0.212987
26.500 0.215584
27.200 0.218182
27.400 0.220779
27.600 0.223377
28.200 0.225974
28.600 0.228571
29.000 0.231169
29.300 0.233766
29.800 0.236364
30.500 0.238961
31.300 0.241558
32.000 0.244156
32.200 0.246753
32.600 0.249351
33.200 0.251948
33.300 0.254545
33.400 0.257143
34.300 0.25974
34.400 0.262338
34.500 0.264935
34.600 0.267532
35.500 0.27013
35.600 0.272727
36.100 0.275325
36.400 0.277922
37.300 0.280519
38.000 0.283117
38.400 0.285714
38.500 0.288312
38.700 0.290909
39.100 0.293506
39.300 0.296104
39.500 0.298701
39.900 0.301299
40.300 0.303896
40.700 0.306494
41.000 0.309091
41.100 0.314286
41.100 0.314286
41.500 0.316883
41.600 0.319481
42.000 0.322078
42.500 0.324675
42.700 0.327273
42.800 0.332468
42.800 0.332468
42.900 0.335065
43.000 0.337662
43.200 0.342857
43.200 0.342857
43.400 0.345455
43.900 0.348052
44.200 0.350649
44.500 0.353247
45.700 0.355844
46.200 0.358442
46.400 0.363636
46.400 0.363636
46.600 0.366234
46.900 0.368831
47.000 0.374026
47.000 0.374026
47.100 0.376623
47.300 0.379221
48.100 0.381818
48.300 0.384416
48.400 0.387013
48.500 0.38961
48.700 0.392208
49.300 0.394805
50.600 0.397403
50.800 0.4
51.000 0.405195
51.000 0.405195
51.300 0.41039
51.300 0.41039
52.000 0.412987
52.100 0.415584
52.200 0.418182
52.300 0.420779
52.600 0.423377
52.700 0.425974
53.000 0.428571
53.200 0.431169
53.300 0.433766
53.500 0.436364
53.900 0.438961
54.100 0.441558
54.500 0.444156
54.700 0.446753
54.900 0.449351
55.100 0.451948
55.500 0.454545
55.600 0.457143
55.700 0.45974
55.800 0.464935
55.800 0.464935
56.100 0.467532
56.200 0.47013
56.500 0.475325
56.500 0.475325
56.700 0.477922
57.200 0.480519
57.500 0.483117
58.000 0.485714
58.100 0.488312
58.300 0.493506
58.300 0.493506
58.400 0.496104
59.600 0.501299
59.600 0.501299
59.900 0.503896
60.100 0.509091
60.100 0.509091
60.300 0.511688
60.400 0.514286
60.600 0.522078
60.600 0.522078
60.600 0.522078
60.700 0.527273
60.700 0.527273
60.800 0.52987
60.900 0.532468
61.200 0.535065
61.400 0.537662
61.500 0.54026
61.600 0.542857
61.700 0.545455
62.000 0.548052
62.100 0.550649
62.300 0.553247
62.400 0.555844
63.200 0.558442
63.500 0.561039
63.600 0.563636
63.800 0.566234
64.400 0.568831
65.000 0.571429
65.100 0.576623
65.100 0.576623
65.200 0.579221
65.500 0.581818
65.600 0.584416
65.700 0.58961
65.700 0.58961
65.800 0.592208
65.900 0.597403
65.900 0.597403
66.000 0.61039
66.000 0.61039
66.000 0.61039
66.000 0.61039
66.000 0.61039
66.100 0.612987
66.200 0.618182
66.200 0.618182
66.300 0.620779
66.400 0.631169
66.400 0.631169
66.400 0.631169
66.400 0.631169
66.500 0.649351
66.500 0.649351
66.500 0.649351
66.500 0.649351
66.500 0.649351
66.500 0.649351
66.500 0.649351
66.600 0.677922
66.600 0.677922
66.600 0.677922
66.600 0.677922
66.600 0.677922
66.600 0.677922
66.600 0.677922
66.600 0.677922
66.600 0.677922
66.600 0.677922
66.600 0.677922
66.700 0.688312
66.700 0.688312
66.700 0.688312
66.700 0.688312
66.800 0.714286
66.800 0.714286
66.800 0.714286
66.800 0.714286
66.800 0.714286
66.800 0.714286
66.800 0.714286
66.800 0.714286
66.800 0.714286
66.800 0.714286
66.900 0.732468
66.900 0.732468
66.900 0.732468
66.900 0.732468
66.900 0.732468
66.900 0.732468
66.900 0.732468
67.000 0.753247
67.000 0.753247
67.000 0.753247
67.000 0.753247
67.000 0.753247
67.000 0.753247
67.000 0.753247
67.000 0.753247
67.100 0.761039
67.100 0.761039
67.100 0.761039
67.200 0.774026
67.200 0.774026
67.200 0.774026
67.200 0.774026
67.200 0.774026
67.300 0.78961
67.300 0.78961
67.300 0.78961
67.300 0.78961
67.300 0.78961
67.300 0.78961
67.400 0.805195
67.400 0.805195
67.400 0.805195
67.400 0.805195
67.400 0.805195
67.400 0.805195
67.500 0.820779
67.500 0.820779
67.500 0.820779
67.500 0.820779
67.500 0.820779
67.500 0.820779
67.600 0.823377
67.700 0.828571
67.700 0.828571
67.800 0.836364
67.800 0.836364
67.800 0.836364
67.900 0.849351
67.900 0.849351
67.900 0.849351
67.900 0.849351
67.900 0.849351
68.000 0.854545
68.000 0.854545
68.100 0.857143
68.200 0.85974
68.300 0.867532
68.300 0.867532
68.300 0.867532
68.400 0.87013
68.500 0.875325
68.500 0.875325
69.000 0.883117
69.000 0.883117
69.000 0.883117
69.200 0.885714
69.300 0.888312
69.600 0.890909
69.700 0.893506
69.800 0.901299
69.800 0.901299
69.800 0.901299
69.900 0.903896
70.000 0.911688
70.000 0.911688
70.000 0.911688
70.100 0.924675
70.100 0.924675
70.100 0.924675
70.100 0.924675
70.100 0.924675
70.200 0.927273
70.300 0.92987
70.500 0.932468
70.700 0.935065
70.900 0.945455
70.900 0.945455
70.900 0.945455
70.900 0.945455
71.100 0.950649
71.100 0.950649
71.400 0.953247
71.500 0.955844
71.800 0.958442
72.300 0.961039
72.700 0.963636
73.300 0.966234
73.400 0.968831
74.800 0.974026
74.800 0.974026
76.300 0.976623
76.800 0.979221
76.900 0.981818
77.800 0.984416
77.900 0.992208
77.900 0.992208
77.900 0.992208
78.000 0.997403
78.000 0.997403
79.500 1
