 0.00337838
.300 0.0135135
.300 0.0135135
.300 0.0135135
.500 0.0168919
.700 0.0202703
.800 0.0236486
1.600 0.027027
1.900 0.0337838
1.900 0.0337838
2.000 0.0405405
2.000 0.0405405
2.100 0.0439189
2.200 0.0506757
2.200 0.0506757
2.300 0.0540541
2.500 0.0675676
2.500 0.0675676
2.500 0.0675676
2.500 0.0675676
2.700 0.0743243
2.700 0.0743243
3.000 0.0777027
3.200 0.0844595
3.200 0.0844595
3.900 0.0878378
4.100 0.097973
4.100 0.097973
4.100 0.097973
4.300 0.101351
4.400 0.108108
4.400 0.108108
4.700 0.121622
4.700 0.121622
4.700 0.121622
4.700 0.121622
4.800 0.125
5.000 0.128378
5.300 0.131757
5.400 0.135135
5.700 0.138514
5.800 0.141892
6.000 0.14527
6.200 0.152027
6.200 0.152027
6.600 0.155405
6.700 0.158784
7.800 0.165541
7.800 0.165541
8.100 0.168919
8.200 0.172297
8.300 0.179054
8.300 0.179054
8.500 0.185811
8.500 0.185811
8.900 0.189189
9.100 0.192568
9.200 0.195946
9.400 0.202703
9.400 0.202703
9.800 0.206081
10.000 0.212838
10.000 0.212838
10.100 0.216216
10.300 0.219595
10.600 0.222973
10.800 0.22973
10.800 0.22973
11.000 0.236486
11.000 0.236486
11.400 0.239865
11.700 0.243243
11.900 0.246622
12.000 0.25
12.100 0.253378
12.200 0.256757
12.500 0.260135
13.200 0.266892
13.200 0.266892
13.500 0.27027
13.900 0.277027
13.900 0.277027
14.100 0.280405
14.300 0.283784
14.400 0.287162
14.700 0.290541
14.800 0.293919
14.900 0.297297
15.500 0.300676
15.600 0.304054
15.900 0.307432
16.100 0.310811
16.400 0.314189
16.500 0.320946
16.500 0.320946
16.800 0.324324
17.500 0.327703
17.900 0.331081
18.000 0.334459
18.100 0.344595
18.100 0.344595
18.100 0.344595
18.200 0.347973
18.800 0.351351
18.900 0.358108
18.900 0.358108
19.300 0.361486
19.600 0.364865
19.700 0.371622
19.700 0.371622
19.800 0.375
20.200 0.378378
20.400 0.381757
20.500 0.385135
20.600 0.388514
21.400 0.391892
21.600 0.398649
21.600 0.398649
21.900 0.402027
22.000 0.408784
22.000 0.408784
22.600 0.412162
23.200 0.415541
23.400 0.418919
23.500 0.422297
23.600 0.425676
24.000 0.429054
24.700 0.432432
24.800 0.435811
24.900 0.439189
25.100 0.442568
25.200 0.445946
26.200 0.452703
26.200 0.452703
26.400 0.456081
26.500 0.459459
27.200 0.462838
28.000 0.466216
28.100 0.469595
28.500 0.47973
28.500 0.47973
28.500 0.47973
28.700 0.483108
29.200 0.486486
29.300 0.493243
29.300 0.493243
30.400 0.496622
30.900 0.5
31.300 0.503378
31.900 0.510135
31.900 0.510135
32.100 0.513514
32.300 0.516892
32.600 0.52027
32.700 0.523649
33.100 0.527027
33.200 0.533784
33.200 0.533784
34.400 0.540541
34.400 0.540541
34.700 0.543919
34.900 0.547297
35.000 0.550676
35.900 0.554054
36.000 0.557432
36.300 0.564189
36.300 0.564189
36.400 0.570946
36.400 0.570946
36.500 0.574324
36.600 0.577703
36.800 0.581081
37.200 0.584459
38.400 0.587838
38.500 0.591216
38.600 0.594595
39.000 0.597973
39.100 0.601351
39.400 0.60473
40.000 0.608108
40.400 0.611486
40.700 0.618243
40.700 0.618243
40.800 0.628378
40.800 0.628378
40.800 0.628378
41.000 0.631757
41.100 0.635135
41.200 0.638514
41.300 0.641892
41.500 0.64527
41.600 0.648649
42.200 0.652027
42.700 0.655405
43.000 0.658784
43.300 0.662162
43.400 0.665541
43.700 0.668919
44.200 0.675676
44.200 0.675676
44.300 0.679054
44.600 0.682432
44.700 0.685811
45.100 0.692568
45.100 0.692568
45.200 0.695946
45.500 0.699324
45.600 0.702703
45.700 0.706081
45.900 0.709459
46.000 0.712838
46.100 0.716216
46.200 0.719595
46.500 0.722973
46.900 0.726351
47.000 0.733108
47.000 0.733108
47.100 0.736486
47.400 0.739865
47.700 0.743243
48.000 0.746622
48.100 0.75
48.600 0.753378
48.800 0.756757
49.000 0.760135
49.100 0.766892
49.100 0.766892
49.200 0.773649
49.200 0.773649
49.300 0.777027
49.500 0.780405
49.900 0.783784
50.000 0.787162
50.100 0.790541
50.200 0.793919
50.800 0.797297
51.100 0.800676
51.200 0.804054
51.900 0.810811
51.900 0.810811
52.300 0.814189
52.600 0.824324
52.600 0.824324
52.600 0.824324
53.000 0.827703
53.100 0.831081
53.500 0.834459
54.200 0.837838
54.400 0.841216
55.000 0.847973
55.000 0.847973
55.100 0.85473
55.100 0.85473
55.200 0.858108
55.700 0.861486
55.900 0.864865
56.500 0.868243
57.000 0.871622
57.100 0.875
57.200 0.878378
57.500 0.885135
57.500 0.885135
58.200 0.888514
59.000 0.891892
59.500 0.89527
60.000 0.898649
60.300 0.902027
63.300 0.905405
63.900 0.908784
64.300 0.912162
70.100 0.915541
73.700 0.918919
76.500 0.922297
79.000 0.925676
81.900 0.929054
106.600 0.932432
107.000 0.935811
107.600 0.939189
111.800 0.942568
118.400 0.945946
135.900 0.949324
147.600 0.952703
156.500 0.956081
159.600 0.959459
163.900 0.962838
206.400 0.966216
237.900 0.969595
254.500 0.972973
296.800 0.976351
327.400 0.97973
444.900 0.983108
533.800 0.986486
594.100 0.989865
728.200 0.993243
983.700 0.996622
1115.300 1
