 0.0025974
.300 0.00779221
.300 0.00779221
.400 0.012987
.400 0.012987
.700 0.0155844
.800 0.0181818
1.700 0.0207792
1.800 0.0233766
1.900 0.025974
2.100 0.0285714
2.200 0.0363636
2.200 0.0363636
2.200 0.0363636
2.300 0.0415584
2.300 0.0415584
2.500 0.0441558
2.600 0.0545455
2.600 0.0545455
2.600 0.0545455
2.600 0.0545455
2.800 0.0571429
3.100 0.0597403
3.300 0.0623377
3.400 0.0649351
4.100 0.0701299
4.100 0.0701299
4.200 0.0779221
4.200 0.0779221
4.200 0.0779221
4.500 0.0857143
4.500 0.0857143
4.500 0.0857143
4.600 0.0883117
4.800 0.0935065
4.800 0.0935065
4.900 0.0961039
5.100 0.0987013
5.400 0.103896
5.400 0.103896
5.700 0.106494
5.900 0.109091
6.100 0.111688
6.300 0.116883
6.300 0.116883
6.600 0.119481
6.800 0.122078
7.900 0.127273
7.900 0.127273
8.100 0.12987
8.200 0.132468
8.300 0.137662
8.300 0.137662
8.500 0.14026
8.600 0.142857
9.000 0.145455
9.300 0.148052
9.400 0.153247
9.400 0.153247
9.500 0.155844
9.900 0.158442
10.100 0.163636
10.100 0.163636
10.200 0.168831
10.200 0.168831
10.600 0.171429
10.700 0.174026
11.000 0.176623
11.100 0.179221
11.200 0.181818
11.500 0.184416
11.700 0.187013
11.800 0.194805
11.800 0.194805
11.800 0.194805
12.000 0.197403
12.100 0.2
12.200 0.202597
12.300 0.205195
12.700 0.207792
13.300 0.21039
13.400 0.212987
13.600 0.215584
13.700 0.218182
14.000 0.220779
14.200 0.223377
14.400 0.228571
14.400 0.228571
14.700 0.231169
14.900 0.233766
15.000 0.236364
15.600 0.241558
15.600 0.241558
16.000 0.246753
16.000 0.246753
16.500 0.249351
16.600 0.251948
16.800 0.254545
16.900 0.257143
17.400 0.25974
18.000 0.264935
18.000 0.264935
18.200 0.272727
18.200 0.272727
18.200 0.272727
18.300 0.275325
18.900 0.277922
19.000 0.283117
19.000 0.283117
19.400 0.285714
19.500 0.288312
19.700 0.290909
19.800 0.293506
19.900 0.296104
20.200 0.298701
20.300 0.301299
20.800 0.306494
20.800 0.306494
21.000 0.309091
21.400 0.314286
21.400 0.314286
21.700 0.316883
22.000 0.322078
22.000 0.322078
22.100 0.324675
22.700 0.327273
23.300 0.32987
23.400 0.332468
23.600 0.335065
24.000 0.337662
24.700 0.34026
24.800 0.345455
24.800 0.345455
24.900 0.348052
25.000 0.350649
26.200 0.355844
26.200 0.355844
26.400 0.361039
26.400 0.361039
27.200 0.363636
27.900 0.366234
28.200 0.368831
28.300 0.371429
28.400 0.374026
28.600 0.376623
28.700 0.379221
29.300 0.384416
29.300 0.384416
29.400 0.387013
30.700 0.38961
31.100 0.392208
31.300 0.394805
31.700 0.397403
32.200 0.4
32.400 0.402597
32.700 0.405195
32.800 0.407792
33.000 0.41039
33.300 0.415584
33.300 0.415584
34.200 0.418182
34.400 0.420779
34.500 0.423377
34.800 0.425974
35.100 0.428571
35.900 0.431169
36.300 0.433766
36.500 0.436364
36.600 0.441558
36.600 0.441558
36.700 0.444156
36.800 0.446753
37.200 0.449351
37.600 0.451948
38.400 0.454545
38.600 0.45974
38.600 0.45974
39.000 0.462338
39.200 0.464935
39.500 0.467532
39.800 0.47013
39.900 0.472727
40.100 0.475325
40.500 0.477922
40.800 0.483117
40.800 0.483117
40.900 0.488312
40.900 0.488312
41.000 0.490909
41.100 0.496104
41.100 0.496104
41.200 0.498701
41.300 0.501299
41.500 0.503896
41.600 0.506494
42.300 0.509091
42.800 0.511688
42.900 0.514286
43.000 0.516883
43.400 0.519481
43.500 0.522078
43.800 0.524675
44.200 0.527273
44.300 0.52987
44.400 0.532468
44.800 0.535065
45.100 0.537662
45.200 0.54026
45.500 0.542857
45.800 0.545455
46.000 0.548052
46.200 0.553247
46.200 0.553247
46.300 0.555844
46.500 0.558442
46.700 0.561039
47.000 0.566234
47.000 0.566234
47.100 0.568831
47.200 0.571429
47.400 0.574026
47.500 0.576623
47.800 0.579221
48.000 0.581818
48.200 0.584416
48.700 0.587013
48.900 0.58961
49.100 0.594805
49.100 0.594805
49.200 0.602597
49.200 0.602597
49.200 0.602597
49.300 0.607792
49.300 0.607792
49.600 0.61039
49.700 0.612987
50.000 0.615584
50.100 0.618182
50.300 0.620779
50.800 0.623377
51.100 0.625974
51.200 0.628571
52.000 0.631169
52.100 0.633766
52.300 0.636364
52.600 0.641558
52.600 0.641558
52.700 0.644156
53.000 0.646753
53.500 0.651948
53.500 0.651948
54.200 0.654545
54.400 0.657143
54.700 0.65974
55.000 0.662338
55.100 0.664935
55.300 0.667532
55.800 0.67013
56.600 0.672727
56.800 0.675325
57.200 0.677922
57.300 0.680519
57.600 0.683117
58.200 0.685714
59.100 0.690909
59.100 0.690909
59.600 0.693506
60.400 0.696104
63.300 0.698701
63.800 0.701299
64.200 0.706494
64.200 0.706494
70.000 0.709091
73.500 0.711688
78.700 0.714286
81.100 0.716883
81.700 0.719481
96.700 0.722078
99.000 0.724675
105.900 0.727273
106.400 0.72987
111.400 0.732468
118.300 0.735065
120.700 0.737662
126.800 0.74026
135.300 0.742857
135.700 0.745455
143.100 0.748052
145.700 0.750649
158.300 0.753247
158.700 0.755844
170.800 0.758442
173.800 0.761039
177.000 0.763636
178.300 0.766234
201.500 0.768831
205.500 0.771429
234.000 0.774026
345.900 0.776623
376.600 0.779221
407.000 0.781818
492.200 0.784416
502.400 0.787013
541.600 0.78961
556.100 0.792208
767.000 0.794805
813.000 0.797403
881.100 0.8
1398.900 0.802597
1402.400 0.805195
1461.900 0.807792
1495.500 0.81039
1553.400 0.812987
1901.600 0.815584
2020.300 0.818182
2026.300 0.820779
2227.900 0.823377
2309.300 0.825974
2563.700 0.828571
3132.900 0.831169
3503.600 0.833766
3821.400 0.836364
4215.600 0.838961
5679.600 0.841558
5953.700 0.844156
6365.700 0.846753
6682.900 0.849351
7094.400 0.851948
7280.300 0.854545
8359.100 0.857143
8855.900 0.85974
9162.600 0.862338
12934.700 0.864935
13057.100 0.867532
13587.100 0.87013
13742.600 0.872727
22898.900 0.875325
23719.400 0.877922
30156.100 0.880519
33454.200 0.883117
35122.700 0.885714
56760.900 0.888312
63752.300 0.890909
90068.700 0.893506
104943.900 0.896104
118140.200 0.898701
122314.600 0.901299
187596.200 0.903896
206318.000 0.906494
207347.000 0.909091
251523.400 0.911688
367608.700 0.914286
411956.300 0.916883
618514.300 0.919481
630276.700 0.922078
785840.800 0.924675
869490.400 0.927273
1118023.100 0.92987
1123713.800 0.932468
1127965.300 0.935065
1169183.400 0.937662
1502253.500 0.94026
2954165.400 0.942857
3754626.400 0.945455
6420865.700 0.948052
6633545.700 0.950649
9715891.800 0.953247
10570588.500 0.955844
12131595.600 0.958442
12150507.500 0.961039
27521851.200 0.963636
41382691.600 0.966234
83687160.900 0.968831
137440497.000 0.971429
189012305.900 0.974026
357956937.900 0.976623
394135586.800 0.979221
622378581.000 0.981818
824177865.700 0.984416
1126009847.200 0.987013
5206348911.000 0.98961
5545545792.600 0.992208
18426500824.900 0.994805
170323894997.400 0.997403
296234030678.800 1
