5.1838052000 0.00277008
11.9741143300 0.00554017
17.9544215500 0.00831025
19.8305251400 0.0110803
26.6837557700 0.0138504
31.3553071200 0.0166205
33.8172861400 0.0193906
34.4057000700 0.0221607
42.9792177400 0.0249307
46.2273395500 0.0277008
50.2453929000 0.0304709
50.9395310200 0.033241
51.1412343900 0.0360111
52.8000155100 0.0387812
56.0808733100 0.0415512
57.4922142100 0.0443213
59.2740587000 0.0470914
60.6435879500 0.0498615
61.0898899600 0.0526316
63.7927788900 0.0554017
71.1172754900 0.0581717
73.2785520400 0.0609418
74.2443837100 0.0637119
74.8922695300 0.066482
74.9994018100 0.0692521
75.4626098200 0.0720222
76.0193672200 0.0747922
77.2758341200 0.0775623
79.5102135800 0.0803324
81.3621320300 0.0831025
83.2938893600 0.0858726
84.6099730600 0.0886427
85.1452018600 0.0914127
85.3485030500 0.0941828
85.7499640800 0.0969529
87.9287543600 0.099723
88.3953714700 0.102493
89.1545518800 0.105263
89.3267522900 0.108033
89.5541270500 0.110803
89.8611345900 0.113573
89.9756914600 0.116343
90.0326936300 0.119114
90.0643647000 0.121884
90.5080504500 0.124654
90.6045445000 0.127424
90.6082103200 0.130194
90.7032230500 0.132964
90.7943741500 0.135734
91.3561210800 0.138504
91.8307049400 0.141274
92.0263009900 0.144044
92.0834536300 0.146814
92.4204588300 0.149584
92.4489137100 0.152355
92.4621415100 0.155125
92.9172620500 0.157895
93.5827066900 0.160665
93.8285610500 0.163435
93.8302354100 0.166205
93.9004013700 0.168975
94.0765689500 0.171745
95.2662802500 0.174515
95.4358699200 0.177285
95.6029641400 0.180055
95.6679664400 0.182825
95.7532445900 0.185596
95.8956206300 0.188366
95.9301733800 0.191136
95.9949656800 0.193906
96.0389453200 0.196676
96.0787820300 0.199446
96.1377370800 0.202216
96.4538424900 0.204986
96.4639351100 0.207756
96.6231326300 0.210526
96.9098190000 0.213296
96.9858734100 0.216066
97.4421369900 0.218837
97.4444329800 0.221607
97.4739270900 0.224377
97.6306815800 0.227147
97.7005625600 0.229917
97.7418472600 0.232687
97.7833542500 0.235457
97.8041298400 0.238227
97.8275866100 0.240997
97.8624419700 0.243767
97.9201716700 0.246537
97.9577976400 0.249307
98.0395800200 0.252078
98.0413534700 0.254848
98.2717841300 0.257618
98.3622023700 0.260388
98.4233735200 0.263158
98.8111863000 0.265928
98.8347316000 0.268698
98.8452550900 0.271468
98.8650477500 0.274238
98.8968224700 0.277008
99.0506355700 0.279778
99.0965694100 0.282548
99.1538922100 0.285319
99.1762357300 0.288089
99.1915696400 0.290859
99.2119484300 0.293629
99.2159447500 0.296399
99.2197806800 0.299169
99.2370624200 0.301939
99.2421187300 0.304709
99.3271897600 0.307479
99.3291157700 0.310249
99.4331373300 0.313019
99.4357837000 0.315789
99.4908542700 0.31856
99.5052370000 0.32133
99.5271263500 0.3241
99.5619442100 0.32687
99.6042977300 0.32964
99.6189590200 0.33241
99.6850677500 0.33518
99.7350542300 0.33795
99.7565833400 0.34072
99.7584948700 0.34349
99.8115154500 0.34626
99.8194945800 0.34903
99.9022377200 0.351801
99.9072199100 0.354571
99.9641368400 0.357341
99.9720595300 0.360111
99.9818443500 0.362881
106.7454749100 0.365651
110.1896838700 0.368421
110.2678516400 0.371191
119.0772442500 0.373961
126.0031155600 0.376731
145.6253972800 0.379501
151.3561943100 0.382271
155.0743314500 0.385042
156.0007900200 0.387812
156.1998358700 0.390582
156.4020702900 0.393352
156.4025520000 0.396122
156.4166771000 0.398892
156.4295194400 0.401662
156.5874378200 0.404432
183.8349876500 0.407202
220.6272270100 0.409972
232.3326572000 0.412742
235.6727714900 0.415512
237.4125989300 0.418283
238.5802428300 0.421053
239.7946170000 0.423823
240.5281640900 0.426593
243.5309787600 0.429363
247.5569192300 0.432133
274.7236942200 0.434903
281.2701060400 0.437673
282.8559357200 0.440443
283.7548765700 0.443213
321.4704078600 0.445983
338.1985929700 0.448753
353.7679579500 0.451524
368.6563202200 0.454294
372.4925365500 0.457064
375.0042908100 0.459834
387.3773792300 0.462604
395.6389579900 0.465374
395.9798508100 0.468144
398.3186202500 0.470914
402.4238023200 0.473684
411.9769610300 0.476454
413.2423776200 0.479224
421.3960925000 0.481994
421.7999480200 0.484765
429.5625100200 0.487535
480.9602433100 0.490305
495.7887509900 0.493075
506.5847619200 0.495845
540.6286168300 0.498615
550.6427159900 0.501385
559.9894298500 0.504155
560.0447335000 0.506925
570.7464857100 0.509695
579.4639539200 0.512465
583.2589300600 0.515235
635.2939015000 0.518006
646.6658888800 0.520776
723.5682057600 0.523546
762.5482235200 0.526316
766.9639329400 0.529086
769.8015765100 0.531856
806.1329432100 0.534626
889.8118970700 0.537396
907.0564516300 0.540166
915.9738069200 0.542936
927.0901644900 0.545706
934.5909376100 0.548476
964.8364789600 0.551247
971.9736941200 0.554017
1011.8204757300 0.556787
1025.6549904900 0.559557
1034.2502594700 0.562327
1058.0021713300 0.565097
1109.0144114500 0.567867
1113.3463357200 0.570637
1118.0717115900 0.573407
1118.1727003400 0.576177
1147.8552487900 0.578947
1150.0213626600 0.581717
1157.9667130200 0.584488
1165.9902355500 0.587258
1170.3774006200 0.590028
1188.9339232500 0.592798
1192.0157464400 0.595568
1195.1451030400 0.598338
1203.3030586800 0.601108
1224.2361071500 0.603878
1235.9030090200 0.606648
1236.4968687000 0.609418
1240.3182548400 0.612188
1241.9249909200 0.614958
1244.9439825500 0.617729
1245.7747404300 0.620499
1250.1255194800 0.623269
1251.7313117200 0.626039
1266.4137111000 0.628809
1268.6875302400 0.631579
1272.4826592700 0.634349
1274.9691169000 0.637119
1284.0773156200 0.639889
1291.0145531200 0.642659
1293.8099173000 0.645429
1293.8804004100 0.648199
1294.9167874200 0.65097
1299.3059700700 0.65374
1301.5589606000 0.65651
1320.5850076600 0.65928
1338.0277754400 0.66205
1367.1789501000 0.66482
1373.8287451200 0.66759
1381.2272520000 0.67036
1395.5891803400 0.67313
1419.4716739200 0.6759
1497.3353175700 0.67867
1537.1767015600 0.68144
1566.1758173400 0.684211
1570.5030595900 0.686981
1578.9860907000 0.689751
1587.4985580400 0.692521
1587.6552304900 0.695291
1595.0050320400 0.698061
1595.8752471700 0.700831
1657.6653261000 0.703601
1662.0339905800 0.706371
1669.3915988400 0.709141
1685.3821833700 0.711911
1697.0999994700 0.714681
1727.7783033400 0.717452
1758.4628116800 0.720222
1781.6739957800 0.722992
1781.8518484900 0.725762
1792.8358850700 0.728532
1804.1314445700 0.731302
1804.8256824000 0.734072
1824.2164392700 0.736842
1849.8579394400 0.739612
1889.8464828000 0.742382
1892.8459942600 0.745152
1930.2193390200 0.747922
1941.7115284900 0.750693
1943.3778792300 0.753463
1987.7891934900 0.756233
2050.0620102500 0.759003
2059.4081871900 0.761773
2110.1164627700 0.764543
2161.4441440900 0.767313
2179.8416578700 0.770083
2199.2067287700 0.772853
2266.4482015900 0.775623
2270.2386904400 0.778393
2272.0230994200 0.781163
2278.1378530300 0.783934
2328.2533223300 0.786704
2390.6479089700 0.789474
2402.4009853200 0.792244
2427.6710867900 0.795014
2441.4037019700 0.797784
2456.9380666600 0.800554
2474.8264340100 0.803324
2493.5739881800 0.806094
2515.8104626400 0.808864
2629.7785787000 0.811634
2635.3593276700 0.814404
2635.9332460500 0.817175
2681.3088224500 0.819945
2806.5146801600 0.822715
2874.0605633200 0.825485
2896.5089500200 0.828255
3005.7407677000 0.831025
3022.4724438400 0.833795
3047.5538834100 0.836565
3120.6524337300 0.839335
3137.5249374700 0.842105
3161.7385958500 0.844875
3298.7414035700 0.847645
3307.3024080700 0.850416
3382.9081632600 0.853186
3608.5160865000 0.855956
3648.6363603000 0.858726
3669.3256279600 0.861496
3701.9681521800 0.864266
3707.1349079000 0.867036
3722.2076235100 0.869806
3822.9531991600 0.872576
4064.5315308700 0.875346
4068.9567430000 0.878116
4142.1095657300 0.880886
4173.3615998300 0.883657
4181.7598702000 0.886427
4330.3646149500 0.889197
4866.6328269100 0.891967
5239.5605022100 0.894737
5358.3251896700 0.897507
5431.2781898000 0.900277
5618.9332596600 0.903047
5681.6196439500 0.905817
5691.0914555100 0.908587
5745.3160409400 0.911357
5832.1739331900 0.914127
5933.8579568500 0.916898
6288.0755922200 0.919668
6574.5500518900 0.922438
6778.7325100000 0.925208
6979.9397098800 0.927978
6982.4860632700 0.930748
7049.7941476400 0.933518
7151.9618329600 0.936288
7416.5893475800 0.939058
8203.0273838400 0.941828
8489.1628921300 0.944598
8542.8896991700 0.947368
8833.2449314300 0.950139
10324.6836963600 0.952909
10515.4483080700 0.955679
10965.4493231500 0.958449
11506.7179683600 0.961219
13535.5888869900 0.963989
18068.0545179100 0.966759
18395.2055153200 0.969529
20473.3747640700 0.972299
39058.8267725000 0.975069
79830.5137400500 0.977839
98102.2980718700 0.980609
109245.8843582200 0.98338
120317.2134964600 0.98615
121355.0888970500 0.98892
142402.4770938400 0.99169
167328.8713430100 0.99446
174614.2125917000 0.99723
188190.8214500900 1
