0 0.0221607
0 0.0221607
0 0.0221607
0 0.0221607
0 0.0221607
0 0.0221607
0 0.0221607
0 0.0221607
.100 0.0277008
.100 0.0277008
.200 0.0360111
.200 0.0360111
.200 0.0360111
.300 0.0415512
.300 0.0415512
.400 0.0637119
.400 0.0637119
.400 0.0637119
.400 0.0637119
.400 0.0637119
.400 0.0637119
.400 0.0637119
.400 0.0637119
.500 0.0803324
.500 0.0803324
.500 0.0803324
.500 0.0803324
.500 0.0803324
.500 0.0803324
.600 0.0941828
.600 0.0941828
.600 0.0941828
.600 0.0941828
.600 0.0941828
.700 0.108033
.700 0.108033
.700 0.108033
.700 0.108033
.700 0.108033
.800 0.124654
.800 0.124654
.800 0.124654
.800 0.124654
.800 0.124654
.800 0.124654
.900 0.130194
.900 0.130194
1.000 0.135734
1.000 0.135734
1.100 0.141274
1.100 0.141274
1.200 0.155125
1.200 0.155125
1.200 0.155125
1.200 0.155125
1.200 0.155125
1.300 0.168975
1.300 0.168975
1.300 0.168975
1.300 0.168975
1.300 0.168975
1.400 0.171745
1.500 0.177285
1.500 0.177285
1.600 0.185596
1.600 0.185596
1.600 0.185596
1.700 0.191136
1.700 0.191136
1.800 0.193906
1.900 0.199446
1.900 0.199446
2.000 0.207756
2.000 0.207756
2.000 0.207756
2.100 0.210526
2.300 0.221607
2.300 0.221607
2.300 0.221607
2.300 0.221607
2.400 0.227147
2.400 0.227147
2.500 0.235457
2.500 0.235457
2.500 0.235457
2.600 0.240997
2.600 0.240997
2.700 0.249307
2.700 0.249307
2.700 0.249307
2.800 0.254848
2.800 0.254848
3.100 0.257618
3.200 0.260388
3.300 0.263158
3.400 0.268698
3.400 0.268698
3.500 0.271468
3.600 0.274238
3.700 0.285319
3.700 0.285319
3.700 0.285319
3.700 0.285319
3.900 0.290859
3.900 0.290859
4.000 0.293629
4.100 0.299169
4.100 0.299169
4.200 0.301939
4.300 0.304709
4.400 0.307479
4.800 0.313019
4.800 0.313019
4.900 0.315789
5.100 0.31856
5.200 0.32133
5.500 0.3241
5.600 0.32687
6.300 0.32964
6.500 0.33241
6.700 0.33518
6.800 0.33795
6.900 0.34072
7.000 0.34626
7.000 0.34626
7.500 0.34903
7.700 0.351801
7.800 0.357341
7.800 0.357341
7.900 0.360111
8.400 0.362881
8.900 0.368421
8.900 0.368421
9.100 0.371191
9.200 0.376731
9.200 0.376731
9.500 0.379501
9.600 0.385042
9.600 0.385042
9.700 0.387812
10.000 0.390582
10.200 0.396122
10.200 0.396122
10.400 0.409972
10.400 0.409972
10.400 0.409972
10.400 0.409972
10.400 0.409972
10.600 0.412742
10.800 0.415512
11.000 0.418283
11.600 0.421053
12.300 0.423823
12.500 0.426593
12.700 0.429363
13.000 0.434903
13.000 0.434903
13.100 0.437673
13.200 0.440443
13.300 0.443213
13.500 0.445983
14.000 0.448753
14.300 0.451524
14.400 0.454294
14.700 0.457064
14.900 0.459834
15.000 0.462604
15.100 0.465374
15.200 0.468144
15.400 0.470914
15.500 0.473684
16.100 0.476454
17.000 0.479224
17.600 0.481994
17.800 0.490305
17.800 0.490305
17.800 0.490305
18.000 0.495845
18.000 0.495845
18.300 0.498615
18.500 0.501385
18.900 0.504155
19.400 0.509695
19.400 0.509695
19.600 0.512465
19.700 0.515235
19.800 0.518006
20.300 0.520776
21.800 0.523546
22.500 0.526316
24.300 0.529086
24.400 0.531856
25.000 0.534626
25.300 0.537396
25.500 0.540166
25.700 0.542936
26.100 0.545706
26.200 0.548476
26.500 0.551247
27.000 0.556787
27.000 0.556787
27.400 0.562327
27.400 0.562327
28.000 0.565097
28.300 0.570637
28.300 0.570637
29.600 0.573407
29.800 0.576177
29.900 0.578947
30.100 0.581717
30.300 0.584488
30.400 0.587258
31.300 0.590028
31.500 0.592798
31.700 0.595568
32.400 0.598338
32.500 0.601108
32.700 0.603878
33.200 0.606648
33.400 0.609418
33.600 0.612188
34.400 0.614958
34.500 0.620499
34.500 0.620499
34.700 0.623269
34.900 0.626039
35.200 0.631579
35.200 0.631579
35.300 0.634349
35.600 0.637119
36.100 0.639889
36.300 0.642659
36.500 0.645429
37.000 0.648199
38.000 0.65097
38.300 0.65374
39.200 0.65651
39.400 0.65928
40.100 0.66205
40.800 0.66482
42.400 0.66759
42.800 0.67036
43.100 0.67313
43.500 0.6759
43.900 0.67867
44.400 0.68144
44.500 0.686981
44.500 0.686981
44.700 0.689751
45.700 0.692521
45.900 0.698061
45.900 0.698061
46.800 0.706371
46.800 0.706371
46.800 0.706371
47.400 0.709141
47.600 0.711911
47.900 0.714681
48.200 0.717452
48.400 0.720222
49.600 0.722992
49.700 0.725762
50.700 0.728532
52.000 0.731302
52.900 0.734072
53.400 0.736842
53.700 0.739612
54.000 0.742382
54.100 0.747922
54.100 0.747922
54.300 0.750693
54.500 0.753463
54.600 0.756233
55.000 0.759003
55.500 0.761773
55.600 0.764543
58.000 0.767313
58.400 0.770083
58.500 0.772853
58.600 0.775623
58.800 0.778393
59.000 0.781163
60.600 0.786704
60.600 0.786704
61.300 0.789474
62.000 0.792244
62.600 0.795014
63.800 0.797784
64.000 0.800554
65.300 0.803324
66.200 0.806094
66.300 0.808864
67.800 0.811634
68.100 0.814404
68.200 0.817175
69.300 0.819945
71.000 0.822715
71.800 0.825485
72.000 0.828255
72.700 0.831025
73.900 0.833795
74.800 0.836565
75.000 0.839335
75.400 0.842105
76.900 0.844875
77.200 0.847645
80.100 0.850416
81.700 0.853186
83.000 0.855956
83.800 0.858726
84.700 0.861496
85.500 0.864266
85.800 0.867036
86.500 0.869806
86.900 0.872576
88.000 0.875346
90.600 0.878116
91.500 0.880886
93.100 0.883657
93.200 0.886427
95.000 0.889197
96.500 0.891967
99.600 0.894737
100.000 0.897507
100.200 0.900277
101.900 0.903047
103.700 0.905817
103.800 0.908587
104.700 0.914127
104.700 0.914127
106.000 0.916898
106.400 0.919668
106.900 0.922438
109.300 0.925208
110.500 0.927978
114.000 0.930748
115.100 0.933518
118.300 0.936288
119.300 0.939058
120.200 0.941828
125.200 0.944598
126.500 0.947368
126.700 0.950139
127.000 0.952909
127.300 0.955679
129.600 0.958449
131.300 0.961219
131.900 0.963989
132.500 0.966759
133.700 0.969529
135.300 0.972299
136.500 0.975069
139.500 0.977839
141.000 0.980609
141.400 0.98338
141.800 0.98615
141.900 0.98892
149.600 0.99169
153.600 0.99446
159.400 0.99723
160.700 1
