0.246267 0.00277008
0.250173 0.00554017
0.365403 0.00831025
0.817714 0.0110803
1.05851 0.0138504
1.24569 0.0166205
1.26203 0.0193906
1.47303 0.0221607
1.89877 0.0249307
1.9783 0.0277008
2.32131 0.0304709
2.3253 0.033241
2.35896 0.0360111
2.6417 0.0387812
3.20543 0.0415512
3.31091 0.0443213
3.37867 0.0470914
3.43029 0.0498615
3.493 0.0526316
3.83807 0.0554017
3.92052 0.0581717
4.47699 0.0609418
4.70129 0.0637119
5.23354 0.066482
6.09091 0.0692521
6.49365 0.0720222
6.52969 0.0747922
6.58865 0.0775623
6.62821 0.0803324
6.71567 0.0831025
6.77231 0.0858726
6.80418 0.0886427
6.90827 0.0914127
6.92828 0.0941828
6.94665 0.0969529
6.99007 0.099723
7.04328 0.102493
7.12365 0.105263
7.16117 0.108033
7.50993 0.110803
8.01198 0.113573
8.94921 0.116343
9.54171 0.119114
11.0149 0.121884
11.7409 0.124654
12.3371 0.127424
12.4507 0.130194
13.0491 0.132964
13.0971 0.135734
13.1017 0.138504
13.2529 0.141274
13.2981 0.144044
13.698 0.146814
13.7262 0.149584
14.2846 0.152355
15.0441 0.155125
15.0819 0.157895
15.1616 0.160665
16.3073 0.163435
16.7374 0.166205
17.1994 0.168975
17.2017 0.171745
17.5881 0.174515
17.7755 0.177285
17.8836 0.180055
18.1822 0.182825
18.2613 0.185596
18.4337 0.188366
18.4544 0.191136
18.5811 0.193906
18.9002 0.196676
18.9478 0.199446
18.957 0.202216
19.1669 0.204986
19.2107 0.207756
19.5682 0.210526
19.6116 0.213296
19.674 0.216066
19.8331 0.218837
19.9739 0.221607
20.0619 0.224377
20.2924 0.227147
20.472 0.229917
20.4781 0.232687
20.6074 0.235457
20.9186 0.238227
21.0545 0.240997
21.6677 0.243767
21.9439 0.246537
22.0101 0.249307
22.4083 0.252078
22.5284 0.254848
22.85 0.257618
22.8695 0.260388
23.0366 0.263158
23.1787 0.265928
23.6402 0.268698
23.6875 0.271468
23.88 0.274238
24.287 0.277008
24.4215 0.279778
24.5058 0.282548
24.5957 0.285319
25.2267 0.288089
25.3466 0.290859
25.6997 0.293629
25.8358 0.296399
26.0847 0.299169
26.3604 0.301939
26.3819 0.304709
26.5297 0.307479
26.6294 0.310249
26.7022 0.313019
26.7547 0.315789
26.7582 0.31856
26.8071 0.32133
26.8281 0.3241
27.1306 0.32687
27.1446 0.32964
27.32 0.33241
27.5097 0.33518
27.5913 0.33795
27.7422 0.34072
27.7949 0.34349
27.9065 0.34626
28.037 0.34903
28.0855 0.351801
28.2735 0.354571
28.3266 0.357341
28.3397 0.360111
28.4574 0.362881
28.5506 0.365651
28.8097 0.368421
28.9829 0.371191
28.9841 0.373961
28.9993 0.376731
29.0281 0.379501
29.0474 0.382271
29.1249 0.385042
29.2138 0.387812
29.2316 0.390582
29.2875 0.393352
29.323 0.396122
29.5747 0.398892
29.5814 0.401662
29.7258 0.404432
30.0587 0.407202
30.1331 0.409972
30.2547 0.412742
30.2885 0.415512
30.3407 0.418283
30.3829 0.421053
30.4248 0.423823
30.4538 0.426593
30.4606 0.429363
30.5552 0.432133
30.583 0.434903
30.6069 0.437673
30.628 0.440443
30.6437 0.443213
30.6581 0.445983
30.6641 0.448753
30.7099 0.451524
30.7485 0.454294
30.9114 0.457064
31.0382 0.459834
31.0424 0.462604
31.0938 0.465374
31.3668 0.468144
31.4664 0.470914
31.837 0.473684
31.986 0.476454
31.9869 0.479224
32.3812 0.481994
32.6952 0.484765
32.7246 0.487535
32.8636 0.490305
32.9136 0.493075
32.947 0.495845
33.1021 0.498615
33.4728 0.501385
33.6742 0.504155
33.8733 0.506925
34.2938 0.509695
34.3918 0.512465
34.6586 0.515235
34.6849 0.518006
34.7435 0.520776
34.7821 0.523546
35.1525 0.526316
35.1704 0.529086
35.7679 0.531856
35.8064 0.534626
35.8161 0.537396
36.2221 0.540166
36.4151 0.542936
36.4522 0.545706
36.8489 0.548476
38.0509 0.551247
38.4758 0.554017
39.665 0.556787
41.5246 0.559557
42.7475 0.562327
42.8077 0.565097
43.1066 0.567867
44.2651 0.570637
44.5448 0.573407
45.0499 0.576177
45.7868 0.578947
46.1583 0.581717
47.3789 0.584488
47.4315 0.587258
47.4993 0.590028
47.8047 0.592798
48.153 0.595568
48.1656 0.598338
48.1993 0.601108
49.3 0.603878
50.4682 0.606648
50.5044 0.609418
51.7733 0.612188
51.828 0.614958
51.9146 0.617729
52.0689 0.620499
52.8159 0.623269
53.1906 0.626039
53.8424 0.628809
54.1005 0.631579
54.2129 0.634349
54.5221 0.637119
54.6976 0.639889
54.8736 0.642659
55.8883 0.645429
56.5428 0.648199
56.6879 0.65097
57.9093 0.65374
58.4572 0.65651
58.7704 0.65928
60.0449 0.66205
60.0759 0.66482
62.7126 0.66759
64.3903 0.67036
64.516 0.67313
65.3383 0.6759
66.7185 0.67867
66.8065 0.68144
67.1881 0.684211
67.6019 0.686981
67.8796 0.689751
68.0521 0.692521
69.9704 0.695291
69.988 0.698061
70.0326 0.700831
71.1311 0.703601
71.2193 0.706371
71.6118 0.709141
71.8549 0.711911
73.0202 0.714681
73.0856 0.717452
73.2548 0.720222
73.5394 0.722992
73.8352 0.725762
74.0653 0.728532
75.647 0.731302
77.3971 0.734072
77.4201 0.736842
78.7477 0.739612
79.3209 0.742382
80.5856 0.745152
81.7744 0.747922
82.8966 0.750693
83.32 0.753463
84.2805 0.756233
85.3143 0.759003
85.352 0.761773
86.0096 0.764543
86.981 0.767313
87.3449 0.770083
87.8018 0.772853
89.0129 0.775623
89.1735 0.778393
89.2535 0.781163
91.4996 0.783934
91.8649 0.786704
93.3392 0.789474
94.9583 0.792244
95.6898 0.795014
95.9194 0.797784
97.1145 0.800554
99.9988 0.803324
100.015 0.806094
100.113 0.808864
101.222 0.811634
101.829 0.814404
101.976 0.817175
102.785 0.819945
103.169 0.822715
103.405 0.825485
103.483 0.828255
104.858 0.831025
105.245 0.833795
105.528 0.836565
106.338 0.839335
107.066 0.842105
107.277 0.844875
107.541 0.847645
108.714 0.850416
110.189 0.853186
110.67 0.855956
112.036 0.858726
114.941 0.861496
118.266 0.864266
118.73 0.867036
121.957 0.869806
126.569 0.872576
126.766 0.875346
129.306 0.878116
130.318 0.880886
130.726 0.883657
131.192 0.886427
132.032 0.889197
132.67 0.891967
133.559 0.894737
133.569 0.897507
135.104 0.900277
136.502 0.903047
138.217 0.905817
139.281 0.908587
140.408 0.911357
140.434 0.914127
141.622 0.916898
142.459 0.919668
145.193 0.922438
145.529 0.925208
147.176 0.927978
148.397 0.930748
151.524 0.933518
152.567 0.936288
153.343 0.939058
155.264 0.941828
155.366 0.944598
157.483 0.947368
157.977 0.950139
162.179 0.952909
164.538 0.955679
165.595 0.958449
166.373 0.961219
167.231 0.963989
170.055 0.966759
171.453 0.969529
171.969 0.972299
184.499 0.975069
184.821 0.977839
191.337 0.980609
192.169 0.98338
200.248 0.98615
200.934 0.98892
202.545 0.99169
206.017 0.99446
220.522 0.99723
221.638 1
