5.51149 0.00277008
5.8246 0.00554017
8.62601 0.00831025
8.82943 0.0110803
9.19399 0.0138504
10.0071 0.0166205
10.0735 0.0193906
11.1707 0.0221607
14.5358 0.0249307
14.6871 0.0277008
22.7584 0.0304709
27.821 0.033241
31.7051 0.0360111
32.3308 0.0387812
32.3524 0.0415512
32.7924 0.0443213
36 0.0470914
38.2725 0.0498615
41.6953 0.0526316
45.0437 0.0554017
47.3355 0.0581717
47.9296 0.0609418
54.1854 0.0637119
55.2358 0.066482
57.4538 0.0692521
58.8805 0.0720222
62.5329 0.0747922
62.6531 0.0775623
63.3 0.0803324
64.5752 0.0831025
64.7401 0.0858726
64.9292 0.0886427
66.4268 0.0914127
66.4366 0.0941828
67.3307 0.0969529
69.8431 0.099723
69.8432 0.102493
70.4585 0.105263
71.369 0.108033
72.3233 0.110803
72.5441 0.113573
74.3773 0.116343
74.9692 0.119114
78.2672 0.121884
81.1668 0.124654
83.5392 0.127424
85.1097 0.130194
87.9918 0.132964
90.4815 0.135734
91.485 0.138504
95.982 0.141274
97.1698 0.144044
100.1 0.146814
102.842 0.149584
105.088 0.152355
105.233 0.155125
106.308 0.157895
107.315 0.160665
110.017 0.163435
111.769 0.166205
116.579 0.168975
118.34 0.171745
122.495 0.174515
124.811 0.177285
129.956 0.180055
130.46 0.182825
134.575 0.185596
136.268 0.188366
139.299 0.191136
141.559 0.193906
144.514 0.196676
145.265 0.199446
147.992 0.202216
151.316 0.204986
153.189 0.207756
158.121 0.210526
162.295 0.213296
162.846 0.216066
164.13 0.218837
165.086 0.221607
167.516 0.224377
169.7 0.227147
169.891 0.229917
175.686 0.232687
177.525 0.235457
179.399 0.238227
180.82 0.240997
181.36 0.243767
182.197 0.246537
185.179 0.249307
190.292 0.252078
197.486 0.254848
199.429 0.257618
201.933 0.260388
204.834 0.263158
209.891 0.265928
216.616 0.268698
219.787 0.271468
220.485 0.274238
227.956 0.277008
231.453 0.279778
239.789 0.282548
239.855 0.285319
241.105 0.288089
243.941 0.290859
244.971 0.293629
247.153 0.296399
248.666 0.299169
258.317 0.301939
263.724 0.304709
264.416 0.307479
269.617 0.310249
269.895 0.313019
278.115 0.315789
284.048 0.31856
288.033 0.32133
288.158 0.3241
294.365 0.32687
301.586 0.32964
303.384 0.33241
308.967 0.33518
310.02 0.33795
314.082 0.34072
316.51 0.34349
317.989 0.34626
319.101 0.34903
321.458 0.351801
321.712 0.354571
328.19 0.357341
338.44 0.360111
343.028 0.362881
346.153 0.365651
348.919 0.368421
356.47 0.371191
359.149 0.373961
359.973 0.376731
364.301 0.379501
364.851 0.382271
365.103 0.385042
366.807 0.387812
371.443 0.390582
371.781 0.393352
373.482 0.396122
377.064 0.398892
381.427 0.401662
381.842 0.404432
382.841 0.407202
385.76 0.409972
392.57 0.412742
393.64 0.415512
399.763 0.418283
402.672 0.421053
404.379 0.423823
405.157 0.426593
405.395 0.429363
408.012 0.432133
409.874 0.434903
415.188 0.437673
422.222 0.440443
426.083 0.443213
427.785 0.445983
428.898 0.448753
434.093 0.451524
434.166 0.454294
436.412 0.457064
436.982 0.459834
440.721 0.462604
440.782 0.465374
447.744 0.468144
457.511 0.470914
458.923 0.473684
465.825 0.476454
466.437 0.479224
474.558 0.481994
498.141 0.484765
522.277 0.487535
522.292 0.490305
534.148 0.493075
537.532 0.495845
547.263 0.498615
562.228 0.501385
564.309 0.504155
566.578 0.506925
571.094 0.509695
589.027 0.512465
591.395 0.515235
595.857 0.518006
601.899 0.520776
603.234 0.523546
605.807 0.526316
612.916 0.529086
613.239 0.531856
620.901 0.534626
632.738 0.537396
637.31 0.540166
644.923 0.542936
645.215 0.545706
646.467 0.548476
647.353 0.551247
670.998 0.554017
678.315 0.556787
680.559 0.559557
684.03 0.562327
696.589 0.565097
699.81 0.567867
702.366 0.570637
705.624 0.573407
705.824 0.576177
707.789 0.578947
724.338 0.581717
727.547 0.584488
729.088 0.587258
740.272 0.590028
774.664 0.592798
776.544 0.595568
778.677 0.598338
779.485 0.601108
780.685 0.603878
780.96 0.606648
782.608 0.609418
783.384 0.612188
786.256 0.614958
789.904 0.617729
810.374 0.620499
811.089 0.623269
811.705 0.626039
812.755 0.628809
814.316 0.631579
825.239 0.634349
829.743 0.637119
844.904 0.639889
851.139 0.642659
857.517 0.645429
859.412 0.648199
862.463 0.65097
864.879 0.65374
870.424 0.65651
876.903 0.65928
879.394 0.66205
883.93 0.66482
899.146 0.66759
909.214 0.67036
909.426 0.67313
910.049 0.6759
910.996 0.67867
913.847 0.68144
917.542 0.684211
925.159 0.686981
926.796 0.689751
931.014 0.692521
937.53 0.695291
939.106 0.698061
942.976 0.700831
946.603 0.703601
951.65 0.706371
955.882 0.709141
956.084 0.711911
961.175 0.714681
963.417 0.717452
965.18 0.720222
966.629 0.722992
969.219 0.725762
970.652 0.728532
970.903 0.731302
972.513 0.734072
1005.99 0.736842
1007.91 0.739612
1010.71 0.742382
1013.5 0.745152
1020.62 0.747922
1025.63 0.750693
1056.56 0.753463
1063.87 0.756233
1065.14 0.759003
1066.16 0.761773
1076.21 0.764543
1079.91 0.767313
1085.42 0.770083
1089.41 0.772853
1090.03 0.775623
1091.84 0.778393
1093.96 0.781163
1097.18 0.783934
1097.31 0.786704
1123.03 0.789474
1125.1 0.792244
1142.91 0.795014
1145.1 0.797784
1145.56 0.800554
1164.53 0.803324
1168.33 0.806094
1172.74 0.808864
1185.65 0.811634
1223.11 0.814404
1223.36 0.817175
1226.87 0.819945
1262.17 0.822715
1264.82 0.825485
1322.67 0.828255
1336.34 0.831025
1341.32 0.833795
1344.71 0.836565
1345.08 0.839335
1376.56 0.842105
1393.14 0.844875
1397.87 0.847645
1424.12 0.850416
1429.51 0.853186
1445.88 0.855956
1462.24 0.858726
1482.72 0.861496
1488.89 0.864266
1490.44 0.867036
1497.39 0.869806
1506.48 0.872576
1519.86 0.875346
1520.85 0.878116
1532.5 0.880886
1558.75 0.883657
1564.06 0.886427
1564.7 0.889197
1566.77 0.891967
1578.49 0.894737
1587.95 0.897507
1594.02 0.900277
1595.15 0.903047
1610.62 0.905817
1612.54 0.908587
1617.63 0.911357
1664.92 0.914127
1668.31 0.916898
1680.46 0.919668
1702.38 0.922438
1716.05 0.925208
1745.12 0.927978
1751.75 0.930748
1752.51 0.933518
1759.03 0.936288
1761.77 0.939058
1784.64 0.941828
1785.52 0.944598
1788.63 0.947368
1789.61 0.950139
1790.41 0.952909
1828.83 0.955679
1846.43 0.958449
1846.88 0.961219
1847.91 0.963989
1852.42 0.966759
1884.1 0.969529
1896.54 0.972299
1918.01 0.975069
1947.48 0.977839
1949.36 0.980609
1954.88 0.98338
1967.71 0.98615
1973.9 0.98892
2048.96 0.99169
2224.51 0.99446
3081.14 0.99723
68302.6 1
