7.96634 0.00277008
9.61277 0.00554017
9.6176 0.00831025
10.4154 0.0110803
12.4607 0.0138504
40.7087 0.0166205
43.0559 0.0193906
44.4103 0.0221607
47.5864 0.0249307
52.7003 0.0277008
77.851 0.0304709
88.928 0.033241
95.3994 0.0360111
96.1051 0.0387812
97.3201 0.0415512
109.174 0.0443213
109.214 0.0470914
111.31 0.0498615
126.167 0.0526316
131.242 0.0554017
136.755 0.0581717
137.434 0.0609418
142.184 0.0637119
142.571 0.066482
142.873 0.0692521
154.307 0.0720222
168.386 0.0747922
168.642 0.0775623
169.32 0.0803324
172.151 0.0831025
178.157 0.0858726
179.63 0.0886427
179.756 0.0914127
188.818 0.0941828
197.256 0.0969529
203.304 0.099723
209.816 0.102493
220.286 0.105263
230.559 0.108033
238.226 0.110803
239.322 0.113573
246.206 0.116343
261.88 0.119114
264.907 0.121884
264.995 0.124654
272.22 0.127424
273.792 0.130194
274.035 0.132964
274.737 0.135734
282.187 0.138504
282.616 0.141274
286.169 0.144044
288.933 0.146814
291.863 0.149584
307.471 0.152355
309.474 0.155125
312.428 0.157895
316.794 0.160665
317.867 0.163435
328.487 0.166205
345.559 0.168975
363.921 0.171745
364.67 0.174515
365.579 0.177285
372.295 0.180055
390.943 0.182825
402.905 0.185596
403.62 0.188366
409.501 0.191136
414.556 0.193906
422.314 0.196676
428.422 0.199446
438.161 0.202216
444.364 0.204986
445.13 0.207756
454.74 0.210526
463.325 0.213296
468.253 0.216066
473.666 0.218837
482.252 0.221607
522.203 0.224377
523.916 0.227147
533.316 0.229917
537.068 0.232687
546.339 0.235457
554.546 0.238227
555.467 0.240997
564.897 0.243767
568.014 0.246537
577.727 0.249307
591.679 0.252078
601.206 0.254848
603.171 0.257618
603.408 0.260388
611.68 0.263158
617.115 0.265928
617.188 0.268698
621.352 0.271468
622.571 0.274238
632.433 0.277008
644.744 0.279778
650.508 0.282548
652.852 0.285319
661.08 0.288089
661.101 0.290859
668.44 0.293629
669.854 0.296399
671.338 0.299169
679.908 0.301939
680.216 0.304709
691.308 0.307479
691.55 0.310249
695.561 0.313019
695.761 0.315789
698.25 0.31856
699.976 0.32133
711.692 0.3241
718.84 0.32687
720.254 0.32964
722.768 0.33241
734.943 0.33518
751.336 0.33795
755.015 0.34072
762.915 0.34349
773.166 0.34626
776.816 0.34903
783.563 0.351801
786.163 0.354571
786.506 0.357341
788.764 0.360111
808.614 0.362881
809.215 0.365651
809.248 0.368421
811.264 0.371191
812.075 0.373961
812.276 0.376731
821.029 0.379501
832.908 0.382271
849.886 0.385042
854.188 0.387812
854.468 0.390582
857.837 0.393352
868.315 0.396122
874.203 0.398892
881.763 0.401662
883.289 0.404432
887.204 0.407202
891.874 0.409972
892.425 0.412742
895.778 0.415512
896.488 0.418283
902.567 0.421053
905.866 0.423823
910.206 0.426593
920.821 0.429363
921.565 0.432133
922.705 0.434903
927.324 0.437673
927.518 0.440443
927.901 0.443213
929.909 0.445983
936.808 0.448753
946.048 0.451524
947.31 0.454294
948.412 0.457064
949.095 0.459834
949.632 0.462604
951.181 0.465374
953.549 0.468144
956.381 0.470914
957.892 0.473684
959.796 0.476454
959.922 0.479224
966.728 0.481994
969.547 0.484765
971.466 0.487535
979.912 0.490305
980.636 0.493075
982.311 0.495845
982.597 0.498615
982.721 0.501385
983.781 0.504155
984.854 0.506925
984.877 0.509695
986.352 0.512465
986.487 0.515235
986.706 0.518006
987.389 0.520776
987.437 0.523546
987.981 0.526316
991.661 0.529086
993.748 0.531856
994.427 0.534626
997.944 0.537396
1001.98 0.540166
1003.09 0.542936
1012.24 0.545706
1021.28 0.548476
1022.61 0.551247
1024.05 0.554017
1024.07 0.556787
1026.11 0.559557
1031.96 0.562327
1041.87 0.565097
1042.01 0.567867
1045.53 0.570637
1046.39 0.573407
1051.77 0.576177
1064.15 0.578947
1067.23 0.581717
1076.89 0.584488
1077.27 0.587258
1084.89 0.590028
1087.48 0.592798
1088.82 0.595568
1098.33 0.598338
1108.14 0.601108
1108.92 0.603878
1127.04 0.606648
1134.35 0.609418
1143.18 0.612188
1165.26 0.614958
1172.15 0.617729
1178.15 0.620499
1183.83 0.623269
1185.83 0.626039
1201.98 0.628809
1225.84 0.631579
1256.92 0.634349
1261.22 0.637119
1270.75 0.639889
1273.9 0.642659
1274.02 0.645429
1322.78 0.648199
1325.12 0.65097
1342.49 0.65374
1348.99 0.65651
1352.87 0.65928
1358.27 0.66205
1371.23 0.66482
1396.9 0.66759
1408.9 0.67036
1410.43 0.67313
1413.53 0.6759
1418.88 0.67867
1430.76 0.68144
1437.04 0.684211
1446.87 0.686981
1448.38 0.689751
1455.99 0.692521
1461.66 0.695291
1467.14 0.698061
1480.96 0.700831
1489.76 0.703601
1491.7 0.706371
1497.18 0.709141
1497.28 0.711911
1516.2 0.714681
1520.75 0.717452
1553.14 0.720222
1564.69 0.722992
1565.6 0.725762
1595.3 0.728532
1596.64 0.731302
1618.05 0.734072
1625.91 0.736842
1635.99 0.739612
1664.1 0.742382
1667.19 0.745152
1668.57 0.747922
1689.11 0.750693
1691.83 0.753463
1698.17 0.756233
1740.43 0.759003
1746.85 0.761773
1747.87 0.764543
1752.65 0.767313
1761.93 0.770083
1775.62 0.772853
1783.81 0.775623
1784.48 0.778393
1784.83 0.781163
1789.78 0.783934
1792.52 0.786704
1792.57 0.789474
1816.52 0.792244
1828.99 0.795014
1834.67 0.797784
1840.98 0.800554
1847.19 0.803324
1852.57 0.806094
1869.16 0.808864
1876.52 0.811634
1884.25 0.814404
1896.7 0.817175
1919.96 0.819945
1922.16 0.822715
1923.87 0.825485
1934.18 0.828255
1967.33 0.831025
1967.91 0.833795
1978.41 0.836565
1978.45 0.839335
1998.39 0.842105
2011.64 0.844875
2016.99 0.847645
2020.7 0.850416
2031.77 0.853186
2037.01 0.855956
2049.13 0.858726
2051.52 0.861496
2051.75 0.864266
2066.86 0.867036
2067.99 0.869806
2112.96 0.872576
2141.82 0.875346
2144.75 0.878116
2154.82 0.880886
2174.31 0.883657
2176.38 0.886427
2186.04 0.889197
2202.84 0.891967
2225.62 0.894737
2225.92 0.897507
2229.19 0.900277
2267.84 0.903047
2299.09 0.905817
2367.15 0.908587
2389.19 0.911357
2401.87 0.914127
2447.86 0.916898
2473.99 0.919668
2478.84 0.922438
2500.6 0.925208
2540.17 0.927978
2541.87 0.930748
2547.72 0.933518
2557.76 0.936288
2580.22 0.939058
2589.78 0.941828
2624.92 0.944598
2639.36 0.947368
2644.35 0.950139
2668.94 0.952909
2709.4 0.955679
2733.64 0.958449
2770.77 0.961219
2789.6 0.963989
2796.99 0.966759
2813.75 0.969529
2840.24 0.972299
2846.9 0.975069
2897.72 0.977839
2902.63 0.980609
2958.64 0.98338
2974.83 0.98615
3082.4 0.98892
3087.57 0.99169
3105.78 0.99446
3201.91 0.99723
3428.96 1
