0.0899552 0.00277008
0.0958446 0.00554017
0.10676 0.00831025
0.111927 0.0110803
0.124119 0.0138504
0.129332 0.0166205
0.187861 0.0193906
0.189817 0.0221607
0.352279 0.0249307
0.357048 0.0277008
0.417845 0.0304709
0.418125 0.033241
0.52595 0.0360111
0.538906 0.0387812
0.613731 0.0415512
0.643943 0.0443213
0.692504 0.0470914
0.697336 0.0498615
0.740225 0.0526316
0.782873 0.0554017
0.806045 0.0581717
0.809733 0.0609418
0.836705 0.0637119
0.872518 0.066482
0.88382 0.0692521
0.901854 0.0720222
0.909351 0.0747922
0.994092 0.0775623
1.02605 0.0803324
1.0496 0.0831025
1.06647 0.0858726
1.07967 0.0886427
1.14868 0.0914127
1.20876 0.0941828
1.35289 0.0969529
1.42187 0.099723
1.45219 0.102493
1.58314 0.105263
1.64415 0.108033
1.65738 0.110803
1.67728 0.113573
1.68647 0.116343
1.72537 0.119114
1.72616 0.121884
1.75267 0.124654
1.75691 0.127424
1.76114 0.130194
1.82367 0.132964
1.85374 0.135734
1.87741 0.138504
1.88767 0.141274
2.00911 0.144044
2.15134 0.146814
2.18623 0.149584
2.19322 0.152355
2.19429 0.155125
2.35473 0.157895
2.37623 0.160665
2.42846 0.163435
2.44208 0.166205
2.5173 0.168975
2.54959 0.171745
2.5717 0.174515
2.57195 0.177285
2.6 0.180055
2.60678 0.182825
2.60979 0.185596
2.61478 0.188366
2.66506 0.191136
2.67122 0.193906
2.67894 0.196676
2.71235 0.199446
2.73333 0.202216
2.80867 0.204986
2.93795 0.207756
2.99575 0.210526
3.07998 0.213296
3.16602 0.216066
3.19422 0.218837
3.24156 0.221607
3.30523 0.224377
3.38858 0.227147
3.41716 0.229917
3.43873 0.232687
3.44466 0.235457
3.48815 0.238227
3.4898 0.240997
3.52056 0.243767
3.54557 0.246537
3.72418 0.249307
3.99312 0.252078
4.0811 0.254848
4.10971 0.257618
4.12714 0.260388
4.12848 0.263158
4.15455 0.265928
4.19594 0.268698
4.24155 0.271468
4.24269 0.274238
4.2709 0.277008
4.38684 0.279778
4.44838 0.282548
4.47371 0.285319
4.47413 0.288089
4.50174 0.290859
4.50618 0.293629
4.56328 0.296399
4.64482 0.299169
4.65972 0.301939
4.71536 0.304709
4.74064 0.307479
4.75317 0.310249
4.81678 0.313019
4.82691 0.315789
4.84705 0.31856
5.07361 0.32133
5.18264 0.3241
5.36593 0.32687
5.61219 0.32964
5.63865 0.33241
5.69591 0.33518
5.6967 0.33795
5.70198 0.34072
5.87636 0.34349
5.93497 0.34626
6.17394 0.34903
6.26092 0.351801
6.30135 0.354571
6.30272 0.357341
6.32412 0.360111
6.50548 0.362881
6.5208 0.365651
6.55574 0.368421
6.58043 0.371191
6.62063 0.373961
6.62391 0.376731
6.73995 0.379501
6.84997 0.382271
6.91496 0.385042
7.05667 0.387812
7.06581 0.390582
7.1914 0.393352
7.22377 0.396122
7.3039 0.398892
7.45553 0.401662
7.62116 0.404432
7.77566 0.407202
7.82949 0.409972
7.83301 0.412742
7.83341 0.415512
7.92554 0.418283
7.95472 0.421053
8.30165 0.423823
8.67733 0.426593
8.75024 0.429363
8.81998 0.432133
8.84045 0.434903
8.88956 0.437673
9.02325 0.440443
9.14349 0.443213
9.21937 0.445983
9.28156 0.448753
9.31636 0.451524
9.32855 0.454294
9.34994 0.457064
9.84262 0.459834
9.90719 0.462604
9.94393 0.465374
9.98404 0.468144
10.0197 0.470914
10.1145 0.473684
10.1222 0.476454
10.2088 0.479224
10.3446 0.481994
10.4759 0.484765
10.5041 0.487535
10.7691 0.490305
10.785 0.493075
10.9311 0.495845
11.0826 0.498615
11.2752 0.501385
11.277 0.504155
11.3402 0.506925
11.3958 0.509695
11.4097 0.512465
11.6072 0.515235
11.7535 0.518006
11.7819 0.520776
11.8725 0.523546
11.9568 0.526316
11.9578 0.529086
11.978 0.531856
12.0148 0.534626
12.0259 0.537396
12.0271 0.540166
12.234 0.542936
12.2564 0.545706
12.2916 0.548476
12.3262 0.551247
12.5265 0.554017
12.699 0.556787
13.0305 0.559557
13.1739 0.562327
13.3215 0.565097
13.6551 0.567867
13.6683 0.570637
13.6721 0.573407
13.7496 0.576177
13.8435 0.578947
13.8864 0.581717
14.028 0.584488
14.0929 0.587258
14.1705 0.590028
14.2244 0.592798
14.4792 0.595568
14.5036 0.598338
14.6574 0.601108
14.6973 0.603878
14.7658 0.606648
14.7993 0.609418
14.9036 0.612188
14.9063 0.614958
14.9248 0.617729
14.9946 0.620499
15.0056 0.623269
15.0505 0.626039
15.287 0.628809
15.5366 0.631579
15.6337 0.634349
15.6973 0.637119
15.7737 0.639889
15.9175 0.642659
16.3123 0.645429
16.6472 0.648199
16.7531 0.65097
16.7588 0.65374
16.8605 0.65651
16.8952 0.65928
16.9702 0.66205
16.986 0.66482
17.1221 0.66759
17.3856 0.67036
17.6119 0.67313
17.6281 0.6759
17.7238 0.67867
17.9736 0.68144
18.0436 0.684211
18.0932 0.686981
18.2659 0.689751
18.6184 0.692521
18.6618 0.695291
18.6718 0.698061
18.814 0.700831
18.8981 0.703601
18.9153 0.706371
19.1326 0.709141
19.5778 0.711911
20.17 0.714681
20.249 0.717452
20.2601 0.720222
20.2832 0.722992
20.3476 0.725762
20.5227 0.728532
20.6012 0.731302
20.8406 0.734072
20.9183 0.736842
21.1495 0.739612
21.2529 0.742382
21.4348 0.745152
22.1075 0.747922
22.1901 0.750693
22.4016 0.753463
22.9668 0.756233
23.7363 0.759003
24.1553 0.761773
24.3783 0.764543
24.8281 0.767313
24.8744 0.770083
25.2323 0.772853
25.7654 0.775623
27.3662 0.778393
27.6924 0.781163
28.2445 0.783934
28.2963 0.786704
28.3141 0.789474
28.5015 0.792244
28.7209 0.795014
28.7484 0.797784
28.8706 0.800554
29.1593 0.803324
29.1696 0.806094
29.2233 0.808864
29.4403 0.811634
29.6852 0.814404
30.3179 0.817175
30.5342 0.819945
32.8118 0.822715
35.8823 0.825485
36.3083 0.828255
37.7235 0.831025
38.6725 0.833795
39.0699 0.836565
39.1293 0.839335
39.1423 0.842105
39.6893 0.844875
40.487 0.847645
40.9629 0.850416
41.3645 0.853186
42.3314 0.855956
44.0963 0.858726
45.7602 0.861496
46.3544 0.864266
46.4833 0.867036
46.5041 0.869806
47.4993 0.872576
47.6455 0.875346
47.9593 0.878116
48.9378 0.880886
49.1194 0.883657
50.5822 0.886427
50.7728 0.889197
50.7761 0.891967
51.1094 0.894737
52.236 0.897507
53.3772 0.900277
53.4587 0.903047
54.1024 0.905817
55.0875 0.908587
55.3058 0.911357
56.1505 0.914127
61.136 0.916898
63.6631 0.919668
66.6428 0.922438
68.0292 0.925208
68.3118 0.927978
68.9721 0.930748
69.3406 0.933518
69.4612 0.936288
71.7234 0.939058
71.7633 0.941828
75.7033 0.944598
75.814 0.947368
76.2755 0.950139
79.4901 0.952909
86.0534 0.955679
86.3888 0.958449
95.95 0.961219
103.739 0.963989
104.811 0.966759
105.468 0.969529
112.118 0.972299
117.442 0.975069
119.282 0.977839
130.582 0.980609
136.872 0.98338
137.452 0.98615
148.748 0.98892
150.432 0.99169
154.816 0.99446
241.658 0.99723
758.918 1
