1.83826 0.00277008
2.61201 0.00554017
3.03323 0.00831025
4.49281 0.0110803
4.70595 0.0138504
5.6502 0.0166205
6.39997 0.0193906
6.91482 0.0221607
7.12929 0.0249307
7.25288 0.0277008
7.70029 0.0304709
7.706 0.033241
7.77366 0.0360111
7.87526 0.0387812
8.77263 0.0415512
9.18889 0.0443213
9.3565 0.0470914
9.39339 0.0498615
9.46188 0.0526316
9.47364 0.0554017
9.57837 0.0581717
10.1625 0.0609418
10.2616 0.0637119
10.2641 0.066482
10.3733 0.0692521
10.5063 0.0720222
10.6311 0.0747922
10.7402 0.0775623
10.8029 0.0803324
10.9738 0.0831025
11.3386 0.0858726
11.3656 0.0886427
11.4667 0.0914127
11.6609 0.0941828
12.1809 0.0969529
12.3089 0.099723
12.3175 0.102493
12.7708 0.105263
12.8626 0.108033
12.8838 0.110803
12.9705 0.113573
13.5145 0.116343
13.6333 0.119114
13.6908 0.121884
13.9283 0.124654
14.9989 0.127424
15.0801 0.130194
15.2402 0.132964
15.2767 0.135734
15.3882 0.138504
15.4252 0.141274
15.5587 0.144044
15.5859 0.146814
15.7636 0.149584
15.8018 0.152355
15.9201 0.155125
16.0367 0.157895
16.7385 0.160665
16.9195 0.163435
17.0516 0.166205
17.1821 0.168975
17.2622 0.171745
17.4803 0.174515
17.5472 0.177285
17.6041 0.180055
17.7662 0.182825
18.1494 0.185596
18.4009 0.188366
18.425 0.191136
19.1958 0.193906
19.7343 0.196676
20.1578 0.199446
20.2388 0.202216
20.3384 0.204986
20.5176 0.207756
21.1738 0.210526
21.4299 0.213296
21.6774 0.216066
21.8051 0.218837
22.4462 0.221607
22.5292 0.224377
22.9543 0.227147
23.2122 0.229917
23.3151 0.232687
23.5371 0.235457
23.7972 0.238227
24.4196 0.240997
24.6088 0.243767
24.8904 0.246537
25.0235 0.249307
25.6188 0.252078
25.8802 0.254848
26.0442 0.257618
26.289 0.260388
27.0272 0.263158
27.3037 0.265928
27.3594 0.268698
28.1782 0.271468
28.4282 0.274238
29.2651 0.277008
30.9241 0.279778
31.3002 0.282548
31.6436 0.285319
31.8075 0.288089
32.1853 0.290859
32.4851 0.293629
33.993 0.296399
34.1494 0.299169
35.0962 0.301939
35.1592 0.304709
35.4377 0.307479
35.5843 0.310249
35.9493 0.313019
36.255 0.315789
36.3286 0.31856
36.483 0.32133
36.5797 0.3241
36.6337 0.32687
36.7228 0.32964
37.2273 0.33241
37.6997 0.33518
37.7626 0.33795
38.1049 0.34072
38.4278 0.34349
39.0726 0.34626
39.1985 0.34903
39.3982 0.351801
39.6947 0.354571
39.7552 0.357341
39.8696 0.360111
39.8956 0.362881
40.1277 0.365651
40.1957 0.368421
40.2001 0.371191
41.009 0.373961
41.3216 0.376731
41.6432 0.379501
41.9598 0.382271
42.1769 0.385042
42.2618 0.387812
42.6695 0.390582
42.752 0.393352
42.8616 0.396122
42.9308 0.398892
43.6022 0.401662
43.7388 0.404432
43.987 0.407202
44.2604 0.409972
44.4133 0.412742
44.5098 0.415512
44.5195 0.418283
45.1003 0.421053
45.1309 0.423823
45.2326 0.426593
45.8881 0.429363
46.1286 0.432133
46.3158 0.434903
46.6521 0.437673
46.9406 0.440443
47.0418 0.443213
47.9232 0.445983
48.1503 0.448753
48.1605 0.451524
48.3519 0.454294
48.54 0.457064
48.6696 0.459834
48.8119 0.462604
49.1312 0.465374
49.2528 0.468144
49.3548 0.470914
49.4112 0.473684
49.5155 0.476454
49.9047 0.479224
50.2699 0.481994
50.4498 0.484765
50.8527 0.487535
50.8567 0.490305
50.8829 0.493075
51.1565 0.495845
51.1871 0.498615
51.2383 0.501385
51.2876 0.504155
51.8404 0.506925
51.8912 0.509695
51.924 0.512465
53.0496 0.515235
53.304 0.518006
53.6948 0.520776
53.7555 0.523546
54.1341 0.526316
54.1427 0.529086
54.2633 0.531856
54.7767 0.534626
54.8862 0.537396
54.9419 0.540166
55.0544 0.542936
55.0672 0.545706
55.1591 0.548476
55.2363 0.551247
55.3124 0.554017
55.5069 0.556787
55.6045 0.559557
55.6425 0.562327
55.9061 0.565097
55.949 0.567867
55.9699 0.570637
56.0044 0.573407
56.1096 0.576177
56.1124 0.578947
56.1616 0.581717
56.1656 0.584488
56.1926 0.587258
56.2467 0.590028
56.2787 0.592798
56.3427 0.595568
56.4971 0.598338
56.5046 0.601108
56.5242 0.603878
56.6582 0.606648
56.777 0.609418
56.8263 0.612188
57.151 0.614958
57.1539 0.617729
57.2624 0.620499
57.2678 0.623269
57.3651 0.626039
57.5081 0.628809
57.8586 0.631579
57.9513 0.634349
58.0539 0.637119
58.0769 0.639889
58.0831 0.642659
58.0867 0.645429
58.1173 0.648199
58.2459 0.65097
58.2925 0.65374
58.3231 0.65651
58.3777 0.65928
58.4534 0.66205
58.5581 0.66482
58.8041 0.66759
58.9071 0.67036
58.9128 0.67313
58.929 0.6759
58.9562 0.67867
58.9806 0.68144
59.1437 0.684211
59.1826 0.686981
59.2734 0.689751
59.2984 0.692521
59.3595 0.695291
59.3717 0.698061
59.3752 0.700831
59.547 0.703601
59.5586 0.706371
59.6568 0.709141
59.8747 0.711911
59.9728 0.714681
59.9828 0.717452
60.0541 0.720222
60.1427 0.722992
60.1502 0.725762
60.2392 0.728532
60.4441 0.731302
60.5287 0.734072
60.5978 0.736842
60.8044 0.739612
60.9133 0.742382
61.0128 0.745152
61.0405 0.747922
61.1366 0.750693
61.1504 0.753463
61.1574 0.756233
61.2495 0.759003
61.3121 0.761773
61.3268 0.764543
61.3317 0.767313
61.4248 0.770083
61.4765 0.772853
61.5358 0.775623
61.7736 0.778393
61.8367 0.781163
62.0409 0.783934
62.0757 0.786704
62.2181 0.789474
62.3044 0.792244
62.3174 0.795014
62.4175 0.797784
62.4184 0.800554
62.4701 0.803324
62.4916 0.806094
62.7044 0.808864
62.7261 0.811634
62.9043 0.814404
62.9847 0.817175
63.0541 0.819945
63.0562 0.822715
63.0594 0.825485
63.1139 0.828255
63.1384 0.831025
63.1514 0.833795
63.1777 0.836565
63.1999 0.839335
63.2322 0.842105
63.3017 0.844875
63.3077 0.847645
63.3096 0.850416
63.3245 0.853186
63.5106 0.855956
63.5882 0.858726
63.6908 0.861496
63.7315 0.864266
63.7468 0.867036
63.7681 0.869806
64.2756 0.872576
64.5656 0.875346
64.5715 0.878116
64.6276 0.880886
64.7205 0.883657
64.7535 0.886427
64.7552 0.889197
64.8481 0.891967
64.8661 0.894737
64.8827 0.897507
65.0593 0.900277
65.2381 0.903047
65.2732 0.905817
65.3609 0.908587
65.3886 0.911357
65.3997 0.914127
65.4224 0.916898
65.6157 0.919668
65.6714 0.922438
66.0526 0.925208
66.2065 0.927978
66.4828 0.930748
66.4988 0.933518
66.5169 0.936288
66.7375 0.939058
66.9313 0.941828
67.0959 0.944598
67.3666 0.947368
67.9104 0.950139
68.3292 0.952909
68.4664 0.955679
68.9267 0.958449
69.0804 0.961219
69.1112 0.963989
69.2676 0.966759
69.7449 0.969529
69.9924 0.972299
71.6595 0.975069
72.2059 0.977839
73.7325 0.980609
74.8201 0.98338
75.0135 0.98615
76.259 0.98892
76.3393 0.99169
76.3879 0.99446
76.4976 0.99723
78.0186 1
