0.173462 0.00277008
0.182914 0.00554017
0.289725 0.00831025
0.314766 0.0110803
0.352309 0.0138504
0.382722 0.0166205
0.456563 0.0193906
0.478604 0.0221607
0.714118 0.0249307
0.733775 0.0277008
1.00985 0.0304709
1.01052 0.033241
1.01365 0.0360111
1.0576 0.0387812
1.12225 0.0415512
1.24763 0.0443213
1.40023 0.0470914
1.47488 0.0498615
1.48365 0.0526316
1.67963 0.0554017
1.71818 0.0581717
1.81647 0.0609418
1.82595 0.0637119
1.93861 0.066482
1.96758 0.0692521
2.00189 0.0720222
2.00643 0.0747922
2.0172 0.0775623
2.029 0.0803324
2.04481 0.0831025
2.06277 0.0858726
2.08358 0.0886427
2.1086 0.0914127
2.15453 0.0941828
2.15965 0.0969529
2.18138 0.099723
2.21285 0.102493
2.22215 0.105263
2.2445 0.108033
2.28363 0.110803
2.30901 0.113573
2.33917 0.116343
2.4002 0.119114
2.45595 0.121884
2.63668 0.124654
2.70565 0.127424
2.70733 0.130194
2.81897 0.132964
3.00778 0.135734
3.03434 0.138504
3.07627 0.141274
3.08963 0.144044
3.15636 0.146814
3.21445 0.149584
3.21455 0.152355
3.22892 0.155125
3.25055 0.157895
3.26195 0.160665
3.26282 0.163435
3.39274 0.166205
3.51343 0.168975
3.58704 0.171745
3.75508 0.174515
3.79485 0.177285
3.85683 0.180055
3.9359 0.182825
3.97224 0.185596
4.07012 0.188366
4.19337 0.191136
4.36773 0.193906
4.46105 0.196676
4.50998 0.199446
4.87892 0.202216
4.89467 0.204986
4.93135 0.207756
4.93397 0.210526
5.02798 0.213296
5.10269 0.216066
5.43646 0.218837
5.72524 0.221607
5.99005 0.224377
6.07998 0.227147
6.14348 0.229917
6.20599 0.232687
6.49953 0.235457
6.59564 0.238227
6.6698 0.240997
6.68385 0.243767
6.8817 0.246537
7.02857 0.249307
7.06061 0.252078
7.08997 0.254848
7.2344 0.257618
7.26987 0.260388
7.32992 0.263158
7.61601 0.265928
7.64112 0.268698
7.72252 0.271468
7.84785 0.274238
7.8625 0.277008
7.90182 0.279778
8.10369 0.282548
8.19376 0.285319
8.49242 0.288089
8.74926 0.290859
8.84527 0.293629
9.20909 0.296399
9.31107 0.299169
9.6414 0.301939
9.78072 0.304709
10.0196 0.307479
10.1252 0.310249
10.2445 0.313019
10.2913 0.315789
10.3239 0.31856
10.5736 0.32133
10.6248 0.3241
10.7823 0.32687
10.7892 0.32964
10.8249 0.33241
10.8535 0.33518
10.9136 0.33795
11.0641 0.34072
11.1148 0.34349
11.1495 0.34626
11.1592 0.34903
11.304 0.351801
11.3633 0.354571
11.975 0.357341
12.0877 0.360111
12.0987 0.362881
12.1005 0.365651
12.8511 0.368421
13.0976 0.371191
13.1196 0.373961
13.2314 0.376731
13.3591 0.379501
13.7169 0.382271
13.8075 0.385042
13.936 0.387812
14.2866 0.390582
14.6119 0.393352
14.7265 0.396122
15.1144 0.398892
15.1771 0.401662
15.187 0.404432
15.2132 0.407202
15.5754 0.409972
15.6597 0.412742
15.662 0.415512
15.7472 0.418283
15.8916 0.421053
16.0232 0.423823
16.1552 0.426593
16.1622 0.429363
16.1943 0.432133
16.811 0.434903
16.9162 0.437673
17.3197 0.440443
17.4071 0.443213
17.4194 0.445983
17.8037 0.448753
17.8437 0.451524
18.3693 0.454294
19.2535 0.457064
19.6291 0.459834
19.6573 0.462604
19.7574 0.465374
19.79 0.468144
19.8038 0.470914
19.8188 0.473684
19.9208 0.476454
20.1397 0.479224
20.4676 0.481994
20.5592 0.484765
21.0748 0.487535
21.474 0.490305
21.9241 0.493075
22.0079 0.495845
22.3803 0.498615
22.466 0.501385
22.5959 0.504155
23.0187 0.506925
23.256 0.509695
23.259 0.512465
23.387 0.515235
23.5759 0.518006
23.633 0.520776
24.4497 0.523546
24.6884 0.526316
25.0389 0.529086
25.1847 0.531856
25.3911 0.534626
25.9343 0.537396
25.9361 0.540166
26.039 0.542936
26.2164 0.545706
26.4127 0.548476
26.8321 0.551247
27.0767 0.554017
27.2743 0.556787
27.4437 0.559557
27.491 0.562327
27.5244 0.565097
27.8439 0.567867
27.8786 0.570637
27.9404 0.573407
28.2519 0.576177
28.3483 0.578947
28.4507 0.581717
28.8912 0.584488
29.7548 0.587258
29.7651 0.590028
29.8142 0.592798
29.8973 0.595568
29.9411 0.598338
31.2117 0.601108
33.0478 0.603878
33.0651 0.606648
33.4485 0.609418
33.6657 0.612188
34.0797 0.614958
34.3901 0.617729
34.4232 0.620499
34.4907 0.623269
34.6295 0.626039
34.9268 0.628809
35.3759 0.631579
35.4114 0.634349
35.4392 0.637119
35.8707 0.639889
36.0789 0.642659
36.2142 0.645429
36.3308 0.648199
37.49 0.65097
38.2104 0.65374
38.3153 0.65651
39.014 0.65928
40.2358 0.66205
40.5087 0.66482
40.8514 0.66759
41.3304 0.67036
41.7597 0.67313
41.8801 0.6759
41.9401 0.67867
43.6247 0.68144
43.8987 0.684211
44.2501 0.686981
44.4423 0.689751
44.9191 0.692521
45.0044 0.695291
45.744 0.698061
46.2187 0.700831
46.2957 0.703601
46.7674 0.706371
46.9396 0.709141
47.4997 0.711911
47.5403 0.714681
47.8359 0.717452
48.4268 0.720222
50.0115 0.722992
50.4451 0.725762
50.6394 0.728532
50.9162 0.731302
51.6578 0.734072
51.8146 0.736842
52.0159 0.739612
52.0887 0.742382
52.3769 0.745152
52.5538 0.747922
53.6435 0.750693
53.8683 0.753463
54.1462 0.756233
55.2994 0.759003
55.4578 0.761773
56.5355 0.764543
56.573 0.767313
56.6746 0.770083
56.8454 0.772853
58.0025 0.775623
58.0907 0.778393
58.8005 0.781163
59.0267 0.783934
60.0148 0.786704
60.067 0.789474
61.2055 0.792244
62.8104 0.795014
63.6994 0.797784
64.0478 0.800554
64.3641 0.803324
65.4583 0.806094
66.1848 0.808864
66.4679 0.811634
67.766 0.814404
68.1355 0.817175
70.142 0.819945
70.4207 0.822715
71.2123 0.825485
71.7144 0.828255
73.0445 0.831025
73.7201 0.833795
73.7711 0.836565
74.0237 0.839335
75.1769 0.842105
75.6408 0.844875
78.6627 0.847645
81.2163 0.850416
81.8445 0.853186
83.1268 0.855956
83.8944 0.858726
84.1465 0.861496
85.382 0.864266
85.5662 0.867036
86.1626 0.869806
87.7801 0.872576
88.6432 0.875346
89.4254 0.878116
91.4479 0.880886
91.5244 0.883657
93.1126 0.886427
93.4827 0.889197
96.6343 0.891967
98.1107 0.894737
98.4038 0.897507
100.423 0.900277
101.966 0.903047
102.999 0.905817
103.589 0.908587
103.928 0.911357
103.977 0.914127
105.213 0.916898
106.605 0.919668
107.964 0.922438
110.172 0.925208
113.375 0.927978
113.616 0.930748
116.828 0.933518
118.503 0.936288
119.127 0.939058
124.026 0.941828
125.186 0.944598
125.7 0.947368
126.557 0.950139
126.909 0.952909
129.513 0.955679
130.031 0.958449
130.342 0.961219
131.18 0.963989
133.737 0.966759
135.093 0.969529
136.365 0.972299
139.784 0.975069
140.391 0.977839
140.397 0.980609
140.901 0.98338
141.229 0.98615
148.385 0.98892
153.331 0.99169
159.06 0.99446
160.468 0.99723
2822.19 1
