0.106809 0.00277008
0.106862 0.00554017
0.123032 0.00831025
0.161043 0.0110803
0.40448 0.0138504
0.493447 0.0166205
0.628705 0.0193906
0.734925 0.0221607
0.834013 0.0249307
1.08133 0.0277008
1.43857 0.0304709
1.57982 0.033241
1.6306 0.0360111
1.6867 0.0387812
1.69618 0.0415512
1.71452 0.0443213
1.72258 0.0470914
1.76743 0.0498615
1.8426 0.0526316
1.8616 0.0554017
1.88133 0.0581717
1.99728 0.0609418
2.17954 0.0637119
2.19173 0.066482
2.20653 0.0692521
2.47791 0.0720222
2.56177 0.0747922
2.62751 0.0775623
2.64695 0.0803324
2.65913 0.0831025
2.83568 0.0858726
3.02467 0.0886427
3.18198 0.0914127
3.4386 0.0941828
3.47142 0.0969529
3.47952 0.099723
3.53186 0.102493
3.53851 0.105263
3.56971 0.108033
3.69847 0.110803
3.97378 0.113573
4.09426 0.116343
4.13336 0.119114
4.13661 0.121884
4.24539 0.124654
4.26704 0.127424
4.3581 0.130194
4.46228 0.132964
4.46602 0.135734
4.47672 0.138504
4.62746 0.141274
4.71302 0.144044
4.90437 0.146814
5.05258 0.149584
5.26295 0.152355
5.35775 0.155125
5.4744 0.157895
5.66282 0.160665
5.92573 0.163435
6.10596 0.166205
6.23352 0.168975
6.52222 0.171745
6.53928 0.174515
6.61656 0.177285
6.68007 0.180055
6.68548 0.182825
6.80208 0.185596
6.87459 0.188366
6.8807 0.191136
7.02301 0.193906
7.08143 0.196676
7.13602 0.199446
7.22787 0.202216
7.45931 0.204986
7.77751 0.207756
7.90539 0.210526
8.04615 0.213296
8.1482 0.216066
8.29449 0.218837
8.60754 0.221607
8.70625 0.224377
8.72428 0.227147
8.76405 0.229917
8.77242 0.232687
8.93764 0.235457
9.02306 0.238227
9.07028 0.240997
9.49845 0.243767
9.81433 0.246537
9.95743 0.249307
10.0827 0.252078
10.1649 0.254848
10.2101 0.257618
10.3058 0.260388
10.4588 0.263158
10.5005 0.265928
10.6421 0.268698
10.7453 0.271468
10.7727 0.274238
10.7941 0.277008
10.896 0.279778
10.9191 0.282548
11.0432 0.285319
11.0883 0.288089
11.2983 0.290859
11.3623 0.293629
11.4012 0.296399
11.4611 0.299169
11.5779 0.301939
11.7075 0.304709
11.9972 0.307479
12.0359 0.310249
12.0543 0.313019
12.2505 0.315789
12.3126 0.31856
12.4061 0.32133
12.5292 0.3241
12.6039 0.32687
12.68 0.32964
12.702 0.33241
12.8163 0.33518
12.8433 0.33795
12.8634 0.34072
13.1759 0.34349
13.1761 0.34626
13.2349 0.34903
13.2352 0.351801
13.3553 0.354571
13.4651 0.357341
13.5237 0.360111
13.7531 0.362881
13.8344 0.365651
13.9243 0.368421
13.9516 0.371191
14.2327 0.373961
14.3318 0.376731
14.4681 0.379501
14.6578 0.382271
14.7266 0.385042
14.7704 0.387812
14.778 0.390582
14.7937 0.393352
14.9165 0.396122
15.0059 0.398892
15.1489 0.401662
15.1752 0.404432
15.2265 0.407202
15.2353 0.409972
15.358 0.412742
15.4746 0.415512
15.6632 0.418283
15.6729 0.421053
15.6749 0.423823
15.7342 0.426593
15.9029 0.429363
16.029 0.432133
16.0308 0.434903
16.0764 0.437673
16.4552 0.440443
16.4656 0.443213
16.6167 0.445983
16.8197 0.448753
17.0802 0.451524
17.3621 0.454294
17.3988 0.457064
17.4831 0.459834
17.7256 0.462604
17.7404 0.465374
17.8732 0.468144
17.9561 0.470914
17.9627 0.473684
17.9783 0.476454
17.9932 0.479224
18.2088 0.481994
18.3377 0.484765
18.8173 0.487535
19.0278 0.490305
19.1271 0.493075
19.3497 0.495845
19.4304 0.498615
19.6075 0.501385
19.6256 0.504155
19.7827 0.506925
19.9169 0.509695
20.0822 0.512465
20.2221 0.515235
20.234 0.518006
20.3462 0.520776
20.3732 0.523546
20.5244 0.526316
20.784 0.529086
20.8598 0.531856
21.0909 0.534626
21.1436 0.537396
21.5715 0.540166
22.4935 0.542936
22.8912 0.545706
22.9313 0.548476
23.0079 0.551247
23.124 0.554017
23.4864 0.556787
23.9174 0.559557
24.1571 0.562327
24.5727 0.565097
24.6759 0.567867
24.706 0.570637
24.7325 0.573407
24.9298 0.576177
25.4523 0.578947
25.5806 0.581717
25.6195 0.584488
25.6287 0.587258
25.6618 0.590028
25.6683 0.592798
25.673 0.595568
25.7004 0.598338
25.7695 0.601108
26.2266 0.603878
27.1165 0.606648
27.3081 0.609418
27.6385 0.612188
27.681 0.614958
27.7201 0.617729
28.2461 0.620499
28.2469 0.623269
28.313 0.626039
28.5281 0.628809
28.5428 0.631579
29.1781 0.634349
29.3696 0.637119
30.3738 0.639889
30.5545 0.642659
30.8632 0.645429
31.3786 0.648199
31.9206 0.65097
32.7187 0.65374
32.7588 0.65651
33.0053 0.65928
33.2792 0.66205
34.1757 0.66482
34.4276 0.66759
34.4545 0.67036
34.4936 0.67313
34.5729 0.6759
34.6359 0.67867
34.6573 0.68144
35.1394 0.684211
35.3478 0.686981
35.5071 0.689751
35.8851 0.692521
36.113 0.695291
36.6346 0.698061
36.8315 0.700831
36.8789 0.703601
37.2331 0.706371
37.3257 0.709141
37.466 0.711911
37.5428 0.714681
37.8237 0.717452
38.1075 0.720222
38.1081 0.722992
38.2476 0.725762
38.3452 0.728532
39.1418 0.731302
39.4578 0.734072
39.6925 0.736842
39.7433 0.739612
40.0578 0.742382
40.0762 0.745152
40.3413 0.747922
40.5393 0.750693
40.603 0.753463
40.7623 0.756233
40.9571 0.759003
42.6701 0.761773
42.8501 0.764543
43.4938 0.767313
43.7687 0.770083
45.2529 0.772853
45.3992 0.775623
45.5233 0.778393
45.7645 0.781163
46.12 0.783934
46.35 0.786704
46.4877 0.789474
47.1822 0.792244
47.3075 0.795014
47.6536 0.797784
48.7408 0.800554
48.9415 0.803324
49.3506 0.806094
49.4504 0.808864
50.1652 0.811634
51.1145 0.814404
52.388 0.817175
52.7484 0.819945
53.2516 0.822715
53.2862 0.825485
54.2486 0.828255
54.5538 0.831025
55.5636 0.833795
56.4756 0.836565
56.5293 0.839335
56.6877 0.842105
56.7802 0.844875
57.9302 0.847645
59.2169 0.850416
60.1603 0.853186
61.6599 0.855956
63.1423 0.858726
64.7452 0.861496
65.9785 0.864266
66.4353 0.867036
66.9952 0.869806
69.2741 0.872576
69.6142 0.875346
70.3128 0.878116
71.4942 0.880886
72.7765 0.883657
74.2988 0.886427
75.2653 0.889197
77.1593 0.891967
77.2683 0.894737
78.1221 0.897507
83.2914 0.900277
84.492 0.903047
86.432 0.905817
93.2764 0.908587
95.0624 0.911357
96.1444 0.914127
96.2658 0.916898
97.1105 0.919668
98.5822 0.922438
103.747 0.925208
107.603 0.927978
109.272 0.930748
110.301 0.933518
110.559 0.936288
110.865 0.939058
112.723 0.941828
113.598 0.944598
114.899 0.947368
132.693 0.950139
133.163 0.952909
137.008 0.955679
148.761 0.958449
150.585 0.961219
150.892 0.963989
155.173 0.966759
158.196 0.969529
177.87 0.972299
185.659 0.975069
187.388 0.977839
194.038 0.980609
199.362 0.98338
202.37 0.98615
212.502 0.98892
218.792 0.99169
219.372 0.99446
241.757 0.99723
242.162 1
