0 0.0249307
0 0.0249307
0 0.0249307
0 0.0249307
0 0.0249307
0 0.0249307
0 0.0249307
0 0.0249307
0 0.0249307
.100 0.033241
.100 0.033241
.100 0.033241
.200 0.0387812
.200 0.0387812
.300 0.0443213
.300 0.0443213
.400 0.066482
.400 0.066482
.400 0.066482
.400 0.066482
.400 0.066482
.400 0.066482
.400 0.066482
.400 0.066482
.500 0.0831025
.500 0.0831025
.500 0.0831025
.500 0.0831025
.500 0.0831025
.500 0.0831025
.600 0.099723
.600 0.099723
.600 0.099723
.600 0.099723
.600 0.099723
.600 0.099723
.700 0.110803
.700 0.110803
.700 0.110803
.700 0.110803
.800 0.127424
.800 0.127424
.800 0.127424
.800 0.127424
.800 0.127424
.800 0.127424
.900 0.132964
.900 0.132964
1.000 0.138504
1.000 0.138504
1.100 0.141274
1.200 0.155125
1.200 0.155125
1.200 0.155125
1.200 0.155125
1.200 0.155125
1.300 0.171745
1.300 0.171745
1.300 0.171745
1.300 0.171745
1.300 0.171745
1.300 0.171745
1.400 0.174515
1.500 0.180055
1.500 0.180055
1.600 0.191136
1.600 0.191136
1.600 0.191136
1.600 0.191136
1.700 0.193906
1.800 0.196676
1.900 0.202216
1.900 0.202216
2.000 0.210526
2.000 0.210526
2.000 0.210526
2.100 0.213296
2.300 0.224377
2.300 0.224377
2.300 0.224377
2.300 0.224377
2.400 0.229917
2.400 0.229917
2.500 0.238227
2.500 0.238227
2.500 0.238227
2.600 0.243767
2.600 0.243767
2.700 0.249307
2.700 0.249307
2.800 0.257618
2.800 0.257618
2.800 0.257618
3.100 0.260388
3.200 0.263158
3.300 0.265928
3.400 0.268698
3.500 0.274238
3.500 0.274238
3.600 0.277008
3.700 0.288089
3.700 0.288089
3.700 0.288089
3.700 0.288089
3.900 0.293629
3.900 0.293629
4.000 0.296399
4.100 0.301939
4.100 0.301939
4.200 0.304709
4.300 0.307479
4.400 0.310249
4.800 0.315789
4.800 0.315789
4.900 0.31856
5.100 0.32133
5.200 0.3241
5.500 0.32687
5.600 0.32964
6.300 0.33518
6.300 0.33518
6.900 0.33795
7.000 0.34903
7.000 0.34903
7.000 0.34903
7.000 0.34903
7.600 0.351801
7.700 0.357341
7.700 0.357341
7.800 0.360111
7.900 0.362881
8.400 0.365651
8.800 0.368421
8.900 0.371191
9.100 0.373961
9.200 0.379501
9.200 0.379501
9.500 0.382271
9.600 0.387812
9.600 0.387812
9.700 0.390582
10.000 0.393352
10.200 0.398892
10.200 0.398892
10.400 0.412742
10.400 0.412742
10.400 0.412742
10.400 0.412742
10.400 0.412742
10.600 0.415512
10.700 0.418283
11.000 0.421053
11.600 0.423823
11.900 0.426593
12.300 0.429363
12.500 0.432133
12.700 0.434903
13.000 0.443213
13.000 0.443213
13.000 0.443213
13.300 0.445983
13.500 0.448753
14.100 0.451524
14.400 0.457064
14.400 0.457064
14.700 0.459834
14.800 0.462604
14.900 0.465374
15.200 0.470914
15.200 0.470914
15.400 0.473684
15.500 0.476454
16.100 0.479224
17.000 0.481994
17.700 0.487535
17.700 0.487535
17.800 0.493075
17.800 0.493075
18.000 0.498615
18.000 0.498615
18.200 0.501385
18.500 0.504155
18.900 0.506925
19.400 0.512465
19.400 0.512465
19.500 0.515235
19.700 0.518006
19.800 0.520776
20.400 0.523546
21.800 0.526316
22.500 0.529086
24.300 0.531856
24.400 0.534626
25.000 0.537396
25.400 0.540166
25.500 0.542936
25.700 0.545706
26.100 0.548476
26.200 0.551247
26.600 0.554017
26.900 0.556787
27.100 0.559557
27.400 0.562327
27.600 0.565097
28.000 0.567867
28.200 0.570637
28.300 0.573407
29.600 0.576177
29.800 0.578947
29.900 0.581717
30.300 0.587258
30.300 0.587258
30.400 0.590028
31.300 0.595568
31.300 0.595568
31.900 0.598338
32.400 0.601108
32.500 0.603878
33.200 0.606648
33.400 0.609418
33.600 0.612188
34.400 0.614958
34.500 0.620499
34.500 0.620499
34.900 0.623269
35.100 0.626039
35.200 0.628809
35.400 0.634349
35.400 0.634349
35.600 0.637119
36.200 0.639889
36.500 0.645429
36.500 0.645429
37.200 0.648199
38.000 0.65097
38.600 0.65374
39.200 0.65651
39.400 0.65928
40.100 0.66205
40.800 0.66482
42.400 0.66759
42.800 0.67036
43.100 0.67313
43.500 0.6759
43.900 0.67867
44.400 0.684211
44.400 0.684211
44.500 0.686981
44.600 0.689751
45.600 0.692521
45.900 0.698061
45.900 0.698061
46.800 0.703601
46.800 0.703601
47.000 0.706371
47.400 0.709141
47.700 0.711911
47.900 0.714681
48.300 0.717452
48.700 0.720222
49.600 0.722992
49.700 0.725762
50.800 0.728532
52.000 0.731302
52.900 0.734072
53.400 0.736842
53.700 0.739612
54.000 0.742382
54.100 0.745152
54.200 0.747922
54.300 0.750693
54.500 0.753463
54.600 0.756233
55.000 0.759003
55.500 0.761773
55.600 0.764543
58.000 0.767313
58.400 0.770083
58.500 0.772853
58.800 0.775623
59.000 0.781163
59.000 0.781163
60.600 0.786704
60.600 0.786704
61.300 0.789474
62.000 0.792244
62.600 0.795014
63.800 0.797784
64.100 0.800554
65.300 0.803324
66.200 0.806094
66.400 0.808864
67.800 0.811634
68.100 0.814404
68.400 0.817175
69.500 0.819945
71.200 0.822715
71.900 0.825485
72.000 0.828255
72.700 0.831025
74.100 0.833795
74.800 0.836565
75.000 0.839335
75.400 0.842105
76.900 0.844875
77.200 0.847645
80.100 0.850416
81.700 0.853186
83.200 0.855956
83.800 0.858726
84.700 0.861496
85.700 0.864266
85.800 0.867036
86.700 0.869806
86.900 0.872576
88.000 0.875346
90.600 0.878116
91.500 0.880886
93.100 0.883657
93.200 0.886427
95.000 0.889197
96.500 0.891967
99.600 0.894737
100.000 0.897507
100.200 0.900277
101.900 0.903047
103.700 0.905817
104.300 0.908587
104.700 0.914127
104.700 0.914127
106.000 0.916898
106.700 0.919668
106.900 0.922438
109.700 0.925208
110.500 0.927978
114.000 0.930748
115.100 0.933518
118.300 0.936288
119.300 0.939058
120.200 0.941828
125.200 0.944598
126.500 0.947368
126.700 0.950139
127.000 0.952909
127.300 0.955679
129.600 0.958449
131.300 0.961219
131.900 0.963989
132.500 0.966759
133.900 0.969529
135.300 0.972299
136.500 0.975069
140.000 0.977839
141.400 0.980609
141.500 0.98338
141.800 0.98615
141.900 0.98892
149.600 0.99169
153.600 0.99446
159.400 0.99723
160.700 1
