.0015484767 0.00277008
.0022094321 0.00554017
.0035740873 0.00831025
.0037323212 0.0110803
.0051233129 0.0138504
.0054826277 0.0166205
.0068176393 0.0193906
.0074007621 0.0221607
.0078424620 0.0249307
.0091684383 0.0277008
.0092947773 0.0304709
.0108713337 0.033241
.0114824918 0.0360111
.0117571403 0.0387812
.0129374761 0.0415512
.0140063235 0.0443213
.0144130071 0.0470914
.0151085269 0.0498615
.0154469403 0.0526316
.0169570609 0.0554017
.0170564229 0.0581717
.0191118604 0.0609418
.0191958426 0.0637119
.0192542172 0.066482
.0205402555 0.0692521
.0212121360 0.0720222
.0214217159 0.0747922
.0224031319 0.0775623
.0233968488 0.0803324
.0249110035 0.0831025
.0266347658 0.0858726
.0268708397 0.0886427
.0270940929 0.0914127
.0282454671 0.0941828
.0282629086 0.0969529
.0291307149 0.099723
.0305272029 0.102493
.0307692394 0.105263
.0308413722 0.108033
.0315304713 0.110803
.0320033031 0.113573
.0325816122 0.116343
.0344115782 0.119114
.0353899200 0.121884
.0362170797 0.124654
.0367789001 0.127424
.0379417945 0.130194
.0382457340 0.132964
.0392451803 0.135734
.0392816578 0.138504
.0415809368 0.141274
.0459794055 0.144044
.0477723926 0.146814
.0517258400 0.149584
.0521128344 0.152355
.0551362958 0.155125
.0591711230 0.157895
.0702289844 0.160665
.0746827121 0.163435
.0760347325 0.166205
.0775976291 0.168975
.0815791933 0.171745
.0837158443 0.174515
.0879722082 0.177285
.0908250885 0.180055
.0915760795 0.182825
.0920200715 0.185596
.0926086860 0.188366
.0974354681 0.191136
.1058997636 0.193906
.1112379139 0.196676
.1121604208 0.199446
.1123385402 0.202216
.1187019475 0.204986
.1256174080 0.207756
.1317257286 0.210526
.1367950896 0.213296
.1372864331 0.216066
.1482965575 0.218837
.1494156172 0.221607
.1545132254 0.224377
.1652052591 0.227147
.1662134332 0.229917
.1802525250 0.232687
.2106197137 0.235457
.2157075088 0.238227
.2281030483 0.240997
.2381565147 0.243767
.2448377381 0.246537
.2620314563 0.249307
.2679674394 0.252078
.2844832604 0.254848
.2949751162 0.257618
.3004339510 0.260388
.3338510375 0.263158
.3444079782 0.265928
.3593085601 0.268698
.4211857109 0.271468
.4231683943 0.274238
.4265566447 0.277008
.4603494542 0.279778
.4771870051 0.282548
.4808989932 0.285319
.5842407204 0.288089
.6055048848 0.290859
.6067025096 0.293629
.6175270360 0.296399
.6403711406 0.299169
.6672249578 0.301939
.7094782792 0.304709
.7242105305 0.307479
.8048971111 0.310249
1.0175321300 0.313019
1.0280198400 0.315789
1.0846513003 0.31856
1.4940533731 0.32133
1.7017987720 0.3241
1.8490132851 0.32687
2.0173242097 0.32964
2.0457368208 0.33241
2.3701085863 0.33518
3.9427478232 0.33795
4.5160453368 0.34072
5.0151200000 0.34349
5.3414583781 0.34626
5.6959104216 0.34903
5.7666104587 0.351801
5.8464800000 0.354571
6.2684110434 0.357341
6.8236705143 0.360111
6.9287040000 0.362881
7.1413714286 0.365651
7.9310744000 0.368421
7.9559666667 0.371191
8.2956114286 0.373961
8.3198133334 0.376731
8.5116000000 0.379501
8.5791657143 0.382271
8.6275200000 0.385042
8.8234939264 0.387812
8.8306800000 0.390582
9.4497200000 0.393352
9.4922514286 0.396122
9.6436400000 0.398892
9.6877485715 0.401662
9.9797600000 0.404432
9.9893257143 0.407202
9.9944000000 0.409972
10.8264274286 0.412742
10.8299691429 0.415512
10.8782548572 0.418283
10.9119794286 0.421053
10.9928533334 0.423823
11.0344533334 0.426593
11.0364800000 0.429363
11.0378811429 0.432133
11.0801657143 0.434903
11.1018537143 0.437673
11.1390940000 0.440443
11.2546434286 0.443213
11.3864560000 0.445983
11.5030560000 0.448753
11.6175066667 0.451524
11.6349066667 0.454294
11.6640765068 0.457064
11.6699520000 0.459834
11.6721165715 0.462604
11.8869572000 0.465374
12.2972666667 0.468144
12.3793680000 0.470914
12.4934000000 0.473684
12.6309946667 0.476454
12.6665666667 0.479224
12.6734546667 0.481994
12.7035746667 0.484765
12.7224386667 0.487535
12.8880480000 0.490305
12.9317013334 0.493075
13.1227506667 0.495845
13.1838560000 0.498615
13.2610000000 0.501385
13.2645400000 0.504155
13.2907866667 0.506925
13.4142666667 0.509695
13.4950320000 0.512465
13.6390970667 0.515235
13.6406666667 0.518006
13.8595200000 0.520776
13.9017440000 0.523546
14.1537200000 0.526316
14.1897120000 0.529086
14.3197066667 0.531856
14.4102800000 0.534626
14.6766080000 0.537396
14.7713600000 0.540166
15.0389232000 0.542936
15.0898352000 0.545706
15.1849488000 0.548476
15.1869408000 0.551247
15.2150160000 0.554017
15.3832528000 0.556787
15.4876112000 0.559557
15.5235552000 0.562327
15.5921440000 0.565097
15.6916544000 0.567867
15.6950576000 0.570637
15.7432336000 0.573407
15.7762173334 0.576177
15.8063200000 0.578947
15.8779344000 0.581717
15.9019392000 0.584488
15.9031504000 0.587258
15.9469344000 0.590028
15.9553472000 0.592798
16.0006016000 0.595568
16.1525856000 0.598338
16.3479600000 0.601108
16.3508000000 0.603878
16.3746224000 0.606648
16.6563200000 0.609418
17.3769200000 0.612188
18.4109200000 0.614958
18.6744020000 0.617729
18.7630285722 0.620499
18.7921060000 0.623269
18.9631040000 0.626039
18.9905120000 0.628809
19.2411466667 0.631579
19.2664820000 0.634349
19.2723640000 0.637119
19.3225400000 0.639889
19.3780140000 0.642659
19.4712420000 0.645429
19.4769200000 0.648199
19.5548000000 0.65097
19.5892580000 0.65374
19.6577240000 0.65651
19.6697680000 0.65928
19.7965380000 0.66205
19.8441040000 0.66482
19.8521140000 0.66759
19.9882280000 0.67036
20.1405820000 0.67313
20.1738133334 0.6759
20.4631378000 0.67867
20.8272533334 0.68144
21.1482000000 0.684211
21.7033600000 0.686981
21.8263733334 0.689751
22.0298360000 0.692521
23.0556400000 0.695291
23.1092266667 0.698061
23.2988048000 0.700831
23.6404252000 0.703601
23.7846912000 0.706371
23.9699739200 0.709141
24.2842000000 0.711911
24.6249600000 0.714681
24.6474213334 0.717452
24.6666960000 0.720222
24.9431094266 0.722992
24.9479733334 0.725762
24.9851200000 0.728532
25.1565600000 0.731302
25.2687226667 0.734072
25.3164666667 0.736842
25.5089280000 0.739612
25.5965280000 0.742382
25.6796613334 0.745152
25.7865520000 0.747922
25.8548453334 0.750693
25.9337333334 0.753463
25.9981093334 0.756233
26.1814880000 0.759003
26.3079493334 0.761773
26.3242320000 0.764543
26.3878613334 0.767313
26.8344826667 0.770083
26.9090373334 0.772853
27.2810278667 0.775623
27.2833238400 0.778393
28.6350000000 0.781163
28.8995540000 0.783934
29.5946340000 0.786704
30.2865200000 0.789474
30.4866400000 0.792244
32.2910800000 0.795014
32.8075200000 0.797784
34.5662800000 0.800554
35.9865200000 0.803324
36.2112800000 0.806094
36.2508800000 0.808864
37.2759520000 0.811634
37.7039520000 0.814404
37.7821800000 0.817175
37.8172160000 0.819945
37.8668960000 0.822715
37.9145200000 0.825485
37.9298120000 0.828255
38.1808440000 0.831025
38.2212800000 0.833795
38.3943894303 0.836565
38.6296360000 0.839335
38.8096720000 0.842105
38.9046480000 0.844875
39.0631840000 0.847645
39.1633840000 0.850416
39.2332040000 0.853186
39.3231720000 0.855956
39.4625733334 0.858726
39.6586720000 0.861496
40.2194840000 0.864266
40.3816720000 0.867036
40.5014880000 0.869806
40.5898388000 0.872576
40.6596096000 0.875346
40.7385372000 0.878116
40.9312566400 0.880886
42.9456800000 0.883657
43.7358160000 0.886427
46.1492720000 0.889197
46.7374960000 0.891967
47.9745075200 0.894737
49.3288000000 0.897507
49.9449600000 0.900277
56.3700800000 0.903047
56.6846400000 0.905817
56.8746000000 0.908587
57.8152320000 0.911357
58.5824080000 0.914127
59.9916640000 0.916898
60.3143800000 0.919668
63.8667200000 0.922438
64.6738400000 0.925208
66.2306132184 0.927978
68.1701600000 0.930748
68.4148800000 0.933518
74.2268000000 0.936288
75.3665120000 0.939058
75.5948400000 0.941828
77.0033520000 0.944598
77.0160880000 0.947368
77.9109520000 0.950139
78.2975360000 0.952909
78.4638080000 0.955679
79.1015040000 0.958449
79.9550000000 0.961219
80.0067680000 0.963989
80.5030960000 0.966759
80.5185360000 0.969529
80.5390560000 0.972299
80.8301440000 0.975069
80.9662400000 0.977839
81.1341728000 0.980609
81.8710717600 0.98338
90.6508800000 0.98615
108.7064000000 0.98892
114.0461600000 0.99169
115.9974400000 0.99446
117.3201120000 0.99723
119.6523760000 1
