.0117 0.00277008
.0177 0.00554017
.0203 0.00831025
.023 0.0110803
.0253 0.0138504
.0373 0.0166205
.0393 0.0193906
.0677 0.0221607
.0717 0.0249307
.0917 0.0277008
.0927 0.0304709
.1193 0.033241
.175 0.0360111
.1767 0.0387812
.178 0.0415512
.1853 0.0443213
.193 0.0470914
.242 0.0498615
.2583 0.0526316
.2897 0.0554017
.2957 0.0581717
.3123 0.0609418
.322 0.0637119
.3293 0.066482
.335 0.0692521
.341 0.0720222
.3517 0.0747922
.3553 0.0775623
.360 0.0803324
.3753 0.0831025
.3867 0.0858726
.432 0.0886427
.4583 0.0914127
.4673 0.0941828
.5103 0.0969529
.528 0.099723
.5313 0.102493
.5377 0.105263
.5387 0.108033
.540 0.110803
.5617 0.113573
.570 0.116343
.5743 0.119114
.5777 0.121884
.638 0.127424
.638 0.127424
.657 0.130194
.6737 0.132964
.706 0.135734
.7117 0.138504
.730 0.141274
.7427 0.144044
.786 0.146814
.8257 0.149584
.828 0.152355
.8363 0.155125
.9237 0.157895
.9567 0.160665
.988 0.163435
.999 0.166205
1.015 0.168975
1.0283 0.171745
1.0383 0.174515
1.0507 0.177285
1.0547 0.180055
1.083 0.182825
1.121 0.185596
1.1423 0.188366
1.1443 0.191136
1.163 0.193906
1.175 0.196676
1.1867 0.199446
1.293 0.202216
1.296 0.204986
1.3513 0.207756
1.435 0.210526
1.467 0.213296
1.502 0.216066
1.532 0.218837
1.536 0.221607
1.554 0.224377
1.561 0.227147
1.5873 0.229917
1.615 0.232687
1.7137 0.235457
1.720 0.238227
1.7277 0.240997
1.8053 0.243767
1.9033 0.246537
2.0707 0.249307
2.081 0.252078
2.1427 0.254848
2.176 0.257618
2.20467 0.260388
2.2213 0.263158
2.2917 0.265928
2.294 0.268698
2.399 0.271468
2.4237 0.274238
2.582 0.277008
2.590 0.279778
2.5933 0.282548
2.626 0.285319
2.6277 0.288089
2.7183 0.290859
2.775 0.293629
2.899 0.296399
2.962 0.299169
3.027 0.301939
3.113 0.304709
3.136 0.307479
3.170 0.310249
3.1747 0.313019
3.181 0.315789
3.2103 0.31856
3.4353 0.32133
3.462 0.3241
3.4727 0.32687
3.504 0.32964
3.5627 0.33241
3.71767 0.33518
3.7473 0.33795
3.8493 0.34072
3.914 0.34349
4.010 0.34626
4.102 0.34903
4.1117 0.351801
4.1167 0.354571
4.1503 0.357341
4.1917 0.360111
4.2183 0.362881
4.4207 0.365651
4.4643 0.368421
4.5583 0.371191
4.648 0.373961
4.657 0.376731
4.761 0.379501
4.7813 0.382271
4.7877 0.385042
4.7983 0.387812
4.853 0.390582
4.862 0.393352
4.959 0.398892
4.959 0.398892
5.074 0.401662
5.122 0.404432
5.169 0.407202
5.2047 0.409972
5.242 0.412742
5.340 0.415512
5.375 0.418283
5.396 0.421053
5.5083 0.423823
5.6363 0.426593
5.6743 0.429363
5.7233 0.432133
6.00333 0.434903
6.0397 0.437673
6.291 0.440443
6.418 0.443213
6.518 0.445983
6.559 0.448753
6.581 0.451524
6.5883 0.454294
6.650 0.457064
6.755 0.459834
6.8733 0.462604
6.889 0.465374
6.930 0.468144
7.019 0.470914
7.0297 0.473684
7.1603 0.476454
7.179 0.479224
7.302 0.481994
7.4323 0.484765
7.5203 0.487535
7.5887 0.490305
7.998 0.493075
8.1987 0.495845
8.3157 0.498615
8.380 0.501385
8.6623 0.504155
8.7363 0.506925
8.8117 0.509695
8.8163 0.512465
8.935 0.515235
9.1413 0.518006
9.157 0.520776
9.2527 0.523546
9.3707 0.526316
9.5203 0.529086
9.7803 0.531856
9.852 0.534626
9.895 0.537396
9.9843 0.540166
10.0053 0.542936
10.120 0.545706
10.2777 0.548476
10.334 0.551247
10.518 0.554017
10.750 0.556787
10.7633 0.559557
10.8437 0.562327
10.848 0.565097
11.1993 0.567867
11.3763 0.570637
11.392 0.573407
11.7983 0.576177
12.025 0.578947
12.0693 0.581717
12.1107 0.584488
12.2083 0.587258
12.2747 0.590028
12.278 0.592798
12.2983 0.595568
12.512 0.598338
12.970 0.601108
13.000 0.603878
13.346 0.606648
13.520 0.609418
13.5203 0.612188
13.5467 0.614958
13.7177 0.617729
13.7813 0.620499
14.0173 0.623269
14.0367 0.626039
14.223 0.628809
14.264 0.631579
14.343 0.634349
14.420 0.637119
14.5937 0.639889
14.622 0.642659
14.8113 0.645429
14.8827 0.648199
14.9163 0.65097
15.0363 0.65374
15.0533 0.65651
15.096 0.65928
15.153 0.66205
15.168 0.66482
15.313 0.66759
15.4647 0.67036
15.4767 0.67313
15.6027 0.6759
15.704 0.67867
15.742 0.68144
15.9147 0.684211
15.920 0.686981
16.5973 0.689751
16.765 0.692521
17.0817 0.695291
17.1353 0.698061
17.1667 0.700831
17.376 0.703601
17.389 0.706371
17.5247 0.709141
17.8083 0.711911
17.875 0.714681
17.9063 0.717452
18.4153 0.720222
18.4383 0.722992
18.519 0.725762
18.5497 0.728532
18.585 0.731302
18.607 0.734072
18.7017 0.736842
18.8517 0.739612
19.0303 0.742382
19.075 0.745152
19.141 0.747922
19.3453 0.750693
19.5947 0.753463
20.2313 0.756233
20.3447 0.759003
20.4403 0.761773
20.6807 0.764543
20.693 0.767313
20.786 0.770083
21.0793 0.772853
21.108 0.775623
21.2623 0.778393
21.3407 0.781163
21.3457 0.783934
22.1973 0.786704
22.3313 0.789474
22.5593 0.792244
22.818 0.795014
24.584 0.797784
24.6097 0.800554
25.6657 0.803324
25.8087 0.806094
27.7047 0.808864
28.2693 0.811634
28.3377 0.814404
28.476 0.817175
28.776 0.819945
29.108 0.822715
29.161 0.825485
29.210 0.828255
29.246 0.831025
30.0877 0.833795
30.1107 0.836565
30.177 0.839335
30.5657 0.842105
31.010 0.844875
31.434 0.847645
32.261 0.850416
34.620 0.853186
36.0513 0.855956
36.059 0.858726
37.756 0.861496
37.8057 0.864266
39.144 0.867036
39.1723 0.869806
39.5263 0.872576
40.1697 0.875346
40.3733 0.878116
42.446 0.880886
43.6327 0.883657
45.7667 0.886427
46.438 0.889197
46.598 0.891967
46.6983 0.894737
47.9843 0.897507
49.1067 0.900277
50.6077 0.903047
51.360 0.905817
51.4387 0.908587
51.732 0.911357
51.977 0.914127
54.229 0.916898
54.6807 0.919668
54.907 0.922438
56.0463 0.925208
56.372 0.927978
58.710 0.930748
67.1013 0.933518
67.669 0.936288
68.3333 0.939058
68.682 0.941828
69.3693 0.944598
69.7687 0.947368
70.353 0.950139
72.0637 0.952909
72.849 0.955679
75.752 0.958449
79.094 0.961219
85.050 0.963989
88.942 0.966759
97.915 0.969529
105.652 0.972299
106.869 0.975069
112.191 0.977839
113.535 0.980609
118.532 0.98338
122.510 0.98615
131.536 0.98892
137.501 0.99169
137.658 0.99446
148.872 0.99723
236.061 1
