1 0.173462
2 0.182914
3 0.289725
4 0.314766
5 0.352309
6 0.382722
7 0.456563
8 0.478604
9 0.714118
10 0.733775
11 1.00985
12 1.01052
13 1.01365
14 1.0576
15 1.12225
16 1.24763
17 1.40023
18 1.47488
19 1.48365
20 1.67963
21 1.71818
22 1.81647
23 1.82595
24 1.93861
25 1.96758
26 2.00189
27 2.00643
28 2.0172
29 2.029
30 2.04481
31 2.06277
32 2.08358
33 2.1086
34 2.15453
35 2.15965
36 2.18138
37 2.21285
38 2.22215
39 2.2445
40 2.28363
41 2.30901
42 2.33917
43 2.4002
44 2.45595
45 2.63668
46 2.70565
47 2.70733
48 2.81897
49 3.00778
50 3.03434
51 3.07627
52 3.08963
53 3.15636
54 3.21445
55 3.21455
56 3.22892
57 3.25055
58 3.26195
59 3.26282
60 3.39274
61 3.51343
62 3.58704
63 3.75508
64 3.79485
65 3.85683
66 3.9359
67 3.97224
68 4.07012
69 4.19337
70 4.36773
71 4.46105
72 4.50998
73 4.87892
74 4.89467
75 4.93135
76 4.93397
77 5.02798
78 5.10269
79 5.43646
80 5.72524
81 5.99005
82 6.07998
83 6.14348
84 6.20599
85 6.49953
86 6.59564
87 6.6698
88 6.68385
89 6.8817
90 7.02857
91 7.06061
92 7.08997
93 7.2344
94 7.26987
95 7.32992
96 7.61601
97 7.64112
98 7.72252
99 7.84785
100 7.8625
101 7.90182
102 8.10369
103 8.19376
104 8.49242
105 8.74926
106 8.84527
107 9.20909
108 9.31107
109 9.6414
110 9.78072
111 10.0196
112 10.1252
113 10.2445
114 10.2913
115 10.3239
116 10.5736
117 10.6248
118 10.7823
119 10.7892
120 10.8249
121 10.8535
122 10.9136
123 11.0641
124 11.1148
125 11.1495
126 11.1592
127 11.304
128 11.3633
129 11.975
130 12.0877
131 12.0987
132 12.1005
133 12.8511
134 13.0976
135 13.1196
136 13.2314
137 13.3591
138 13.7169
139 13.8075
140 13.936
141 14.2866
142 14.6119
143 14.7265
144 15.1144
145 15.1771
146 15.187
147 15.2132
148 15.5754
149 15.6597
150 15.662
151 15.7472
152 15.8916
153 16.0232
154 16.1552
155 16.1622
156 16.1943
157 16.811
158 16.9162
159 17.3197
160 17.4071
161 17.4194
162 17.8037
163 17.8437
164 18.3693
165 19.2535
166 19.6291
167 19.6573
168 19.7574
169 19.79
170 19.8038
171 19.8188
172 19.9208
173 20.1397
174 20.4676
175 20.5592
176 21.0748
177 21.474
178 21.9241
179 22.0079
180 22.3803
181 22.466
182 22.5959
183 23.0187
184 23.256
185 23.259
186 23.387
187 23.5759
188 23.633
189 24.4497
190 24.6884
191 25.0389
192 25.1847
193 25.3911
194 25.9343
195 25.9361
196 26.039
197 26.2164
198 26.4127
199 26.8321
200 27.0767
201 27.2743
202 27.4437
203 27.491
204 27.5244
205 27.8439
206 27.8786
207 27.9404
208 28.2519
209 28.3483
210 28.4507
211 28.8912
212 29.7548
213 29.7651
214 29.8142
215 29.8973
216 29.9411
217 31.2117
218 33.0478
219 33.0651
220 33.4485
221 33.6657
222 34.0797
223 34.3901
224 34.4232
225 34.4907
226 34.6295
227 34.9268
228 35.3759
229 35.4114
230 35.4392
231 35.8707
232 36.0789
233 36.2142
234 36.3308
235 37.49
236 38.2104
237 38.3153
238 39.014
239 40.2358
240 40.5087
241 40.8514
242 41.3304
243 41.7597
244 41.8801
245 41.9401
246 43.6247
247 43.8987
248 44.2501
249 44.4423
250 44.9191
251 45.0044
252 45.744
253 46.2187
254 46.2957
255 46.7674
256 46.9396
257 47.4997
258 47.5403
259 47.8359
260 48.4268
261 50.0115
262 50.4451
263 50.6394
264 50.9162
265 51.6578
266 51.8146
267 52.0159
268 52.0887
269 52.3769
270 52.5538
271 53.6435
272 53.8683
273 54.1462
274 55.2994
275 55.4578
276 56.5355
277 56.573
278 56.6746
279 56.8454
280 58.0025
281 58.0907
282 58.8005
283 59.0267
284 60.0148
285 60.067
286 61.2055
287 62.8104
288 63.6994
289 64.0478
290 64.3641
291 65.4583
292 66.1848
293 66.4679
294 67.766
295 68.1355
296 70.142
297 70.4207
298 71.2123
299 71.7144
300 73.0445
301 73.7201
302 73.7711
303 74.0237
304 75.1769
305 75.6408
306 78.6627
307 81.2163
308 81.8445
309 83.1268
310 83.8944
311 84.1465
312 85.382
313 85.5662
314 86.1626
315 87.7801
316 88.6432
317 89.4254
318 91.4479
319 91.5244
320 93.1126
321 93.4827
322 96.6343
323 98.1107
324 98.4038
325 100.423
326 101.966
327 102.999
328 103.589
329 103.928
330 103.977
331 105.213
332 106.605
333 107.964
334 110.172
335 113.375
336 113.616
337 116.828
338 118.503
339 119.127
340 124.026
341 125.186
342 125.7
343 126.557
344 126.909
345 129.513
346 130.031
347 130.342
348 131.18
349 133.737
350 135.093
351 136.365
352 139.784
353 140.391
354 140.397
355 140.901
356 141.229
357 148.385
358 153.331
359 159.06
360 160.468
361 2822.19
