0 0.00277008
.8933 0.00554017
1.4558 0.00831025
1.6888 0.0110803
4.750 0.0138504
4.812 0.0166205
6.600 0.0193906
7.5633 0.0221607
8.1108 0.0249307
8.7150 0.0277008
10.775 0.0304709
10.900 0.033241
11.0817 0.0360111
12.3313 0.0387812
13.938 0.0415512
14.300 0.0443213
14.575 0.0470914
14.700 0.0498615
19.850 0.0526316
22.40025 0.0554017
24.5775 0.0581717
26.350 0.0609418
27.900 0.0637119
28.6850 0.066482
30.4558 0.0692521
30.7850 0.0720222
30.8175 0.0747922
31.050 0.0775623
31.675 0.0803324
32.5012 0.0831025
33.2763 0.0858726
34.3558 0.0886427
35.55388 0.0914127
37.500 0.0941828
40.30862 0.0969529
41.4483 0.099723
41.475 0.102493
42.875 0.105263
44.450 0.108033
46.0388 0.110803
46.2058 0.113573
48.1275 0.116343
49.9008 0.119114
54.562 0.121884
56.3938 0.124654
60.4892 0.127424
62.300 0.130194
63.900 0.132964
63.9975 0.135734
64.625 0.138504
65.575 0.141274
65.925 0.144044
66.8350 0.146814
67.375 0.149584
69.3975 0.152355
72.3883 0.155125
72.69975 0.157895
77.025 0.160665
77.7937 0.163435
78.4350 0.166205
79.4775 0.168975
81.575 0.171745
81.7858 0.174515
83.475 0.177285
87.3225 0.180055
87.438 0.182825
92.425 0.185596
93.2683 0.188366
94.500 0.191136
95.0813 0.193906
96.5475 0.196676
96.6262 0.199446
98.350 0.202216
99.2688 0.204986
99.663 0.207756
100.7475 0.210526
100.8525 0.213296
104.8275 0.216066
107.962 0.218837
108.5075 0.221607
108.563 0.224377
109.950 0.227147
110.250 0.229917
110.5233 0.232687
111.300 0.235457
114.0483 0.238227
114.9225 0.240997
115.050 0.243767
115.600 0.246537
120.0113 0.249307
121.125 0.252078
121.250 0.254848
125.650 0.257618
126.063 0.260388
126.7258 0.263158
126.950 0.265928
127.1350 0.268698
127.2150 0.271468
138.7350 0.274238
140.2887 0.277008
140.5862 0.279778
141.000 0.282548
141.688 0.285319
145.1683 0.288089
145.5738 0.290859
148.8638 0.293629
149.025 0.296399
150.413 0.299169
152.8312 0.301939
155.6025 0.304709
157.0008 0.307479
157.8850 0.310249
158.113 0.313019
158.6438 0.315789
162.4350 0.31856
164.5608 0.32133
167.4488 0.3241
173.175 0.32687
174.750 0.32964
176.5192 0.33241
178.8312 0.33518
179.300 0.33795
180.300 0.34072
182.500 0.34349
183.575 0.34626
184.7888 0.34903
186.3313 0.351801
188.250 0.354571
188.9925 0.357341
192.6133 0.360111
194.900 0.362881
195.6225 0.365651
201.5850 0.368421
211.7762 0.371191
220.6208 0.373961
220.6650 0.376731
220.6688 0.379501
222.075 0.382271
228.875 0.385042
230.9187 0.387812
231.5325 0.390582
235.0613 0.393352
235.200 0.396122
236.750 0.398892
239.1433 0.401662
240.5437 0.404432
250.6608 0.407202
251.0775 0.409972
253.1675 0.412742
253.650 0.415512
256.7850 0.418283
263.850 0.421053
267.2075 0.423823
270.9225 0.426593
272.2850 0.429363
272.562 0.432133
275.238 0.434903
279.8775 0.437673
285.562 0.440443
288.975 0.443213
294.900 0.445983
295.7025 0.448753
302.1258 0.451524
303.1608 0.454294
305.637 0.457064
311.2850 0.459834
317.8308 0.462604
328.875 0.465374
329.350 0.468144
333.450 0.470914
333.825 0.473684
335.813 0.476454
337.500 0.479224
347.8325 0.481994
351.137 0.484765
351.1992 0.487535
352.500 0.490305
353.5150 0.493075
359.7525 0.495845
361.475 0.498615
362.7938 0.501385
364.0188 0.504155
367.0363 0.506925
369.150 0.509695
372.2850 0.512465
378.525 0.515235
381.9108 0.518006
383.275 0.520776
385.612 0.523546
389.6075 0.526316
390.2850 0.529086
393.7725 0.531856
410.6825 0.534626
413.9883 0.537396
414.6850 0.540166
423.2775 0.542936
427.350 0.545706
432.0488 0.548476
438.150 0.551247
444.3838 0.554017
446.437 0.556787
447.7013 0.559557
458.063 0.562327
463.9608 0.565097
488.213 0.567867
488.250 0.570637
489.688 0.573407
491.300 0.576177
492.4812 0.578947
494.850 0.581717
498.9150 0.584488
499.7850 0.587258
501.3108 0.590028
519.4650 0.592798
520.275 0.595568
527.175 0.598338
528.0888 0.601108
528.9525 0.603878
530.5150 0.606648
531.3650 0.609418
535.312 0.612188
542.5075 0.614958
555.750 0.617729
556.2525 0.620499
558.400 0.623269
561.8112 0.626039
575.5983 0.628809
588.6913 0.631579
611.8725 0.634349
618.9858 0.637119
623.8487 0.639889
644.200 0.642659
662.5675 0.645429
665.213 0.648199
666.5438 0.65097
670.0433 0.65374
670.475 0.65651
678.8738 0.65928
692.475 0.66205
718.425 0.66482
725.2408 0.66759
739.3650 0.67036
761.813 0.67313
790.600 0.6759
816.7013 0.67867
817.2225 0.68144
837.0188 0.684211
839.5608 0.686981
840.0675 0.689751
840.700 0.692521
859.6575 0.695291
866.513 0.698061
883.250 0.700831
884.9650 0.703601
885.1325 0.706371
892.9675 0.709141
894.9762 0.711911
901.7888 0.714681
914.4563 0.717452
916.4650 0.720222
923.3175 0.722992
924.9012 0.725762
932.500 0.728532
933.938 0.731302
971.6888 0.734072
978.675 0.736842
981.400 0.739612
998.500 0.742382
1006.463 0.745152
1013.6150 0.747922
1024.388 0.750693
1044.200 0.753463
1076.200 0.756233
1076.9363 0.759003
1082.3338 0.761773
1082.3350 0.764543
1089.6637 0.767313
1106.5813 0.770083
1113.8733 0.772853
1122.250 0.775623
1131.5825 0.778393
1135.5825 0.781163
1147.2863 0.783934
1159.4575 0.786704
1194.0075 0.789474
1197.300 0.792244
1230.4925 0.795014
1242.5925 0.797784
1252.425 0.800554
1265.700 0.803324
1277.738 0.806094
1282.463 0.808864
1293.8775 0.811634
1300.0488 0.814404
1319.5825 0.817175
1337.600 0.819945
1338.0263 0.822715
1341.9488 0.825485
1349.3313 0.828255
1375.4563 0.831025
1380.300 0.833795
1391.5388 0.836565
1423.550 0.839335
1427.013 0.842105
1428.100 0.844875
1431.063 0.847645
1434.938 0.850416
1468.5175 0.853186
1497.838 0.855956
1522.3425 0.858726
1524.4925 0.861496
1529.400 0.864266
1547.350 0.867036
1556.650 0.869806
1569.0188 0.872576
1571.413 0.875346
1577.475 0.878116
1580.5238 0.880886
1638.4675 0.883657
1652.0575 0.886427
1657.0138 0.889197
1686.8175 0.891967
1695.5475 0.894737
1703.225 0.897507
1731.225 0.900277
1749.875 0.903047
1751.2388 0.905817
1752.425 0.908587
1780.100 0.911357
1790.025 0.914127
1802.325 0.916898
1819.0638 0.919668
1820.100 0.922438
1821.275 0.925208
1831.750 0.927978
1860.5788 0.930748
1864.3675 0.933518
1880.9850 0.936288
1885.9088 0.939058
1890.4463 0.941828
1900.5913 0.944598
1908.3788 0.947368
1955.6575 0.950139
1967.275 0.952909
1985.4575 0.955679
1996.125 0.958449
2030.938 0.961219
2206.575 0.963989
2225.3575 0.966759
2277.475 0.969529
2299.675 0.972299
2319.263 0.975069
2445.6675 0.977839
2520.425 0.980609
2543.600 0.98338
2566.0650 0.98615
2602.238 0.98892
2649.8738 0.99169
2654.6075 0.99446
2827.150 0.99723
2880.750 1
