0.087958 0.00277008
0.239392 0.00554017
0.280344 0.00831025
0.294528 0.0110803
0.313705 0.0138504
0.344591 0.0166205
0.413556 0.0193906
0.496882 0.0221607
0.539169 0.0249307
0.584545 0.0277008
0.690985 0.0304709
0.706244 0.033241
0.730336 0.0360111
0.738093 0.0387812
0.836567 0.0415512
0.961102 0.0443213
1.034862 0.0470914
1.069000 0.0498615
1.162367 0.0526316
1.175223 0.0554017
1.359515 0.0581717
1.364178 0.0609418
1.369594 0.0637119
1.402328 0.066482
1.404828 0.0692521
1.424778 0.0720222
1.439948 0.0747922
1.539797 0.0775623
1.549705 0.0803324
1.693220 0.0831025
1.699505 0.0858726
1.766298 0.0886427
1.782002 0.0914127
1.892209 0.0941828
1.928098 0.0969529
1.983295 0.099723
1.983420 0.102493
2.028302 0.105263
2.058335 0.108033
2.145260 0.110803
2.333005 0.113573
2.515012 0.116343
2.533605 0.119114
2.596116 0.121884
2.627440 0.124654
2.823799 0.127424
2.825496 0.130194
2.831583 0.132964
2.913084 0.135734
3.029417 0.138504
3.046910 0.141274
3.185064 0.144044
3.264697 0.146814
3.267809 0.149584
3.373314 0.152355
3.449896 0.155125
3.509617 0.157895
3.532180 0.160665
3.536924 0.163435
3.552368 0.166205
3.600695 0.168975
3.652087 0.171745
3.708648 0.174515
3.787787 0.177285
3.789691 0.180055
3.793231 0.182825
3.830642 0.185596
3.844333 0.188366
3.934090 0.191136
3.986376 0.193906
4.035229 0.196676
4.210209 0.199446
4.322896 0.202216
4.326640 0.204986
4.400901 0.207756
4.469953 0.210526
4.521550 0.213296
4.521899 0.216066
4.793628 0.218837
5.102343 0.221607
5.126835 0.224377
5.179014 0.227147
5.301210 0.229917
5.332903 0.232687
5.346158 0.235457
5.555132 0.238227
5.577206 0.240997
5.854101 0.243767
5.999535 0.246537
6.051142 0.249307
6.082049 0.252078
6.122049 0.254848
6.241800 0.257618
6.346286 0.260388
6.409233 0.263158
6.500196 0.265928
6.638397 0.268698
6.646056 0.271468
6.686289 0.274238
6.717949 0.277008
6.729376 0.279778
6.830891 0.282548
6.904145 0.285319
6.908896 0.288089
7.042160 0.290859
7.061775 0.293629
7.158464 0.296399
7.208076 0.299169
7.252344 0.301939
7.301047 0.304709
7.318671 0.307479
7.331643 0.310249
7.569065 0.313019
7.872236 0.315789
8.169347 0.31856
8.250801 0.32133
8.367937 0.3241
8.601698 0.32687
8.860121 0.32964
8.861359 0.33241
8.953313 0.33518
8.968075 0.33795
9.220792 0.34072
9.309132 0.34349
9.370130 0.34626
9.465846 0.34903
9.650499 0.351801
9.779722 0.354571
9.787423 0.357341
10.186970 0.360111
10.426676 0.362881
10.688180 0.365651
10.719248 0.368421
10.842196 0.371191
10.856618 0.373961
10.945787 0.376731
10.994331 0.379501
11.074677 0.382271
11.089378 0.385042
11.158438 0.387812
11.171772 0.390582
11.215972 0.393352
11.265174 0.396122
11.577307 0.398892
11.595379 0.401662
11.838584 0.404432
11.944481 0.407202
12.028212 0.409972
12.036757 0.412742
12.186404 0.415512
12.222756 0.418283
12.290153 0.421053
12.397506 0.423823
12.401605 0.426593
12.513709 0.429363
12.657781 0.432133
12.680358 0.434903
12.983036 0.437673
13.042346 0.440443
13.250467 0.443213
13.259842 0.445983
13.359730 0.448753
13.631736 0.451524
13.688909 0.454294
13.702582 0.457064
13.808723 0.459834
13.886060 0.462604
14.229470 0.465374
14.381316 0.468144
14.494267 0.470914
14.548902 0.473684
14.622921 0.476454
14.787808 0.479224
14.835465 0.481994
14.972651 0.484765
15.109110 0.487535
15.111569 0.490305
15.291975 0.493075
15.307979 0.495845
15.537241 0.498615
15.986229 0.501385
16.015208 0.504155
16.052341 0.506925
16.126959 0.509695
16.222514 0.512465
16.570756 0.515235
16.852103 0.518006
17.181610 0.520776
17.280902 0.523546
17.414632 0.526316
17.485774 0.529086
17.556883 0.531856
17.627890 0.534626
17.821203 0.537396
18.084945 0.540166
18.426211 0.542936
18.490253 0.545706
18.491946 0.548476
18.680963 0.551247
18.797395 0.554017
18.840779 0.556787
18.904541 0.559557
19.044916 0.562327
19.072254 0.565097
19.124013 0.567867
19.256444 0.570637
19.402009 0.573407
19.632550 0.576177
19.669427 0.578947
19.761132 0.581717
19.842030 0.584488
19.889939 0.587258
19.911577 0.590028
19.946794 0.592798
20.042410 0.595568
20.056747 0.598338
20.295472 0.601108
20.642550 0.603878
21.036904 0.606648
21.139786 0.609418
21.147306 0.612188
21.147983 0.614958
21.228391 0.617729
21.400440 0.620499
21.750209 0.623269
21.969409 0.626039
22.106381 0.628809
22.422165 0.631579
22.638777 0.634349
22.839199 0.637119
22.891599 0.639889
23.074758 0.642659
23.220231 0.645429
23.292542 0.648199
23.341325 0.65097
23.628530 0.65374
24.051623 0.65651
24.828802 0.65928
24.920498 0.66205
25.309402 0.66482
25.597301 0.66759
25.803584 0.67036
26.152992 0.67313
26.262766 0.6759
26.805004 0.67867
26.993114 0.68144
27.116260 0.684211
27.486673 0.686981
27.684328 0.689751
27.978855 0.692521
28.044420 0.695291
28.130671 0.698061
28.394061 0.700831
28.408206 0.703601
29.039568 0.706371
29.321259 0.709141
30.405447 0.711911
30.598593 0.714681
30.648723 0.717452
30.690271 0.720222
30.942655 0.722992
31.953156 0.725762
32.311583 0.728532
32.507786 0.731302
33.205837 0.734072
33.402467 0.736842
34.016323 0.739612
34.047168 0.742382
34.495667 0.745152
34.874445 0.747922
35.358834 0.750693
36.013156 0.753463
36.111775 0.756233
36.558616 0.759003
36.638415 0.761773
37.039682 0.764543
37.070820 0.767313
37.151372 0.770083
37.267396 0.772853
37.496784 0.775623
38.323286 0.778393
39.483294 0.781163
39.558595 0.783934
39.895713 0.786704
40.027031 0.789474
40.269187 0.792244
40.337142 0.795014
40.526512 0.797784
40.782517 0.800554
40.919951 0.803324
41.460767 0.806094
42.033774 0.808864
43.808183 0.811634
44.251680 0.814404
44.280133 0.817175
44.963133 0.819945
45.756948 0.822715
46.377936 0.825485
46.542224 0.828255
47.064656 0.831025
48.326209 0.833795
50.802851 0.836565
51.493841 0.839335
55.296367 0.842105
55.901527 0.844875
57.221228 0.847645
59.961826 0.850416
60.782832 0.853186
62.376523 0.855956
66.260844 0.858726
66.700733 0.861496
66.788065 0.864266
66.935766 0.867036
67.622191 0.869806
69.890648 0.872576
71.054840 0.875346
72.060680 0.878116
72.467387 0.880886
72.598195 0.883657
76.340693 0.886427
77.100176 0.889197
77.963805 0.891967
78.329629 0.894737
79.539871 0.897507
80.391490 0.900277
82.013774 0.903047
88.839155 0.905817
92.504674 0.908587
97.736341 0.911357
110.509050 0.914127
110.830140 0.916898
113.422155 0.919668
118.333077 0.922438
123.866761 0.925208
128.343487 0.927978
134.178364 0.930748
135.063529 0.933518
135.324824 0.936288
135.758066 0.939058
136.956906 0.941828
142.378402 0.944598
146.053326 0.947368
146.236360 0.950139
147.863817 0.952909
149.739861 0.955679
150.679815 0.958449
156.571722 0.961219
175.435710 0.963989
183.069813 0.966759
190.375507 0.969529
192.626214 0.972299
195.816123 0.975069
196.669531 0.977839
202.268100 0.980609
210.875678 0.98338
216.770864 0.98615
260.887623 0.98892
291.864347 0.99169
319.378996 0.99446
356.440878 0.99723
548.877430 1
