.0013987799 0.00277008
.0018499640 0.00554017
.0019774524 0.00831025
.0020794780 0.0110803
.0022300761 0.0138504
.0032082188 0.0166205
.0036241801 0.0193906
.0038368901 0.0221607
.0040018544 0.0249307
.0040077925 0.0277008
.0040809438 0.0304709
.0044906015 0.033241
.0048023556 0.0360111
.0052413545 0.0387812
.0054753176 0.0415512
.0063045019 0.0443213
.0065021575 0.0470914
.0066013020 0.0498615
.0067573955 0.0526316
.0071165767 0.0554017
.0074884329 0.0581717
.0076279280 0.0609418
.0083817621 0.0637119
.0087815170 0.066482
.0090133126 0.0692521
.0091162766 0.0720222
.0092803496 0.0747922
.0094018334 0.0775623
.0094024468 0.0803324
.0100005368 0.0831025
.0102220208 0.0858726
.0103082399 0.0886427
.0116552477 0.0914127
.0119431403 0.0941828
.0122562541 0.0969529
.0122694129 0.099723
.0126619920 0.102493
.0136478407 0.105263
.0139225623 0.108033
.0143419659 0.110803
.0147589897 0.113573
.0151966206 0.116343
.0153268068 0.119114
.0154955275 0.121884
.0155297425 0.124654
.0160587149 0.127424
.0160622787 0.130194
.0161427170 0.132964
.0164870548 0.135734
.0169394493 0.138504
.0171347698 0.141274
.0171891760 0.144044
.0172406164 0.146814
.0173488216 0.149584
.0181833924 0.152355
.0185369970 0.155125
.0186581194 0.157895
.0189463309 0.160665
.0191128584 0.163435
.0193980360 0.166205
.0201076386 0.168975
.0209585392 0.171745
.0213058229 0.174515
.0239026756 0.177285
.0245972469 0.180055
.0247158136 0.182825
.0263519246 0.185596
.0265181026 0.188366
.0273781439 0.191136
.0276634111 0.193906
.0278500298 0.196676
.0280190948 0.199446
.0284101094 0.202216
.0298608276 0.204986
.0299722953 0.207756
.0308668186 0.210526
.0308703005 0.213296
.0317858340 0.216066
.0321447054 0.218837
.0323774222 0.221607
.0328143626 0.224377
.0331163911 0.227147
.0345129822 0.229917
.0345661996 0.232687
.0347763909 0.235457
.0348042429 0.238227
.0350957813 0.240997
.0355028519 0.243767
.0357778138 0.246537
.0362526177 0.249307
.0372782782 0.252078
.0374447283 0.254848
.0375461951 0.257618
.0380644735 0.260388
.0392193633 0.263158
.0396382781 0.265928
.0397369062 0.268698
.0406904894 0.271468
.0410958488 0.274238
.0420382039 0.277008
.0420790515 0.279778
.0420916905 0.282548
.0422406200 0.285319
.0425081803 0.288089
.0431758818 0.290859
.0438695635 0.293629
.0446050151 0.296399
.0450020824 0.299169
.0451007309 0.301939
.0451260909 0.304709
.0455083218 0.307479
.0457166241 0.310249
.0457897660 0.313019
.0464272215 0.315789
.0464388756 0.31856
.0466373277 0.32133
.0476990209 0.3241
.0478345888 0.32687
.0488974470 0.32964
.0494677315 0.33241
.0511271521 0.33518
.0513491079 0.33795
.0516999980 0.34072
.0518855981 0.34349
.0534000324 0.34626
.0536675796 0.34903
.0538097031 0.351801
.0539135684 0.354571
.0539849651 0.357341
.0545326798 0.360111
.0554727252 0.362881
.0557512082 0.365651
.0558495091 0.368421
.0570302023 0.371191
.0575317411 0.373961
.0575974878 0.376731
.0580682550 0.379501
.0581659054 0.382271
.0584994720 0.385042
.0586614314 0.387812
.0592216185 0.390582
.0594846208 0.393352
.0598282120 0.396122
.0603855252 0.398892
.0604347507 0.401662
.0606500460 0.404432
.0627966444 0.407202
.0637521631 0.409972
.0639805204 0.412742
.0645646457 0.415512
.0654818418 0.418283
.0659290980 0.421053
.0664997054 0.423823
.0666550539 0.426593
.0667232348 0.429363
.0667897321 0.432133
.0672586058 0.434903
.0685255812 0.437673
.0701287563 0.440443
.0713511769 0.443213
.0714557041 0.445983
.0745345951 0.448753
.0746321276 0.451524
.0771058658 0.454294
.0789439873 0.457064
.0792000204 0.459834
.0798713839 0.462604
.0803454245 0.465374
.0815662107 0.468144
.0816378478 0.470914
.0860551570 0.473684
.0863199632 0.476454
.0888760072 0.479224
.0895926709 0.481994
.0909359984 0.484765
.0912917664 0.487535
.0924185072 0.490305
.0927793851 0.493075
.0929733416 0.495845
.0954916114 0.498615
.0963891595 0.501385
.0965427044 0.504155
.0978213297 0.506925
.0980367283 0.509695
.0997504021 0.512465
.0999944176 0.515235
.1006115515 0.518006
.1009572109 0.520776
.1028417249 0.523546
.1044671992 0.526316
.1053400066 0.529086
.1056841852 0.531856
.1057324656 0.534626
.1059403644 0.537396
.1067379537 0.540166
.1093655837 0.542936
.1095587601 0.545706
.1098321561 0.548476
.1103261906 0.551247
.1125771541 0.554017
.1142259213 0.556787
.1152058826 0.559557
.1157490399 0.562327
.1158760848 0.565097
.1180213023 0.567867
.1190783676 0.570637
.1201072569 0.573407
.1203471589 0.576177
.1222519215 0.578947
.1242663491 0.581717
.1259906315 0.584488
.1283954842 0.587258
.1314017624 0.590028
.1341902817 0.592798
.1349455243 0.595568
.1375907949 0.598338
.1402057682 0.601108
.1461582280 0.603878
.1539129889 0.606648
.1556067012 0.609418
.1570650148 0.612188
.1596200034 0.614958
.1761145176 0.617729
.1772460933 0.620499
.1813212752 0.623269
.1830950899 0.626039
.1869374284 0.628809
.1880905138 0.631579
.1951842213 0.634349
.1997175448 0.637119
.2020698666 0.639889
.2027434462 0.642659
.2117499840 0.645429
.2124249122 0.648199
.2277888655 0.65097
.2277951311 0.65374
.2426721499 0.65651
.2441717972 0.65928
.2473491801 0.66205
.2548415984 0.66482
.2813514305 0.66759
.2992206768 0.67036
.3113187899 0.67313
.3141729351 0.6759
.3193634770 0.67867
.3293724122 0.68144
.3405153628 0.684211
.3405986765 0.686981
.3410252038 0.689751
.3520633112 0.692521
.3579270298 0.695291
.4073336042 0.698061
.4155285732 0.700831
.4174212862 0.703601
.4310403834 0.706371
.4338694686 0.709141
.4360613684 0.711911
.4611105380 0.714681
.4760495614 0.717452
.4982864048 0.720222
.5189476245 0.722992
.5462712269 0.725762
.5538374229 0.728532
.5838765011 0.731302
.6105465641 0.734072
.6223635005 0.736842
.6256458701 0.739612
.6278182472 0.742382
.6824446717 0.745152
.7840771620 0.747922
.8385337890 0.750693
1.0425363861 0.753463
1.4191127208 0.756233
1.8152702288 0.759003
2.4195533405 0.761773
3.3787744266 0.764543
5.3254025216 0.767313
6.2387209534 0.770083
6.6706839760 0.772853
7.7481485715 0.775623
8.0874554068 0.778393
8.3809866667 0.781163
8.9907544954 0.783934
9.5452674720 0.786704
10.0037028572 0.789474
10.0040800000 0.792244
10.7129245715 0.795014
11.0848133334 0.797784
11.6779166858 0.800554
11.6839912000 0.803324
12.1705600000 0.806094
12.5075400000 0.808864
12.5684880000 0.811634
13.6218585334 0.814404
13.6392086667 0.817175
13.8520800000 0.819945
14.7857344000 0.822715
15.1674200000 0.825485
15.2698240000 0.828255
15.9651776000 0.831025
16.3457118400 0.833795
16.3627542400 0.836565
16.6773333334 0.839335
16.9750400000 0.842105
17.0449600000 0.844875
17.8984800000 0.847645
18.6077500000 0.850416
20.3616116000 0.853186
20.4517092000 0.855956
20.4700893400 0.858726
22.0208533334 0.861496
22.1983466667 0.864266
22.6138400000 0.867036
23.0143600000 0.869806
24.9914800000 0.872576
25.1691680000 0.875346
27.2239565334 0.878116
27.2716690667 0.880886
27.2868568534 0.883657
27.2934119467 0.886427
30.2796800000 0.889197
31.1458000000 0.891967
31.5177600000 0.894737
33.1324800000 0.897507
33.6326000000 0.900277
35.1921200000 0.903047
37.5162000000 0.905817
37.9658400000 0.908587
38.1899240000 0.911357
39.5036080000 0.914127
40.1769480000 0.916898
40.2320280000 0.919668
40.3732000000 0.922438
40.9494685600 0.925208
44.5902400000 0.927978
46.3468400000 0.930748
47.5875944000 0.933518
49.8406899133 0.936288
50.0337600000 0.939058
57.7271200000 0.941828
58.0246400000 0.944598
58.9012560000 0.947368
59.3200920000 0.950139
63.6391200000 0.952909
66.1216000000 0.955679
66.3532000000 0.958449
75.4926000000 0.961219
76.1860880000 0.963989
76.4225920000 0.966759
78.2831440000 0.969529
79.0992080000 0.972299
79.4590320000 0.975069
80.8016480000 0.977839
81.0117520000 0.980609
81.8922588800 0.98338
111.4971200000 0.98615
117.3748080000 0.98892
119.8953440000 0.99169
121.0136720000 0.99446
122.8703115200 0.99723
122.8705207200 1
