0 0.00277008
.100 0.00831025
.100 0.00831025
.200 0.0110803
.400 0.0166205
.400 0.0166205
.600 0.0193906
.700 0.0277008
.700 0.0277008
.700 0.0277008
.900 0.0304709
1.000 0.0360111
1.000 0.0360111
1.100 0.0387812
1.400 0.0415512
1.500 0.0443213
1.700 0.0526316
1.700 0.0526316
1.700 0.0526316
1.800 0.0554017
2.000 0.0581717
2.100 0.0609418
2.500 0.066482
2.500 0.066482
2.700 0.0692521
2.800 0.0720222
2.900 0.0747922
3.000 0.0803324
3.000 0.0803324
3.100 0.0858726
3.100 0.0858726
3.400 0.0886427
3.600 0.0969529
3.600 0.0969529
3.600 0.0969529
3.700 0.102493
3.700 0.102493
3.800 0.108033
3.800 0.108033
4.000 0.110803
4.200 0.113573
4.300 0.116343
4.700 0.119114
4.800 0.121884
4.900 0.127424
4.900 0.127424
5.100 0.132964
5.100 0.132964
5.200 0.135734
5.300 0.138504
5.500 0.146814
5.500 0.146814
5.500 0.146814
5.600 0.149584
5.700 0.152355
5.800 0.157895
5.800 0.157895
5.900 0.160665
6.100 0.166205
6.100 0.166205
6.200 0.168975
6.400 0.177285
6.400 0.177285
6.400 0.177285
6.500 0.180055
6.700 0.182825
6.900 0.185596
7.000 0.188366
7.400 0.191136
7.700 0.196676
7.700 0.196676
7.800 0.199446
7.900 0.204986
7.900 0.204986
8.100 0.207756
8.200 0.210526
9.000 0.213296
9.300 0.216066
9.400 0.218837
9.500 0.221607
9.600 0.229917
9.600 0.229917
9.600 0.229917
9.700 0.232687
9.800 0.238227
9.800 0.238227
9.900 0.240997
10.000 0.243767
10.100 0.246537
10.200 0.254848
10.200 0.254848
10.200 0.254848
10.300 0.260388
10.300 0.260388
10.400 0.263158
10.500 0.268698
10.500 0.268698
10.600 0.271468
10.800 0.274238
10.900 0.279778
10.900 0.279778
11.000 0.282548
11.100 0.285319
11.200 0.290859
11.200 0.290859
11.500 0.299169
11.500 0.299169
11.500 0.299169
11.600 0.301939
11.700 0.304709
11.800 0.307479
11.900 0.310249
12.000 0.313019
12.100 0.315789
12.200 0.32687
12.200 0.32687
12.200 0.32687
12.200 0.32687
12.400 0.33241
12.400 0.33241
12.700 0.33518
12.800 0.33795
13.000 0.34349
13.000 0.34349
13.100 0.34626
13.200 0.351801
13.200 0.351801
13.300 0.354571
13.400 0.357341
13.700 0.360111
14.200 0.365651
14.200 0.365651
14.300 0.368421
14.400 0.371191
14.600 0.373961
14.700 0.376731
15.000 0.379501
15.200 0.382271
15.300 0.385042
15.400 0.390582
15.400 0.390582
15.600 0.393352
15.700 0.396122
15.900 0.401662
15.900 0.401662
16.100 0.404432
16.300 0.409972
16.300 0.409972
16.400 0.412742
16.500 0.418283
16.500 0.418283
16.700 0.421053
17.200 0.423823
17.300 0.426593
17.400 0.434903
17.400 0.434903
17.400 0.434903
17.500 0.437673
17.700 0.440443
18.000 0.443213
18.300 0.445983
18.800 0.448753
18.900 0.457064
18.900 0.457064
18.900 0.457064
19.000 0.459834
19.300 0.465374
19.300 0.465374
19.400 0.468144
19.500 0.470914
20.100 0.473684
20.200 0.476454
20.300 0.484765
20.300 0.484765
20.300 0.484765
20.400 0.487535
20.700 0.493075
20.700 0.493075
21.200 0.495845
21.900 0.498615
22.000 0.501385
22.100 0.509695
22.100 0.509695
22.100 0.509695
22.500 0.512465
22.800 0.515235
22.900 0.518006
23.200 0.520776
23.400 0.523546
24.000 0.526316
24.300 0.529086
24.400 0.531856
24.600 0.534626
24.800 0.540166
24.800 0.540166
25.300 0.542936
26.000 0.545706
26.200 0.548476
26.400 0.551247
27.100 0.554017
27.300 0.556787
27.400 0.559557
27.700 0.562327
27.800 0.565097
28.200 0.567867
28.300 0.570637
28.700 0.573407
28.800 0.578947
28.800 0.578947
29.400 0.581717
29.700 0.587258
29.700 0.587258
29.900 0.590028
30.100 0.592798
30.200 0.595568
31.200 0.601108
31.200 0.601108
31.300 0.603878
32.000 0.606648
32.900 0.612188
32.900 0.612188
33.200 0.614958
33.300 0.617729
34.400 0.620499
34.600 0.626039
34.600 0.626039
34.700 0.628809
35.500 0.631579
35.900 0.634349
36.200 0.637119
37.300 0.639889
37.600 0.642659
37.800 0.645429
38.700 0.65097
38.700 0.65097
38.800 0.65374
39.300 0.65651
39.600 0.65928
39.800 0.66205
40.100 0.66482
40.300 0.66759
40.400 0.67036
41.000 0.67313
42.000 0.6759
42.300 0.67867
42.400 0.68144
42.600 0.684211
42.900 0.686981
43.500 0.689751
43.600 0.692521
45.200 0.695291
45.400 0.698061
45.900 0.700831
46.200 0.706371
46.200 0.706371
46.600 0.709141
46.900 0.711911
48.100 0.714681
48.200 0.717452
49.200 0.720222
50.400 0.722992
51.400 0.725762
52.300 0.728532
52.900 0.731302
53.000 0.734072
53.500 0.736842
56.200 0.739612
56.300 0.742382
57.700 0.745152
58.500 0.747922
59.400 0.750693
60.600 0.753463
61.100 0.756233
61.500 0.759003
62.500 0.761773
62.900 0.764543
63.500 0.767313
66.700 0.770083
66.800 0.772853
67.800 0.775623
68.200 0.778393
68.800 0.781163
68.900 0.783934
69.600 0.786704
70.200 0.789474
71.600 0.792244
72.700 0.795014
73.300 0.800554
73.300 0.800554
73.900 0.803324
75.300 0.806094
77.100 0.808864
77.900 0.811634
78.200 0.814404
78.300 0.817175
81.500 0.819945
82.800 0.822715
84.800 0.825485
84.900 0.828255
86.100 0.831025
86.300 0.833795
86.700 0.836565
87.200 0.839335
88.800 0.842105
91.500 0.844875
91.800 0.850416
91.800 0.850416
96.600 0.853186
97.700 0.855956
98.200 0.858726
98.500 0.861496
98.800 0.864266
99.100 0.867036
101.400 0.869806
101.900 0.875346
101.900 0.875346
102.700 0.878116
104.300 0.880886
104.700 0.883657
105.500 0.886427
105.900 0.889197
106.600 0.891967
110.800 0.894737
113.100 0.897507
116.300 0.900277
117.100 0.903047
119.100 0.905817
119.300 0.908587
120.700 0.911357
121.700 0.914127
123.100 0.916898
123.200 0.919668
126.000 0.922438
129.100 0.925208
129.700 0.927978
132.000 0.930748
132.300 0.933518
135.300 0.936288
135.800 0.939058
136.200 0.941828
139.600 0.944598
141.900 0.947368
145.200 0.950139
145.300 0.952909
145.600 0.955679
147.600 0.958449
150.800 0.961219
153.500 0.963989
154.300 0.966759
158.700 0.969529
159.000 0.972299
159.900 0.975069
162.200 0.977839
164.000 0.980609
166.700 0.98338
169.200 0.98615
175.100 0.98892
178.000 0.99169
182.700 0.99446
185.500 0.99723
195.000 1
