 0.00277008
0.0192013 0.00554017
0.0251592 0.00831025
0.0290978 0.0110803
0.0407458 0.0138504
0.0936891 0.0166205
0.101481 0.0193906
0.119613 0.0221607
0.186488 0.0249307
0.197495 0.0277008
0.23124 0.0304709
0.30193 0.033241
0.34762 0.0360111
0.387409 0.0387812
0.387576 0.0415512
0.440018 0.0443213
0.44938 0.0470914
0.476396 0.0498615
0.501035 0.0526316
0.531277 0.0554017
0.535017 0.0581717
0.547648 0.0609418
0.556055 0.0637119
0.567787 0.066482
0.567919 0.0692521
0.626528 0.0720222
0.65534 0.0747922
0.670361 0.0775623
0.680773 0.0803324
0.700262 0.0831025
0.73056 0.0858726
0.736894 0.0886427
0.75046 0.0914127
0.765032 0.0941828
0.827429 0.0969529
0.839966 0.099723
0.843575 0.102493
0.894685 0.105263
0.91476 0.108033
0.919333 0.110803
0.922225 0.113573
0.922775 0.116343
0.941613 0.119114
0.943123 0.121884
0.948218 0.124654
0.966354 0.127424
0.996222 0.130194
0.999164 0.132964
1.13987 0.135734
1.14531 0.138504
1.19539 0.141274
1.20249 0.144044
1.21637 0.146814
1.25742 0.149584
1.312 0.152355
1.34061 0.155125
1.36977 0.157895
1.37102 0.160665
1.37293 0.163435
1.37451 0.166205
1.38568 0.168975
1.40325 0.171745
1.43691 0.174515
1.44039 0.177285
1.45515 0.180055
1.45658 0.182825
1.47374 0.185596
1.51735 0.188366
1.52271 0.191136
1.55002 0.193906
1.55587 0.196676
1.59003 0.199446
1.62661 0.202216
1.63296 0.204986
1.66556 0.207756
1.69372 0.210526
1.71745 0.213296
1.7227 0.216066
1.72289 0.218837
1.76181 0.221607
1.76777 0.224377
1.84096 0.227147
1.87256 0.229917
1.91326 0.232687
1.93618 0.235457
2.01849 0.238227
2.02014 0.240997
2.0657 0.243767
2.07032 0.246537
2.09012 0.249307
2.09929 0.252078
2.11745 0.254848
2.13312 0.257618
2.14659 0.260388
2.1742 0.263158
2.18638 0.265928
2.20776 0.268698
2.20869 0.271468
2.24995 0.274238
2.2627 0.277008
2.28761 0.279778
2.388 0.282548
2.39033 0.285319
2.46341 0.288089
2.49324 0.290859
2.5096 0.293629
2.56922 0.296399
2.63428 0.299169
2.65854 0.301939
2.74237 0.304709
2.80363 0.307479
2.83616 0.310249
2.91999 0.313019
2.93089 0.315789
3.00223 0.31856
3.01442 0.32133
3.02948 0.3241
3.08399 0.32687
3.09106 0.32964
3.12126 0.33241
3.15174 0.33518
3.22977 0.33795
3.23699 0.34072
3.28945 0.34349
3.48505 0.34626
3.4913 0.34903
3.50641 0.351801
3.56534 0.354571
3.65346 0.357341
3.72192 0.360111
3.73812 0.362881
3.79965 0.365651
3.84735 0.368421
3.88758 0.371191
3.90162 0.373961
3.93448 0.376731
3.96022 0.379501
4.02264 0.382271
4.03813 0.385042
4.26789 0.387812
4.30401 0.390582
4.31585 0.393352
4.32127 0.396122
4.42195 0.398892
4.42379 0.401662
4.46648 0.404432
4.48756 0.407202
4.54532 0.409972
4.62722 0.412742
4.6841 0.415512
4.70898 0.418283
4.72205 0.421053
4.74213 0.423823
4.7699 0.426593
4.77158 0.429363
4.77259 0.432133
4.91075 0.434903
4.93039 0.437673
4.95828 0.440443
4.98079 0.443213
5.03165 0.445983
5.11715 0.448753
5.25498 0.451524
5.33188 0.454294
5.39091 0.457064
5.42641 0.459834
5.59971 0.462604
5.69016 0.465374
5.93878 0.468144
6.13688 0.470914
6.15692 0.473684
6.21482 0.476454
6.23615 0.479224
6.25262 0.481994
6.26492 0.484765
6.37959 0.487535
7.00988 0.490305
7.01813 0.493075
7.1057 0.495845
7.11198 0.498615
7.14462 0.501385
7.16585 0.504155
7.18476 0.506925
7.23312 0.509695
7.41963 0.512465
7.451 0.515235
7.5128 0.518006
7.66649 0.520776
7.70508 0.523546
7.70562 0.526316
7.78141 0.529086
7.79077 0.531856
8.04741 0.534626
8.12809 0.537396
8.36946 0.540166
8.73567 0.542936
8.89708 0.545706
9.00006 0.548476
9.39912 0.551247
9.41386 0.554017
9.6242 0.556787
9.70769 0.559557
9.8754 0.562327
9.9657 0.565097
10.0231 0.567867
10.123 0.570637
10.1838 0.573407
10.1919 0.576177
10.2269 0.578947
10.3379 0.581717
10.3485 0.584488
10.3581 0.587258
10.5981 0.590028
10.6327 0.592798
10.8826 0.595568
11.005 0.598338
11.0207 0.601108
11.0876 0.603878
11.121 0.606648
11.7702 0.609418
12.0077 0.612188
12.377 0.614958
12.6626 0.617729
13.033 0.620499
13.3361 0.623269
13.4496 0.626039
13.8779 0.628809
14.0671 0.631579
14.2736 0.634349
14.4164 0.637119
14.5526 0.639889
14.7345 0.642659
15.2396 0.645429
15.4459 0.648199
15.7729 0.65097
15.8821 0.65374
15.9665 0.65651
16.3756 0.65928
16.407 0.66205
16.5554 0.66482
16.6578 0.66759
16.7777 0.67036
16.8418 0.67313
17.0137 0.6759
17.2775 0.67867
17.2896 0.68144
17.3195 0.684211
18.6942 0.686981
18.9193 0.689751
20.1539 0.692521
20.2128 0.695291
20.7652 0.698061
20.8557 0.700831
21.0718 0.703601
21.1782 0.706371
21.3471 0.709141
21.8504 0.711911
21.8591 0.714681
22.5935 0.717452
23.437 0.720222
23.7065 0.722992
23.8401 0.725762
24.0748 0.728532
24.6497 0.731302
25.066 0.734072
25.7752 0.736842
25.8297 0.739612
26.2015 0.742382
26.457 0.745152
26.5312 0.747922
27.6794 0.750693
27.8891 0.753463
27.9768 0.756233
28.4996 0.759003
28.6886 0.761773
28.7232 0.764543
29.1712 0.767313
30.4956 0.770083
31.5869 0.772853
31.7918 0.775623
32.3733 0.778393
33.1434 0.781163
33.2487 0.783934
33.3789 0.786704
33.6583 0.789474
33.9157 0.792244
35.0035 0.795014
35.6476 0.797784
36.1496 0.800554
36.6251 0.803324
36.9972 0.806094
39.0509 0.808864
39.5641 0.811634
40.5414 0.814404
40.714 0.817175
40.7495 0.819945
42.9974 0.822715
43.6652 0.825485
43.8558 0.828255
44.4704 0.831025
45.0832 0.833795
46.3693 0.836565
46.4667 0.839335
47.6311 0.842105
48.5234 0.844875
50.3684 0.847645
50.739 0.850416
51.7893 0.853186
53.6949 0.855956
55.5722 0.858726
55.9706 0.861496
57.5359 0.864266
57.6067 0.867036
58.2552 0.869806
59.4373 0.872576
60.3049 0.875346
64.3611 0.878116
64.5642 0.880886
65.5116 0.883657
66.336 0.886427
68.6653 0.889197
69.3479 0.891967
74.0534 0.894737
74.4346 0.897507
77.9138 0.900277
78.1641 0.903047
78.6805 0.905817
79.3405 0.908587
81.5386 0.911357
81.7773 0.914127
84.9335 0.916898
88.1675 0.919668
91.1652 0.922438
94.3986 0.925208
94.6069 0.927978
97.0996 0.930748
98.5942 0.933518
99.9059 0.936288
104.064 0.939058
108.058 0.941828
108.15 0.944598
109.915 0.947368
111.81 0.950139
114.24 0.952909
120.151 0.955679
120.784 0.958449
121.711 0.961219
133.865 0.963989
137.559 0.966759
143.068 0.969529
145.172 0.972299
150.177 0.975069
150.384 0.977839
151.139 0.980609
159.662 0.98338
162.466 0.98615
182.189 0.98892
197.983 0.99169
208.169 0.99446
222.04 0.99723
228.594 1
