0.038896 0.00277008
0.039017 0.00554017
0.043309 0.00831025
0.073406 0.0110803
0.073968 0.0138504
0.074738 0.0166205
0.078779 0.0193906
0.107642 0.0221607
0.121774 0.0249307
0.124121 0.0277008
0.133519 0.0304709
0.136761 0.033241
0.157072 0.0360111
0.158008 0.0387812
0.163277 0.0415512
0.195471 0.0443213
0.213729 0.0470914
0.223179 0.0498615
0.224741 0.0526316
0.276857 0.0554017
0.2889 0.0581717
0.290224 0.0609418
0.297265 0.0637119
0.302945 0.066482
0.303001 0.0692521
0.311516 0.0720222
0.324256 0.0747922
0.328938 0.0775623
0.367381 0.0803324
0.405565 0.0831025
0.421056 0.0858726
0.425114 0.0886427
0.430515 0.0914127
0.440843 0.0941828
0.461873 0.0969529
0.466391 0.099723
0.467032 0.102493
0.483664 0.105263
0.488428 0.108033
0.497802 0.110803
0.499301 0.113573
0.512592 0.116343
0.512949 0.119114
0.513504 0.121884
0.544642 0.124654
0.546581 0.127424
0.588209 0.130194
0.616655 0.132964
0.655406 0.135734
0.658646 0.138504
0.660475 0.141274
0.664806 0.144044
0.674571 0.146814
0.69218 0.149584
0.726071 0.152355
0.800412 0.155125
0.820237 0.157895
0.835713 0.160665
0.895578 0.163435
0.904839 0.166205
0.917426 0.168975
0.947303 0.171745
0.982218 0.174515
1.01396 0.177285
1.04164 0.180055
1.05816 0.182825
1.0649 0.185596
1.10974 0.188366
1.11791 0.191136
1.14008 0.193906
1.14533 0.196676
1.22478 0.199446
1.23594 0.202216
1.31405 0.204986
1.32773 0.207756
1.34416 0.210526
1.34795 0.213296
1.36083 0.216066
1.38368 0.218837
1.41367 0.221607
1.42346 0.224377
1.46022 0.227147
1.46829 0.229917
1.46882 0.232687
1.48926 0.235457
1.49939 0.238227
1.53599 0.240997
1.53981 0.243767
1.54998 0.246537
1.57847 0.249307
1.58044 0.252078
1.71285 0.254848
1.7239 0.257618
1.73904 0.260388
1.79054 0.263158
1.82178 0.265928
1.85601 0.268698
1.92279 0.271468
1.96709 0.274238
1.96964 0.277008
1.97351 0.279778
1.98726 0.282548
2.11794 0.285319
2.17433 0.288089
2.21356 0.290859
2.21787 0.293629
2.24191 0.296399
2.29557 0.299169
2.29563 0.301939
2.40553 0.304709
2.419 0.307479
2.53944 0.310249
2.57135 0.313019
2.59454 0.315789
2.63342 0.31856
2.66724 0.32133
2.68649 0.3241
2.74658 0.32687
2.76056 0.32964
2.78877 0.33241
2.81456 0.33518
2.89264 0.33795
2.9544 0.34072
2.96141 0.34349
2.98037 0.34626
2.99726 0.34903
3.05545 0.351801
3.06862 0.354571
3.07159 0.357341
3.08029 0.360111
3.10081 0.362881
3.20815 0.365651
3.23471 0.368421
3.27757 0.371191
3.28726 0.373961
3.30398 0.376731
3.32588 0.379501
3.33431 0.382271
3.43639 0.385042
3.44281 0.387812
3.50102 0.390582
3.52169 0.393352
3.52669 0.396122
3.53826 0.398892
3.57801 0.401662
3.6361 0.404432
3.64788 0.407202
3.64826 0.409972
3.7054 0.412742
3.71301 0.415512
3.74425 0.418283
3.82751 0.421053
3.84584 0.423823
3.98672 0.426593
4.06685 0.429363
4.11474 0.432133
4.11659 0.434903
4.15866 0.437673
4.16109 0.440443
4.26135 0.443213
4.30688 0.445983
4.34896 0.448753
4.41586 0.451524
4.5355 0.454294
4.6305 0.457064
4.64703 0.459834
4.71074 0.462604
4.71706 0.465374
4.83611 0.468144
4.83731 0.470914
4.89486 0.473684
4.994 0.476454
5.03363 0.479224
5.2056 0.481994
5.24082 0.484765
5.26675 0.487535
5.28774 0.490305
5.31624 0.493075
5.46016 0.495845
5.47198 0.498615
5.4768 0.501385
5.47787 0.504155
5.51848 0.506925
5.52951 0.509695
5.54638 0.512465
5.54971 0.515235
5.631 0.518006
5.65951 0.520776
5.6689 0.523546
5.68679 0.526316
5.68742 0.529086
5.71711 0.531856
5.83649 0.534626
5.96958 0.537396
6.00099 0.540166
6.00817 0.542936
6.08274 0.545706
6.16887 0.548476
6.23872 0.551247
6.24172 0.554017
6.41897 0.556787
6.4853 0.559557
6.57119 0.562327
6.59294 0.565097
6.6753 0.567867
6.71454 0.570637
6.86334 0.573407
6.89409 0.576177
6.98661 0.578947
7.06417 0.581717
7.06737 0.584488
7.09851 0.587258
7.21137 0.590028
7.27198 0.592798
7.32761 0.595568
7.41614 0.598338
7.43344 0.601108
7.46036 0.603878
7.54237 0.606648
7.57995 0.609418
7.59279 0.612188
7.72242 0.614958
7.84178 0.617729
7.8611 0.620499
8.04521 0.623269
8.06387 0.626039
8.09861 0.628809
8.2003 0.631579
8.24258 0.634349
8.25706 0.637119
8.4688 0.639889
8.55887 0.642659
8.58425 0.645429
8.65273 0.648199
8.65861 0.65097
8.77297 0.65374
9.00704 0.65651
9.01137 0.65928
9.14893 0.66205
9.31029 0.66482
9.4048 0.66759
9.47368 0.67036
9.52976 0.67313
9.54341 0.6759
9.8807 0.67867
10.0048 0.68144
10.1565 0.684211
10.2708 0.686981
10.4618 0.689751
10.5939 0.692521
10.6675 0.695291
10.8937 0.698061
11.2279 0.700831
11.3659 0.703601
11.3682 0.706371
11.3921 0.709141
11.4612 0.711911
11.5391 0.714681
12.1516 0.717452
12.5969 0.720222
12.7586 0.722992
12.8912 0.725762
12.9398 0.728532
13.0739 0.731302
13.4615 0.734072
13.6623 0.736842
15.1538 0.739612
15.1633 0.742382
15.5185 0.745152
15.7992 0.747922
16.6079 0.750693
16.6501 0.753463
16.9881 0.756233
17.094 0.759003
17.2889 0.761773
17.5519 0.764543
17.8522 0.767313
18.041 0.770083
18.5062 0.772853
18.9518 0.775623
19.3546 0.778393
19.4133 0.781163
20.4094 0.783934
20.6712 0.786704
23.0831 0.789474
23.4453 0.792244
24.226 0.795014
25.7969 0.797784
30.6718 0.800554
32.3144 0.803324
32.6889 0.806094
33.1644 0.808864
34.7716 0.811634
35.5192 0.814404
37.5767 0.817175
40.5914 0.819945
40.6591 0.822715
41.2969 0.825485
41.8819 0.828255
42.7967 0.831025
43.242 0.833795
43.2594 0.836565
46.2819 0.839335
48.1888 0.842105
48.7964 0.844875
49.0651 0.847645
55.8607 0.850416
59.8174 0.853186
60.2528 0.855956
60.4646 0.858726
62.4343 0.861496
64.2814 0.864266
70.0399 0.867036
75.1657 0.869806
89.9677 0.872576
92.0381 0.875346
105.881 0.878116
109.277 0.880886
113.277 0.883657
116.527 0.886427
117.132 0.889197
125.53 0.891967
125.661 0.894737
128.825 0.897507
128.876 0.900277
144.722 0.903047
152.134 0.905817
155.06 0.908587
160.197 0.911357
182.887 0.914127
186.199 0.916898
195.536 0.919668
202.772 0.922438
203.367 0.925208
214.534 0.927978
216.636 0.930748
217.678 0.933518
219.147 0.936288
245.258 0.939058
248.617 0.941828
248.758 0.944598
262.918 0.947368
272.46 0.950139
282.147 0.952909
336.639 0.955679
359.682 0.958449
366.075 0.961219
404.16 0.963989
492.131 0.966759
679.935 0.969529
705.981 0.972299
757.282 0.975069
816.196 0.977839
816.869 0.980609
936.262 0.98338
1284.88 0.98615
1705.63 0.98892
1848.53 0.99169
1852.37 0.99446
3894.88 0.99723
5895.57 1
