.40872663 0.00277008
1.78970487 0.00554017
3.51010775 0.00831025
4.62635600 0.0110803
4.750 0.0138504
8.11124688 0.0166205
9.03665188 0.0193906
13.938 0.0221607
14.575 0.0249307
15.21773750 0.0277008
16.79014563 0.0304709
19.850 0.033241
21.04982900 0.0360111
21.98534525 0.0387812
23.13533563 0.0415512
24.20624037 0.0443213
24.5775 0.0470914
26.07848437 0.0498615
26.62589550 0.0526316
28.25192950 0.0554017
29.15778675 0.0581717
30.29067075 0.0609418
31.050 0.0637119
31.675 0.066482
31.90684362 0.0692521
33.31021650 0.0720222
37.23205000 0.0747922
38.81117375 0.0775623
41.413211725 0.0803324
42.54184950 0.0831025
42.87826938 0.0858726
43.75238625 0.0886427
43.92810637 0.0914127
47.57691950 0.0941828
49.56985462 0.0969529
50.29456425 0.099723
50.92398687 0.102493
55.94922150 0.105263
56.33488950 0.108033
57.95009025 0.110803
58.30656125 0.113573
60.59767725 0.116343
64.18252675 0.119114
64.625 0.121884
65.03317625 0.124654
65.24434488 0.127424
65.575 0.130194
69.08866500 0.132964
70.641496125 0.135734
72.64371350 0.138504
72.86578787 0.141274
73.67152275 0.144044
74.17139475 0.146814
76.78752675 0.149584
77.06341438 0.152355
78.00079500 0.155125
80.62653250 0.157895
81.38139375 0.160665
81.575 0.163435
85.81738063 0.166205
86.37324600 0.168975
86.55598025 0.171745
91.25794375 0.174515
92.425 0.177285
93.03266325 0.180055
93.55109375 0.182825
93.68594625 0.185596
97.85367888 0.188366
99.05344625 0.191136
99.82196650 0.193906
102.07414537 0.196676
102.65250050 0.199446
102.72945200 0.202216
106.18532250 0.204986
106.894427375 0.207756
106.89453500 0.210526
106.99553775 0.213296
107.23420000 0.216066
107.44430175 0.218837
111.55535487 0.221607
112.31775600 0.224377
113.44366200 0.227147
113.79982562 0.229917
115.600 0.232687
119.05037950 0.235457
119.53117762 0.238227
121.01796800 0.240997
125.06794700 0.243767
125.40019438 0.246537
129.76857687 0.249307
130.59303350 0.252078
130.81259700 0.254848
130.92102450 0.257618
136.35076900 0.260388
137.40365550 0.263158
140.65218062 0.265928
142.04171975 0.268698
148.03930313 0.271468
148.22954475 0.274238
148.69248975 0.277008
149.21931250 0.279778
151.84530775 0.282548
153.34290075 0.285319
155.70409550 0.288089
156.58956600 0.290859
156.81429900 0.293629
157.91120688 0.296399
158.69464438 0.299169
158.81600400 0.301939
159.78520238 0.304709
160.54701200 0.307479
161.03641600 0.310249
162.06539850 0.313019
164.74144488 0.315789
166.92330200 0.31856
169.38581475 0.32133
171.52350387 0.3241
172.60014225 0.32687
172.64271525 0.32964
173.100176400 0.33241
173.69537750 0.33518
179.300 0.33795
180.35350250 0.34072
181.14747987 0.34349
181.63199775 0.34626
181.94146563 0.34903
186.3313 0.351801
188.21432975 0.354571
190.00868900 0.357341
190.88795025 0.360111
207.58398063 0.362881
208.53427625 0.365651
212.41825862 0.368421
213.33112938 0.371191
213.33847962 0.373961
219.93942937 0.376731
219.94933625 0.379501
220.16842000 0.382271
223.09515825 0.385042
223.34215000 0.387812
224.85577575 0.390582
226.46818000 0.393352
228.54590300 0.396122
228.73007300 0.398892
229.82564138 0.401662
232.50089850 0.404432
234.05873350 0.407202
241.17281175 0.409972
243.25415025 0.412742
249.41062900 0.415512
253.64312438 0.418283
255.00637525 0.421053
259.32018075 0.423823
261.53574550 0.426593
263.42617512 0.429363
263.850 0.432133
264.63665650 0.434903
267.19292250 0.437673
268.93042475 0.440443
275.238 0.443213
281.83564887 0.445983
286.28179062 0.448753
286.30486437 0.451524
295.7025 0.454294
298.72461300 0.457064
301.565102112 0.459834
302.66840238 0.462604
304.22628600 0.465374
304.47288300 0.468144
305.04154250 0.470914
306.42063100 0.473684
311.92476200 0.476454
324.06095188 0.479224
328.875 0.481994
329.05065975 0.484765
329.350 0.487535
330.32711725 0.490305
335.813 0.493075
342.54713625 0.495845
343.03659875 0.498615
352.16550125 0.501385
353.5150 0.504155
354.76582050 0.506925
356.30848625 0.509695
361.475 0.512465
371.92055175 0.515235
372.2850 0.518006
372.67090025 0.520776
375.61923000 0.523546
377.35962675 0.526316
379.75493100 0.529086
382.66238100 0.531856
385.53172625 0.534626
385.77417438 0.537396
396.36572925 0.540166
396.56800688 0.542936
401.75930800 0.545706
403.65459450 0.548476
404.71681737 0.551247
415.02477000 0.554017
416.67393000 0.556787
431.82903550 0.559557
432.0488 0.562327
440.52844400 0.565097
441.99788062 0.567867
449.68747700 0.570637
454.51614675 0.573407
458.063 0.576177
459.21260025 0.578947
467.36610450 0.581717
467.51915513 0.584488
480.21953400 0.587258
485.15905437 0.590028
485.91923512 0.592798
488.213 0.595568
490.15954050 0.598338
491.300 0.601108
494.90862850 0.603878
495.41241600 0.606648
497.05565375 0.609418
519.4650 0.612188
520.275 0.614958
524.47935000 0.617729
528.0888 0.620499
535.22303175 0.623269
541.20913150 0.626039
541.39500325 0.628809
544.62635250 0.631579
550.25019000 0.634349
550.47028050 0.637119
556.2525 0.639889
576.83614250 0.642659
621.66929687 0.645429
632.72195775 0.648199
636.44751500 0.65097
649.10010775 0.65374
653.75079000 0.65651
666.5438 0.65928
678.8738 0.66205
682.86212063 0.66482
691.205947700 0.66759
709.60239575 0.67036
711.60128363 0.67313
713.21388500 0.6759
723.59045000 0.67867
737.69475500 0.68144
761.813 0.684211
768.97538750 0.686981
790.600 0.689751
807.37387900 0.692521
817.2225 0.695291
835.29854675 0.698061
840.0675 0.700831
859.6575 0.703601
862.66536250 0.706371
868.37412250 0.709141
877.12788900 0.711911
882.33320650 0.714681
883.250 0.717452
884.64459000 0.720222
884.9650 0.722992
891.18253175 0.725762
908.15384675 0.728532
914.4563 0.731302
915.28585125 0.734072
920.27902700 0.736842
923.3175 0.739612
929.14405950 0.742382
932.500 0.745152
933.938 0.747922
953.87172575 0.750693
971.6888 0.753463
978.675 0.756233
981.400 0.759003
984.16801562 0.761773
984.73514750 0.764543
1012.92592875 0.767313
1013.6150 0.770083
1024.388 0.772853
1044.200 0.775623
1070.71028000 0.778393
1072.98798312 0.781163
1082.3338 0.783934
1118.64544475 0.786704
1121.63289900 0.789474
1131.5825 0.792244
1137.13857462 0.795014
1139.67994250 0.797784
1159.4575 0.800554
1173.86425550 0.803324
1194.0075 0.806094
1230.4925 0.808864
1252.425 0.811634
1262.36238675 0.814404
1282.463 0.817175
1293.8775 0.819945
1300.0488 0.822715
1319.5825 0.825485
1337.600 0.828255
1349.3313 0.831025
1377.64650812 0.833795
1380.300 0.836565
1391.5388 0.839335
1397.29464063 0.842105
1415.51282550 0.844875
1423.550 0.847645
1427.013 0.850416
1431.063 0.853186
1434.938 0.855956
1468.5175 0.858726
1509.525 0.861496
1522.3425 0.864266
1524.4925 0.867036
1529.400 0.869806
1547.350 0.872576
1556.650 0.875346
1569.0188 0.878116
1571.413 0.880886
1577.475 0.883657
1580.5238 0.886427
1641.67035300 0.889197
1652.0575 0.891967
1657.0138 0.894737
1686.8175 0.897507
1695.5475 0.900277
1731.225 0.903047
1749.875 0.905817
1780.100 0.908587
1790.025 0.911357
1802.325 0.914127
1819.0638 0.916898
1820.100 0.919668
1821.275 0.922438
1831.750 0.925208
1860.5788 0.927978
1864.3675 0.930748
1880.9850 0.933518
1885.9088 0.936288
1890.4463 0.939058
1899.46965588 0.941828
1900.5913 0.944598
1908.3788 0.947368
1912.06164387 0.950139
1955.6575 0.952909
1967.275 0.955679
1985.4575 0.958449
1996.125 0.961219
2030.938 0.963989
2179.15256725 0.966759
2198.96354200 0.969529
2206.575 0.972299
2263.30066550 0.975069
2277.475 0.977839
2445.6675 0.980609
2520.425 0.98338
2543.600 0.98615
2602.238 0.98892
2649.8738 0.99169
2654.6075 0.99446
2827.150 0.99723
2880.750 1
