11.792333 0.00277008
12.174661 0.00554017
12.999740 0.00831025
13.213032 0.0110803
17.094533 0.0138504
31.632939 0.0166205
32.753247 0.0193906
40.198058 0.0221607
50.526923 0.0249307
50.707501 0.0277008
55.683386 0.0304709
65.434253 0.033241
67.592341 0.0360111
69.802213 0.0387812
79.166555 0.0415512
80.795854 0.0443213
81.462926 0.0470914
82.167459 0.0498615
82.739913 0.0526316
82.947302 0.0554017
82.994139 0.0581717
84.411621 0.0609418
86.342621 0.0637119
88.684988 0.066482
89.077932 0.0692521
89.145237 0.0720222
89.329511 0.0747922
89.381242 0.0775623
90.127665 0.0803324
90.284890 0.0831025
90.396243 0.0858726
90.429032 0.0886427
90.758270 0.0914127
90.821224 0.0941828
90.871900 0.0969529
91.043621 0.099723
91.280019 0.102493
91.494811 0.105263
91.754532 0.108033
92.254114 0.110803
92.364794 0.113573
92.473662 0.116343
93.013579 0.119114
93.629909 0.121884
93.660945 0.124654
93.672317 0.127424
94.033253 0.130194
94.036126 0.132964
94.081140 0.135734
94.168532 0.138504
94.539469 0.141274
94.652033 0.144044
94.769424 0.146814
94.833869 0.149584
95.028841 0.152355
95.362842 0.155125
95.744014 0.157895
95.788997 0.160665
95.913410 0.163435
95.984560 0.166205
96.151108 0.168975
96.207166 0.171745
96.290255 0.174515
96.337491 0.177285
96.368444 0.180055
96.487772 0.182825
96.619654 0.185596
96.806747 0.188366
96.845704 0.191136
96.857065 0.193906
96.870762 0.196676
96.924812 0.199446
96.951634 0.202216
97.066075 0.204986
97.182459 0.207756
97.209746 0.210526
97.243428 0.213296
97.265542 0.216066
97.438079 0.218837
97.441477 0.221607
97.630298 0.224377
97.669107 0.227147
97.698176 0.229917
97.708696 0.232687
97.739989 0.235457
97.773814 0.238227
97.819418 0.240997
97.892892 0.243767
97.993743 0.246537
97.995275 0.249307
98.040527 0.252078
98.103058 0.254848
98.189306 0.257618
98.218560 0.260388
98.288840 0.263158
98.335826 0.265928
98.388904 0.268698
98.408461 0.271468
98.437363 0.274238
98.475754 0.277008
98.491293 0.279778
98.518789 0.282548
98.542601 0.285319
98.663479 0.288089
98.688871 0.290859
98.695636 0.293629
98.704875 0.296399
98.792696 0.299169
98.841888 0.301939
98.860514 0.304709
98.864537 0.307479
98.886967 0.310249
98.887038 0.313019
98.907888 0.315789
98.941153 0.31856
98.948890 0.32133
98.964196 0.3241
98.977816 0.32687
99.077684 0.32964
99.095672 0.33241
99.101728 0.33518
99.106526 0.33795
99.137038 0.34072
99.142188 0.34349
99.181449 0.34626
99.211168 0.34903
99.254668 0.351801
99.263036 0.354571
99.289042 0.357341
99.314749 0.360111
99.320769 0.362881
99.345636 0.365651
99.358189 0.368421
99.358541 0.371191
99.374986 0.373961
99.380273 0.376731
99.392551 0.379501
99.406946 0.382271
99.420118 0.385042
99.427354 0.387812
99.434257 0.390582
99.445039 0.393352
99.449611 0.396122
99.473339 0.398892
99.478060 0.401662
99.478656 0.404432
99.480397 0.407202
99.507397 0.409972
99.513793 0.412742
99.547851 0.415512
99.550569 0.418283
99.557281 0.421053
99.563420 0.423823
99.574518 0.426593
99.575818 0.429363
99.578035 0.432133
99.579763 0.434903
99.590790 0.437673
99.597049 0.440443
99.599099 0.443213
99.601966 0.445983
99.602157 0.448753
99.614674 0.451524
99.617779 0.454294
99.619615 0.457064
99.630862 0.459834
99.638230 0.462604
99.639714 0.465374
99.640018 0.468144
99.640656 0.470914
99.653590 0.473684
99.659210 0.476454
99.659592 0.479224
99.672073 0.481994
99.677181 0.484765
99.678349 0.487535
99.681091 0.490305
99.681163 0.493075
99.683088 0.495845
99.684775 0.498615
99.685729 0.501385
99.692309 0.504155
99.693853 0.506925
99.696082 0.509695
99.704671 0.512465
99.708205 0.515235
99.720019 0.518006
99.724025 0.520776
99.724317 0.523546
99.724841 0.526316
99.732953 0.529086
99.735636 0.531856
99.738955 0.534626
99.739343 0.537396
99.742931 0.540166
99.743366 0.542936
99.744391 0.545706
99.748099 0.548476
99.749064 0.551247
99.756569 0.554017
99.757779 0.556787
99.761742 0.559557
99.762964 0.562327
99.767852 0.565097
99.770772 0.567867
99.775738 0.570637
99.776548 0.573407
99.778920 0.576177
99.779403 0.578947
99.779958 0.581717
99.780101 0.584488
99.783367 0.587258
99.784142 0.590028
99.784720 0.592798
99.788249 0.595568
99.790204 0.598338
99.790621 0.601108
99.790895 0.603878
99.791366 0.606648
99.792314 0.609418
99.793184 0.612188
99.795133 0.614958
99.795657 0.617729
99.796152 0.620499
99.799377 0.623269
99.800575 0.626039
99.804622 0.628809
99.811620 0.631579
99.812210 0.634349
99.812812 0.637119
99.813235 0.639889
99.816430 0.642659
99.817574 0.645429
99.822509 0.648199
99.824101 0.65097
99.825871 0.65374
99.826318 0.65651
99.833095 0.65928
99.834484 0.66205
99.838096 0.66482
99.839288 0.66759
99.841404 0.67036
99.842286 0.67313
99.843508 0.6759
99.845868 0.67867
99.847978 0.68144
99.850935 0.684211
99.853569 0.686981
99.854779 0.689751
99.858856 0.692521
99.859005 0.695291
99.864811 0.698061
99.865854 0.700831
99.868238 0.703601
99.869931 0.706371
99.870360 0.709141
99.871671 0.711911
99.873590 0.714681
99.873656 0.717452
99.873978 0.720222
99.878114 0.722992
99.882567 0.725762
99.884677 0.728532
99.885517 0.731302
99.886090 0.734072
99.887311 0.736842
99.892205 0.739612
99.892926 0.742382
99.895632 0.745152
99.897021 0.747922
99.898076 0.750693
99.900430 0.753463
99.900728 0.756233
99.903703 0.759003
99.907768 0.761773
99.908835 0.764543
99.911618 0.767313
99.912888 0.770083
99.915063 0.772853
99.915797 0.775623
99.922705 0.778393
99.930209 0.781163
99.933857 0.783934
99.934757 0.786704
99.934965 0.789474
99.936241 0.792244
99.937034 0.795014
99.938649 0.797784
99.939811 0.800554
99.941355 0.803324
99.942601 0.806094
99.945420 0.808864
99.947208 0.811634
99.956816 0.814404
99.961603 0.817175
99.961853 0.819945
99.964106 0.822715
99.965793 0.825485
99.966359 0.828255
99.973774 0.831025
115.572810 0.833795
127.338803 0.836565
221.313906 0.839335
252.379084 0.842105
279.039073 0.844875
295.272708 0.847645
295.437360 0.850416
331.932116 0.853186
443.694305 0.855956
461.691380 0.858726
504.982471 0.861496
646.896505 0.864266
724.325323 0.867036
892.028046 0.869806
918.659496 0.872576
919.682121 0.875346
973.067188 0.878116
982.297230 0.880886
1098.159599 0.883657
1298.288918 0.886427
1547.626781 0.889197
1715.587044 0.891967
1841.592407 0.894737
1850.388145 0.897507
1922.144890 0.900277
1992.258835 0.903047
2056.020927 0.905817
2092.918968 0.908587
2093.381500 0.911357
2377.291870 0.914127
2414.105225 0.916898
2574.157524 0.919668
2692.651939 0.922438
2762.935257 0.925208
2803.648376 0.927978
3451.808167 0.930748
3473.851776 0.933518
3855.328751 0.936288
4164.818573 0.939058
4523.987961 0.941828
4763.130951 0.944598
5964.777374 0.947368
6519.905853 0.950139
9912.725067 0.952909
10824.774933 0.955679
20569.300842 0.958449
21973.161316 0.961219
22012.322998 0.963989
22800.434875 0.966759
33835.610962 0.969529
39248.712158 0.972299
102659.558105 0.975069
143087.133789 0.977839
246261.669922 0.980609
327369.580078 0.98338
401262.866211 0.98615
439509.375000 0.98892
852350.195312 0.99169
1473072.558594 0.99446
1608878.906250 0.99723
6448708.203125 1
