0.024239 0.00277008
0.030597 0.00554017
0.053141 0.00831025
0.058310 0.0110803
0.065605 0.0138504
0.083443 0.0166205
0.084576 0.0193906
0.097216 0.0221607
0.104125 0.0249307
0.104864 0.0277008
0.115366 0.0304709
0.146423 0.033241
0.160213 0.0360111
0.168068 0.0387812
0.178852 0.0415512
0.186201 0.0443213
0.186701 0.0470914
0.189295 0.0498615
0.203069 0.0526316
0.226645 0.0554017
0.241547 0.0581717
0.242100 0.0609418
0.245265 0.0637119
0.258553 0.066482
0.271226 0.0692521
0.282218 0.0720222
0.282221 0.0747922
0.286568 0.0775623
0.293362 0.0803324
0.297745 0.0831025
0.303427 0.0858726
0.336819 0.0886427
0.386635 0.0914127
0.390902 0.0941828
0.392727 0.0969529
0.418145 0.099723
0.428284 0.102493
0.433802 0.105263
0.442488 0.108033
0.444510 0.110803
0.456503 0.113573
0.463287 0.116343
0.479115 0.119114
0.484463 0.121884
0.486645 0.124654
0.487540 0.127424
0.488200 0.130194
0.515860 0.132964
0.524704 0.135734
0.532981 0.138504
0.577862 0.141274
0.584460 0.144044
0.632205 0.146814
0.635605 0.149584
0.657763 0.152355
0.663931 0.155125
0.716855 0.157895
0.726748 0.160665
0.736736 0.163435
0.798744 0.166205
0.820887 0.168975
0.847066 0.171745
0.855413 0.174515
0.869713 0.177285
0.878618 0.180055
0.896228 0.182825
0.923250 0.185596
0.931043 0.188366
0.944632 0.191136
0.944809 0.193906
0.957094 0.196676
0.966182 0.199446
0.989114 0.202216
0.993452 0.204986
1.025257 0.207756
1.028893 0.210526
1.041309 0.213296
1.043335 0.216066
1.080811 0.218837
1.099506 0.221607
1.123447 0.224377
1.158117 0.227147
1.167267 0.229917
1.187168 0.232687
1.195744 0.235457
1.211606 0.238227
1.218742 0.240997
1.220219 0.243767
1.244818 0.246537
1.285015 0.249307
1.302481 0.252078
1.317446 0.254848
1.325510 0.257618
1.350394 0.260388
1.441210 0.263158
1.449005 0.265928
1.453789 0.268698
1.500383 0.271468
1.501427 0.274238
1.514551 0.277008
1.523129 0.279778
1.548843 0.282548
1.568735 0.285319
1.618546 0.288089
1.647850 0.290859
1.683951 0.293629
1.706245 0.296399
1.864967 0.299169
1.890814 0.301939
1.897276 0.304709
1.941998 0.307479
1.979437 0.310249
2.005400 0.313019
2.013073 0.315789
2.030931 0.31856
2.175341 0.32133
2.237980 0.3241
2.255867 0.32687
2.261295 0.32964
2.266113 0.33241
2.269957 0.33518
2.270816 0.33795
2.281973 0.34072
2.341776 0.34349
2.352524 0.34626
2.462981 0.34903
2.469666 0.351801
2.497440 0.354571
2.562771 0.357341
2.568290 0.360111
2.572683 0.362881
2.582661 0.365651
2.689861 0.368421
2.694742 0.371191
2.764072 0.373961
2.782049 0.376731
2.814259 0.379501
2.848377 0.382271
2.921555 0.385042
2.961746 0.387812
2.999516 0.390582
3.067501 0.393352
3.070578 0.396122
3.129865 0.398892
3.131533 0.401662
3.166437 0.404432
3.197287 0.407202
3.237159 0.409972
3.308568 0.412742
3.319413 0.415512
3.357219 0.418283
3.480605 0.421053
3.499565 0.423823
3.499712 0.426593
3.658423 0.429363
3.773148 0.432133
3.803822 0.434903
3.838234 0.437673
3.846160 0.440443
3.848942 0.443213
3.855434 0.445983
3.859570 0.448753
3.864761 0.451524
3.887325 0.454294
4.026243 0.457064
4.125549 0.459834
4.226818 0.462604
4.287069 0.465374
4.293541 0.468144
4.381004 0.470914
4.441711 0.473684
4.525440 0.476454
4.556961 0.479224
4.631329 0.481994
4.653751 0.484765
4.682499 0.487535
4.778189 0.490305
4.810595 0.493075
4.811726 0.495845
4.971552 0.498615
4.972729 0.501385
5.066710 0.504155
5.072344 0.506925
5.084320 0.509695
5.100765 0.512465
5.146820 0.515235
5.244209 0.518006
5.373464 0.520776
5.489634 0.523546
5.494267 0.526316
5.563017 0.529086
5.654850 0.531856
5.657742 0.534626
5.671970 0.537396
5.748662 0.540166
5.814974 0.542936
5.823790 0.545706
5.827702 0.548476
5.853031 0.551247
5.891577 0.554017
5.953854 0.556787
5.957024 0.559557
6.020359 0.562327
6.023209 0.565097
6.092381 0.567867
6.095938 0.570637
6.097363 0.573407
6.128367 0.576177
6.176513 0.578947
6.247950 0.581717
6.309969 0.584488
6.481970 0.587258
6.690998 0.590028
6.756523 0.592798
6.780973 0.595568
6.790592 0.598338
6.848463 0.601108
6.886246 0.603878
6.992489 0.606648
7.058952 0.609418
7.092707 0.612188
7.192509 0.614958
7.404599 0.617729
7.425097 0.620499
7.434669 0.623269
7.447960 0.626039
7.462067 0.628809
7.508307 0.631579
7.591345 0.634349
7.789593 0.637119
7.809258 0.639889
7.969326 0.642659
8.130205 0.645429
8.279404 0.648199
8.372509 0.65097
8.537861 0.65374
8.628992 0.65651
8.682510 0.65928
8.684273 0.66205
8.738281 0.66482
8.745449 0.66759
8.855511 0.67036
8.857880 0.67313
9.240595 0.6759
9.319324 0.67867
9.331247 0.68144
9.406744 0.684211
9.418537 0.686981
9.738647 0.689751
9.762043 0.692521
9.959211 0.695291
10.057278 0.698061
10.121614 0.700831
10.285809 0.703601
10.354664 0.706371
10.399864 0.709141
10.469276 0.711911
10.638180 0.714681
10.719271 0.717452
10.990507 0.720222
12.470997 0.722992
12.568005 0.725762
12.571445 0.728532
12.815231 0.731302
12.882433 0.734072
13.127151 0.736842
13.267715 0.739612
13.470871 0.742382
13.821083 0.745152
13.961525 0.747922
14.453461 0.750693
14.541740 0.753463
14.622044 0.756233
14.961061 0.759003
15.136703 0.761773
15.485065 0.764543
15.765648 0.767313
15.821249 0.770083
16.951813 0.772853
17.509647 0.775623
17.704380 0.778393
17.856924 0.781163
18.498207 0.783934
18.540819 0.786704
18.836334 0.789474
19.320488 0.792244
19.384371 0.795014
19.452152 0.797784
20.709465 0.800554
21.948650 0.803324
23.556664 0.806094
23.907656 0.808864
24.012192 0.811634
24.295753 0.814404
24.651085 0.817175
26.096634 0.819945
28.275066 0.822715
28.452797 0.825485
29.133163 0.828255
33.165306 0.831025
34.349579 0.833795
35.316963 0.836565
35.562729 0.839335
37.015053 0.842105
37.119637 0.844875
37.891144 0.847645
38.250462 0.850416
38.350616 0.853186
38.742348 0.855956
41.391071 0.858726
44.431839 0.861496
44.667751 0.864266
46.834717 0.867036
48.666855 0.869806
48.861115 0.872576
48.964386 0.875346
49.007454 0.878116
50.351318 0.880886
51.128941 0.883657
60.449715 0.886427
60.463409 0.889197
60.644421 0.891967
61.740982 0.894737
65.652222 0.897507
67.826416 0.900277
67.955795 0.903047
73.109848 0.905817
75.989494 0.908587
83.382446 0.911357
90.526817 0.914127
93.048332 0.916898
104.111908 0.919668
104.841202 0.922438
113.318863 0.925208
116.083458 0.927978
118.145111 0.930748
119.905746 0.933518
121.070679 0.936288
132.432465 0.939058
148.352203 0.941828
157.507660 0.944598
163.856201 0.947368
164.051575 0.950139
168.898743 0.952909
171.559662 0.955679
175.537460 0.958449
178.226746 0.961219
179.032318 0.963989
182.640701 0.966759
183.136078 0.969529
191.971771 0.972299
196.691757 0.975069
211.466537 0.977839
216.350800 0.980609
219.762421 0.98338
246.597122 0.98615
284.645172 0.98892
313.187744 0.99169
358.001404 0.99446
487.640991 0.99723
510.948334 1
