0.186302 0.00277008
0.302358 0.00554017
0.336859 0.00831025
0.3523 0.0110803
0.359017 0.0138504
0.550021 0.0166205
0.57459 0.0193906
0.58827 0.0221607
0.613487 0.0249307
0.666454 0.0277008
0.745059 0.0304709
0.796004 0.033241
1.14604 0.0360111
1.15091 0.0387812
1.18027 0.0415512
1.22241 0.0443213
1.24409 0.0470914
1.27897 0.0498615
1.34302 0.0526316
1.39991 0.0554017
1.52455 0.0581717
1.53224 0.0609418
1.73253 0.0637119
1.76683 0.066482
1.82717 0.0692521
1.85008 0.0720222
1.85105 0.0747922
1.87742 0.0775623
1.90497 0.0803324
2.17398 0.0831025
2.18074 0.0858726
2.20931 0.0886427
2.22456 0.0914127
2.31729 0.0941828
2.4126 0.0969529
2.44989 0.099723
2.47137 0.102493
2.66705 0.105263
2.67774 0.108033
2.69677 0.110803
2.803 0.113573
2.9757 0.116343
3.09279 0.119114
3.15559 0.121884
3.20004 0.124654
3.3021 0.127424
3.32938 0.130194
3.39449 0.132964
3.40707 0.135734
3.4589 0.138504
3.49903 0.141274
3.50772 0.144044
3.73408 0.146814
3.79939 0.149584
3.87599 0.152355
3.88897 0.155125
3.91495 0.157895
3.92274 0.160665
3.93296 0.163435
4.24036 0.166205
4.30176 0.168975
4.35991 0.171745
4.36169 0.174515
4.37033 0.177285
4.37843 0.180055
4.51315 0.182825
4.61365 0.185596
4.65066 0.188366
4.68446 0.191136
4.80482 0.193906
4.83428 0.196676
4.97326 0.199446
5.088 0.202216
5.1393 0.204986
5.2257 0.207756
5.26009 0.210526
5.31028 0.213296
5.42979 0.216066
5.62877 0.218837
5.63517 0.221607
5.79521 0.224377
5.87912 0.227147
5.90324 0.229917
5.94378 0.232687
5.98713 0.235457
5.99767 0.238227
6.02829 0.240997
6.18698 0.243767
6.20407 0.246537
6.33855 0.249307
6.46967 0.252078
6.59907 0.254848
6.59914 0.257618
6.75488 0.260388
6.81365 0.263158
7.09495 0.265928
7.10956 0.268698
7.1099 0.271468
7.22169 0.274238
7.29064 0.277008
7.48427 0.279778
7.6926 0.282548
7.96336 0.285319
8.06302 0.288089
8.07054 0.290859
8.10345 0.293629
8.48128 0.296399
8.48939 0.299169
8.57422 0.301939
8.65667 0.304709
8.7068 0.307479
8.71491 0.310249
8.74939 0.313019
8.87664 0.315789
9.00297 0.31856
9.11687 0.32133
9.30928 0.3241
9.33484 0.32687
9.41782 0.32964
9.47274 0.33241
9.48842 0.33518
9.64321 0.33795
9.80867 0.34072
9.90571 0.34349
10.1872 0.34626
10.2612 0.34903
10.3137 0.351801
10.4702 0.354571
10.5744 0.357341
10.743 0.360111
10.9713 0.362881
10.9766 0.365651
11.0047 0.368421
11.3462 0.371191
11.4308 0.373961
11.4687 0.376731
11.7629 0.379501
11.8002 0.382271
11.8769 0.385042
12.5369 0.387812
12.6623 0.390582
12.7072 0.393352
13.0154 0.396122
13.0297 0.398892
13.1136 0.401662
13.1746 0.404432
13.2046 0.407202
13.2101 0.409972
13.3144 0.412742
13.3421 0.415512
13.4392 0.418283
13.4614 0.421053
13.527 0.423823
13.6229 0.426593
13.7055 0.429363
13.7532 0.432133
13.7632 0.434903
13.8305 0.437673
14.0304 0.440443
14.1072 0.443213
14.2492 0.445983
14.2976 0.448753
14.5436 0.451524
14.5867 0.454294
14.6651 0.457064
14.7512 0.459834
14.9245 0.462604
14.9285 0.465374
14.9287 0.468144
14.9827 0.470914
15.9996 0.473684
16.0524 0.476454
16.1899 0.479224
16.2104 0.481994
16.2824 0.484765
16.2933 0.487535
16.4308 0.490305
16.5277 0.493075
16.6835 0.495845
16.7562 0.498615
16.7662 0.501385
17.2132 0.504155
17.233 0.506925
17.6161 0.509695
17.6678 0.512465
17.8502 0.515235
17.903 0.518006
18.0577 0.520776
18.1489 0.523546
18.6489 0.526316
18.6981 0.529086
18.8831 0.531856
19.1795 0.534626
19.3525 0.537396
19.5772 0.540166
19.8288 0.542936
19.9615 0.545706
19.9645 0.548476
20.2251 0.551247
20.6083 0.554017
20.6386 0.556787
20.7894 0.559557
20.8137 0.562327
20.8387 0.565097
21.2773 0.567867
21.3297 0.570637
21.4053 0.573407
21.418 0.576177
21.4413 0.578947
21.4485 0.581717
21.5169 0.584488
21.548 0.587258
21.7963 0.590028
21.8346 0.592798
21.8924 0.595568
21.9219 0.598338
22.3932 0.601108
22.4331 0.603878
22.5738 0.606648
22.6658 0.609418
22.7798 0.612188
22.8992 0.614958
22.9352 0.617729
23.1496 0.620499
23.2545 0.623269
23.8903 0.626039
24.2761 0.628809
24.4712 0.631579
25.0597 0.634349
25.3296 0.637119
25.5611 0.639889
25.6138 0.642659
25.7086 0.645429
25.7382 0.648199
26.2081 0.65097
26.3365 0.65374
26.4383 0.65651
27.4988 0.65928
27.7631 0.66205
28.1164 0.66482
28.1587 0.66759
29.1306 0.67036
29.3888 0.67313
29.4942 0.6759
29.6119 0.67867
29.7714 0.68144
29.8399 0.684211
30.0392 0.686981
30.6362 0.689751
30.6877 0.692521
30.8195 0.695291
31.0921 0.698061
31.2588 0.700831
31.7175 0.703601
32.0179 0.706371
32.6653 0.709141
32.6757 0.711911
33.2512 0.714681
33.5025 0.717452
33.5771 0.720222
33.8611 0.722992
34.2491 0.725762
34.5405 0.728532
34.573 0.731302
36.2877 0.734072
36.3241 0.736842
36.385 0.739612
36.6534 0.742382
38.5172 0.745152
38.6391 0.747922
38.7614 0.750693
38.7992 0.753463
38.8266 0.756233
39.395 0.759003
39.5123 0.761773
39.5393 0.764543
39.891 0.767313
40.3282 0.770083
40.568 0.772853
40.9149 0.775623
41.4737 0.778393
42.0662 0.781163
43.0198 0.783934
43.3098 0.786704
44.6099 0.789474
44.9975 0.792244
45.3976 0.795014
45.8081 0.797784
48.8879 0.800554
50.4228 0.803324
54.6656 0.806094
55.6443 0.808864
55.9418 0.811634
56.0203 0.814404
57.7612 0.817175
58.5109 0.819945
60.5658 0.822715
61.7735 0.825485
62.1455 0.828255
63.539 0.831025
68.2322 0.833795
69.2545 0.836565
72.5919 0.839335
73.6857 0.842105
74.5819 0.844875
75.5772 0.847645
76.8381 0.850416
78.0948 0.853186
78.824 0.855956
79.6309 0.858726
79.6727 0.861496
81.9892 0.864266
96.4765 0.867036
106.653 0.869806
110.175 0.872576
117.277 0.875346
118.202 0.878116
132.031 0.880886
133.417 0.883657
153.228 0.886427
153.811 0.889197
161.232 0.891967
162.552 0.894737
165.098 0.897507
167.152 0.900277
167.523 0.903047
176.741 0.905817
181.356 0.908587
187.446 0.911357
198.042 0.914127
206.691 0.916898
217.912 0.919668
218.723 0.922438
221.239 0.925208
224.142 0.927978
224.696 0.930748
235.515 0.933518
244.833 0.936288
252.678 0.939058
258.75 0.941828
266.088 0.944598
271.364 0.947368
292.134 0.950139
314.229 0.952909
319.458 0.955679
381.376 0.958449
398.674 0.961219
427.02 0.963989
472.027 0.966759
515.647 0.969529
543.052 0.972299
587.1 0.975069
608.639 0.977839
612.579 0.980609
641.217 0.98338
787.316 0.98615
851.687 0.98892
1363.87 0.99169
1848.15 0.99446
2129.34 0.99723
3132.18 1
