0.162167 0.00277008
0.190498 0.00554017
0.301625 0.00831025
0.646797 0.0110803
0.695926 0.0138504
0.866347 0.0166205
0.888423 0.0193906
1.21151 0.0221607
1.25334 0.0249307
1.39235 0.0277008
1.85145 0.0304709
1.90642 0.033241
2.027 0.0360111
2.18684 0.0387812
2.6378 0.0415512
2.88858 0.0443213
2.92096 0.0470914
2.99073 0.0498615
3.11392 0.0526316
3.22548 0.0554017
3.35518 0.0581717
3.45454 0.0609418
3.55124 0.0637119
3.61357 0.066482
3.6525 0.0692521
3.81449 0.0720222
3.97502 0.0747922
4.17857 0.0775623
4.36224 0.0803324
4.4925 0.0831025
4.57502 0.0858726
4.72283 0.0886427
4.77182 0.0914127
4.84241 0.0941828
4.84567 0.0969529
5.05144 0.099723
5.24987 0.102493
5.32593 0.105263
5.36739 0.108033
5.42471 0.110803
5.47021 0.113573
5.49262 0.116343
5.52954 0.119114
5.80304 0.121884
5.84374 0.124654
6.04585 0.127424
6.2696 0.130194
6.28353 0.132964
6.36125 0.135734
6.56434 0.138504
6.73642 0.141274
6.74969 0.144044
6.97266 0.146814
7.0976 0.149584
7.2534 0.152355
7.30202 0.155125
7.63832 0.157895
7.73136 0.160665
7.86286 0.163435
8.06361 0.166205
8.12511 0.168975
8.22684 0.171745
8.2312 0.174515
8.41049 0.177285
8.74376 0.180055
9.09115 0.182825
9.21125 0.185596
9.28652 0.188366
9.32143 0.191136
9.3742 0.193906
9.41327 0.196676
9.52246 0.199446
9.66458 0.202216
9.73106 0.204986
9.76266 0.207756
9.83534 0.210526
9.92123 0.213296
10.0789 0.216066
10.1585 0.218837
10.1747 0.221607
10.2645 0.224377
10.2681 0.227147
10.2907 0.229917
10.2964 0.232687
10.3341 0.235457
10.6562 0.238227
10.8081 0.240997
10.8154 0.243767
10.8532 0.246537
10.9509 0.249307
11.0888 0.252078
11.1828 0.254848
11.3411 0.257618
11.3787 0.260388
11.4335 0.263158
11.6326 0.265928
11.6329 0.268698
11.6333 0.271468
11.6659 0.274238
11.6913 0.277008
11.7255 0.279778
11.8161 0.282548
11.8633 0.285319
12.0334 0.288089
12.3279 0.290859
12.5944 0.293629
12.6286 0.296399
12.6468 0.299169
12.7339 0.301939
12.851 0.304709
13.143 0.307479
13.4627 0.310249
13.4723 0.313019
13.8962 0.315789
14.2709 0.31856
14.3577 0.32133
14.4809 0.3241
14.6418 0.32687
14.6887 0.32964
14.8452 0.33241
14.8747 0.33518
14.9916 0.33795
15.3594 0.34072
15.4386 0.34349
15.5314 0.34626
15.6575 0.34903
15.6879 0.351801
15.7564 0.354571
15.7751 0.357341
15.873 0.360111
15.933 0.362881
15.9511 0.365651
16.0286 0.368421
16.0686 0.371191
16.4208 0.373961
16.895 0.376731
16.9332 0.379501
17.2688 0.382271
17.2971 0.385042
17.3355 0.387812
17.348 0.390582
17.3573 0.393352
17.4887 0.396122
17.5656 0.398892
17.7013 0.401662
17.7958 0.404432
17.8338 0.407202
17.9177 0.409972
18.1481 0.412742
18.4908 0.415512
18.5345 0.418283
18.7362 0.421053
18.7899 0.423823
18.9577 0.426593
19.087 0.429363
19.1341 0.432133
19.5099 0.434903
19.625 0.437673
19.9328 0.440443
19.9899 0.443213
20.1327 0.445983
20.3191 0.448753
20.3418 0.451524
20.3839 0.454294
21.8904 0.457064
21.9581 0.459834
22.2097 0.462604
22.2345 0.465374
22.4583 0.468144
22.6489 0.470914
22.9095 0.473684
22.9269 0.476454
22.993 0.479224
23.6489 0.481994
23.7817 0.484765
24.2491 0.487535
24.3454 0.490305
24.4605 0.493075
24.5093 0.495845
24.7409 0.498615
24.8018 0.501385
25.6067 0.504155
25.8829 0.506925
25.9841 0.509695
26.0735 0.512465
26.1376 0.515235
26.8403 0.518006
26.8454 0.520776
27.0925 0.523546
27.162 0.526316
27.1685 0.529086
27.2171 0.531856
28.0987 0.534626
28.1445 0.537396
28.5146 0.540166
28.7874 0.542936
29.6883 0.545706
30.1884 0.548476
30.3652 0.551247
30.9242 0.554017
31.15 0.556787
31.4764 0.559557
31.8855 0.562327
32.0348 0.565097
32.2089 0.567867
32.6224 0.570637
33.0868 0.573407
33.7207 0.576177
33.8428 0.578947
34.5636 0.581717
34.8852 0.584488
35.3927 0.587258
36.5201 0.590028
36.5208 0.592798
36.9086 0.595568
37.3409 0.598338
37.4986 0.601108
37.6194 0.603878
37.9631 0.606648
38.0463 0.609418
38.129 0.612188
38.9241 0.614958
38.9631 0.617729
39.1884 0.620499
39.7423 0.623269
39.7581 0.626039
39.904 0.628809
40.2706 0.631579
41.0224 0.634349
41.5473 0.637119
41.6694 0.639889
42.0909 0.642659
42.2184 0.645429
42.2568 0.648199
42.556 0.65097
44.3199 0.65374
45.0063 0.65651
45.2446 0.65928
46.5942 0.66205
46.7338 0.66482
47.5335 0.66759
49.2491 0.67036
49.3899 0.67313
49.4189 0.6759
49.9353 0.67867
50.6549 0.68144
52.2294 0.684211
52.6323 0.686981
53.2248 0.689751
53.3805 0.692521
54.2428 0.695291
55.2762 0.698061
56.1538 0.700831
56.1718 0.703601
56.9929 0.706371
57.4851 0.709141
59.8095 0.711911
61.1868 0.714681
61.272 0.717452
63.4415 0.720222
65.6125 0.722992
65.9658 0.725762
66.7917 0.728532
66.9689 0.731302
67.3346 0.734072
68.1628 0.736842
68.7249 0.739612
68.817 0.742382
70.9701 0.745152
72.1682 0.747922
72.5624 0.750693
73.1233 0.753463
73.469 0.756233
73.5131 0.759003
74.7581 0.761773
74.9963 0.764543
75.3152 0.767313
75.4046 0.770083
76.9314 0.772853
77.0095 0.775623
77.8445 0.778393
79.8696 0.781163
81.4448 0.783934
83.4211 0.786704
83.4389 0.789474
83.6325 0.792244
84.2327 0.795014
84.8429 0.797784
84.969 0.800554
86.6597 0.803324
88.142 0.806094
88.9073 0.808864
88.9539 0.811634
91.3798 0.814404
94.7356 0.817175
95.4453 0.819945
98.4203 0.822715
98.8033 0.825485
99.0226 0.828255
100.682 0.831025
101.183 0.833795
101.852 0.836565
102.086 0.839335
102.21 0.842105
106.764 0.844875
108.044 0.847645
112.495 0.850416
114.687 0.853186
115.751 0.855956
118.69 0.858726
119.066 0.861496
119.255 0.864266
120.422 0.867036
122.66 0.869806
124.377 0.872576
124.64 0.875346
125.023 0.878116
126.269 0.880886
129.667 0.883657
131.02 0.886427
131.624 0.889197
132.812 0.891967
136.699 0.894737
137.962 0.897507
138.122 0.900277
141.215 0.903047
144.869 0.905817
146.939 0.908587
150.734 0.911357
152.857 0.914127
153.525 0.916898
156.583 0.919668
158.249 0.922438
158.558 0.925208
160.873 0.927978
161.763 0.930748
162.194 0.933518
163.618 0.936288
164.154 0.939058
171.011 0.941828
172.092 0.944598
174.077 0.947368
182.609 0.950139
188.016 0.952909
189.176 0.955679
196.069 0.958449
197.362 0.961219
206.222 0.963989
206.299 0.966759
207.39 0.969529
209.493 0.972299
210.826 0.975069
219.089 0.977839
225.058 0.980609
226.398 0.98338
227.071 0.98615
230.124 0.98892
246.308 0.99169
250.97 0.99446
270.683 0.99723
280.591 1
