.100 0.00277008
.200 0.00831025
.200 0.00831025
.300 0.0110803
.500 0.0193906
.500 0.0193906
.500 0.0193906
.600 0.0249307
.600 0.0249307
.700 0.0277008
.800 0.0304709
.900 0.033241
1.000 0.0415512
1.000 0.0415512
1.000 0.0415512
1.200 0.0443213
1.300 0.0470914
1.400 0.0526316
1.400 0.0526316
1.500 0.0554017
1.900 0.0581717
2.000 0.066482
2.000 0.066482
2.000 0.066482
2.100 0.0720222
2.100 0.0720222
2.200 0.0831025
2.200 0.0831025
2.200 0.0831025
2.200 0.0831025
2.300 0.0858726
2.600 0.0969529
2.600 0.0969529
2.600 0.0969529
2.600 0.0969529
2.800 0.102493
2.800 0.102493
3.000 0.105263
3.100 0.108033
3.400 0.110803
3.500 0.113573
3.600 0.119114
3.600 0.119114
3.700 0.121884
3.800 0.124654
4.000 0.127424
4.100 0.130194
4.300 0.135734
4.300 0.135734
4.400 0.141274
4.400 0.141274
4.700 0.146814
4.700 0.146814
4.900 0.152355
4.900 0.152355
5.100 0.163435
5.100 0.163435
5.100 0.163435
5.100 0.163435
5.300 0.166205
5.500 0.168975
5.600 0.171745
5.700 0.174515
6.100 0.180055
6.100 0.180055
6.200 0.182825
7.200 0.185596
7.300 0.188366
7.400 0.191136
7.800 0.199446
7.800 0.199446
7.800 0.199446
7.900 0.204986
7.900 0.204986
8.100 0.207756
8.400 0.213296
8.400 0.213296
8.800 0.216066
8.900 0.218837
9.000 0.221607
9.200 0.224377
9.400 0.232687
9.400 0.232687
9.400 0.232687
9.500 0.243767
9.500 0.243767
9.500 0.243767
9.500 0.243767
10.100 0.246537
10.200 0.249307
10.300 0.252078
10.500 0.257618
10.500 0.257618
10.600 0.260388
10.800 0.263158
11.100 0.265928
11.300 0.268698
11.400 0.271468
11.500 0.274238
11.600 0.277008
11.800 0.282548
11.800 0.282548
11.900 0.285319
12.800 0.288089
13.300 0.290859
13.700 0.296399
13.700 0.296399
13.800 0.301939
13.800 0.301939
14.000 0.304709
14.100 0.313019
14.100 0.313019
14.100 0.313019
14.300 0.315789
14.700 0.31856
15.400 0.32133
15.800 0.32687
15.800 0.32687
15.900 0.32964
16.400 0.33241
16.500 0.33795
16.500 0.33795
16.600 0.34072
16.900 0.34626
16.900 0.34626
17.000 0.34903
17.200 0.351801
17.300 0.357341
17.300 0.357341
17.500 0.362881
17.500 0.362881
18.000 0.368421
18.000 0.368421
18.500 0.379501
18.500 0.379501
18.500 0.379501
18.500 0.379501
18.800 0.382271
19.100 0.385042
19.300 0.387812
19.400 0.393352
19.400 0.393352
20.100 0.396122
20.800 0.398892
20.900 0.401662
21.300 0.404432
21.800 0.407202
22.000 0.409972
22.200 0.412742
22.500 0.415512
22.700 0.418283
23.200 0.421053
23.500 0.423823
23.900 0.426593
24.600 0.429363
24.700 0.432133
24.800 0.434903
25.000 0.437673
25.100 0.440443
25.300 0.445983
25.300 0.445983
26.000 0.448753
26.300 0.451524
26.500 0.454294
26.700 0.457064
27.700 0.459834
27.800 0.462604
28.300 0.465374
28.600 0.468144
29.100 0.473684
29.100 0.473684
30.200 0.476454
30.500 0.479224
30.900 0.481994
31.000 0.484765
31.500 0.487535
31.600 0.490305
31.900 0.493075
32.500 0.495845
32.800 0.498615
32.900 0.501385
33.300 0.504155
33.800 0.506925
33.900 0.509695
34.800 0.512465
41.400 0.515235
44.200 0.518006
45.600 0.520776
45.700 0.523546
47.800 0.526316
48.100 0.529086
52.200 0.531856
52.300 0.534626
52.400 0.537396
53.200 0.540166
54.400 0.542936
56.800 0.545706
61.700 0.548476
62.500 0.551247
63.200 0.554017
66.600 0.556787
67.600 0.559557
68.600 0.562327
68.900 0.565097
76.400 0.567867
79.500 0.570637
80.200 0.573407
81.700 0.576177
89.100 0.578947
91.200 0.581717
92.500 0.584488
93.100 0.587258
93.400 0.590028
93.700 0.592798
98.000 0.595568
102.700 0.598338
103.800 0.601108
109.300 0.603878
114.200 0.606648
114.700 0.609418
119.400 0.612188
124.800 0.614958
128.200 0.617729
131.200 0.620499
137.500 0.623269
140.200 0.626039
143.900 0.628809
149.900 0.631579
156.200 0.634349
156.500 0.637119
156.800 0.642659
156.800 0.642659
156.900 0.648199
156.900 0.648199
157.500 0.65097
157.900 0.65374
158.900 0.65651
163.400 0.65928
164.300 0.66205
171.600 0.66482
182.400 0.66759
182.600 0.67036
183.400 0.67313
188.300 0.6759
190.200 0.67867
195.900 0.68144
205.000 0.684211
228.900 0.686981
230.600 0.689751
232.500 0.692521
238.600 0.695291
242.000 0.698061
242.800 0.700831
247.300 0.703601
262.900 0.706371
273.700 0.709141
276.800 0.711911
278.300 0.714681
279.200 0.717452
283.500 0.720222
285.000 0.722992
285.500 0.725762
288.400 0.728532
293.700 0.731302
317.300 0.734072
348.100 0.736842
360.100 0.739612
416.600 0.742382
418.500 0.745152
420.600 0.747922
423.200 0.750693
426.200 0.753463
431.600 0.756233
434.600 0.759003
458.900 0.761773
481.900 0.764543
484.300 0.767313
496.200 0.770083
542.400 0.772853
542.600 0.775623
547.000 0.778393
549.100 0.781163
582.100 0.783934
589.000 0.786704
610.100 0.789474
711.900 0.792244
727.100 0.795014
750.400 0.797784
751.500 0.800554
759.200 0.803324
765.000 0.806094
796.400 0.808864
820.900 0.811634
883.800 0.814404
893.900 0.817175
897.300 0.819945
918.900 0.822715
925.100 0.825485
950.400 0.828255
966.900 0.831025
979.500 0.833795
993.800 0.836565
1002.800 0.839335
1083.100 0.842105
1089.300 0.844875
1158.900 0.847645
1174.500 0.850416
1177.800 0.853186
1199.700 0.855956
1206.700 0.858726
1260.800 0.861496
1267.900 0.864266
1328.600 0.867036
1370.500 0.869806
1378.600 0.872576
1379.300 0.875346
1390.100 0.878116
1560.600 0.880886
1654.500 0.883657
1703.700 0.886427
1797.700 0.889197
2034.000 0.891967
2075.200 0.894737
2132.000 0.897507
2152.400 0.900277
2320.000 0.903047
2712.400 0.905817
2798.200 0.908587
2803.500 0.911357
2804.100 0.914127
3228.700 0.916898
3811.900 0.919668
4017.000 0.922438
5130.800 0.925208
5215.100 0.927978
5526.500 0.930748
5854.800 0.933518
6484.000 0.936288
6880.200 0.939058
7225.000 0.941828
8919.500 0.944598
9360.800 0.947368
11539.000 0.950139
17198.900 0.952909
33182.300 0.955679
33212.000 0.958449
42691.200 0.961219
43741.800 0.963989
48489.600 0.966759
64879.300 0.969529
72291.000 0.972299
77016.500 0.975069
79437.500 0.977839
98896.900 0.980609
142541.100 0.98338
206546.100 0.98615
216819.900 0.98892
295201.700 0.99169
388830.600 0.99446
1268210.400 0.99723
1296200.900 1
