1.251221 0.00277008
2.753662 0.00554017
3.010254 0.00831025
3.386841 0.0110803
3.653687 0.0138504
4.782593 0.0166205
5.955811 0.0193906
6.219849 0.0221607
6.294678 0.0249307
6.544067 0.0277008
7.509888 0.0304709
8.104004 0.033241
8.673096 0.0360111
9.371216 0.0387812
9.437744 0.0415512
9.480896 0.0443213
10.882324 0.0470914
11.580688 0.0498615
12.088867 0.0526316
12.396362 0.0554017
13.347778 0.0581717
14.646729 0.0609418
14.675293 0.0637119
16.758057 0.066482
18.273804 0.0692521
18.276245 0.0720222
18.732422 0.0747922
19.959961 0.0775623
20.201050 0.0803324
20.567627 0.0831025
20.986084 0.0858726
21.836548 0.0886427
22.073853 0.0914127
22.110229 0.0941828
22.247681 0.0969529
22.395020 0.099723
22.698853 0.102493
23.477661 0.105263
25.310791 0.108033
26.796997 0.110803
28.651123 0.113573
29.997803 0.116343
31.420654 0.119114
32.354004 0.121884
32.933350 0.124654
33.483887 0.127424
34.393921 0.130194
35.321899 0.132964
35.345459 0.135734
36.848145 0.138504
37.435059 0.141274
37.518311 0.144044
37.723389 0.146814
38.033936 0.149584
41.239502 0.152355
41.677612 0.155125
42.590088 0.157895
42.989624 0.160665
43.120361 0.163435
43.601562 0.166205
43.797974 0.168975
43.935791 0.171745
43.937988 0.174515
45.222656 0.177285
45.358643 0.180055
46.427368 0.182825
48.022949 0.185596
48.065063 0.188366
48.766602 0.191136
48.916870 0.193906
50.721680 0.196676
51.062988 0.199446
53.152344 0.202216
55.796875 0.204986
57.804932 0.207756
57.998047 0.210526
58.352417 0.213296
61.176392 0.216066
61.730225 0.218837
64.516968 0.221607
67.424805 0.224377
68.429443 0.227147
69.345581 0.229917
71.192871 0.232687
71.436523 0.235457
71.637756 0.238227
72.796326 0.240997
73.345703 0.243767
74.402466 0.246537
74.766968 0.249307
75.580566 0.252078
76.208252 0.254848
76.235840 0.257618
78.188721 0.260388
78.631348 0.263158
78.913452 0.265928
79.329285 0.268698
80.728149 0.271468
83.750610 0.274238
84.335632 0.277008
86.850830 0.279778
86.956421 0.282548
87.855957 0.285319
89.410645 0.288089
90.113770 0.290859
90.572266 0.293629
92.600464 0.296399
93.747925 0.299169
96.151489 0.301939
96.317749 0.304709
97.149902 0.307479
100.098633 0.310249
100.287598 0.313019
104.230530 0.315789
104.486816 0.31856
104.846802 0.32133
106.844971 0.3241
108.348999 0.32687
112.116699 0.32964
112.810791 0.33241
114.027222 0.33518
115.481323 0.33795
115.651367 0.34072
123.095581 0.34349
124.167725 0.34626
127.502319 0.34903
129.849609 0.351801
132.598267 0.354571
134.738892 0.357341
135.038391 0.360111
138.864136 0.362881
139.116089 0.365651
141.186157 0.368421
141.477417 0.371191
143.247681 0.373961
146.418823 0.376731
146.801636 0.379501
146.979736 0.382271
148.434204 0.385042
150.715576 0.387812
151.555542 0.390582
153.393311 0.393352
155.097656 0.396122
158.518555 0.398892
162.732483 0.401662
165.939453 0.404432
166.581299 0.407202
167.227295 0.409972
171.005859 0.412742
171.753540 0.415512
174.229492 0.418283
178.306152 0.421053
178.973633 0.423823
179.169434 0.426593
181.176636 0.429363
181.194824 0.432133
184.281677 0.434903
185.207886 0.437673
185.251343 0.440443
190.573242 0.443213
192.148193 0.445983
194.788696 0.448753
198.152588 0.451524
198.620605 0.454294
198.721375 0.457064
199.518311 0.459834
201.011963 0.462604
201.088379 0.465374
201.418213 0.468144
204.373413 0.470914
205.026855 0.473684
215.592041 0.476454
217.711670 0.479224
217.823242 0.481994
218.370850 0.484765
221.654053 0.487535
222.269897 0.490305
223.574585 0.493075
223.876587 0.495845
224.366455 0.498615
228.029419 0.501385
228.090332 0.504155
235.253174 0.506925
239.972656 0.509695
242.302246 0.512465
246.297485 0.515235
256.656372 0.518006
256.839600 0.520776
259.764771 0.523546
261.067505 0.526316
261.568970 0.529086
262.478149 0.531856
262.939941 0.534626
263.665833 0.537396
267.129395 0.540166
269.311768 0.542936
276.911621 0.545706
277.587646 0.548476
281.687866 0.551247
283.070557 0.554017
286.746460 0.556787
291.344360 0.559557
296.983276 0.562327
297.596680 0.565097
297.771118 0.567867
298.634277 0.570637
300.653198 0.573407
304.152588 0.576177
314.519043 0.578947
314.776367 0.581717
321.984131 0.584488
325.752197 0.587258
328.434204 0.590028
334.344604 0.592798
334.631714 0.595568
338.024048 0.598338
346.404785 0.601108
355.502563 0.603878
360.987183 0.606648
362.361816 0.609418
364.418335 0.612188
369.712402 0.614958
374.449951 0.617729
382.262451 0.620499
385.512085 0.623269
387.205200 0.626039
389.818115 0.628809
394.712036 0.631579
409.569946 0.634349
421.424927 0.637119
422.857666 0.639889
424.760498 0.642659
433.242188 0.645429
437.484863 0.648199
437.957031 0.65097
439.690918 0.65374
444.802734 0.65651
455.887817 0.65928
459.068848 0.66205
459.815735 0.66482
477.907715 0.66759
483.611694 0.67036
483.868164 0.67313
485.035645 0.6759
497.502563 0.67867
500.892822 0.68144
514.144287 0.684211
533.268799 0.686981
534.559326 0.689751
536.091309 0.692521
548.798218 0.695291
551.553101 0.698061
552.826660 0.700831
562.315674 0.703601
566.267822 0.706371
566.505920 0.709141
574.516846 0.711911
582.763184 0.714681
597.142578 0.717452
604.198364 0.720222
616.626709 0.722992
622.979126 0.725762
625.615601 0.728532
629.074585 0.731302
632.092285 0.734072
666.006104 0.736842
667.668213 0.739612
669.120361 0.742382
675.747559 0.745152
676.124512 0.747922
683.221069 0.750693
701.063354 0.753463
713.513428 0.756233
714.991089 0.759003
720.763672 0.761773
727.846680 0.764543
750.178833 0.767313
770.908447 0.770083
773.216309 0.772853
807.497070 0.775623
829.403564 0.778393
845.022949 0.781163
847.668457 0.783934
850.390625 0.786704
859.084473 0.789474
866.436279 0.792244
875.137329 0.795014
903.935547 0.797784
910.945312 0.800554
924.469238 0.803324
942.234985 0.806094
946.777344 0.808864
953.137695 0.811634
968.865967 0.814404
975.697021 0.817175
984.949341 0.819945
987.528564 0.822715
997.615479 0.825485
1004.720215 0.828255
1063.126221 0.831025
1095.432617 0.833795
1131.430054 0.836565
1150.194580 0.839335
1153.370728 0.842105
1159.419067 0.844875
1198.156982 0.847645
1200.518066 0.850416
1216.112549 0.853186
1255.137939 0.855956
1260.833008 0.858726
1261.941895 0.861496
1272.612305 0.864266
1296.546387 0.867036
1327.427002 0.869806
1346.495483 0.872576
1369.165039 0.875346
1423.912476 0.878116
1431.298828 0.880886
1444.815430 0.883657
1459.700439 0.886427
1506.350342 0.889197
1528.798340 0.891967
1543.651123 0.894737
1688.513916 0.897507
1746.530273 0.900277
1823.238281 0.903047
1873.674072 0.905817
1891.490601 0.908587
1968.464233 0.911357
2089.166504 0.914127
2091.657471 0.916898
2136.814209 0.919668
2151.688965 0.922438
2153.458984 0.925208
2187.385742 0.927978
2238.102539 0.930748
2272.391113 0.933518
2282.662109 0.936288
2327.313965 0.939058
2328.668945 0.941828
2331.065430 0.944598
2395.994629 0.947368
2447.640137 0.950139
2507.819824 0.952909
2527.610352 0.955679
2696.198486 0.958449
2699.661133 0.961219
2758.472656 0.963989
2801.970947 0.966759
2814.729492 0.969529
2872.131836 0.972299
2989.148926 0.975069
3144.113525 0.977839
3629.226562 0.980609
3993.144043 0.98338
3997.728760 0.98615
4055.822266 0.98892
4564.517578 0.99169
4715.753906 0.99446
6217.421875 0.99723
6514.591309 1
