 0.00277008
0.0943935 0.00554017
0.136682 0.00831025
0.189169 0.0110803
0.320109 0.0138504
0.454265 0.0166205
0.467018 0.0193906
0.56479 0.0221607
0.622675 0.0249307
0.733821 0.0277008
0.843386 0.0304709
0.922702 0.033241
1.54454 0.0360111
1.57539 0.0387812
1.63748 0.0415512
1.99592 0.0443213
2.06775 0.0470914
2.0897 0.0498615
2.17301 0.0526316
2.25406 0.0554017
2.59526 0.0581717
2.73758 0.0609418
2.74012 0.0637119
2.76067 0.066482
2.90935 0.0692521
2.9764 0.0720222
2.99531 0.0747922
3.00566 0.0775623
3.15943 0.0803324
3.17566 0.0831025
3.30437 0.0858726
3.47235 0.0886427
3.59675 0.0914127
3.6062 0.0941828
3.80846 0.0969529
3.81234 0.099723
4.145 0.102493
4.24746 0.105263
4.24823 0.108033
4.26545 0.110803
4.35498 0.113573
4.38791 0.116343
4.57465 0.119114
4.71673 0.121884
4.82822 0.124654
4.85108 0.127424
4.92803 0.130194
5.00562 0.132964
5.06298 0.135734
5.1064 0.138504
5.30873 0.141274
5.36533 0.144044
5.39679 0.146814
5.50705 0.149584
5.76681 0.152355
5.93157 0.155125
5.95543 0.157895
6.16045 0.160665
6.17846 0.163435
6.25207 0.166205
6.46406 0.168975
6.61739 0.171745
6.63721 0.174515
6.64168 0.177285
6.71534 0.180055
6.79218 0.182825
6.89874 0.185596
7.14495 0.188366
7.16316 0.191136
7.26332 0.193906
7.4456 0.196676
7.68709 0.199446
7.82716 0.202216
7.83679 0.204986
7.88991 0.207756
8.02162 0.210526
8.10694 0.213296
8.15787 0.216066
8.2218 0.218837
8.23186 0.221607
8.23996 0.224377
8.31077 0.227147
8.35477 0.229917
8.54771 0.232687
8.79495 0.235457
8.79756 0.238227
8.80243 0.240997
8.85038 0.243767
8.86241 0.246537
9.60786 0.249307
9.67231 0.252078
9.72349 0.254848
9.78722 0.257618
9.96732 0.260388
10.0974 0.263158
10.2028 0.265928
10.3811 0.268698
10.4404 0.271468
10.5234 0.274238
10.5386 0.277008
10.5451 0.279778
10.5827 0.282548
10.6677 0.285319
10.9204 0.288089
10.9479 0.290859
11.0469 0.293629
11.1319 0.296399
11.1707 0.299169
11.3028 0.301939
11.3889 0.304709
11.4375 0.307479
11.6319 0.310249
11.6513 0.313019
11.7805 0.315789
11.8835 0.31856
11.9369 0.32133
11.9854 0.3241
11.989 0.32687
12.0061 0.32964
12.0272 0.33241
12.0549 0.33518
12.0641 0.33795
12.1586 0.34072
12.1983 0.34349
12.2873 0.34626
12.3168 0.34903
12.8915 0.351801
13.0608 0.354571
13.7029 0.357341
13.8052 0.360111
13.9732 0.362881
13.9896 0.365651
14.118 0.368421
14.1308 0.371191
14.2009 0.373961
14.2832 0.376731
14.3656 0.379501
14.4496 0.382271
14.4702 0.385042
14.4742 0.387812
14.6342 0.390582
14.6356 0.393352
14.6394 0.396122
14.8511 0.398892
14.8788 0.401662
15.0146 0.404432
15.1427 0.407202
15.1566 0.409972
15.3527 0.412742
15.5667 0.415512
15.5992 0.418283
15.6821 0.421053
15.7101 0.423823
15.9219 0.426593
16.0352 0.429363
16.1234 0.432133
16.1444 0.434903
16.1616 0.437673
16.9164 0.440443
16.9953 0.443213
17.5556 0.445983
17.9853 0.448753
17.9864 0.451524
18.0155 0.454294
18.1345 0.457064
18.4422 0.459834
18.7014 0.462604
18.8266 0.465374
18.8857 0.468144
18.9612 0.470914
19.6148 0.473684
19.6615 0.476454
19.8131 0.479224
20.0639 0.481994
20.1571 0.484765
20.2212 0.487535
20.2548 0.490305
20.5244 0.493075
20.6375 0.495845
20.9532 0.498615
21.2016 0.501385
21.6852 0.504155
21.7081 0.506925
22.0894 0.509695
22.1019 0.512465
22.2948 0.515235
22.5992 0.518006
22.6805 0.520776
23.0587 0.523546
23.1722 0.526316
23.8362 0.529086
23.9897 0.531856
24.2094 0.534626
24.392 0.537396
24.4513 0.540166
24.6457 0.542936
25.0516 0.545706
25.0938 0.548476
25.1438 0.551247
25.2266 0.554017
25.3044 0.556787
25.3407 0.559557
25.9324 0.562327
26.2331 0.565097
26.5437 0.567867
27.104 0.570637
27.2483 0.573407
27.8395 0.576177
29.7289 0.578947
29.8425 0.581717
30.333 0.584488
31.1528 0.587258
31.4674 0.590028
31.4864 0.592798
31.5374 0.595568
31.5469 0.598338
31.6758 0.601108
32.1881 0.603878
32.2203 0.606648
32.2913 0.609418
32.4705 0.612188
32.7571 0.614958
33.2337 0.617729
33.923 0.620499
33.9253 0.623269
34.2713 0.626039
34.539 0.628809
34.6726 0.631579
34.9022 0.634349
35.0967 0.637119
35.1568 0.639889
35.7668 0.642659
36.0836 0.645429
36.425 0.648199
36.8323 0.65097
36.8843 0.65374
37.1499 0.65651
37.2467 0.65928
37.5658 0.66205
37.7244 0.66482
39.5491 0.66759
39.8643 0.67036
40.1604 0.67313
40.1791 0.6759
40.4082 0.67867
41.1065 0.68144
41.4544 0.684211
41.6805 0.686981
42.279 0.689751
42.6301 0.692521
43.5267 0.695291
43.5348 0.698061
45.3948 0.700831
46.0517 0.703601
46.4203 0.706371
46.5839 0.709141
47.0235 0.711911
48.6855 0.714681
48.8153 0.717452
49.207 0.720222
50.8494 0.722992
51.3886 0.725762
51.6188 0.728532
52.7231 0.731302
52.8711 0.734072
53.4187 0.736842
56.0513 0.739612
57.9339 0.742382
59.3709 0.745152
60.8097 0.747922
61.349 0.750693
61.852 0.753463
62.3664 0.756233
64.1877 0.759003
65.3164 0.761773
66.6123 0.764543
66.9579 0.767313
66.9953 0.770083
67.0692 0.772853
68.4538 0.775623
68.7669 0.778393
69.0848 0.781163
69.2168 0.783934
70.3331 0.786704
70.6543 0.789474
70.8039 0.792244
72.8495 0.795014
73.265 0.797784
73.2999 0.800554
75.0413 0.803324
77.0604 0.806094
77.1642 0.808864
77.6105 0.811634
77.9853 0.814404
78.4718 0.817175
78.5918 0.819945
80.9115 0.822715
82.6165 0.825485
83.5556 0.828255
83.6514 0.831025
84.9196 0.833795
85.7213 0.836565
86.6697 0.839335
88.0506 0.842105
90.1437 0.844875
92.2364 0.847645
93.6866 0.850416
95.655 0.853186
96.6459 0.855956
97.7136 0.858726
97.9813 0.861496
98.1156 0.864266
98.811 0.867036
98.895 0.869806
98.9821 0.872576
102.072 0.875346
102.111 0.878116
104.069 0.880886
105.455 0.883657
105.648 0.886427
106.504 0.889197
106.999 0.891967
109.984 0.894737
110.474 0.897507
110.715 0.900277
113.85 0.903047
114.194 0.905817
116.012 0.908587
116.882 0.911357
117.318 0.914127
118.352 0.916898
119.634 0.919668
120.523 0.922438
122.393 0.925208
123.022 0.927978
127.133 0.930748
129.122 0.933518
129.544 0.936288
129.666 0.939058
129.724 0.941828
130.542 0.944598
132.12 0.947368
137.411 0.950139
139.317 0.952909
143.793 0.955679
144.322 0.958449
144.798 0.961219
145.303 0.963989
147.593 0.966759
151.46 0.969529
151.666 0.972299
157.116 0.975069
157.676 0.977839
159.731 0.980609
161.537 0.98338
163.227 0.98615
173.272 0.98892
178.012 0.99169
182.227 0.99446
185.443 0.99723
195.051 1
