.01090071 0.00277008
.02045377 0.00554017
.05287264 0.00831025
.12978075 0.0110803
.14040431 0.0138504
.14458723 0.0166205
.190 0.0193906
.19188795 0.0221607
.223 0.0249307
.27664269 0.0277008
.29803925 0.0304709
.30435475 0.033241
.3277 0.0360111
.35501194 0.0387812
.362 0.0415512
.36464907 0.0443213
.37016617 0.0470914
.38877049 0.0498615
.397 0.0526316
.40387561 0.0554017
.42099658 0.0581717
.44413622 0.0609418
.473288134 0.0637119
.50203493 0.066482
.54373628 0.0692521
.56650691 0.0720222
.583 0.0747922
.58627454 0.0775623
.59571200 0.0803324
.66636070 0.0831025
.68605311 0.0858726
.73351402 0.0886427
.77266787 0.0914127
.80796903 0.0941828
.81478299 0.0969529
.83275129 0.099723
.85083699 0.102493
.87756602 0.105263
.92118220 0.108033
.941886615 0.110803
.98228697 0.113573
1.03496330 0.116343
1.11832833 0.119114
1.11898443 0.121884
1.12669779 0.124654
1.13007718 0.127424
1.15164328 0.130194
1.16656109 0.132964
1.16673030 0.135734
1.23301543 0.138504
1.24043551 0.141274
1.242 0.144044
1.24914595 0.146814
1.27491777 0.149584
1.29001652 0.152355
1.30210310 0.155125
1.36607003 0.157895
1.37307889 0.160665
1.41580430 0.163435
1.42660717 0.166205
1.43259069 0.168975
1.45287427 0.171745
1.46012630 0.174515
1.49249124 0.177285
1.49681750 0.180055
1.49757008 0.182825
1.51258216 0.185596
1.56001590 0.188366
1.57032692 0.191136
1.58485434 0.193906
1.62333394 0.196676
1.69187775 0.199446
1.710302838 0.202216
1.73986253 0.204986
1.74416796 0.207756
1.82079721 0.210526
1.82611717 0.213296
1.90769488 0.216066
1.97256734 0.218837
1.97639393 0.221607
1.98256653 0.224377
2.00640391 0.227147
2.01178257 0.229917
2.04457201 0.232687
2.05305001 0.235457
2.05458904 0.238227
2.07628923 0.240997
2.14468400 0.243767
2.15102034 0.246537
2.16087198 0.249307
2.25043409 0.252078
2.25847753 0.254848
2.37238835 0.257618
2.38100759 0.260388
2.38750820 0.263158
2.42035936 0.265928
2.42763667 0.268698
2.53912231 0.271468
2.54517267 0.274238
2.60132705 0.277008
2.61842049 0.279778
2.62657933 0.282548
2.77911804 0.285319
2.85051960 0.288089
2.88564804 0.290859
2.91106345 0.293629
2.97460211 0.296399
2.9813 0.299169
2.98898052 0.301939
2.99807701 0.304709
3.05363340 0.307479
3.07349114 0.310249
3.10001198 0.313019
3.11408191 0.315789
3.13179132 0.31856
3.13628598 0.32133
3.17632008 0.3241
3.21563749 0.32687
3.24338867 0.32964
3.33654762 0.33241
3.41329887 0.33518
3.45907317 0.33795
3.462003528 0.34072
3.46223921 0.34349
3.51903007 0.34626
3.51919018 0.34903
3.52269392 0.351801
3.63602184 0.354571
3.764 0.357341
3.80017378 0.360111
3.9427 0.362881
3.98299484 0.365651
3.99287866 0.368421
4.04922154 0.371191
4.05829079 0.373961
4.07210270 0.376731
4.21096685 0.379501
4.28125232 0.382271
4.38734213 0.385042
4.39310653 0.387812
4.52936360 0.390582
4.56729515 0.393352
4.57395877 0.396122
4.57460146 0.398892
4.58050785 0.401662
4.58086983 0.404432
4.61320108 0.407202
4.68117467 0.409972
4.73021094 0.412742
4.83059813 0.415512
4.95894069 0.418283
4.98821258 0.421053
5.00271788 0.423823
5.10216508 0.426593
5.170 0.429363
5.18497603 0.432133
5.246 0.434903
5.28487639 0.437673
5.29273313 0.440443
5.34307663 0.443213
5.53366360 0.445983
5.60182332 0.448753
5.63464722 0.451524
5.68902479 0.454294
5.93370758 0.457064
6.0353 0.459834
6.06021529 0.462604
6.08945766 0.465374
6.09455608 0.468144
6.10083085 0.470914
6.12283467 0.473684
6.16850762 0.476454
6.17238759 0.479224
6.18737718 0.481994
6.23849524 0.484765
6.34509611 0.487535
6.526 0.490305
6.66679088 0.493075
6.90570861 0.495845
6.99305800 0.498615
7.02469667 0.501385
7.0703 0.504155
7.07196609 0.506925
7.13630709 0.509695
7.23110866 0.512465
7.26527991 0.515235
7.329 0.518006
7.33666920 0.520776
7.394 0.523546
7.4167 0.526316
7.4457 0.529086
7.51560397 0.531856
7.59509862 0.534626
7.76253687 0.537396
8.041734723 0.540166
8.13258667 0.542936
8.17121816 0.545706
8.63658071 0.548476
8.71667720 0.551247
8.770 0.554017
8.93368600 0.556787
8.955 0.559557
9.248 0.562327
9.34732209 0.565097
9.60439068 0.567867
9.85902700 0.570637
9.89817257 0.573407
9.90824832 0.576177
9.93788934 0.578947
9.94670795 0.581717
10.06292338 0.584488
10.20025501 0.587258
10.37280723 0.590028
10.3893 0.592798
10.46041030 0.595568
10.554 0.598338
10.6647 0.601108
10.79244713 0.603878
10.82418263 0.606648
10.89252705 0.609418
10.8963 0.612188
10.92579473 0.614958
11.00940561 0.617729
11.216 0.620499
11.5213 0.623269
11.57629690 0.626039
11.74742384 0.628809
11.99166472 0.631579
12.189 0.634349
12.78451994 0.637119
12.88290928 0.639889
13.019 0.642659
13.25481610 0.645429
13.72146395 0.648199
13.874 0.65097
14.344 0.65374
14.47180900 0.65651
14.6313 0.65928
14.75389510 0.66205
14.8577 0.66482
15.02476920 0.66759
15.74668745 0.67036
15.812 0.67313
15.9033 0.6759
16.07037232 0.67867
16.83149849 0.68144
16.97192040 0.684211
17.2517 0.686981
17.69289180 0.689751
17.6993 0.692521
18.1033 0.695291
18.404 0.698061
18.650 0.700831
18.9373 0.703601
19.652 0.706371
20.127 0.709141
20.2723 0.711911
20.50600900 0.714681
20.7893 0.717452
20.884 0.720222
21.52997144 0.722992
21.5893 0.725762
21.70822521 0.728532
21.88893804 0.731302
22.019 0.734072
22.04234333 0.736842
22.27462658 0.739612
22.35671505 0.742382
22.43265798 0.745152
22.6073 0.747922
22.79359885 0.750693
23.76486618 0.753463
24.21743458 0.756233
24.33806288 0.759003
24.905 0.761773
25.1043 0.764543
25.9117 0.767313
25.96400431 0.770083
26.25959060 0.772853
26.42612938 0.775623
27.648237908 0.778393
27.998 0.781163
28.38409583 0.783934
28.55227280 0.786704
28.61301155 0.789474
28.918 0.792244
30.32369399 0.795014
31.30303348 0.797784
33.398 0.800554
33.6027 0.803324
34.3863 0.806094
34.73496490 0.808864
35.08511556 0.811634
35.29332826 0.814404
35.330 0.817175
36.635 0.819945
36.9327 0.822715
37.16576238 0.825485
37.6197 0.828255
38.15486903 0.831025
38.87349881 0.833795
40.784 0.836565
42.066 0.839335
42.1473 0.842105
45.2633 0.844875
45.26601331 0.847645
46.14688740 0.850416
46.166 0.853186
46.3783 0.855956
47.7603 0.858726
48.536 0.861496
49.2197 0.864266
50.98829717 0.867036
52.7833 0.869806
53.504 0.872576
57.05710680 0.875346
58.7407 0.878116
58.842 0.880886
60.8937 0.883657
60.9797 0.886427
66.0823 0.889197
67.4727 0.891967
70.6633 0.894737
71.204 0.897507
73.62232216 0.900277
74.5747 0.903047
78.2263 0.905817
78.294 0.908587
78.691 0.911357
79.4183 0.914127
81.951 0.916898
86.5867 0.919668
87.16610269 0.922438
87.95854168 0.925208
97.8267 0.927978
100.817 0.930748
102.597 0.933518
106.1843 0.936288
113.24102604 0.939058
113.884 0.941828
114.161 0.944598
114.485 0.947368
114.795 0.950139
123.788 0.952909
124.532 0.955679
125.713 0.958449
143.202 0.961219
144.186 0.963989
145.702 0.966759
148.8463 0.969529
150.8727 0.972299
151.2357 0.975069
152.0473 0.977839
152.6703 0.980609
159.690 0.98338
162.475 0.98615
182.198 0.98892
203.488 0.99169
208.179 0.99446
226.172 0.99723
230.460 1
