0.0249444 0.00277008
0.0387507 0.00554017
0.0823292 0.00831025
0.102177 0.0110803
0.1281 0.0138504
0.134583 0.0166205
0.148032 0.0193906
0.184224 0.0221607
0.272345 0.0249307
0.288296 0.0277008
0.288512 0.0304709
0.315174 0.033241
0.373765 0.0360111
0.407713 0.0387812
0.414395 0.0415512
0.466172 0.0443213
0.470294 0.0470914
0.481414 0.0498615
0.537813 0.0526316
0.545714 0.0554017
0.571866 0.0581717
0.601804 0.0609418
0.604571 0.0637119
0.650245 0.066482
0.682503 0.0692521
0.745457 0.0720222
0.815176 0.0747922
0.866034 0.0775623
0.874813 0.0803324
0.875433 0.0831025
0.898233 0.0858726
0.922774 0.0886427
0.929452 0.0914127
0.939366 0.0941828
0.987528 0.0969529
1.06071 0.099723
1.06577 0.102493
1.09479 0.105263
1.11832 0.108033
1.12523 0.110803
1.13727 0.113573
1.14848 0.116343
1.18658 0.119114
1.19287 0.121884
1.21299 0.124654
1.3129 0.127424
1.31386 0.130194
1.31603 0.132964
1.34342 0.135734
1.38774 0.138504
1.42555 0.141274
1.43692 0.144044
1.44187 0.146814
1.44579 0.149584
1.46027 0.152355
1.49615 0.155125
1.49767 0.157895
1.52013 0.160665
1.56275 0.163435
1.57413 0.166205
1.57584 0.168975
1.57946 0.171745
1.58909 0.174515
1.5991 0.177285
1.61241 0.180055
1.6812 0.182825
1.70008 0.185596
1.70672 0.188366
1.76019 0.191136
1.78151 0.193906
1.80096 0.196676
1.88752 0.199446
1.9 0.202216
1.94824 0.204986
1.96336 0.207756
1.99716 0.210526
2.01001 0.213296
2.01538 0.216066
2.03179 0.218837
2.04193 0.221607
2.05103 0.224377
2.06195 0.227147
2.12758 0.229917
2.17452 0.232687
2.1784 0.235457
2.25984 0.238227
2.31703 0.240997
2.43439 0.243767
2.45123 0.246537
2.46738 0.249307
2.46767 0.252078
2.47845 0.254848
2.56295 0.257618
2.57488 0.260388
2.58414 0.263158
2.79923 0.265928
2.83396 0.268698
2.88775 0.271468
2.94128 0.274238
2.9562 0.277008
2.96776 0.279778
2.97197 0.282548
3.01669 0.285319
3.06014 0.288089
3.07004 0.290859
3.11564 0.293629
3.16466 0.296399
3.17153 0.299169
3.19896 0.301939
3.20367 0.304709
3.25431 0.307479
3.26991 0.310249
3.35931 0.313019
3.3932 0.315789
3.42912 0.31856
3.45586 0.32133
3.46385 0.3241
3.52311 0.32687
3.5682 0.32964
3.65733 0.33241
3.82408 0.33518
3.94504 0.33795
3.95118 0.34072
4.00197 0.34349
4.00716 0.34626
4.01537 0.34903
4.35242 0.351801
4.3778 0.354571
4.38821 0.357341
4.41206 0.360111
4.46866 0.362881
4.5097 0.365651
4.51036 0.368421
4.59051 0.371191
4.61637 0.373961
4.61896 0.376731
4.64524 0.379501
4.7035 0.382271
4.71104 0.385042
4.74715 0.387812
4.8795 0.390582
4.97629 0.393352
5.08882 0.396122
5.22681 0.398892
5.23636 0.401662
5.26413 0.404432
5.3088 0.407202
5.37307 0.409972
5.41944 0.412742
5.48146 0.415512
5.54791 0.418283
5.66306 0.421053
5.77738 0.423823
5.89109 0.426593
5.9084 0.429363
5.91821 0.432133
5.95085 0.434903
6.0404 0.437673
6.05859 0.440443
6.0762 0.443213
6.0944 0.445983
6.12667 0.448753
6.17059 0.451524
6.21363 0.454294
6.22499 0.457064
6.5713 0.459834
6.58635 0.462604
6.78888 0.465374
7.00136 0.468144
7.0287 0.470914
7.07462 0.473684
7.09963 0.476454
7.18598 0.479224
7.30157 0.481994
7.38615 0.484765
7.39368 0.487535
7.54362 0.490305
7.69957 0.493075
7.77003 0.495845
7.97698 0.498615
8.02078 0.501385
8.05329 0.504155
8.132 0.506925
8.64533 0.509695
8.75693 0.512465
8.80228 0.515235
9.31252 0.518006
9.60662 0.520776
9.88341 0.523546
9.90413 0.526316
9.95142 0.529086
9.98635 0.531856
10.0783 0.534626
10.0975 0.537396
10.2017 0.540166
10.2271 0.542936
10.3929 0.545706
10.4066 0.548476
10.5267 0.551247
10.833 0.554017
10.8683 0.556787
10.9386 0.559557
10.9786 0.562327
11.1058 0.565097
11.5178 0.567867
11.7537 0.570637
11.9599 0.573407
12.1105 0.576177
12.4604 0.578947
12.7068 0.581717
12.7483 0.584488
13.2971 0.587258
13.7677 0.590028
13.7881 0.592798
14.4181 0.595568
14.7662 0.598338
15.0275 0.601108
15.1004 0.603878
15.3658 0.606648
15.728 0.609418
16.2573 0.612188
16.3343 0.614958
16.8334 0.617729
16.8828 0.620499
16.9534 0.623269
17.0769 0.626039
17.3354 0.628809
17.4469 0.631579
17.5771 0.634349
20.4797 0.637119
20.5827 0.639889
21.1738 0.642659
21.6734 0.645429
21.7578 0.648199
21.9185 0.65097
21.9289 0.65374
21.9448 0.65651
21.9966 0.65928
22.0198 0.66205
22.2514 0.66482
22.5549 0.66759
22.5988 0.67036
22.6131 0.67313
22.813 0.6759
23.0669 0.67867
23.797 0.68144
23.9701 0.684211
24.0453 0.686981
25.9985 0.689751
26.2691 0.692521
26.3166 0.695291
26.3478 0.698061
27.6537 0.700831
28.1542 0.703601
28.5563 0.706371
28.6119 0.709141
28.6815 0.711911
29.417 0.714681
29.6963 0.717452
30.415 0.720222
30.6213 0.722992
30.9725 0.725762
31.1533 0.728532
31.2385 0.731302
31.3358 0.734072
31.7725 0.736842
32.4672 0.739612
32.857 0.742382
33.5422 0.745152
33.7489 0.747922
33.9501 0.750693
34.6792 0.753463
34.9449 0.756233
35.4961 0.759003
36.0417 0.761773
36.2465 0.764543
36.6195 0.767313
37.1437 0.770083
37.2578 0.772853
37.8436 0.775623
38.0642 0.778393
39.2029 0.781163
40.6339 0.783934
40.8012 0.786704
41.3357 0.789474
41.45 0.792244
41.8659 0.795014
42.0783 0.797784
43.2725 0.800554
44.3608 0.803324
45.1534 0.806094
45.8139 0.808864
45.9351 0.811634
47.0786 0.814404
47.5188 0.817175
48.7766 0.819945
50.3331 0.822715
50.7759 0.825485
52.3472 0.828255
53.1357 0.831025
53.1461 0.833795
57.0665 0.836565
57.1051 0.839335
57.3072 0.842105
57.6178 0.844875
60.6849 0.847645
65.6097 0.850416
66.7352 0.853186
67.4316 0.855956
67.5014 0.858726
71.0972 0.861496
72.7518 0.864266
73.1034 0.867036
74.6183 0.869806
74.6351 0.872576
75.8294 0.875346
77.1096 0.878116
78.2758 0.880886
79.5072 0.883657
80.0109 0.886427
85.6581 0.889197
86.9664 0.891967
87.8393 0.894737
88.0006 0.897507
96.9306 0.900277
98.4959 0.903047
99.2152 0.905817
100.191 0.908587
100.397 0.911357
106.817 0.914127
108.377 0.916898
113.648 0.919668
116.743 0.922438
119.64 0.925208
129.539 0.927978
130.105 0.930748
132.934 0.933518
142.418 0.936288
145.091 0.939058
147.804 0.941828
151.555 0.944598
163.314 0.947368
165.504 0.950139
179.02 0.952909
180.514 0.955679
189.978 0.958449
190.07 0.961219
191.835 0.963989
201.076 0.966759
202.071 0.969529
202.704 0.972299
203.631 0.975069
224.988 0.977839
229.551 0.980609
233.059 0.98338
234.69 0.98615
241.582 0.98892
305.069 0.99169
320.863 0.99446
331.049 0.99723
351.474 1
