.0143 0.00277008
.0193 0.00554017
.0233 0.00831025
.055 0.0110803
.1743 0.0138504
.176 0.0166205
.1773 0.0193906
.190 0.0221607
.196 0.0249307
.1973 0.0277008
.2017 0.0304709
.2163 0.033241
.218 0.0360111
.223 0.0387812
.286 0.0415512
.29867 0.0443213
.3277 0.0470914
.362 0.0498615
.372 0.0526316
.3803 0.0554017
.397 0.0581717
.40633 0.0609418
.431 0.0637119
.46067 0.066482
.4737 0.0692521
.4873 0.0720222
.490 0.0747922
.500 0.0775623
.508 0.0803324
.527 0.0831025
.5497 0.0858726
.553 0.0886427
.5703 0.0914127
.5737 0.0941828
.583 0.0969529
.6157 0.099723
.6417 0.102493
.6913 0.105263
.712 0.108033
.7393 0.110803
.770 0.113573
.8273 0.116343
.8533 0.119114
.8667 0.121884
.873 0.124654
.9023 0.127424
.9253 0.130194
.9347 0.132964
.954 0.135734
.96933 0.138504
1.027 0.141274
1.0597 0.144044
1.080 0.146814
1.1043 0.149584
1.124 0.152355
1.139 0.155125
1.1643 0.157895
1.2277 0.160665
1.2327 0.163435
1.242 0.166205
1.2447 0.168975
1.278 0.171745
1.2873 0.174515
1.3367 0.177285
1.3433 0.180055
1.3447 0.182825
1.3977 0.185596
1.399 0.188366
1.4483 0.191136
1.466 0.193906
1.484 0.196676
1.4923 0.199446
1.5213 0.202216
1.5323 0.204986
1.534 0.207756
1.5687 0.210526
1.5883 0.213296
1.6033 0.216066
1.6067 0.218837
1.615 0.221607
1.6637 0.224377
1.7013 0.227147
1.719 0.229917
1.737 0.232687
1.758 0.235457
1.7943 0.238227
1.807 0.240997
1.880 0.243767
1.8807 0.246537
1.940 0.249307
1.987 0.252078
2.017 0.254848
2.0747 0.257618
2.098 0.260388
2.2013 0.263158
2.205 0.265928
2.267 0.268698
2.309 0.271468
2.3227 0.274238
2.404 0.277008
2.4203 0.279778
2.4453 0.282548
2.513 0.285319
2.538 0.288089
2.5383 0.290859
2.539 0.293629
2.5427 0.296399
2.5443 0.299169
2.6083 0.301939
2.7747 0.304709
2.8243 0.307479
2.8613 0.310249
2.8647 0.313019
2.879 0.315789
2.920 0.31856
2.9473 0.32133
2.9813 0.3241
3.012 0.32687
3.0413 0.32964
3.115 0.33241
3.1577 0.33518
3.2003 0.33795
3.2487 0.34072
3.3477 0.34349
3.382 0.34626
3.493 0.34903
3.495 0.351801
3.5307 0.354571
3.6123 0.357341
3.662 0.360111
3.6947 0.362881
3.7317 0.365651
3.764 0.368421
3.8263 0.371191
3.8487 0.373961
3.853 0.376731
3.898 0.379501
3.9427 0.382271
4.PETpre 0.761773
4.013 0.385042
4.0137 0.387812
4.0317 0.390582
4.1947 0.393352
4.326 0.396122
4.3403 0.398892
4.4133 0.401662
4.446 0.404432
4.451 0.407202
4.4653 0.409972
4.569 0.412742
4.704 0.415512
4.735 0.418283
4.7967 0.421053
4.922 0.423823
4.9277 0.426593
5.0853 0.432133
5.1357 0.434903
5.170 0.437673
5.246 0.440443
5.2503 0.443213
5.400 0.445983
5.4457 0.448753
5.640 0.451524
5.6437 0.454294
5.698 0.457064
5.8047 0.459834
5.8243 0.462604
5.842 0.465374
6.0353 0.468144
6.2257 0.470914
6.2683 0.473684
6.4207 0.476454
6.510 0.479224
6.526 0.481994
7.029 0.484765
7.0527 0.487535
7.0703 0.490305
7.1297 0.493075
7.143 0.495845
7.329 0.498615
7.394 0.501385
7.4167 0.504155
7.4457 0.506925
7.5597 0.509695
7.8057 0.512465
7.835 0.515235
7.864 0.518006
7.8797 0.520776
8.0567 0.523546
8.0843 0.526316
8.1583 0.529086
8.2937 0.531856
8.565 0.534626
8.770 0.537396
8.955 0.540166
9.248 0.542936
9.2613 0.545706
9.903 0.548476
9.9783 0.551247
9.9957 0.554017
10.1267 0.554017
10.1843 0.556787
10.2283 0.559557
10.283 0.562327
10.3893 0.565097
10.554 0.567867
10.5703 0.570637
10.6103 0.573407
10.6273 0.576177
10.6647 0.578947
10.6883 0.581717
10.7207 0.584488
10.8963 0.587258
11.0397 0.590028
11.115 0.592798
11.168 0.595568
11.216 0.598338
11.5213 0.601108
11.9387 0.603878
12.189 0.606648
12.3723 0.609418
12.4533 0.612188
12.884 0.614958
13.019 0.617729
13.3683 0.620499
13.3923 0.623269
13.874 0.626039
13.9133 0.628809
14.344 0.631579
14.6313 0.634349
14.7873 0.637119
14.8577 0.639889
15.331 0.642659
15.3493 0.645429
15.5843 0.648199
15.812 0.65097
15.9033 0.65374
16.4273 0.65651
16.5063 0.65928
16.814 0.66205
16.876 0.66482
17.2517 0.66759
17.6497 0.67036
17.6993 0.67313
17.7053 0.6759
17.739 0.67867
18.1033 0.68144
18.3293 0.684211
18.404 0.686981
18.650 0.689751
18.9373 0.692521
19.652 0.695291
20.2723 0.698061
20.7893 0.700831
20.884 0.703601
21.5893 0.706371
21.6467 0.709141
21.7003 0.711911
21.7787 0.714681
22.0073 0.717452
22.019 0.720222
22.3883 0.722992
22.445 0.725762
22.6073 0.728532
23.946 0.731302
24.0477 0.734072
24.905 0.736842
25.1043 0.739612
25.9117 0.742382
26.5027 0.745152
26.819 0.747922
26.839 0.750693
27.699 0.753463
27.998 0.756233
28.7183 0.759003
28.737 0.761773
28.918 0.764543
29.7033 0.767313
30.5943 0.770083
33.398 0.772853
33.6027 0.775623
34.073 0.778393
34.3863 0.781163
35.330 0.783934
35.4053 0.786704
35.5507 0.789474
35.6807 0.792244
35.7187 0.795014
35.7853 0.797784
36.635 0.800554
36.9327 0.803324
37.6197 0.806094
39.588 0.808864
40.784 0.814404
42.066 0.817175
42.1473 0.819945
45.2633 0.822715
45.4233 0.825485
46.166 0.828255
46.3783 0.831025
46.6997 0.833795
47.0953 0.836565
47.7603 0.839335
48.536 0.842105
49.2197 0.844875
49.7037 0.847645
51.3213 0.850416
52.7833 0.853186
53.504 0.855956
58.0193 0.858726
58.7407 0.861496
58.842 0.864266
60.8937 0.867036
60.9797 0.869806
61.847 0.872576
65.5387 0.875346
66.0823 0.878116
67.4727 0.880886
68.129 0.883657
70.097 0.886427
70.6633 0.889197
71.204 0.891967
74.5747 0.894737
78.2263 0.897507
78.294 0.900277
78.691 0.903047
79.4183 0.905817
79.880 0.908587
81.951 0.911357
86.096 0.914127
86.5867 0.916898
89.0143 0.919668
91.987 0.922438
97.8267 0.925208
100.817 0.925208
102.597 0.927978
106.1843 0.930748
113.884 0.933518
114.161 0.936288
114.248 0.939058
114.485 0.941828
114.795 0.944598
119.827 0.947368
123.788 0.950139
124.532 0.952909
125.713 0.955679
143.202 0.958449
144.186 0.961219
145.702 0.963989
148.8463 0.966759
150.8727 0.969529
151.2357 0.972299
152.0473 0.975069
152.6703 0.977839
159.690 0.980609
162.475 0.98338
182.198 0.98615
203.488 0.98892
208.179 0.99169
226.172 0.99446
230.460 0.99723
