0 0.00554017
0 0.00554017
.100 0.0138504
.100 0.0138504
.100 0.0138504
.300 0.0166205
.400 0.0221607
.400 0.0221607
.500 0.0304709
.500 0.0304709
.500 0.0304709
.600 0.033241
.700 0.0387812
.700 0.0387812
.900 0.0470914
.900 0.0470914
.900 0.0470914
1.000 0.0609418
1.000 0.0609418
1.000 0.0609418
1.000 0.0609418
1.000 0.0609418
1.300 0.0637119
1.400 0.066482
1.900 0.0692521
2.000 0.0747922
2.000 0.0747922
2.100 0.0775623
2.200 0.0803324
2.400 0.0831025
2.500 0.0858726
2.600 0.0886427
2.900 0.0941828
2.900 0.0941828
3.100 0.0969529
3.200 0.099723
3.300 0.102493
3.600 0.110803
3.600 0.110803
3.600 0.110803
3.800 0.113573
3.900 0.119114
3.900 0.119114
4.100 0.121884
4.400 0.124654
4.500 0.130194
4.500 0.130194
4.600 0.132964
4.700 0.135734
4.900 0.138504
5.000 0.141274
5.300 0.144044
5.400 0.146814
5.500 0.149584
5.600 0.157895
5.600 0.157895
5.600 0.157895
5.700 0.166205
5.700 0.166205
5.700 0.166205
5.900 0.168975
6.000 0.171745
6.100 0.174515
6.300 0.177285
6.400 0.182825
6.400 0.182825
6.600 0.185596
6.700 0.188366
6.800 0.193906
6.800 0.193906
7.100 0.196676
7.200 0.199446
7.500 0.202216
7.700 0.204986
7.800 0.207756
7.900 0.210526
8.000 0.218837
8.000 0.218837
8.000 0.218837
8.200 0.224377
8.200 0.224377
8.400 0.229917
8.400 0.229917
8.500 0.235457
8.500 0.235457
8.800 0.238227
9.000 0.240997
9.200 0.243767
9.300 0.249307
9.300 0.249307
9.400 0.252078
9.500 0.254848
9.600 0.257618
9.700 0.260388
9.800 0.263158
9.900 0.265928
10.000 0.268698
10.100 0.271468
10.300 0.277008
10.300 0.277008
10.400 0.279778
10.500 0.285319
10.500 0.285319
10.600 0.290859
10.600 0.290859
10.800 0.293629
10.900 0.296399
11.100 0.299169
11.200 0.301939
11.400 0.304709
11.600 0.307479
11.700 0.310249
11.900 0.313019
12.000 0.3241
12.000 0.3241
12.000 0.3241
12.000 0.3241
12.100 0.32687
12.200 0.33518
12.200 0.33518
12.200 0.33518
12.500 0.33795
12.600 0.34072
12.700 0.34349
12.900 0.34903
12.900 0.34903
13.000 0.351801
13.300 0.354571
13.500 0.357341
13.700 0.360111
13.800 0.368421
13.800 0.368421
13.800 0.368421
13.900 0.371191
14.100 0.376731
14.100 0.376731
14.400 0.379501
14.500 0.385042
14.500 0.385042
15.000 0.387812
15.300 0.390582
15.400 0.393352
15.600 0.396122
15.800 0.398892
16.000 0.401662
16.200 0.404432
16.300 0.409972
16.300 0.409972
16.400 0.412742
16.700 0.418283
16.700 0.418283
16.900 0.421053
17.100 0.423823
17.500 0.426593
18.000 0.432133
18.000 0.432133
18.100 0.434903
18.300 0.437673
18.800 0.440443
18.900 0.443213
19.000 0.448753
19.000 0.448753
19.100 0.454294
19.100 0.454294
19.200 0.459834
19.200 0.459834
19.400 0.462604
19.700 0.465374
20.200 0.470914
20.200 0.470914
20.300 0.476454
20.300 0.476454
20.700 0.479224
20.800 0.481994
21.000 0.484765
21.200 0.487535
21.300 0.490305
21.900 0.493075
22.100 0.495845
22.600 0.498615
22.700 0.501385
22.800 0.504155
22.900 0.506925
23.100 0.509695
23.400 0.512465
24.200 0.518006
24.200 0.518006
24.300 0.520776
24.600 0.523546
24.700 0.526316
24.800 0.529086
25.100 0.531856
25.200 0.534626
25.300 0.537396
25.800 0.540166
25.900 0.542936
26.300 0.545706
26.500 0.548476
27.300 0.551247
27.700 0.554017
28.300 0.559557
28.300 0.559557
28.900 0.562327
29.000 0.565097
29.800 0.567867
30.300 0.570637
30.500 0.573407
31.700 0.576177
32.100 0.578947
32.400 0.581717
32.600 0.584488
32.900 0.590028
32.900 0.590028
33.000 0.592798
33.100 0.595568
33.900 0.598338
34.000 0.601108
34.600 0.603878
35.200 0.606648
36.200 0.609418
36.500 0.612188
36.700 0.614958
36.800 0.620499
36.800 0.620499
36.900 0.623269
37.400 0.626039
37.600 0.628809
38.800 0.631579
39.100 0.634349
39.400 0.637119
39.600 0.639889
40.100 0.642659
40.300 0.645429
40.400 0.648199
40.500 0.65097
40.900 0.65374
41.700 0.65651
42.100 0.65928
42.300 0.66205
42.400 0.66482
42.500 0.66759
42.800 0.67036
42.900 0.67313
43.500 0.6759
43.600 0.67867
43.900 0.68144
45.200 0.684211
45.300 0.686981
45.600 0.689751
46.200 0.692521
46.900 0.695291
47.000 0.698061
48.400 0.700831
49.200 0.703601
51.400 0.706371
51.500 0.709141
51.600 0.711911
51.900 0.714681
53.400 0.717452
53.900 0.720222
54.300 0.722992
54.400 0.725762
56.300 0.728532
58.900 0.731302
60.600 0.734072
61.000 0.736842
61.600 0.739612
62.500 0.742382
62.900 0.745152
63.500 0.747922
66.800 0.750693
68.600 0.753463
68.800 0.756233
68.900 0.761773
68.900 0.761773
69.100 0.764543
71.500 0.767313
71.600 0.770083
72.700 0.772853
73.300 0.775623
73.600 0.778393
75.300 0.781163
75.400 0.783934
77.100 0.789474
77.100 0.789474
77.500 0.792244
78.300 0.795014
78.600 0.797784
79.200 0.800554
80.200 0.803324
81.500 0.806094
82.800 0.808864
86.300 0.811634
86.700 0.817175
86.700 0.817175
87.200 0.819945
89.200 0.822715
89.600 0.825485
91.500 0.828255
91.800 0.831025
92.000 0.833795
95.100 0.836565
96.700 0.839335
97.700 0.842105
98.200 0.844875
98.500 0.847645
99.000 0.850416
99.100 0.853186
101.400 0.855956
102.300 0.858726
102.700 0.861496
104.000 0.864266
104.300 0.867036
104.700 0.869806
105.500 0.872576
105.900 0.875346
106.900 0.878116
111.300 0.880886
113.100 0.883657
114.200 0.886427
116.300 0.889197
117.100 0.891967
119.100 0.894737
119.900 0.897507
120.700 0.900277
121.700 0.903047
123.100 0.905817
123.200 0.908587
124.400 0.911357
125.600 0.914127
129.100 0.916898
129.700 0.919668
131.800 0.922438
132.000 0.925208
132.300 0.927978
132.600 0.930748
132.800 0.933518
135.300 0.936288
135.800 0.939058
137.400 0.941828
139.600 0.944598
141.900 0.947368
145.200 0.950139
145.300 0.952909
145.600 0.955679
147.600 0.958449
150.800 0.961219
153.500 0.963989
154.300 0.966759
158.700 0.969529
159.000 0.972299
159.900 0.975069
162.200 0.977839
164.000 0.980609
166.700 0.98338
169.200 0.98615
175.100 0.98892
178.000 0.99169
182.700 0.99446
185.500 0.99723
195.000 1
