0.000903 0.00277008
0.001160 0.00554017
0.001306 0.00831025
0.002205 0.0110803
0.002495 0.0138504
0.003466 0.0166205
0.003876 0.0193906
0.004663 0.0221607
0.006679 0.0249307
0.007521 0.0277008
0.008341 0.0304709
0.008524 0.033241
0.008686 0.0360111
0.008721 0.0387812
0.009035 0.0415512
0.009411 0.0443213
0.009889 0.0470914
0.010666 0.0498615
0.011100 0.0526316
0.011158 0.0554017
0.011200 0.0581717
0.012343 0.0609418
0.012838 0.0637119
0.013311 0.066482
0.013600 0.0692521
0.013661 0.0720222
0.014245 0.0747922
0.015164 0.0775623
0.016392 0.0803324
0.016429 0.0831025
0.016854 0.0858726
0.018153 0.0886427
0.018646 0.0914127
0.018757 0.0941828
0.020727 0.0969529
0.021672 0.099723
0.022018 0.102493
0.022449 0.105263
0.022665 0.108033
0.023456 0.110803
0.024435 0.113573
0.024752 0.116343
0.025140 0.119114
0.025510 0.121884
0.025659 0.124654
0.025811 0.127424
0.026040 0.130194
0.026250 0.132964
0.026441 0.135734
0.026589 0.138504
0.026905 0.141274
0.027537 0.144044
0.028043 0.146814
0.028537 0.149584
0.028872 0.152355
0.028882 0.155125
0.029129 0.157895
0.029356 0.160665
0.030719 0.163435
0.031592 0.166205
0.031897 0.168975
0.032149 0.171745
0.032526 0.174515
0.032606 0.177285
0.032845 0.180055
0.033311 0.182825
0.033421 0.185596
0.034063 0.188366
0.034615 0.191136
0.034692 0.193906
0.034803 0.196676
0.034849 0.199446
0.036284 0.202216
0.039668 0.204986
0.041107 0.207756
0.043185 0.210526
0.043881 0.213296
0.045474 0.216066
0.048239 0.218837
0.049054 0.221607
0.054319 0.224377
0.057773 0.227147
0.058968 0.229917
0.060179 0.232687
0.063174 0.235457
0.065269 0.238227
0.069764 0.240997
0.071445 0.243767
0.072350 0.246537
0.073907 0.249307
0.074019 0.252078
0.079059 0.254848
0.083558 0.257618
0.084482 0.260388
0.089207 0.263158
0.090110 0.265928
0.090208 0.268698
0.092754 0.271468
0.095330 0.274238
0.104019 0.277008
0.109111 0.279778
0.109484 0.282548
0.124554 0.285319
0.128799 0.288089
0.136779 0.290859
0.143447 0.293629
0.148506 0.296399
0.151461 0.299169
0.164941 0.301939
0.174463 0.304709
0.181359 0.307479
0.189053 0.310249
0.190607 0.313019
0.198516 0.315789
0.199990 0.31856
0.202213 0.32133
0.202717 0.3241
0.209521 0.32687
0.211853 0.32964
0.212472 0.33241
0.218426 0.33518
0.220765 0.33795
0.233085 0.34072
0.243857 0.34349
0.260574 0.34626
0.269759 0.34903
0.272542 0.351801
0.279463 0.354571
0.284534 0.357341
0.285151 0.360111
0.288119 0.362881
0.288180 0.365651
0.289543 0.368421
0.289563 0.371191
0.295423 0.373961
0.296492 0.376731
0.300017 0.379501
0.301279 0.382271
0.312942 0.385042
0.314928 0.387812
0.317819 0.390582
0.321787 0.393352
0.325122 0.396122
0.333649 0.398892
0.339688 0.401662
0.346904 0.404432
0.347145 0.407202
0.368520 0.409972
0.371825 0.412742
0.372561 0.415512
0.375836 0.418283
0.386715 0.421053
0.387035 0.423823
0.391667 0.426593
0.395083 0.429363
0.402491 0.432133
0.403898 0.434903
0.405950 0.437673
0.408427 0.440443
0.429994 0.443213
0.436246 0.445983
0.452990 0.448753
0.457527 0.451524
0.462165 0.454294
0.470644 0.457064
0.474033 0.459834
0.491126 0.462604
0.497634 0.465374
0.500338 0.468144
0.502407 0.470914
0.508598 0.473684
0.509252 0.476454
0.511360 0.479224
0.513803 0.481994
0.516322 0.484765
0.518287 0.487535
0.519943 0.490305
0.527592 0.493075
0.533728 0.495845
0.556782 0.498615
0.566880 0.501385
0.577630 0.504155
0.580513 0.506925
0.581599 0.509695
0.584248 0.512465
0.586171 0.515235
0.587065 0.518006
0.596114 0.520776
0.601320 0.523546
0.605636 0.526316
0.614925 0.529086
0.619636 0.531856
0.620083 0.534626
0.659348 0.537396
0.661515 0.540166
0.664718 0.542936
0.665718 0.545706
0.670305 0.548476
0.672273 0.551247
0.686829 0.554017
0.698607 0.556787
0.699285 0.559557
0.700335 0.562327
0.703839 0.565097
0.704826 0.567867
0.717303 0.570637
0.731292 0.573407
0.755157 0.576177
0.762897 0.578947
0.763113 0.581717
0.787457 0.584488
0.788545 0.587258
0.789431 0.590028
0.795320 0.592798
0.799980 0.595568
0.801705 0.598338
0.817607 0.601108
0.823771 0.603878
0.845975 0.606648
0.847864 0.609418
0.856357 0.612188
0.876831 0.614958
0.879486 0.617729
0.881164 0.620499
0.888948 0.623269
0.890676 0.626039
0.905383 0.628809
0.920861 0.631579
0.953137 0.634349
0.960205 0.637119
1.016314 0.639889
1.028179 0.642659
1.039927 0.645429
1.050234 0.648199
1.060981 0.65097
1.070511 0.65374
1.080106 0.65651
1.096498 0.65928
1.106117 0.66205
1.110824 0.66482
1.141348 0.66759
1.146303 0.67036
1.196745 0.67313
1.230247 0.6759
1.253899 0.67867
1.268212 0.68144
1.277489 0.684211
1.278271 0.686981
1.304617 0.689751
1.408347 0.692521
1.418948 0.695291
1.432848 0.698061
1.449527 0.700831
1.467297 0.703601
1.468281 0.706371
1.499082 0.709141
1.540350 0.711911
1.561507 0.714681
1.588435 0.717452
1.649041 0.720222
1.659025 0.722992
1.674772 0.725762
1.682312 0.728532
1.701733 0.731302
1.705778 0.734072
1.716284 0.736842
1.816725 0.739612
1.823157 0.742382
1.871755 0.745152
1.961489 0.747922
1.980582 0.750693
2.007211 0.753463
2.014496 0.756233
2.072042 0.759003
2.076837 0.761773
2.200204 0.764543
2.264938 0.767313
2.359508 0.770083
2.445640 0.772853
2.536020 0.775623
2.657657 0.778393
2.660952 0.781163
2.665344 0.783934
2.682520 0.786704
2.733642 0.789474
2.916687 0.792244
3.101129 0.795014
3.119593 0.797784
3.159193 0.800554
3.336252 0.803324
3.592748 0.806094
3.602118 0.808864
3.768787 0.811634
3.772724 0.814404
4.042293 0.817175
4.226583 0.819945
4.442645 0.822715
5.509348 0.825485
5.521513 0.828255
5.561573 0.831025
6.020710 0.833795
7.244141 0.836565
7.384949 0.839335
7.789825 0.842105
8.112216 0.844875
8.447086 0.847645
8.461017 0.850416
9.165219 0.853186
11.309563 0.855956
13.502331 0.858726
15.200255 0.861496
17.974205 0.864266
21.959772 0.867036
23.755663 0.869806
23.976429 0.872576
24.211664 0.875346
25.239744 0.878116
25.930822 0.880886
27.323687 0.883657
31.364614 0.886427
32.920292 0.889197
37.291012 0.891967
37.846436 0.894737
38.838791 0.897507
38.915661 0.900277
39.126492 0.903047
55.095566 0.905817
65.976425 0.908587
67.135284 0.911357
75.135483 0.914127
76.994232 0.916898
81.814552 0.919668
81.950577 0.922438
84.272026 0.925208
92.360016 0.927978
103.127029 0.930748
106.609894 0.933518
112.825218 0.936288
113.688049 0.939058
139.919937 0.941828
156.377014 0.944598
157.606583 0.947368
174.102844 0.950139
177.893387 0.952909
180.663101 0.955679
195.904846 0.958449
197.266098 0.961219
221.024261 0.963989
321.933777 0.966759
399.082397 0.969529
531.550476 0.972299
588.383667 0.975069
622.598694 0.977839
659.361023 0.980609
816.356445 0.98338
1038.281128 0.98615
1527.406860 0.98892
1535.345093 0.99169
1655.680298 0.99446
3383.935059 0.99723
5407.923828 1
