1 0
2 .100
3 .100
4 .200
5 .400
6 .400
7 .600
8 .700
9 .700
10 .700
11 .900
12 1.000
13 1.000
14 1.100
15 1.400
16 1.500
17 1.700
18 1.700
19 1.700
20 1.800
21 2.000
22 2.100
23 2.500
24 2.500
25 2.700
26 2.800
27 2.900
28 3.000
29 3.000
30 3.100
31 3.100
32 3.400
33 3.600
34 3.600
35 3.600
36 3.700
37 3.700
38 3.800
39 3.800
40 4.000
41 4.200
42 4.300
43 4.700
44 4.800
45 4.900
46 4.900
47 5.100
48 5.100
49 5.200
50 5.300
51 5.500
52 5.500
53 5.500
54 5.600
55 5.700
56 5.800
57 5.800
58 5.900
59 6.100
60 6.100
61 6.200
62 6.400
63 6.400
64 6.400
65 6.500
66 6.700
67 6.900
68 7.000
69 7.400
70 7.700
71 7.700
72 7.800
73 7.900
74 7.900
75 8.100
76 8.200
77 9.000
78 9.300
79 9.400
80 9.500
81 9.600
82 9.600
83 9.600
84 9.700
85 9.800
86 9.800
87 9.900
88 10.000
89 10.100
90 10.200
91 10.200
92 10.200
93 10.300
94 10.300
95 10.400
96 10.500
97 10.500
98 10.600
99 10.800
100 10.900
101 10.900
102 11.000
103 11.100
104 11.200
105 11.200
106 11.500
107 11.500
108 11.500
109 11.600
110 11.700
111 11.800
112 11.900
113 12.000
114 12.100
115 12.200
116 12.200
117 12.200
118 12.200
119 12.400
120 12.400
121 12.700
122 12.800
123 13.000
124 13.000
125 13.100
126 13.200
127 13.200
128 13.300
129 13.400
130 13.700
131 14.200
132 14.200
133 14.300
134 14.400
135 14.600
136 14.700
137 15.000
138 15.200
139 15.300
140 15.400
141 15.400
142 15.600
143 15.700
144 15.900
145 15.900
146 16.100
147 16.300
148 16.300
149 16.400
150 16.500
151 16.500
152 16.700
153 17.200
154 17.300
155 17.400
156 17.400
157 17.400
158 17.500
159 17.700
160 18.000
161 18.300
162 18.800
163 18.900
164 18.900
165 18.900
166 19.000
167 19.300
168 19.300
169 19.400
170 19.500
171 20.100
172 20.200
173 20.300
174 20.300
175 20.300
176 20.400
177 20.700
178 20.700
179 21.200
180 21.900
181 22.000
182 22.100
183 22.100
184 22.100
185 22.500
186 22.800
187 22.900
188 23.200
189 23.400
190 24.000
191 24.300
192 24.400
193 24.600
194 24.800
195 24.800
196 25.300
197 26.000
198 26.200
199 26.400
200 27.100
201 27.300
202 27.400
203 27.700
204 27.800
205 28.200
206 28.300
207 28.700
208 28.800
209 28.800
210 29.400
211 29.700
212 29.700
213 29.900
214 30.100
215 30.200
216 31.200
217 31.200
218 31.300
219 32.000
220 32.900
221 32.900
222 33.200
223 33.300
224 34.400
225 34.600
226 34.600
227 34.700
228 35.500
229 35.900
230 36.200
231 37.300
232 37.600
233 37.800
234 38.700
235 38.700
236 38.800
237 39.300
238 39.600
239 39.800
240 40.100
241 40.300
242 40.400
243 41.000
244 42.000
245 42.300
246 42.400
247 42.600
248 42.900
249 43.500
250 43.600
251 45.200
252 45.400
253 45.900
254 46.200
255 46.200
256 46.600
257 46.900
258 48.100
259 48.200
260 49.200
261 50.400
262 51.400
263 52.300
264 52.900
265 53.000
266 53.500
267 56.200
268 56.300
269 57.700
270 58.500
271 59.400
272 60.600
273 61.100
274 61.500
275 62.500
276 62.900
277 63.500
278 66.700
279 66.800
280 67.800
281 68.200
282 68.800
283 68.900
284 69.600
285 70.200
286 71.600
287 72.700
288 73.300
289 73.300
290 73.900
291 75.300
292 77.100
293 77.900
294 78.200
295 78.300
296 81.500
297 82.800
298 84.800
299 84.900
300 86.100
301 86.300
302 86.700
303 87.200
304 88.800
305 91.500
306 91.800
307 91.800
308 96.600
309 97.700
310 98.200
311 98.500
312 98.800
313 99.100
314 101.400
315 101.900
316 101.900
317 102.700
318 104.300
319 104.700
320 105.500
321 105.900
322 106.600
323 110.800
324 113.100
325 116.300
326 117.100
327 119.100
328 119.300
329 120.700
330 121.700
331 123.100
332 123.200
333 126.000
334 129.100
335 129.700
336 132.000
337 132.300
338 135.300
339 135.800
340 136.200
341 139.600
342 141.900
343 145.200
344 145.300
345 145.600
346 147.600
347 150.800
348 153.500
349 154.300
350 158.700
351 159.000
352 159.900
353 162.200
354 164.000
355 166.700
356 169.200
357 175.100
358 178.000
359 182.700
360 185.500
361 195.000
